299 129 119 0 72 85 0 86 64 334 0 26 18 57 59 350 392 622 0 0 0 0 167 120 0 67 60 
298 132 116 0 72 85 0 87 64 347 0 25 19 71 59 352 411 639 0 0 0 0 148 120 0 67 60 
299 133 114 0 71 79 0 87 63 347 0 25 19 79 59 376 403 570 0 0 0 0 167 120 0 67 60 
296 123 115 0 71 81 0 93 62 339 0 28 19 79 59 395 447 599 0 0 0 0 166 120 0 67 60 
299 125 117 0 72 80 0 87 63 336 0 26 18 62 61 382 422 510 0 0 0 0 156 120 0 66 60 
296 130 115 0 73 78 0 92 63 336 0 29 18 40 58 362 433 532 0 0 0 0 152 120 0 66 60 
299 124 116 0 74 77 0 89 63 342 0 25 18 43 60 350 444 584 0 0 0 0 253 120 0 65 60 
293 127 116 0 75 82 0 86 64 338 0 26 18 63 61 373 457 605 0 0 0 0 192 120 0 66 60 
296 129 116 0 76 85 0 86 63 338 0 25 19 71 63 370 444 607 0 0 0 0 178 120 0 66 60 
298 129 115 0 76 84 0 80 65 345 0 23 19 67 75 383 430 554 0 0 0 0 152 120 0 66 60 
294 123 117 0 76 82 0 84 64 340 0 26 20 63 59 422 446 591 0 0 0 0 148 120 0 65 60 
295 126 116 0 77 85 0 85 65 344 0 27 18 77 59 381 442 544 0 0 0 0 157 120 0 66 60 
295 125 119 0 77 86 0 87 63 341 0 27 18 68 58 378 408 544 0 0 0 0 149 120 0 65 60 
290 130 116 0 77 83 0 91 64 333 0 27 18 68 58 369 429 552 0 0 0 0 197 120 0 65 60 
293 127 113 0 77 81 0 88 64 327 0 26 18 65 57 359 435 571 0 0 0 0 132 120 0 65 60 
294 127 113 0 77 86 0 89 63 334 0 29 19 70 57 346 459 463 0 0 0 0 185 120 0 65 60 
293 129 115 0 78 90 0 88 64 344 0 29 18 65 57 361 441 552 0 0 0 0 173 120 0 65 60 
296 127 113 0 78 88 0 88 64 338 0 29 19 84 57 379 432 586 0 0 0 0 162 120 0 65 60 
292 125 110 0 78 86 0 85 65 334 0 34 18 76 58 387 407 553 0 0 0 0 184 120 0 65 60 
300 131 116 0 77 83 0 85 63 337 0 31 20 65 58 357 401 638 0 0 0 0 204 120 0 65 60 
301 133 111 0 76 88 0 88 63 343 0 27 20 64 60 400 415 564 0 0 0 0 211 120 0 66 60 
291 122 112 0 75 86 0 86 63 343 0 29 18 88 59 394 401 567 0 0 0 0 164 120 0 65 60 
295 129 113 0 73 95 0 82 65 337 0 30 18 90 58 378 407 525 0 0 0 0 194 120 0 65 60 
296 132 114 0 73 105 0 90 64 336 0 29 19 66 60 360 483 614 0 0 0 0 152 120 0 65 60 
295 137 111 0 71 106 0 89 63 335 0 29 19 47 59 403 427 635 0 0 0 0 144 120 0 66 60 
296 124 113 0 71 95 0 84 64 335 0 27 18 73 59 363 440 639 0 0 0 0 180 120 0 65 60 
299 124 116 0 71 80 0 84 63 342 0 28 21 81 59 377 403 615 0 0 0 0 148 120 0 67 60 
296 122 115 0 71 76 0 83 63 336 0 26 20 82 58 412 408 606 0 0 0 0 177 120 0 67 60 
299 130 117 0 73 76 0 82 60 335 0 29 19 67 59 324 430 598 0 0 0 0 193 120 0 68 60 
302 127 116 0 74 77 0 82 63 335 0 28 18 49 59 399 425 599 0 0 0 0 151 120 0 68 60 
296 126 116 0 74 81 0 90 64 345 0 28 19 68 61 390 399 667 0 0 0 0 150 120 0 67 60 
302 130 118 0 74 82 0 88 62 349 0 30 19 70 61 393 381 600 0 0 0 0 186 120 0 66 60 
297 128 119 0 74 83 0 87 65 341 0 31 20 76 57 349 427 698 0 0 0 0 152 120 0 65 60 
297 119 118 0 74 84 0 85 64 338 0 29 20 65 58 340 481 641 0 0 0 0 172 120 0 64 60 
300 123 117 0 72 82 0 89 65 338 0 30 21 68 59 393 409 643 0 0 0 0 180 120 0 64 60 
291 125 117 0 73 86 0 92 62 342 0 30 20 58 58 404 406 601 0 0 0 0 143 120 0 65 60 
299 125 115 0 73 83 0 84 62 340 0 27 19 62 59 405 460 590 0 0 0 0 187 120 0 65 60 
293 132 119 0 74 84 0 87 61 338 0 29 19 65 59 399 431 624 0 0 0 0 165 120 0 65 60 
294 127 119 0 75 85 0 84 61 342 0 26 18 70 58 404 438 623 0 0 0 0 153 120 0 65 60 
291 122 118 0 74 89 0 83 63 340 0 28 20 66 59 398 421 690 0 0 0 0 120 120 0 65 60 
294 127 118 0 75 82 0 88 63 341 0 26 20 57 57 374 401 622 0 0 0 0 144 120 0 65 60 
289 124 118 0 74 83 0 87 65 340 0 26 21 77 57 349 416 591 0 0 0 0 152 120 0 65 60 
295 129 113 0 73 86 0 88 65 330 0 27 19 77 60 387 443 691 0 0 0 0 183 120 0 65 60 
296 127 114 0 72 87 0 87 65 328 0 27 20 77 60 339 475 661 0 0 0 0 179 120 0 65 60 
296 127 119 0 72 87 0 90 65 336 0 27 18 55 61 418 445 658 0 0 0 0 195 120 0 65 60 
296 123 121 0 73 82 0 86 65 344 0 25 18 43 63 438 405 631 0 0 0 0 193 120 0 65 60 
294 134 119 0 73 85 0 84 64 339 0 26 18 48 60 360 450 661 0 0 0 0 156 120 0 66 60 
301 124 117 0 72 88 0 86 64 333 0 27 19 66 56 381 450 571 0 0 0 0 162 120 0 65 60 
296 126 119 0 73 100 0 85 64 337 0 28 19 70 57 402 415 644 0 0 0 0 166 120 0 66 60 
293 124 117 0 73 104 0 87 63 342 0 25 20 63 58 393 401 672 0 0 0 0 160 120 0 65 60 
297 129 121 0 74 104 0 86 64 344 0 28 18 66 57 383 399 646 0 0 0 0 166 120 0 65 60 
296 122 114 0 73 97 0 86 63 338 0 26 17 77 60 364 418 576 0 0 0 0 147 120 0 65 60 
296 131 119 0 74 85 0 87 63 338 0 27 17 65 61 379 392 675 0 0 0 0 195 120 0 66 60 
298 125 116 0 73 81 0 91 64 336 0 29 18 71 62 435 434 589 0 0 0 0 142 120 0 65 60 
298 126 121 0 74 79 0 86 65 337 0 30 19 62 60 385 407 479 0 0 0 0 176 120 0 65 60 
298 129 115 0 73 79 0 85 65 345 0 29 18 69 57 355 435 556 0 0 0 0 186 120 0 65 60 
298 131 117 0 73 81 0 85 64 338 0 32 19 68 57 390 477 627 0 0 0 0 183 120 0 66 60 
299 126 117 0 75 80 0 87 63 337 0 30 19 84 60 418 486 609 0 0 0 0 146 120 0 67 60 
302 129 113 0 75 78 0 85 64 335 0 26 18 75 60 375 428 602 0 0 0 0 167 120 0 68 60 
297 125 113 0 75 80 0 88 65 345 0 29 18 60 60 358 421 644 0 0 0 0 149 120 0 68 60 
294 131 117 0 77 81 0 85 65 347 0 32 18 66 58 367 420 589 0 0 0 0 193 120 0 69 60 
299 124 116 0 76 85 0 85 65 342 0 29 19 93 59 396 377 526 0 0 0 0 215 120 0 69 60 
293 130 120 0 75 90 0 89 63 338 0 28 19 78 60 383 438 572 0 0 0 0 172 120 0 70 60 
297 126 113 0 73 91 0 88 63 335 0 29 19 63 59 402 426 578 0 0 0 0 175 120 0 70 60 
296 128 115 0 71 85 0 97 62 335 0 28 18 50 60 371 434 577 0 0 0 0 164 120 0 70 60 
297 132 116 0 69 82 0 86 62 339 0 29 18 78 58 359 410 575 0 0 0 0 142 120 0 69 60 
293 124 116 0 68 76 0 88 63 336 0 27 17 80 59 400 439 640 0 0 0 0 160 120 0 69 60 
290 126 117 0 70 75 0 87 64 342 0 29 18 83 59 382 382 630 0 0 0 0 187 120 0 68 60 
293 126 119 0 71 73 0 85 64 337 0 28 17 59 60 391 407 589 0 0 0 0 204 120 0 68 60 
293 133 120 0 73 75 0 83 64 343 0 28 17 54 59 358 427 626 0 0 0 0 218 120 0 68 60 
296 127 117 0 74 78 0 83 63 342 0 27 19 70 59 359 408 538 0 0 0 0 168 120 0 67 60 
293 139 118 0 76 80 0 90 63 333 0 30 20 75 59 378 414 587 0 0 0 0 155 120 0 67 60 
292 121 116 0 76 81 0 79 64 329 0 28 20 72 59 376 435 547 0 0 0 0 170 120 0 67 60 
294 122 115 0 77 83 0 86 63 334 0 31 19 66 58 392 493 588 0 0 0 0 150 120 0 67 60 
297 124 117 0 77 84 0 89 64 343 0 31 19 64 59 362 423 658 0 0 0 0 179 120 0 68 60 
296 129 117 0 77 81 0 88 64 339 0 32 18 59 56 389 377 581 0 0 0 0 179 120 0 68 60 
298 131 118 0 77 85 0 87 64 335 0 35 19 64 59 384 447 653 0 0 0 0 178 120 0 68 60 
297 130 118 0 76 90 0 85 63 333 0 37 18 66 59 389 445 581 0 0 0 0 132 120 0 69 60 
297 139 117 0 78 96 0 87 63 338 0 41 20 73 59 442 421 566 0 0 0 0 178 120 0 69 60 
303 131 116 0 78 92 0 82 63 343 0 42 20 63 59 391 415 591 0 0 0 0 181 120 0 69 60 
292 122 118 0 77 88 0 86 63 330 0 41 20 61 58 399 431 613 0 0 0 0 165 120 0 69 60 
297 120 118 0 77 89 0 92 64 336 0 40 19 84 59 337 400 556 0 0 0 0 145 120 0 69 60 
300 124 117 0 76 91 0 86 63 323 0 36 20 78 60 419 389 683 0 0 0 0 193 120 0 68 60 
297 129 118 0 76 90 0 86 64 322 0 37 20 70 59 383 448 642 0 0 0 0 170 120 0 68 60 
299 132 121 0 74 87 0 88 63 338 0 36 20 47 60 389 411 674 0 0 0 0 181 120 0 67 60 
298 136 117 0 73 85 0 87 64 321 0 32 20 41 61 391 381 603 0 0 0 0 162 120 0 66 60 
299 121 116 0 71 82 0 86 64 330 0 32 20 55 62 379 418 622 0 0 0 0 162 120 0 66 60 
296 126 117 0 71 80 0 86 64 334 0 31 19 69 59 425 467 607 0 0 0 0 149 120 0 65 60 
295 125 116 0 71 80 0 87 66 345 0 33 20 68 58 401 420 661 0 0 0 0 145 120 0 65 60 
300 124 120 0 72 84 0 84 65 353 0 33 19 62 58 356 416 678 0 0 0 0 174 120 0 65 60 
298 123 118 0 72 83 0 87 64 344 0 31 20 69 59 400 421 580 0 0 0 0 193 120 0 66 60 
296 129 117 0 73 84 0 88 63 340 0 32 19 72 61 372 404 629 0 0 0 0 126 120 0 66 60 
293 123 116 0 75 76 0 89 62 340 0 34 18 64 58 423 427 620 0 0 0 0 164 120 0 65 60 
299 129 118 0 76 77 0 92 63 342 0 35 20 67 59 383 434 614 0 0 0 0 142 120 0 66 60 
286 123 116 0 77 77 0 88 63 343 0 38 20 67 60 377 428 626 0 0 0 0 136 120 0 66 60 
294 121 118 0 77 77 0 90 63 340 0 38 21 66 59 360 417 583 0 0 0 0 135 120 0 65 60 
292 121 115 0 76 81 0 87 63 345 0 33 19 78 60 388 392 632 0 0 0 0 138 120 0 65 60 
296 124 115 0 76 80 0 86 64 342 0 37 21 82 58 389 454 585 0 0 0 0 133 120 0 65 60 
292 127 118 0 75 83 0 89 64 345 0 40 20 71 60 431 432 580 0 0 0 0 169 120 0 66 60 
296 126 119 0 74 83 0 80 63 341 0 41 19 58 59 345 435 659 0 0 0 0 251 120 0 65 60 
295 132 119 0 76 89 0 82 63 333 0 39 19 75 58 405 405 622 0 0 0 0 162 120 0 65 60 
294 133 116 0 76 93 0 84 63 326 0 34 19 97 60 355 399 581 0 0 0 0 219 120 0 65 60 
297 126 116 0 75 92 0 84 63 335 0 34 20 69 59 369 491 616 0 0 0 0 185 120 0 65 60 
299 131 114 0 75 81 0 89 64 344 0 32 20 54 57 402 384 600 0 0 0 0 152 120 0 65 60 
302 125 113 0 75 81 0 89 64 340 0 28 19 64 59 378 410 458 0 0 0 0 164 120 0 65 60 
296 128 116 0 74 82 0 92 63 332 0 31 20 82 57 387 445 570 0 0 0 0 114 120 0 65 60 
297 129 115 0 73 82 0 84 63 339 0 32 19 79 58 392 414 605 0 0 0 0 143 120 0 65 60 
300 126 116 0 72 80 0 88 62 342 0 29 18 76 59 388 392 585 0 0 0 0 146 120 0 65 60 
296 130 111 0 72 80 0 87 63 345 0 30 19 51 60 401 459 590 0 0 0 0 194 120 0 65 60 
301 136 115 0 73 84 0 86 64 337 0 29 20 63 60 393 461 618 0 0 0 0 180 120 0 65 60 
298 123 113 0 73 81 0 87 64 338 0 29 21 69 62 389 410 578 0 0 0 0 186 120 0 65 60 
297 129 116 0 74 81 0 88 65 334 0 26 19 77 62 387 452 522 0 0 0 0 149 120 0 65 60 
298 125 116 0 75 86 0 88 64 338 0 26 20 67 57 349 410 563 0 0 0 0 195 120 0 65 60 
299 124 113 0 75 86 0 84 63 342 0 27 19 68 57 413 453 589 0 0 0 0 143 120 0 64 60 
301 126 117 0 75 84 0 90 63 339 0 28 18 60 57 371 404 583 0 0 0 0 158 120 0 64 60 
299 130 115 0 75 86 0 89 63 334 0 27 19 59 58 383 376 526 0 0 0 0 155 120 0 64 60 
300 124 116 0 74 87 0 85 62 340 0 28 17 64 61 363 413 595 0 0 0 0 161 120 0 64 60 
299 129 115 0 74 93 0 82 63 348 0 25 19 67 61 387 470 572 0 0 0 0 202 120 0 65 60 
299 131 116 0 74 87 0 85 64 346 0 28 20 73 63 403 411 549 0 0 0 0 155 120 0 65 60 
296 131 117 0 73 83 0 82 64 337 0 27 20 58 61 430 452 648 0 0 0 0 176 120 0 65 60 
296 123 117 0 74 83 0 86 64 339 0 29 20 71 58 370 424 533 0 0 0 0 175 120 0 65 60 
299 121 119 0 73 88 0 92 63 338 0 31 19 82 60 407 439 495 0 0 0 0 174 120 0 65 60 
290 122 118 0 74 86 0 88 63 342 0 34 19 80 58 377 377 493 0 0 0 0 166 120 0 66 60 
292 129 116 0 74 86 0 86 63 340 0 38 18 62 59 377 425 573 0 0 0 0 188 120 0 66 60 
292 131 117 0 74 90 0 83 62 339 0 42 18 41 59 366 449 567 0 0 0 0 182 120 0 65 60 
292 129 120 0 75 86 0 90 63 343 0 45 20 44 57 416 442 629 0 0 0 0 192 120 0 66 60 
294 126 119 0 74 77 0 86 62 341 0 42 18 61 59 432 442 605 0 0 0 0 157 120 0 67 60 
296 128 118 0 74 78 0 86 63 341 0 34 20 72 59 368 424 609 0 0 0 0 169 120 0 67 60 
291 127 119 0 73 84 0 86 63 339 0 33 19 67 60 361 451 578 0 0 0 0 168 120 0 67 60 
292 127 115 0 72 90 0 86 63 329 0 33 19 63 63 398 453 533 0 0 0 0 152 120 0 66 60 
295 125 117 0 71 84 0 86 63 329 0 31 19 76 61 342 453 648 0 0 0 0 248 120 0 66 60 
292 129 113 0 71 80 0 85 64 338 0 31 18 69 61 353 461 639 0 0 0 0 162 120 0 66 60 
302 134 116 0 71 84 0 92 65 345 0 32 19 69 59 343 445 674 0 0 0 0 167 120 0 66 60 
292 123 119 0 72 80 0 85 65 340 0 32 19 64 59 370 389 670 0 0 0 0 104 120 0 67 60 
296 118 119 0 74 80 0 88 65 331 0 32 19 70 57 409 429 598 0 0 0 0 143 120 0 67 60 
297 124 115 0 75 85 0 90 63 339 0 30 19 65 58 382 442 595 0 0 0 0 161 120 0 67 60 
295 123 119 0 75 95 0 91 62 341 0 32 20 83 58 394 414 575 0 0 0 0 190 120 0 67 60 
297 127 115 0 75 93 0 88 63 344 0 29 18 80 58 381 429 671 0 0 0 0 162 120 0 68 60 
303 127 120 0 76 90 0 81 63 338 0 30 19 67 60 408 393 595 0 0 0 0 156 120 0 67 60 
297 125 115 0 75 89 0 88 63 337 0 30 19 63 58 406 396 710 0 0 0 0 167 120 0 67 60 
299 124 122 0 76 86 0 85 63 335 0 27 19 84 58 388 403 624 0 0 0 0 156 120 0 68 60 
301 125 116 0 76 82 0 84 64 335 0 27 19 93 59 409 428 630 0 0 0 0 164 120 0 67 60 
298 128 116 0 76 76 0 86 64 343 0 29 20 68 59 413 445 627 0 0 0 0 219 120 0 67 60 
300 125 119 0 78 80 0 89 62 333 0 26 20 48 59 386 448 667 0 0 0 0 196 120 0 67 60 
299 126 115 0 79 81 0 88 63 332 0 27 19 71 60 421 435 670 0 0 0 0 118 120 0 66 60 
294 131 119 0 79 83 0 86 63 338 0 25 19 82 58 391 384 653 0 0 0 0 185 120 0 65 60 
298 127 110 0 79 84 0 86 65 346 0 25 18 81 60 405 414 691 0 0 0 0 182 120 0 65 60 
295 128 113 0 78 83 0 85 65 348 0 28 18 71 60 363 388 588 0 0 0 0 190 120 0 65 60 
294 130 111 0 77 85 0 85 64 339 0 28 19 49 58 418 394 615 0 0 0 0 214 120 0 65 60 
295 132 116 0 75 86 0 85 64 336 0 26 19 66 60 408 452 604 0 0 0 0 138 120 0 65 60 
295 124 120 0 75 85 0 86 62 337 0 26 18 69 61 410 375 673 0 0 0 0 155 120 0 65 60 
296 127 115 0 73 89 0 90 62 341 0 24 19 76 61 381 382 729 0 0 0 0 209 120 0 65 60 
297 125 111 0 72 87 0 84 63 341 0 27 19 67 59 349 454 628 0 0 0 0 167 120 0 66 60 
294 125 115 0 71 87 0 89 63 340 0 29 19 67 57 326 454 608 0 0 0 0 137 120 0 67 60 
298 120 112 0 71 89 0 91 63 343 0 29 18 58 59 397 429 547 0 0 0 0 179 120 0 68 60 
295 132 118 0 71 88 0 90 63 341 0 30 18 61 59 357 384 617 0 0 0 0 176 120 0 69 60 
294 127 117 0 72 84 0 89 63 340 0 28 19 64 58 395 393 626 0 0 0 0 188 120 0 70 60 
289 125 117 0 73 77 0 87 63 343 0 30 19 68 57 389 430 656 0 0 0 0 164 120 0 70 60 
295 124 116 0 74 79 0 85 64 332 0 27 20 71 59 377 473 615 0 0 0 0 207 120 0 70 60 
291 135 114 0 74 83 0 88 63 327 0 26 19 57 62 350 420 654 0 0 0 0 169 120 0 70 60 
300 125 114 0 74 84 0 80 66 334 0 29 21 72 59 395 380 645 0 0 0 0 137 120 0 70 60 
292 126 116 0 74 87 0 87 64 341 0 29 19 78 58 432 373 494 0 0 0 0 166 120 0 70 60 
296 124 113 0 74 91 0 85 64 340 0 28 18 78 59 436 461 560 0 0 0 0 172 120 0 69 60 
297 128 117 0 73 90 0 82 62 330 0 28 18 58 59 393 459 588 0 0 0 0 105 120 0 69 60 
296 133 114 0 73 92 0 84 62 337 0 27 19 40 60 344 417 648 0 0 0 0 246 120 0 68 60 
299 131 118 0 73 91 0 86 63 341 0 27 18 45 59 395 456 583 0 0 0 0 205 120 0 68 60 
299 128 117 0 75 89 0 93 62 342 0 30 18 62 58 366 382 605 0 0 0 0 133 120 0 68 60 
298 122 112 0 75 82 0 84 64 338 0 27 18 71 58 388 381 600 0 0 0 0 145 120 0 68 60 
298 132 114 0 75 83 0 89 64 334 0 30 18 67 58 409 410 553 0 0 0 0 171 120 0 69 60 
301 124 117 0 75 82 0 86 65 336 0 27 18 63 59 358 415 593 0 0 0 0 183 120 0 69 60 
299 125 117 0 75 87 0 83 64 339 0 26 17 79 58 421 412 625 0 0 0 0 179 120 0 68 60 
296 135 116 0 73 85 0 84 63 343 0 29 17 69 58 404 377 604 0 0 0 0 189 120 0 67 60 
300 133 118 0 72 84 0 85 63 344 0 28 18 70 58 429 424 535 0 0 0 0 157 120 0 67 60 
299 121 114 0 72 86 0 92 63 333 0 26 18 65 60 388 383 602 0 0 0 0 181 120 0 67 60 
296 124 116 0 71 86 0 84 64 333 0 27 19 72 60 368 423 578 0 0 0 0 186 120 0 66 60 
293 124 114 0 72 92 0 88 64 343 0 26 19 67 61 348 422 593 0 0 0 0 134 120 0 65 60 
293 129 114 0 73 91 0 87 64 347 0 27 17 84 61 406 437 699 0 0 0 0 189 120 0 65 60 
295 123 118 0 73 85 0 86 66 341 0 26 18 77 59 353 458 632 0 0 0 0 143 120 0 66 60 
297 125 116 0 74 79 0 86 64 339 0 26 18 66 57 422 421 592 0 0 0 0 199 120 0 65 60 
291 126 115 0 74 79 0 86 63 340 0 26 17 62 58 421 423 479 0 0 0 0 148 120 0 66 60 
294 127 117 0 73 79 0 88 62 338 0 28 18 88 56 355 410 639 0 0 0 0 172 120 0 65 60 
296 120 116 0 72 85 0 86 63 340 0 28 19 88 60 373 394 647 0 0 0 0 190 120 0 66 60 
294 121 116 0 73 92 0 87 63 338 0 26 18 65 61 354 414 631 0 0 0 0 169 120 0 66 60 
296 121 113 0 72 92 0 91 64 343 0 29 18 46 63 349 423 596 0 0 0 0 140 120 0 66 60 
293 131 116 0 73 87 0 92 65 346 0 28 18 74 60 366 455 625 0 0 0 0 184 120 0 67 60 
297 125 114 0 73 83 0 89 64 339 0 27 17 82 58 355 405 545 0 0 0 0 161 120 0 67 60 
295 130 115 0 73 89 0 88 63 343 0 28 17 82 59 406 389 594 0 0 0 0 187 120 0 68 60 
294 127 117 0 74 90 0 89 63 336 0 29 19 69 60 393 407 654 0 0 0 0 170 120 0 67 60 
297 129 115 0 75 84 0 91 64 328 0 27 19 50 59 373 389 601 0 0 0 0 184 120 0 68 60 
297 124 116 0 75 78 0 85 64 333 0 30 20 67 60 395 379 718 0 0 0 0 172 120 0 67 60 
296 128 116 0 77 77 0 86 64 340 0 31 20 69 59 410 449 663 0 0 0 0 176 120 0 68 60 
299 127 115 0 77 75 0 81 65 341 0 28 19 77 60 376 404 624 0 0 0 0 152 120 0 68 60 
299 128 112 0 75 68 0 83 65 333 0 29 20 67 60 375 428 595 0 0 0 0 159 120 0 68 60 
301 123 115 0 73 80 0 88 64 333 0 32 19 68 60 413 442 594 0 0 0 0 195 120 0 67 60 
296 124 118 0 71 88 0 84 62 335 0 28 20 58 59 390 429 646 0 0 0 0 156 120 0 67 60 
298 129 115 0 69 89 0 87 63 339 0 27 19 63 60 411 384 637 0 0 0 0 143 120 0 66 60 
297 129 116 0 68 96 0 89 64 338 0 26 20 66 59 404 393 709 0 0 0 0 194 120 0 66 60 
300 123 111 0 69 98 0 90 64 334 0 29 19 68 58 349 431 656 0 0 0 0 190 120 0 65 60 
300 125 111 0 71 90 0 87 65 335 0 26 20 72 59 351 422 594 0 0 0 0 142 120 0 65 60 
297 124 119 0 72 89 0 85 65 334 0 26 20 58 58 385 414 631 0 0 0 0 173 120 0 66 60 
301 131 118 0 74 84 0 89 65 337 0 26 19 74 59 400 378 677 0 0 0 0 177 120 0 66 60 
296 126 119 0 75 78 0 83 63 342 0 26 19 78 59 395 410 623 0 0 0 0 167 120 0 67 60 
294 129 115 0 76 83 0 85 64 332 0 29 19 80 58 413 420 608 0 0 0 0 136 120 0 68 60 
297 132 117 0 77 82 0 85 64 333 0 28 19 59 58 423 457 622 0 0 0 0 181 120 0 69 60 
294 134 114 0 77 78 0 84 64 339 0 28 19 40 58 331 431 518 0 0 0 0 150 120 0 70 60 
298 123 119 0 76 79 0 90 63 346 0 29 20 45 58 371 464 627 0 0 0 0 160 120 0 70 60 
293 126 120 0 77 79 0 86 63 345 0 28 20 63 59 396 429 659 0 0 0 0 179 120 0 71 60 
295 135 118 0 77 75 0 86 63 335 0 34 20 69 59 391 403 602 0 0 0 0 159 120 0 70 60 
291 122 120 0 78 74 0 82 63 337 0 32 19 67 59 384 435 585 0 0 0 0 135 120 0 69 60 
293 124 118 0 78 81 0 81 63 337 0 30 19 64 60 401 442 602 0 0 0 0 164 120 0 67 60 
291 127 116 0 78 87 0 83 63 342 0 33 18 76 58 408 438 595 0 0 0 0 179 120 0 67 60 
296 127 118 0 76 84 0 83 64 340 0 30 20 68 60 396 413 492 0 0 0 0 170 120 0 68 60 
287 127 117 0 76 80 0 88 64 338 0 30 19 69 59 395 435 609 0 0 0 0 181 120 0 68 60 
297 127 119 0 76 84 0 90 63 343 0 31 21 65 59 376 411 603 0 0 0 0 174 120 0 69 60 
292 129 118 0 74 83 0 88 63 338 0 32 19 71 59 357 406 554 0 0 0 0 162 120 0 70 60 
297 124 119 0 73 78 0 85 61 343 0 32 19 67 60 365 401 566 0 0 0 0 140 120 0 70 60 
296 124 119 0 72 81 0 88 61 341 0 31 20 85 61 375 406 617 0 0 0 0 168 120 0 70 60 
299 124 116 0 71 85 0 86 63 329 0 32 19 76 60 408 419 586 0 0 0 0 184 120 0 70 60 
294 130 116 0 72 85 0 82 63 330 0 36 19 66 60 376 417 547 0 0 0 0 154 120 0 69 60 
296 130 116 0 71 81 0 86 63 339 0 35 20 63 59 375 492 497 0 0 0 0 237 120 0 68 60 
301 129 109 0 73 84 0 86 65 344 0 33 20 84 59 379 402 619 0 0 0 0 165 120 0 68 60 
297 126 121 0 74 80 0 88 66 337 0 34 19 92 59 414 413 552 0 0 0 0 158 120 0 67 60 
300 126 120 0 75 91 0 89 65 332 0 36 20 66 59 388 434 433 0 0 0 0 160 120 0 66 60 
299 135 120 0 76 91 0 88 63 336 0 33 18 48 58 416 420 542 0 0 0 0 160 120 0 65 60 
296 124 118 0 77 86 0 91 62 341 0 31 18 66 61 395 431 626 0 0 0 0 156 120 0 65 60 
299 125 119 0 76 87 0 85 62 340 0 28 18 80 60 372 430 510 0 0 0 0 148 120 0 65 60 
292 126 119 0 76 86 0 92 63 334 0 28 18 82 62 323 402 585 0 0 0 0 163 120 0 66 60 
302 126 118 0 75 83 0 92 63 332 0 26 18 71 59 345 434 518 0 0 0 0 211 120 0 66 60 
299 121 117 0 75 83 0 84 64 332 0 27 19 49 59 400 424 525 0 0 0 0 158 120 0 66 60 
296 122 118 0 74 88 0 88 63 333 0 26 18 69 61 388 418 491 0 0 0 0 175 120 0 66 60 
296 120 119 0 75 87 0 87 63 339 0 27 18 67 58 409 401 612 0 0 0 0 167 120 0 66 60 
298 129 122 0 75 90 0 89 63 336 0 27 19 76 59 362 406 589 0 0 0 0 185 120 0 66 60 
292 129 117 0 75 85 0 82 63 331 0 28 18 67 59 432 404 546 0 0 0 0 161 120 0 67 60 
295 130 118 0 75 92 0 88 65 340 0 28 18 67 57 348 441 561 0 0 0 0 202 120 0 68 60 
297 127 120 0 74 89 0 87 65 346 0 31 19 58 58 394 436 559 0 0 0 0 175 120 0 68 60 
294 125 110 0 73 87 0 85 65 348 0 29 20 60 61 425 399 562 0 0 0 0 155 120 0 67 60 
296 131 116 0 72 84 0 89 64 341 0 34 20 65 59 405 395 544 0 0 0 0 177 120 0 68 60 
293 121 114 0 71 85 0 84 65 339 0 34 20 67 58 362 417 648 0 0 0 0 175 120 0 69 60 
296 124 120 0 71 82 0 88 63 338 0 35 19 71 60 382 445 596 0 0 0 0 165 120 0 69 60 
294 124 119 0 72 83 0 82 63 344 0 33 19 58 60 420 417 626 0 0 0 0 170 120 0 68 60 
292 134 116 0 73 86 0 90 64 343 0 31 20 71 61 395 418 605 0 0 0 0 195 120 0 67 60 
297 126 114 0 74 86 0 88 64 344 0 32 18 79 62 442 390 586 0 0 0 0 187 120 0 68 60 
296 127 113 0 75 81 0 84 63 345 0 35 18 82 58 392 446 574 0 0 0 0 206 120 0 67 60 
294 131 118 0 75 78 0 90 62 340 0 36 20 61 58 384 437 566 0 0 0 0 149 120 0 68 60 
295 123 117 0 76 83 0 92 63 341 0 34 19 39 57 353 433 561 0 0 0 0 174 120 0 67 60 
296 120 118 0 75 86 0 91 62 341 0 33 19 44 58 358 413 608 0 0 0 0 136 120 0 67 60 
292 123 118 0 74 85 0 91 63 328 0 31 20 63 59 419 416 659 0 0 0 0 161 120 0 67 60 
293 128 115 0 73 83 0 89 64 325 0 35 19 71 62 350 428 578 0 0 0 0 221 120 0 68 60 
304 129 116 0 73 87 0 89 63 338 0 36 19 66 63 420 400 600 0 0 0 0 122 120 0 69 60 
296 127 116 0 73 84 0 84 65 341 0 38 20 62 61 337 451 639 0 0 0 0 199 120 0 69 60 
295 137 116 0 73 87 0 84 64 338 0 42 22 74 59 362 421 645 0 0 0 0 202 120 0 68 60 
295 128 116 0 74 89 0 86 63 330 0 43 20 68 60 425 388 606 0 0 0 0 155 120 0 69 60 
300 121 118 0 75 92 0 84 62 338 0 52 21 68 59 413 431 576 0 0 0 0 182 120 0 68 60 
298 127 118 0 76 92 0 87 63 342 0 53 19 65 60 411 446 592 0 0 0 0 182 120 0 68 60 
300 125 114 0 75 84 0 83 63 339 0 49 21 69 59 371 422 559 0 0 0 0 166 120 0 68 60 
298 128 115 0 75 84 0 85 64 337 0 47 19 65 59 351 428 577 0 0 0 0 141 120 0 68 60 
300 124 121 0 74 79 0 92 65 334 0 42 18 82 60 365 440 668 0 0 0 0 200 120 0 68 60 
299 129 113 0 74 75 0 90 63 334 0 36 20 80 60 346 435 667 0 0 0 0 167 120 0 68 60 
296 126 118 0 72 76 0 85 63 338 0 37 20 70 61 394 437 632 0 0 0 0 195 120 0 68 60 
293 133 119 0 72 81 0 81 63 341 0 39 20 62 60 400 424 582 0 0 0 0 129 120 0 68 60 
295 132 116 0 71 86 0 86 63 340 0 37 20 82 60 378 412 590 0 0 0 0 146 120 0 67 60 
295 131 118 0 71 87 0 87 63 334 0 32 21 93 62 411 415 514 0 0 0 0 132 120 0 67 60 
299 119 112 0 72 87 0 84 64 341 0 32 20 68 59 370 408 517 0 0 0 0 199 120 0 67 60 
292 124 117 0 73 91 0 92 65 350 0 29 20 51 60 414 457 598 0 0 0 0 160 120 0 66 60 
295 135 113 0 74 90 0 85 65 348 0 26 20 67 58 408 445 618 0 0 0 0 169 120 0 66 60 
294 126 118 0 75 87 0 88 65 340 0 32 19 82 60 398 406 576 0 0 0 0 167 120 0 66 60 
288 133 118 0 75 86 0 83 64 338 0 30 20 81 62 373 418 562 0 0 0 0 206 120 0 66 60 
295 129 118 0 75 92 0 88 63 340 0 27 19 73 59 412 428 535 0 0 0 0 155 120 0 65 60 
294 133 118 0 75 95 0 87 63 341 0 29 20 51 61 393 432 578 0 0 0 0 167 120 0 65 60 
292 128 112 0 75 87 0 83 62 338 0 29 20 64 59 375 463 593 0 0 0 0 156 120 0 65 60 
292 120 118 0 75 83 0 89 64 340 0 28 20 69 59 364 409 576 0 0 0 0 168 120 0 65 60 
295 127 118 0 75 78 0 85 63 344 0 32 19 75 57 379 386 583 0 0 0 0 155 120 0 65 60 
291 124 118 0 76 76 0 86 64 344 0 35 19 67 57 407 449 471 0 0 0 0 184 120 0 66 60 
301 127 115 0 77 76 0 87 63 340 0 39 19 71 60 402 451 568 0 0 0 0 154 120 0 66 60 
295 133 114 0 78 78 0 91 64 343 0 41 20 55 59 365 475 588 0 0 0 0 151 120 0 65 60 
294 127 116 0 78 83 0 93 63 330 0 46 20 60 58 354 377 521 0 0 0 0 155 120 0 66 60 
301 128 116 0 79 87 0 83 63 324 0 46 20 64 60 373 431 578 0 0 0 0 159 120 0 66 60 
295 122 113 0 78 92 0 88 65 338 0 43 19 67 58 361 403 645 0 0 0 0 132 120 0 65 60 
301 122 116 0 77 85 0 89 65 341 0 40 19 66 59 346 442 515 0 0 0 0 162 120 0 66 60 
302 132 113 0 76 87 0 84 63 340 0 41 19 58 60 402 451 539 0 0 0 0 138 120 0 66 60 
302 127 117 0 74 88 0 88 63 335 0 40 20 69 60 392 384 616 0 0 0 0 179 120 0 66 60 
295 128 113 0 74 88 0 84 62 337 0 46 19 79 60 366 397 691 0 0 0 0 179 120 0 65 60 
302 124 115 0 73 94 0 82 63 343 0 46 21 78 60 374 422 543 0 0 0 0 231 120 0 65 60 
302 126 112 0 72 97 0 83 62 340 0 48 20 65 59 427 429 634 0 0 0 0 181 120 0 66 60 
299 122 113 0 72 94 0 85 64 340 0 51 21 39 60 375 405 596 0 0 0 0 185 120 0 66 60 
299 124 112 0 72 91 0 89 62 334 0 48 21 43 58 369 422 618 0 0 0 0 137 120 0 66 60 
294 125 112 0 73 85 0 85 63 333 0 40 19 62 58 397 388 566 0 0 0 0 165 120 0 65 60 
300 127 115 0 74 83 0 90 64 338 0 41 18 71 57 358 411 629 0 0 0 0 193 120 0 65 60 
294 125 115 0 74 77 0 92 63 342 0 43 18 66 60 371 430 651 0 0 0 0 155 120 0 66 60 
292 126 118 0 74 73 0 85 64 337 0 41 20 63 60 414 418 672 0 0 0 0 181 120 0 66 60 
296 129 114 0 74 79 0 87 63 328 0 47 19 75 59 364 408 676 0 0 0 0 167 120 0 65 60 
295 132 115 0 73 81 0 85 63 337 0 47 21 70 60 363 372 602 0 0 0 0 178 120 0 65 60 
293 130 113 0 73 75 0 85 64 345 0 46 19 68 58 391 440 637 0 0 0 0 204 120 0 65 60 
294 126 113 0 73 76 0 85 63 347 0 45 20 67 59 387 412 617 0 0 0 0 167 120 0 65 60 
297 125 116 0 73 80 0 86 63 341 0 51 19 70 60 370 404 601 0 0 0 0 177 120 0 65 60 
293 124 116 0 73 88 0 88 62 336 0 50 19 66 59 409 394 687 0 0 0 0 185 120 0 65 60 
293 135 117 0 74 91 0 86 63 341 0 51 19 85 59 383 436 710 0 0 0 0 182 120 0 65 60 
295 122 117 0 75 86 0 88 63 342 0 50 18 78 59 408 453 655 0 0 0 0 140 120 0 65 60 
294 130 113 0 75 83 0 85 65 339 0 49 20 66 60 375 455 627 0 0 0 0 209 120 0 65 60 
293 132 115 0 74 77 0 83 64 343 0 51 21 63 60 348 433 645 0 0 0 0 147 120 0 65 60 
294 126 114 0 74 74 0 80 64 347 0 51 20 85 59 336 412 709 0 0 0 0 134 120 0 65 60 
299 127 118 0 73 76 0 84 63 346 0 55 20 92 60 383 418 710 0 0 0 0 168 120 0 65 60 
297 132 117 0 71 78 0 88 62 342 0 55 18 67 57 392 429 629 0 0 0 0 174 120 0 65 60 
291 129 117 0 71 84 0 87 63 340 0 52 18 49 60 397 430 632 0 0 0 0 212 120 0 66 60 
296 125 119 0 71 83 0 90 61 335 0 54 19 69 61 431 447 637 0 0 0 0 145 120 0 66 60 
299 126 116 0 72 86 0 87 63 327 0 61 20 81 60 384 404 636 0 0 0 0 159 120 0 65 60 
298 127 118 0 72 89 0 86 63 336 0 64 20 83 62 370 426 645 0 0 0 0 190 120 0 65 60 
297 132 117 0 73 87 0 91 64 341 0 61 19 73 60 366 403 712 0 0 0 0 205 120 0 65 60 
300 131 113 0 74 86 0 85 65 339 0 60 19 49 59 384 419 662 0 0 0 0 206 120 0 65 60 
296 130 115 0 74 88 0 83 65 333 0 60 18 66 58 375 379 670 0 0 0 0 151 120 0 66 60 
298 121 115 0 74 92 0 83 63 335 0 58 18 68 61 396 444 576 0 0 0 0 187 120 0 66 60 
302 125 121 0 73 90 0 87 64 339 0 56 19 75 71 346 435 488 0 0 0 0 151 120 0 66 60 
295 125 119 0 73 88 0 87 63 339 0 49 19 65 61 407 411 612 0 0 0 0 144 120 0 65 60 
303 125 117 0 73 87 0 89 63 336 0 50 20 68 60 404 490 601 0 0 0 0 153 120 0 65 60 
298 133 115 0 73 86 0 89 64 333 0 46 20 59 61 395 428 685 0 0 0 0 181 120 0 66 60 
299 133 119 0 73 81 0 87 64 331 0 47 20 59 60 377 411 619 0 0 0 0 161 120 0 66 60 
298 131 117 0 75 77 0 86 63 335 0 50 19 65 60 413 468 631 0 0 0 0 186 120 0 65 60 
294 128 119 0 75 82 0 90 63 341 0 55 20 68 58 353 462 563 0 0 0 0 175 120 0 65 60 
295 128 120 0 76 84 0 88 63 342 0 53 19 70 59 376 449 611 0 0 0 0 136 120 0 65 60 
296 122 118 0 78 84 0 87 63 333 0 48 19 58 58 387 447 593 0 0 0 0 183 120 0 65 60 
293 127 118 0 78 85 0 83 63 334 0 39 19 73 58 362 381 581 0 0 0 0 210 120 0 65 60 
293 124 116 0 77 87 0 90 64 345 0 35 20 78 58 383 419 617 0 0 0 0 150 120 0 65 60 
297 132 119 0 76 86 0 86 64 348 0 35 20 78 56 359 394 590 0 0 0 0 164 120 0 66 60 
290 127 115 0 74 83 0 86 64 345 0 39 20 60 58 391 429 595 0 0 0 0 174 120 0 65 60 
295 123 114 0 71 81 0 87 64 334 0 39 21 41 55 397 412 621 0 0 0 0 171 120 0 66 60 
296 118 112 0 69 85 0 88 63 336 0 41 20 45 59 376 442 577 0 0 0 0 158 120 0 65 60 
294 119 116 0 68 87 0 90 63 339 0 45 20 63 59 384 439 629 0 0 0 0 179 120 0 65 60 
295 128 120 0 69 86 0 83 64 340 0 42 19 71 58 363 422 619 0 0 0 0 204 120 0 66 60 
292 128 117 0 70 84 0 90 64 336 0 45 21 65 57 364 450 585 0 0 0 0 154 120 0 66 60 
297 127 113 0 72 83 0 85 63 339 0 44 20 63 57 364 470 510 0 0 0 0 208 120 0 66 60 
299 123 115 0 73 81 0 82 64 342 0 44 21 78 59 395 415 636 0 0 0 0 168 120 0 65 60 
293 128 118 0 75 80 0 87 62 341 0 48 20 66 61 365 378 613 0 0 0 0 161 120 0 65 60 
296 121 115 0 76 87 0 83 62 340 0 48 21 69 67 434 387 607 0 0 0 0 159 120 0 65 60 
297 121 116 0 75 91 0 85 63 339 0 46 19 63 64 350 414 652 0 0 0 0 178 120 0 65 60 
300 124 120 0 75 89 0 89 63 328 0 44 19 71 60 396 396 598 0 0 0 0 132 120 0 65 60 
296 133 113 0 76 86 0 94 64 330 0 47 18 65 60 406 420 627 0 0 0 0 177 120 0 65 60 
299 124 117 0 75 83 0 90 64 338 0 51 21 85 57 367 412 545 0 0 0 0 161 120 0 65 60 
294 125 117 0 76 81 0 88 64 339 0 50 19 77 57 360 437 637 0 0 0 0 195 120 0 64 60 
296 133 118 0 77 81 0 87 64 335 0 50 20 63 58 394 425 634 0 0 0 0 142 120 0 65 60 
298 130 116 0 78 81 0 85 63 333 0 55 20 64 59 374 392 656 0 0 0 0 138 120 0 65 60 
298 126 116 0 78 82 0 82 63 335 0 58 19 90 59 358 442 645 0 0 0 0 146 120 0 65 60 
298 121 116 0 79 88 0 85 63 343 0 56 19 85 58 416 418 624 0 0 0 0 141 120 0 65 60 
299 128 116 0 78 86 0 87 63 341 0 55 18 65 58 354 423 608 0 0 0 0 152 120 0 65 60 
295 125 115 0 76 84 0 83 64 336 0 54 19 47 60 411 416 607 0 0 0 0 177 120 0 65 60 
294 127 117 0 75 87 0 82 63 334 0 54 20 74 58 349 433 651 0 0 0 0 184 120 0 66 60 
293 127 118 0 72 94 0 86 63 334 0 54 20 81 59 430 431 659 0 0 0 0 159 120 0 65 60 
292 126 116 0 72 92 0 87 63 339 0 49 19 84 59 394 416 687 0 0 0 0 176 120 0 65 60 
298 127 120 0 71 90 0 89 63 341 0 49 18 67 60 423 399 669 0 0 0 0 221 120 0 65 60 
295 128 117 0 71 88 0 89 63 340 0 45 19 50 59 390 452 583 0 0 0 0 186 120 0 65 60 
293 123 119 0 71 90 0 86 62 333 0 40 20 69 59 338 414 606 0 0 0 0 170 120 0 66 60 
296 132 116 0 72 87 0 87 63 340 0 40 20 72 58 377 414 703 0 0 0 0 177 120 0 66 60 
290 125 116 0 73 82 0 86 64 348 0 35 19 74 60 346 473 629 0 0 0 0 152 120 0 65 60 
295 125 116 0 74 76 0 88 63 344 0 42 21 66 61 422 464 617 0 0 0 0 180 120 0 65 60 
292 126 114 0 74 78 0 88 64 339 0 37 21 67 71 386 436 649 0 0 0 0 182 120 0 65 60 
293 125 115 0 75 81 0 90 64 335 0 32 20 59 62 377 437 577 0 0 0 0 154 120 0 65 60 
293 130 120 0 75 85 0 91 65 339 0 34 21 62 59 354 397 616 0 0 0 0 133 120 0 65 60 
292 134 118 0 76 88 0 89 63 341 0 33 20 66 58 355 427 632 0 0 0 0 168 120 0 65 60 
296 133 116 0 75 91 0 93 64 339 0 29 19 71 59 396 478 653 0 0 0 0 193 120 0 65 60 
298 120 114 0 75 88 0 86 63 340 0 28 20 67 61 423 454 641 0 0 0 0 154 120 0 66 60 
296 126 119 0 75 80 0 87 64 343 0 30 20 57 64 403 403 598 0 0 0 0 175 120 0 66 60 
295 126 112 0 75 81 0 85 62 344 0 27 20 79 63 378 401 605 0 0 0 0 145 120 0 67 60 
301 132 120 0 76 82 0 89 63 341 0 27 20 78 60 381 405 537 0 0 0 0 190 120 0 65 60 
298 131 114 0 76 79 0 87 63 340 0 25 20 75 60 415 417 616 0 0 0 0 191 120 0 66 60 
298 137 116 0 75 78 0 85 64 330 0 27 20 55 64 399 446 627 0 0 0 0 151 120 0 65 60 
299 125 119 0 75 87 0 91 64 323 0 26 20 41 63 377 411 590 0 0 0 0 153 120 0 65 60 
298 133 116 0 74 89 0 91 64 338 0 27 21 48 60 391 442 579 0 0 0 0 194 120 0 65 60 
295 123 117 0 73 89 0 88 64 344 0 29 20 65 60 406 438 622 0 0 0 0 151 120 0 66 60 
299 123 116 0 71 91 0 87 63 335 0 32 21 71 58 413 443 638 0 0 0 0 201 120 0 66 60 
298 126 117 0 71 95 0 90 64 331 0 30 20 63 56 335 408 522 0 0 0 0 153 120 0 65 60 
298 126 115 0 71 93 0 93 64 335 0 31 22 64 54 402 419 538 0 0 0 0 193 120 0 66 60 
296 132 116 0 73 86 0 86 63 341 0 34 20 77 56 424 475 555 0 0 0 0 246 120 0 65 60 
298 124 116 0 73 84 0 85 64 339 0 31 20 66 58 387 425 622 0 0 0 0 179 120 0 66 60 
295 121 115 0 75 87 0 83 64 335 0 29 19 71 58 398 403 563 0 0 0 0 131 120 0 65 60 
299 121 111 0 76 82 0 84 64 329 0 29 19 65 60 371 425 611 0 0 0 0 183 120 0 66 60 
294 127 116 0 75 76 0 87 63 327 0 28 20 70 58 405 400 579 0 0 0 0 222 120 0 65 60 
297 128 114 0 75 78 0 90 63 337 0 27 20 69 56 368 386 588 0 0 0 0 168 120 0 65 60 
295 125 117 0 74 82 0 88 63 339 0 30 20 83 57 375 457 518 0 0 0 0 169 120 0 65 60 
290 126 118 0 73 84 0 89 64 339 0 30 21 74 56 354 455 604 0 0 0 0 175 120 0 66 60 
295 127 117 0 73 76 0 89 64 331 0 27 20 60 58 379 433 543 0 0 0 0 132 120 0 67 60 
293 130 113 0 73 78 0 87 64 340 0 28 20 65 56 386 405 542 0 0 0 0 176 120 0 68 60 
292 124 115 0 73 80 0 87 64 347 0 27 20 94 58 345 463 600 0 0 0 0 159 120 0 69 60 
294 124 117 0 72 79 0 84 63 346 0 29 21 80 60 406 381 583 0 0 0 0 162 120 0 69 60 
297 125 115 0 73 80 0 93 63 341 0 28 20 63 58 390 414 572 0 0 0 0 173 120 0 69 60 
291 132 121 0 74 82 0 88 62 335 0 28 21 49 58 397 432 609 0 0 0 0 137 120 0 70 60 
298 127 117 0 75 87 0 80 63 340 0 28 22 76 57 358 456 592 0 0 0 0 231 120 0 69 60 
293 127 116 0 76 88 0 85 63 342 0 31 21 79 58 369 427 511 0 0 0 0 158 120 0 68 60 
296 134 118 0 75 87 0 86 64 345 0 28 22 82 57 366 399 582 0 0 0 0 195 120 0 67 60 
297 126 117 0 75 89 0 89 64 347 0 29 20 64 59 409 425 569 0 0 0 0 177 120 0 66 60 
292 122 116 0 74 89 0 84 63 344 0 29 19 53 58 428 393 542 0 0 0 0 156 120 0 66 60 
303 128 118 0 73 90 0 89 63 342 0 31 20 68 57 422 430 637 0 0 0 0 210 120 0 65 60 
298 125 118 0 70 99 0 83 62 337 0 26 20 72 60 414 424 629 0 0 0 0 167 120 0 66 60 
299 132 118 0 72 102 0 81 63 342 0 29 21 76 58 408 459 583 0 0 0 0 171 120 0 66 60 
300 120 117 0 71 101 0 86 61 332 0 30 21 65 60 371 488 566 0 0 0 0 189 120 0 67 60 
298 131 122 0 73 93 0 85 63 326 0 29 20 66 59 388 417 613 0 0 0 0 126 120 0 66 60 
298 126 115 0 73 89 0 91 64 338 0 27 20 59 60 433 391 618 0 0 0 0 185 120 0 67 60 
300 126 119 0 74 85 0 86 64 342 0 30 20 63 59 354 408 589 0 0 0 0 168 120 0 67 60 
300 126 120 0 75 81 0 86 63 339 0 26 20 65 59 390 421 629 0 0 0 0 148 120 0 66 60 
301 129 119 0 75 79 0 90 64 337 0 29 22 71 58 434 415 617 0 0 0 0 135 120 0 66 60 
301 130 111 0 74 80 0 87 64 336 0 28 23 67 58 353 431 607 0 0 0 0 142 120 0 65 60 
299 128 116 0 74 86 0 86 64 344 0 27 23 58 59 375 394 552 0 0 0 0 148 120 0 66 60 
295 131 122 0 74 82 0 83 65 340 0 30 22 78 59 380 405 585 0 0 0 0 203 120 0 65 60 
293 127 118 0 74 76 0 84 63 338 0 29 23 78 57 348 388 624 0 0 0 0 121 120 0 66 60 
291 128 119 0 75 75 0 88 63 334 0 28 23 77 57 343 471 605 0 0 0 0 173 120 0 65 60 
297 126 117 0 75 80 0 87 62 330 0 29 23 55 58 372 400 707 0 0 0 0 199 120 0 65 60 
296 127 114 0 78 78 0 90 63 338 0 27 21 42 58 370 421 564 0 0 0 0 228 120 0 66 60 
295 131 122 0 79 76 0 87 62 339 0 28 23 48 59 393 416 571 0 0 0 0 164 120 0 66 60 
293 125 120 0 80 75 0 89 62 338 0 28 22 65 59 362 415 666 0 0 0 0 203 120 0 65 60 
295 128 120 0 80 80 0 88 64 335 0 25 21 70 58 368 403 684 0 0 0 0 188 120 0 66 60 
292 126 119 0 79 80 0 83 64 341 0 27 21 66 59 372 458 564 0 0 0 0 132 120 0 66 60 
297 130 115 0 78 81 0 87 64 352 0 27 22 64 58 366 390 574 0 0 0 0 178 120 0 65 60 
293 131 118 0 77 81 0 87 63 347 0 27 19 76 60 383 415 593 0 0 0 0 150 120 0 65 60 
292 130 115 0 75 82 0 85 63 339 0 26 20 68 60 392 420 513 0 0 0 0 156 120 0 66 60 
295 126 121 0 74 83 0 89 64 332 0 26 20 68 57 398 405 553 0 0 0 0 164 120 0 65 60 
292 125 119 0 73 84 0 84 64 337 0 27 20 64 59 389 409 581 0 0 0 0 149 120 0 65 60 
296 126 112 0 74 95 0 87 64 337 0 25 20 72 61 381 443 597 0 0 0 0 136 120 0 65 60 
297 131 112 0 73 99 0 85 66 334 0 26 20 66 61 396 434 584 0 0 0 0 157 120 0 66 60 
291 128 116 0 73 99 0 90 63 338 0 24 21 84 60 364 452 538 0 0 0 0 133 120 0 65 60 
297 119 115 0 74 85 0 89 64 339 0 26 20 77 58 344 434 636 0 0 0 0 154 120 0 66 60 
300 133 117 0 74 82 0 86 63 339 0 27 19 65 58 351 425 471 0 0 0 0 173 120 0 67 60 
297 124 116 0 74 79 0 89 62 342 0 28 20 62 60 420 388 547 0 0 0 0 161 120 0 68 60 
298 129 115 0 74 76 0 84 63 343 0 27 19 88 59 427 416 600 0 0 0 0 161 120 0 69 60 
296 118 117 0 73 82 0 87 63 336 0 29 19 87 59 403 459 561 0 0 0 0 189 120 0 68 60 
295 124 114 0 73 82 0 87 63 328 0 32 20 63 61 403 419 593 0 0 0 0 196 120 0 67 60 
297 126 118 0 73 86 0 89 63 340 0 31 19 47 58 385 414 530 0 0 0 0 169 120 0 66 60 
302 127 115 0 73 85 0 85 64 343 0 32 20 76 61 361 467 505 0 0 0 0 151 120 0 66 60 
299 123 114 0 73 87 0 84 63 338 0 31 21 80 59 398 408 520 0 0 0 0 206 120 0 66 60 
301 135 117 0 74 84 0 95 64 335 0 31 19 81 59 375 385 603 0 0 0 0 172 120 0 66 60 
298 122 114 0 74 80 0 90 64 336 0 30 21 69 61 400 420 539 0 0 0 0 131 120 0 65 60 
295 121 117 0 74 73 0 90 63 341 0 30 20 50 58 408 389 535 0 0 0 0 171 120 0 65 60 
296 130 113 0 74 75 0 85 64 339 0 32 21 66 59 399 452 475 0 0 0 0 189 120 0 66 60 
289 124 114 0 73 79 0 88 62 335 0 33 20 69 59 372 417 546 0 0 0 0 198 120 0 66 60 
296 130 116 0 73 83 0 87 64 332 0 32 21 77 60 385 457 578 0 0 0 0 169 120 0 65 60 
295 128 115 0 72 84 0 83 63 333 0 29 20 66 59 368 440 596 0 0 0 0 164 120 0 65 60 
295 130 116 0 71 90 0 81 63 336 0 29 19 68 60 368 440 609 0 0 0 0 188 120 0 65 60 
290 127 115 0 71 96 0 92 62 339 0 29 20 60 62 382 445 595 0 0 0 0 166 120 0 65 60 
294 131 115 0 71 93 0 85 63 338 0 25 21 61 56 386 416 520 0 0 0 0 219 120 0 66 60 
294 123 116 0 71 92 0 80 64 332 0 29 21 64 60 396 434 538 0 0 0 0 157 120 0 66 60 
296 123 117 0 73 91 0 87 64 337 0 29 21 68 60 370 457 566 0 0 0 0 140 120 0 65 60 
289 132 119 0 74 92 0 88 64 347 0 29 21 72 60 448 409 643 0 0 0 0 139 120 0 65 60 
292 129 116 0 74 84 0 90 63 347 0 30 21 57 61 418 427 632 0 0 0 0 211 120 0 65 60 
293 125 117 0 74 78 0 86 64 342 0 28 23 72 61 388 382 590 0 0 0 0 210 120 0 65 60 
293 131 115 0 73 79 0 86 63 337 0 29 20 79 59 365 378 575 0 0 0 0 135 120 0 65 60 
300 130 115 0 72 82 0 86 65 342 0 29 20 81 59 381 393 600 0 0 0 0 155 120 0 66 60 
299 122 116 0 71 82 0 82 64 346 0 30 22 62 59 381 440 512 0 0 0 0 206 120 0 65 60 
294 128 115 0 71 81 0 90 65 341 0 35 21 41 61 358 459 628 0 0 0 0 159 120 0 66 60 
296 128 118 0 72 83 0 86 64 345 0 34 21 44 58 423 418 629 0 0 0 0 188 120 0 66 60 
298 129 117 0 72 86 0 91 62 347 0 33 21 61 60 380 467 673 0 0 0 0 162 120 0 66 60 
300 125 115 0 73 86 0 93 63 340 0 35 20 70 64 368 464 630 0 0 0 0 154 120 0 67 60 
302 124 114 0 74 87 0 85 62 339 0 31 20 68 61 401 450 605 0 0 0 0 151 120 0 66 60 
301 127 113 0 76 90 0 88 63 338 0 34 20 62 60 398 402 591 0 0 0 0 192 120 0 66 60 
296 132 114 0 77 87 0 88 64 333 0 38 21 74 57 368 414 620 0 0 0 0 205 120 0 65 60 
301 126 117 0 77 83 0 90 64 325 0 42 21 71 58 365 399 636 0 0 0 0 138 120 0 66 60 
283 130 117 0 77 86 0 84 65 337 0 40 20 66 60 415 417 630 0 0 0 0 173 120 0 65 60 
303 123 117 0 76 92 0 82 63 342 0 45 22 64 59 380 423 626 0 0 0 0 170 120 0 66 60 
302 121 114 0 74 92 0 87 64 339 0 44 21 69 58 411 414 608 0 0 0 0 150 120 0 66 60 
301 126 114 0 71 87 0 82 63 337 0 42 20 66 59 392 421 638 0 0 0 0 148 120 0 65 60 
305 125 114 0 69 82 0 91 64 335 0 40 21 81 58 376 451 643 0 0 0 0 186 120 0 65 60 
301 129 116 0 69 87 0 84 64 344 0 47 20 81 57 382 454 700 0 0 0 0 141 120 0 65 60 
291 130 117 0 69 82 0 92 65 342 0 44 21 70 59 358 428 658 0 0 0 0 222 120 0 66 60 
299 133 119 0 70 81 0 92 64 336 0 45 20 60 60 399 442 588 0 0 0 0 211 120 0 66 60 
300 125 115 0 72 79 0 83 64 334 0 46 20 78 59 379 384 630 0 0 0 0 161 120 0 65 60 
297 126 114 0 74 81 0 90 63 331 0 47 22 97 58 399 449 544 0 0 0 0 160 120 0 65 60 
300 126 114 0 75 80 0 83 63 333 0 48 21 70 58 401 416 620 0 0 0 0 147 120 0 66 60 
294 121 114 0 75 81 0 84 63 339 0 48 20 50 58 404 442 680 0 0 0 0 159 120 0 65 60 
297 125 110 0 75 84 0 81 64 339 0 51 20 63 60 394 411 623 0 0 0 0 168 120 0 65 60 
299 128 115 0 75 86 0 83 65 336 0 58 21 82 60 389 418 660 0 0 0 0 164 120 0 65 60 
293 130 115 0 75 83 0 87 64 335 0 55 20 79 57 367 424 623 0 0 0 0 194 120 0 64 60 
292 123 114 0 76 80 0 83 64 347 0 53 20 75 59 389 421 612 0 0 0 0 160 120 0 63 60 
294 120 116 0 78 82 0 86 64 346 0 54 22 52 57 418 462 495 0 0 0 0 170 120 0 63 60 
293 119 113 0 79 82 0 86 63 340 0 51 21 61 61 387 433 565 0 0 0 0 170 120 0 63 60 
298 124 118 0 80 77 0 90 63 335 0 50 21 69 58 409 404 661 0 0 0 0 158 120 0 63 60 
297 131 114 0 79 76 0 88 63 335 0 48 23 76 58 410 399 616 0 0 0 0 147 120 0 63 60 
293 123 118 0 79 81 0 89 63 340 0 47 22 70 59 423 460 583 0 0 0 0 156 120 0 64 60 
297 124 114 0 78 84 0 85 64 337 0 40 20 67 57 368 423 580 0 0 0 0 162 120 0 64 60 
300 122 117 0 76 88 0 85 64 338 0 38 21 60 58 343 392 612 0 0 0 0 156 120 0 65 60 
297 126 117 0 74 88 0 88 64 342 0 34 21 59 58 331 381 550 0 0 0 0 170 120 0 65 60 
302 124 116 0 73 89 0 86 63 339 0 33 20 65 58 382 438 579 0 0 0 0 146 120 0 64 60 
299 125 117 0 71 86 0 81 62 342 0 34 22 64 60 385 452 562 0 0 0 0 175 120 0 65 60 
295 130 115 0 71 85 0 87 63 338 0 31 21 72 59 408 439 568 0 0 0 0 153 120 0 66 60 
298 128 116 0 71 87 0 90 63 334 0 31 20 61 59 400 440 503 0 0 0 0 163 120 0 66 60 
297 131 116 0 72 90 0 85 63 327 0 27 22 64 62 355 414 582 0 0 0 0 203 120 0 65 60 
300 132 118 0 73 88 0 87 63 337 0 28 22 82 61 379 373 621 0 0 0 0 138 120 0 66 60 
299 138 117 0 73 81 0 82 62 343 0 28 21 80 59 394 389 568 0 0 0 0 198 120 0 65 60 
297 129 117 0 74 78 0 82 63 337 0 27 21 68 56 417 455 617 0 0 0 0 187 120 0 65 60 
298 122 120 0 74 84 0 82 63 333 0 26 21 42 60 403 392 567 0 0 0 0 156 120 0 65 60 
296 130 116 0 75 87 0 87 64 337 0 29 21 43 57 405 417 559 0 0 0 0 172 120 0 65 60 
291 129 119 0 75 87 0 90 64 343 0 28 21 58 59 421 457 555 0 0 0 0 168 120 0 65 60 
299 120 118 0 75 88 0 86 65 344 0 29 23 70 59 358 472 589 0 0 0 0 141 120 0 66 60 
298 122 116 0 75 88 0 89 65 337 0 31 21 67 58 367 464 600 0 0 0 0 202 120 0 65 60 
298 130 123 0 75 88 0 86 64 335 0 35 22 63 59 406 425 596 0 0 0 0 127 120 0 66 60 
294 127 113 0 75 85 0 91 62 330 0 39 21 68 59 370 454 584 0 0 0 0 177 120 0 65 60 
293 127 120 0 76 93 0 86 61 335 0 42 20 72 60 384 404 542 0 0 0 0 175 120 0 65 60 
297 126 118 0 76 94 0 85 63 340 0 43 20 67 60 454 420 618 0 0 0 0 192 120 0 65 60 
293 129 119 0 76 92 0 86 63 339 0 42 20 65 59 376 375 580 0 0 0 0 164 120 0 65 60 
296 131 118 0 76 86 0 83 64 333 0 40 21 66 60 379 412 633 0 0 0 0 196 120 0 66 60 
292 129 119 0 75 85 0 89 63 336 0 36 21 67 59 357 421 582 0 0 0 0 170 120 0 66 60 
294 123 120 0 74 86 0 89 64 347 0 31 20 77 63 397 435 641 0 0 0 0 175 120 0 65 60 
294 125 119 0 73 82 0 88 63 348 0 28 21 81 65 433 408 621 0 0 0 0 152 120 0 65 60 
298 131 118 0 72 75 0 88 63 340 0 28 21 71 59 397 385 599 0 0 0 0 164 120 0 66 60 
301 126 122 0 72 79 0 90 64 337 0 29 23 60 58 358 452 618 0 0 0 0 176 120 0 65 60 
292 127 118 0 72 85 0 89 64 335 0 33 22 70 56 354 437 656 0 0 0 0 182 120 0 66 60 
297 103 117 0 73 85 0 84 65 341 0 32 24 94 58 396 390 643 0 0 0 0 176 120 0 65 60 
300 126 120 0 74 84 0 86 64 336 0 37 24 73 60 347 477 697 0 0 0 0 165 120 0 65 60 
299 121 120 0 75 84 0 86 64 336 0 36 23 57 60 370 404 657 0 0 0 0 161 120 0 65 60 
297 133 121 0 76 85 0 86 63 340 0 34 23 55 61 372 390 604 0 0 0 0 183 120 0 66 60 
300 135 116 0 75 81 0 87 63 340 0 31 23 80 61 377 416 649 0 0 0 0 179 120 0 65 60 
296 142 116 0 75 83 0 88 63 341 0 31 22 78 61 352 404 649 0 0 0 0 112 120 0 65 60 
296 126 108 0 73 89 0 91 63 341 0 28 22 78 57 377 416 627 0 0 0 0 155 120 0 65 60 
297 130 116 0 73 99 0 86 63 333 0 28 21 56 59 362 410 658 0 0 0 0 167 120 0 66 60 
299 131 121 0 72 97 0 88 63 328 0 27 21 58 58 369 415 582 0 0 0 0 165 120 0 66 60 
299 134 119 0 73 86 0 90 63 338 0 28 21 69 59 364 384 666 0 0 0 0 196 120 0 65 60 
298 125 117 0 73 81 0 86 62 347 0 26 21 74 60 368 425 600 0 0 0 0 168 120 0 65 60 
297 125 115 0 74 79 0 87 63 339 0 29 21 74 61 379 457 632 0 0 0 0 209 120 0 65 60 
297 127 117 0 75 77 0 86 63 336 0 28 20 67 63 375 436 681 0 0 0 0 232 120 0 65 60 
291 124 116 0 75 76 0 87 64 336 0 29 21 61 59 399 358 692 0 0 0 0 168 120 0 65 60 
296 123 115 0 75 81 0 91 64 342 0 32 20 59 57 433 395 622 0 0 0 0 137 120 0 66 60 
298 120 117 0 75 80 0 83 63 344 0 33 21 65 58 422 428 605 0 0 0 0 153 120 0 66 60 
298 127 118 0 75 80 0 88 63 337 0 36 19 65 59 341 438 605 0 0 0 0 181 120 0 66 60 
293 130 116 0 73 81 0 90 63 337 0 38 21 70 59 394 443 499 0 0 0 0 170 120 0 65 60 
294 129 119 0 72 86 0 94 63 332 0 36 21 65 58 403 444 601 0 0 0 0 148 120 0 65 60 
292 126 114 0 71 86 0 92 64 337 0 35 21 61 58 399 367 626 0 0 0 0 116 120 0 65 60 
294 132 117 0 70 90 0 86 63 342 0 36 20 79 60 389 408 613 0 0 0 0 174 120 0 66 60 
298 127 117 0 70 92 0 90 64 338 0 35 23 80 58 415 438 597 0 0 0 0 198 120 0 66 60 
293 126 114 0 71 96 0 85 64 333 0 35 22 72 60 351 448 588 0 0 0 0 154 120 0 65 60 
295 126 116 0 71 94 0 84 64 338 0 40 21 47 59 365 436 611 0 0 0 0 166 120 0 67 60 
297 126 115 0 73 85 0 78 63 351 0 39 22 41 60 401 445 601 0 0 0 0 136 120 0 67 60 
294 126 120 0 73 79 0 85 63 352 0 39 21 54 59 370 436 537 0 0 0 0 148 120 0 67 60 
301 124 117 0 74 82 0 89 62 343 0 39 21 68 57 391 382 560 0 0 0 0 211 120 0 67 60 
290 132 116 0 74 86 0 79 64 340 0 43 21 67 60 347 411 714 0 0 0 0 183 120 0 66 60 
294 127 117 0 74 89 0 91 64 336 0 45 21 65 60 404 411 547 0 0 0 0 153 120 0 66 60 
298 126 117 0 74 91 0 90 65 345 0 42 22 67 60 348 427 587 0 0 0 0 129 120 0 65 60 
296 128 117 0 73 89 0 90 66 337 0 39 22 72 62 349 426 641 0 0 0 0 203 120 0 65 60 
298 127 118 0 74 83 0 88 65 340 0 33 22 66 67 403 368 610 0 0 0 0 156 120 0 65 60 
302 132 115 0 75 77 0 84 63 343 0 30 21 68 63 395 383 605 0 0 0 0 191 120 0 65 60 
297 131 117 0 76 84 0 85 62 341 0 30 22 64 58 346 404 571 0 0 0 0 168 120 0 65 60 
300 130 115 0 78 88 0 82 63 342 0 27 22 68 59 391 428 574 0 0 0 0 190 120 0 66 60 
300 126 116 0 79 91 0 84 63 338 0 27 22 72 56 368 425 549 0 0 0 0 158 120 0 66 60 
299 130 118 0 80 85 0 90 64 332 0 25 22 82 57 379 479 630 0 0 0 0 173 120 0 66 60 
299 126 114 0 79 85 0 88 64 327 0 25 21 71 58 353 463 631 0 0 0 0 141 120 0 66 60 
299 131 113 0 78 81 0 85 64 336 0 27 21 59 57 422 418 637 0 0 0 0 217 120 0 65 60 
298 125 116 0 77 78 0 92 64 344 0 29 21 68 58 364 412 617 0 0 0 0 195 120 0 65 60 
296 128 115 0 76 74 0 90 63 337 0 27 21 92 58 358 420 583 0 0 0 0 204 120 0 65 60 
294 125 118 0 75 79 0 86 64 333 0 29 19 76 59 362 401 588 0 0 0 0 182 120 0 65 60 
295 126 115 0 74 82 0 87 65 336 0 25 21 60 59 394 439 583 0 0 0 0 166 120 0 65 60 
298 126 114 0 74 77 0 86 64 340 0 27 22 52 58 449 471 663 0 0 0 0 131 120 0 65 60 
295 133 114 0 75 76 0 85 65 342 0 29 22 80 60 406 426 629 0 0 0 0 128 120 0 65 60 
291 132 107 0 74 80 0 84 64 335 0 29 21 80 60 372 439 659 0 0 0 0 136 120 0 66 60 
296 130 114 0 74 82 0 89 63 336 0 33 20 82 60 398 390 652 0 0 0 0 142 120 0 65 60 
292 117 117 0 73 79 0 87 63 331 0 31 21 55 58 363 401 603 0 0 0 0 145 120 0 65 60 
296 125 112 0 73 82 0 87 63 337 0 33 20 55 58 398 422 591 0 0 0 0 234 120 0 65 60 
298 132 117 0 73 87 0 91 64 340 0 37 21 70 58 391 394 695 0 0 0 0 189 120 0 66 60 
290 127 113 0 73 95 0 85 63 338 0 38 21 72 60 392 426 624 0 0 0 0 156 120 0 65 60 
295 124 111 0 72 97 0 90 64 333 0 41 21 72 58 401 406 662 0 0 0 0 141 120 0 66 60 
294 130 112 0 72 96 0 86 64 335 0 41 21 67 59 349 469 682 0 0 0 0 199 120 0 66 60 
293 126 115 0 73 92 0 91 64 345 0 44 22 61 59 377 423 614 0 0 0 0 213 120 0 65 60 
298 128 115 0 74 86 0 86 63 346 0 41 20 57 60 366 406 630 0 0 0 0 177 120 0 65 60 
291 122 117 0 74 81 0 82 63 339 0 37 20 65 58 392 455 633 0 0 0 0 170 120 0 66 60 
294 126 114 0 75 76 0 83 63 337 0 35 20 65 60 418 413 628 0 0 0 0 179 120 0 65 60 
297 128 112 0 75 79 0 82 63 335 0 32 20 71 60 388 420 664 0 0 0 0 155 120 0 66 60 
299 129 118 0 75 78 0 89 63 340 0 29 20 62 57 346 436 647 0 0 0 0 146 120 0 65 60 
294 130 114 0 75 78 0 86 63 338 0 30 21 63 58 416 415 673 0 0 0 0 215 120 0 65 60 
298 130 115 0 74 77 0 92 64 342 0 29 22 79 60 380 420 555 0 0 0 0 164 120 0 65 60 
295 126 113 0 73 78 0 91 63 341 0 31 21 79 58 361 469 600 0 0 0 0 160 120 0 65 60 
300 117 117 0 72 71 0 92 64 341 0 34 20 72 61 413 440 671 0 0 0 0 143 120 0 65 60 
300 119 114 0 72 72 0 91 63 342 0 31 21 45 58 387 424 641 0 0 0 0 179 120 0 65 60 
298 128 117 0 72 75 0 87 64 340 0 30 20 41 59 369 420 626 0 0 0 0 155 120 0 65 60 
296 129 116 0 72 79 0 87 64 334 0 30 20 56 57 398 418 583 0 0 0 0 172 120 0 65 60 
299 129 117 0 73 81 0 84 63 330 0 29 20 70 57 419 428 653 0 0 0 0 182 120 0 66 60 
297 123 115 0 74 84 0 89 64 337 0 28 20 67 61 372 463 512 0 0 0 0 177 120 0 65 60 
299 125 115 0 74 86 0 91 63 345 0 29 20 62 58 360 413 572 0 0 0 0 168 120 0 65 60 
297 123 118 0 74 85 0 85 62 339 0 29 19 69 61 384 408 646 0 0 0 0 183 120 0 65 60 
293 123 118 0 74 84 0 88 63 334 0 30 19 70 62 406 415 606 0 0 0 0 173 120 0 66 60 
297 122 118 0 72 84 0 90 63 337 0 28 19 64 61 357 407 550 0 0 0 0 215 120 0 67 60 
298 125 114 0 72 95 0 87 65 343 0 29 18 68 59 379 419 612 0 0 0 0 139 120 0 67 60 
293 128 118 0 71 94 0 81 64 343 0 26 19 64 60 353 415 587 0 0 0 0 132 120 0 67 60 
297 136 117 0 71 91 0 81 65 337 0 27 20 67 61 416 464 522 0 0 0 0 187 120 0 67 60 
296 131 119 0 71 88 0 83 64 336 0 28 19 78 60 352 445 562 0 0 0 0 159 120 0 66 60 
293 128 116 0 73 91 0 84 63 334 0 27 19 82 59 389 432 535 0 0 0 0 161 120 0 66 60 
299 125 119 0 74 91 0 88 63 336 0 28 19 70 61 417 450 567 0 0 0 0 187 120 0 66 60 
294 127 120 0 75 90 0 86 62 341 0 29 18 59 61 391 425 532 0 0 0 0 174 120 0 66 60 
298 124 111 0 76 89 0 91 64 337 0 30 20 75 59 423 434 565 0 0 0 0 146 120 0 66 60 
295 123 117 0 77 90 0 84 64 334 0 28 19 94 59 356 428 550 0 0 0 0 140 120 0 65 60 
294 127 119 0 77 82 0 91 64 335 0 28 20 71 57 385 453 585 0 0 0 0 184 120 0 65 60 
301 132 116 0 76 82 0 89 62 345 0 25 19 55 58 373 437 566 0 0 0 0 179 120 0 65 60 
298 129 119 0 75 85 0 83 63 348 0 27 19 60 59 388 430 527 0 0 0 0 191 120 0 66 60 
295 128 118 0 73 88 0 86 62 340 0 27 18 81 60 401 448 561 0 0 0 0 150 120 0 66 60 
295 128 121 0 71 91 0 81 63 337 0 27 18 81 59 392 421 488 0 0 0 0 190 120 0 66 60 
303 126 116 0 70 88 0 86 64 337 0 28 18 77 58 360 430 546 0 0 0 0 147 120 0 66 60 
295 125 120 0 70 88 0 83 64 343 0 24 19 51 60 433 424 604 0 0 0 0 161 120 0 66 60 
296 128 117 0 70 87 0 86 65 339 0 24 19 63 59 370 406 605 0 0 0 0 180 120 0 66 60 
297 129 115 0 71 85 0 89 63 338 0 26 20 70 63 352 414 673 0 0 0 0 220 120 0 65 60 
297 128 116 0 73 81 0 84 64 342 0 25 19 77 59 411 441 555 0 0 0 0 131 120 0 66 60 
295 124 119 0 74 84 0 90 63 340 0 27 20 68 61 341 429 523 0 0 0 0 186 120 0 65 60 
299 126 117 0 74 87 0 86 63 342 0 26 20 70 59 330 434 561 0 0 0 0 179 120 0 65 60 
296 133 124 0 74 84 0 85 63 341 0 27 19 59 58 411 392 625 0 0 0 0 175 120 0 65 60 
296 129 118 0 74 82 0 87 63 333 0 27 19 59 58 413 412 581 0 0 0 0 190 120 0 65 60 
299 126 109 0 74 81 0 84 63 329 0 27 19 69 59 391 486 661 0 0 0 0 133 120 0 65 60 
302 125 113 0 75 82 0 85 62 333 0 28 21 67 59 382 430 585 0 0 0 0 162 120 0 66 60 
298 129 113 0 76 80 0 85 63 343 0 26 21 71 59 407 382 592 0 0 0 0 203 120 0 65 60 
294 135 121 0 77 82 0 83 62 336 0 27 21 58 59 349 430 593 0 0 0 0 144 120 0 66 60 
297 136 119 0 79 87 0 87 63 333 0 31 19 70 60 379 428 580 0 0 0 0 122 120 0 65 60 
297 132 118 0 79 90 0 83 64 335 0 31 18 82 59 368 404 609 0 0 0 0 171 120 0 66 60 
294 131 117 0 79 87 0 84 65 338 0 35 19 80 57 393 406 658 0 0 0 0 181 120 0 66 60 
294 134 113 0 78 85 0 87 65 340 0 40 19 66 57 352 399 652 0 0 0 0 166 120 0 65 60 
296 121 116 0 76 81 0 86 65 336 0 43 20 42 60 375 414 617 0 0 0 0 196 120 0 65 60 
296 124 114 0 75 84 0 89 63 334 0 40 20 42 62 360 388 636 0 0 0 0 166 120 0 65 60 
295 128 117 0 74 84 0 86 63 335 0 37 20 62 62 391 404 562 0 0 0 0 144 120 0 65 60 
295 125 119 0 72 91 0 84 62 334 0 36 20 73 65 421 457 634 0 0 0 0 158 120 0 65 60 
293 127 114 0 73 96 0 89 63 343 0 39 20 66 62 404 398 645 0 0 0 0 153 120 0 66 60 
294 120 118 0 72 89 0 85 64 338 0 37 18 64 60 414 414 620 0 0 0 0 204 120 0 65 60 
296 132 117 0 73 85 0 92 63 335 0 41 18 76 58 362 435 661 0 0 0 0 174 120 0 66 60 
294 123 116 0 73 80 0 90 63 335 0 44 19 69 58 374 418 580 0 0 0 0 175 120 0 66 60 
296 121 117 0 73 83 0 94 63 344 0 45 19 67 61 409 466 621 0 0 0 0 118 120 0 65 60 
296 123 112 0 73 83 0 93 63 349 0 47 18 65 61 387 458 656 0 0 0 0 181 120 0 65 60 
291 130 118 0 74 80 0 89 63 340 0 46 19 69 61 407 413 627 0 0 0 0 148 120 0 65 60 
298 125 116 0 74 78 0 86 62 336 0 46 18 64 60 438 435 621 0 0 0 0 185 120 0 65 60 
297 125 119 0 74 82 0 84 63 336 0 45 19 84 61 393 438 580 0 0 0 0 215 120 0 65 60 
297 130 119 0 73 86 0 89 64 340 0 39 18 81 60 421 430 643 0 0 0 0 140 120 0 65 60 
299 124 114 0 75 85 0 81 65 336 0 45 18 68 64 380 435 473 0 0 0 0 151 120 0 65 60 
299 127 119 0 75 82 0 85 64 338 0 39 17 63 68 367 451 567 0 0 0 0 152 120 0 65 60 
298 123 118 0 75 85 0 85 64 344 0 34 19 82 59 385 406 663 0 0 0 0 181 120 0 65 60 
300 125 115 0 75 85 0 81 63 341 0 34 18 94 59 403 375 664 0 0 0 0 188 120 0 66 60 
303 127 116 0 76 78 0 87 63 340 0 31 18 68 58 407 508 640 0 0 0 0 189 120 0 66 60 
300 127 117 0 76 80 0 89 63 340 0 29 19 49 58 377 421 541 0 0 0 0 213 120 0 66 60 
296 130 120 0 76 83 0 90 63 333 0 31 18 68 57 378 424 595 0 0 0 0 179 120 0 66 60 
296 133 117 0 75 82 0 85 64 327 0 32 18 79 56 398 401 539 0 0 0 0 139 120 0 67 60 
297 125 118 0 72 84 0 86 63 336 0 34 19 81 58 379 400 564 0 0 0 0 153 120 0 66 60 
296 124 118 0 72 87 0 89 63 343 0 36 20 74 58 359 376 574 0 0 0 0 207 120 0 66 60 
295 122 114 0 70 88 0 83 63 339 0 37 20 48 59 392 424 570 0 0 0 0 140 120 0 66 60 
301 126 118 0 70 85 0 85 63 334 0 43 19 65 59 386 460 576 0 0 0 0 169 120 0 65 60 
298 124 117 0 71 85 0 91 63 335 0 44 19 69 58 398 442 536 0 0 0 0 187 120 0 65 60 
294 129 115 0 72 88 0 92 65 343 0 43 18 75 59 400 435 552 0 0 0 0 217 120 0 65 60 
297 124 119 0 73 89 0 88 64 342 0 41 18 65 59 355 390 551 0 0 0 0 131 120 0 66 60 
294 129 116 0 74 90 0 83 63 338 0 42 18 70 58 380 435 555 0 0 0 0 143 120 0 65 60 
294 126 117 0 74 93 0 87 63 335 0 41 19 61 58 370 410 587 0 0 0 0 162 120 0 65 60 
296 134 115 0 74 96 0 89 62 332 0 36 20 59 61 397 419 538 0 0 0 0 160 120 0 65 60 
294 130 113 0 74 88 0 83 63 334 0 39 19 66 65 371 430 491 0 0 0 0 191 120 0 66 60 
293 128 119 0 74 83 0 89 63 342 0 43 19 68 63 430 447 571 0 0 0 0 186 120 0 65 60 
288 126 115 0 71 79 0 86 64 335 0 50 19 71 60 382 420 544 0 0 0 0 172 120 0 65 60 
294 124 116 0 73 81 0 89 63 334 0 55 19 56 58 401 429 566 0 0 0 0 178 120 0 65 60 
296 128 119 0 73 86 0 85 63 335 0 50 19 73 56 445 417 622 0 0 0 0 179 120 0 66 60 
298 135 116 0 73 94 0 85 64 347 0 47 19 79 57 380 375 580 0 0 0 0 177 120 0 65 60 
293 129 118 0 74 104 0 91 64 348 0 43 19 80 56 400 439 609 0 0 0 0 133 120 0 65 60 
295 123 112 0 75 105 0 88 64 339 0 43 19 63 59 401 428 484 0 0 0 0 145 120 0 65 60 
302 124 113 0 75 99 0 91 63 339 0 43 19 41 60 406 453 591 0 0 0 0 200 120 0 66 60 
299 124 114 0 75 83 0 87 64 340 0 46 18 43 63 368 415 629 0 0 0 0 184 120 0 65 60 
296 127 117 0 75 72 0 86 63 342 0 50 19 60 59 400 441 616 0 0 0 0 135 120 0 65 60 
297 132 118 0 69 72 0 90 64 340 0 56 19 72 57 369 383 646 0 0 0 0 169 120 0 65 60 
296 130 112 0 75 73 0 82 63 339 0 51 19 66 58 384 400 605 0 0 0 0 176 120 0 65 60 
298 128 113 0 74 78 0 83 63 344 0 49 19 62 58 387 430 578 0 0 0 0 152 120 0 65 60 
300 132 115 0 74 88 0 80 63 339 0 53 19 77 59 391 463 615 0 0 0 0 140 120 0 66 60 
298 121 115 0 74 94 0 86 63 343 0 50 19 67 59 390 425 643 0 0 0 0 207 120 0 65 60 
297 122 116 0 73 93 0 87 64 343 0 51 18 67 59 314 420 648 0 0 0 0 200 120 0 66 60 
300 136 112 0 73 88 0 83 63 334 0 49 18 65 58 400 405 644 0 0 0 0 161 120 0 65 60 
296 125 117 0 74 82 0 90 64 327 0 50 19 70 60 375 433 598 0 0 0 0 176 120 0 65 60 
296 125 116 0 74 83 0 90 63 340 0 48 18 64 59 382 411 584 0 0 0 0 170 120 0 65 60 
299 129 117 0 75 81 0 90 62 344 0 45 19 83 60 367 420 654 0 0 0 0 209 120 0 65 60 
296 126 118 0 75 82 0 83 62 335 0 48 21 81 58 407 502 602 0 0 0 0 193 120 0 65 60 
294 128 117 0 74 85 0 89 63 331 0 45 20 68 59 396 427 634 0 0 0 0 144 120 0 66 60 
293 122 116 0 74 85 0 87 62 334 0 41 21 62 58 358 385 673 0 0 0 0 180 120 0 65 60 
293 123 116 0 74 85 0 84 63 338 0 39 20 87 59 371 379 643 0 0 0 0 127 120 0 65 60 
294 132 121 0 74 82 0 88 64 341 0 42 19 90 60 368 392 591 0 0 0 0 182 120 0 65 60 
294 125 119 0 75 82 0 86 64 334 0 40 19 65 57 399 436 624 0 0 0 0 138 120 0 66 60 
294 122 118 0 76 80 0 86 65 333 0 43 18 48 59 387 485 665 0 0 0 0 141 120 0 65 60 
297 127 117 0 78 77 0 92 64 330 0 45 19 71 58 419 428 687 0 0 0 0 147 120 0 65 60 
297 126 120 0 79 74 0 84 64 337 0 49 19 80 57 357 421 590 0 0 0 0 187 120 0 65 60 
293 126 117 0 79 79 0 87 63 343 0 47 18 81 60 384 404 617 0 0 0 0 167 120 0 65 60 
296 122 121 0 79 79 0 87 63 335 0 44 18 72 59 327 413 665 0 0 0 0 149 120 0 65 60 
297 130 119 0 80 78 0 79 63 335 0 44 19 49 60 399 375 509 0 0 0 0 163 120 0 65 60 
295 130 120 0 78 78 0 85 63 340 0 42 18 65 58 399 379 705 0 0 0 0 146 120 0 65 60 
301 125 117 0 78 78 0 86 63 352 0 44 18 72 62 415 413 623 0 0 0 0 180 120 0 66 60 
288 125 113 0 76 79 0 90 63 349 0 48 20 76 62 412 412 659 0 0 0 0 174 120 0 65 60 
292 134 116 0 75 85 0 90 62 338 0 46 22 64 61 398 438 614 0 0 0 0 189 120 0 65 60 
293 124 117 0 74 92 0 88 63 340 0 47 19 70 59 388 445 563 0 0 0 0 157 120 0 65 60 
300 130 119 0 74 99 0 87 64 340 0 52 19 59 58 424 389 617 0 0 0 0 193 120 0 65 60 
296 129 121 0 74 99 0 89 64 343 0 54 17 61 58 381 396 532 0 0 0 0 137 120 0 66 60 
296 125 122 0 75 95 0 86 65 339 0 52 18 64 58 390 395 593 0 0 0 0 157 120 0 66 60 
299 124 116 0 74 93 0 83 64 342 0 57 18 70 58 391 426 575 0 0 0 0 150 120 0 65 60 
300 127 120 0 73 96 0 83 63 344 0 58 17 71 60 396 438 643 0 0 0 0 175 120 0 66 60 
300 126 117 0 72 94 0 87 64 340 0 58 19 55 60 411 402 575 0 0 0 0 192 120 0 66 60 
298 127 118 0 72 86 0 83 65 343 0 55 19 76 57 374 448 641 0 0 0 0 202 120 0 67 60 
302 126 119 0 72 77 0 85 63 337 0 56 20 80 57 365 400 627 0 0 0 0 225 120 0 66 60 
298 128 118 0 72 76 0 89 63 327 0 56 18 77 60 370 454 590 0 0 0 0 196 120 0 66 60 
296 127 119 0 73 75 0 89 63 328 0 54 19 59 59 348 422 613 0 0 0 0 197 120 0 65 60 
297 133 117 0 73 75 0 89 62 337 0 59 20 42 59 393 410 577 0 0 0 0 134 120 0 65 60 
296 126 120 0 74 76 0 88 61 341 0 61 19 44 58 375 442 548 0 0 0 0 151 120 0 66 60 
296 127 115 0 74 78 0 93 62 336 0 61 18 63 57 383 439 513 0 0 0 0 184 120 0 65 60 
298 126 112 0 75 82 0 85 63 334 0 57 19 72 59 416 425 615 0 0 0 0 128 120 0 65 60 
297 132 113 0 75 79 0 82 63 336 0 53 18 67 60 362 451 660 0 0 0 0 189 120 0 66 60 
292 132 110 0 75 79 0 88 64 342 0 50 18 63 62 375 425 595 0 0 0 0 183 120 0 65 60 
292 127 119 0 74 82 0 84 63 342 0 45 18 78 61 428 438 679 0 0 0 0 145 120 0 65 60 
293 126 119 0 74 81 0 84 64 336 0 43 18 69 59 414 424 610 0 0 0 0 162 120 0 65 60 
292 122 116 0 73 79 0 86 64 336 0 46 18 67 59 375 382 554 0 0 0 0 190 120 0 65 60 
295 126 116 0 72 75 0 92 63 333 0 50 19 64 58 388 417 575 0 0 0 0 143 120 0 65 60 
294 131 111 0 71 72 0 85 63 340 0 50 20 71 60 358 413 644 0 0 0 0 190 120 0 65 60 
296 126 115 0 71 80 0 85 63 341 0 47 20 65 57 385 401 712 0 0 0 0 187 120 0 64 60 
296 126 115 0 73 77 0 89 64 334 0 45 20 83 59 393 379 702 0 0 0 0 122 120 0 65 60 
296 127 115 0 73 81 0 83 64 330 0 42 19 78 59 345 403 660 0 0 0 0 139 120 0 65 60 
300 129 119 0 74 83 0 85 64 338 0 39 18 66 58 376 441 617 0 0 0 0 148 120 0 65 60 
302 126 115 0 74 80 0 85 63 347 0 36 19 62 58 398 415 669 0 0 0 0 124 120 0 65 60 
291 131 116 0 74 80 0 86 62 345 0 34 19 90 59 401 422 613 0 0 0 0 171 120 0 65 60 
294 128 115 0 74 83 0 84 63 337 0 35 19 89 58 412 444 602 0 0 0 0 184 120 0 66 60 
297 121 119 0 72 82 0 82 63 337 0 31 19 65 61 401 445 643 0 0 0 0 148 120 0 65 60 
298 124 113 0 71 83 0 91 64 336 0 35 19 46 60 368 441 687 0 0 0 0 165 120 0 66 60 
296 126 113 0 71 86 0 92 63 341 0 34 19 74 60 417 390 626 0 0 0 0 173 120 0 65 60 
296 125 116 0 71 87 0 87 64 338 0 35 20 78 59 398 408 601 0 0 0 0 203 120 0 65 60 
294 120 116 0 71 89 0 91 64 343 0 30 18 83 55 398 417 688 0 0 0 0 187 120 0 66 60 
297 123 115 0 73 85 0 90 63 342 0 33 19 69 58 380 462 639 0 0 0 0 190 120 0 65 60 
295 126 115 0 74 89 0 85 64 341 0 33 19 51 58 408 416 664 0 0 0 0 155 120 0 65 60 
298 125 115 0 75 96 0 84 64 344 0 30 20 66 60 409 387 659 0 0 0 0 152 120 0 66 60 
296 125 117 0 76 94 0 82 64 335 0 29 19 71 61 402 408 674 0 0 0 0 167 120 0 65 60 
299 123 115 0 76 90 0 86 63 328 0 30 19 76 62 372 399 585 0 0 0 0 188 120 0 66 60 
299 128 111 0 76 84 0 81 63 333 0 30 19 64 62 389 475 639 0 0 0 0 183 120 0 66 60 
298 124 117 0 75 85 0 88 63 341 0 33 18 67 59 384 433 682 0 0 0 0 160 120 0 66 60 
297 123 116 0 75 85 0 84 63 344 0 34 19 61 56 355 422 642 0 0 0 0 165 120 0 66 60 
295 126 118 0 73 88 0 87 63 336 0 31 20 61 59 395 393 687 0 0 0 0 175 120 0 66 60 
299 128 114 0 71 99 0 94 63 337 0 32 19 64 58 369 415 600 0 0 0 0 147 120 0 67 60 
290 127 113 0 71 105 0 89 65 339 0 34 19 70 59 408 472 620 0 0 0 0 187 120 0 67 60 
292 126 112 0 70 94 0 85 64 344 0 35 20 71 58 398 420 547 0 0 0 0 144 120 0 68 60 
292 126 115 0 70 89 0 82 65 339 0 30 18 57 59 379 428 622 0 0 0 0 153 120 0 68 60 
294 126 115 0 71 90 0 88 64 336 0 29 19 75 59 374 442 554 0 0 0 0 173 120 0 68 60 
295 126 116 0 72 97 0 85 63 332 0 31 18 81 59 390 421 617 0 0 0 0 175 120 0 67 60 
295 126 118 0 73 92 0 86 63 334 0 29 18 77 60 333 406 627 0 0 0 0 183 120 0 67 60 
293 129 116 0 74 86 0 90 64 342 0 31 19 56 60 389 390 602 0 0 0 0 135 120 0 67 60 
296 132 117 0 73 83 0 85 64 341 0 32 19 43 59 415 432 566 0 0 0 0 184 120 0 67 60 
292 124 114 0 74 80 0 87 63 334 0 29 19 46 60 373 413 562 0 0 0 0 218 120 0 67 60 
298 131 113 0 75 77 0 91 63 336 0 27 19 63 59 402 465 632 0 0 0 0 224 120 0 67 60 
294 127 113 0 75 78 0 89 63 345 0 26 18 71 60 388 389 614 0 0 0 0 199 120 0 68 60 
298 131 116 0 76 84 0 86 63 349 0 28 18 67 59 375 416 554 0 0 0 0 115 120 0 68 60 
290 129 117 0 78 90 0 85 64 342 0 28 18 64 60 319 446 567 0 0 0 0 198 120 0 67 60 
301 127 117 0 79 93 0 87 65 338 0 28 17 77 60 380 392 570 0 0 0 0 161 120 0 67 60 
295 124 115 0 80 93 0 86 64 337 0 29 19 69 63 404 385 607 0 0 0 0 146 120 0 67 60 
297 131 119 0 80 90 0 85 64 341 0 30 19 69 65 391 416 541 0 0 0 0 187 120 0 67 60 
295 127 115 0 79 84 0 89 64 341 0 26 19 63 70 417 414 608 0 0 0 0 173 120 0 68 60 
296 127 111 0 77 81 0 91 63 341 0 31 19 73 56 392 398 568 0 0 0 0 171 120 0 68 60 
295 127 113 0 76 85 0 90 63 346 0 31 19 65 57 351 450 566 0 0 0 0 173 120 0 68 60 
299 132 120 0 74 95 0 88 62 341 0 29 17 81 58 401 438 482 0 0 0 0 217 120 0 67 60 
299 137 116 0 73 95 0 87 63 338 0 29 17 77 58 398 425 574 0 0 0 0 170 120 0 67 60 
298 122 115 0 73 92 0 87 63 337 0 29 18 65 59 367 436 635 0 0 0 0 130 120 0 66 60 
296 127 112 0 73 87 0 83 64 332 0 28 18 62 58 404 446 553 0 0 0 0 125 120 0 66 60 
300 127 114 0 73 79 0 88 64 324 0 30 20 88 58 413 395 568 0 0 0 0 158 120 0 65 60 
296 133 110 0 73 74 0 83 64 333 0 33 18 88 57 396 407 568 0 0 0 0 206 120 0 65 60 
304 131 116 0 73 75 0 87 64 341 0 32 20 65 59 412 451 462 0 0 0 0 154 120 0 65 60 
292 130 116 0 74 78 0 88 62 339 0 29 18 45 60 393 404 558 0 0 0 0 166 120 0 66 60 
296 128 113 0 73 87 0 84 63 332 0 34 18 75 62 405 408 591 0 0 0 0 168 120 0 65 60 
295 130 117 0 74 94 0 88 62 333 0 35 20 79 61 373 393 596 0 0 0 0 128 120 0 66 60 
292 121 115 0 74 100 0 87 63 337 0 36 20 79 61 376 452 659 0 0 0 0 173 120 0 65 60 
296 124 117 0 75 104 0 91 63 340 0 36 19 67 59 397 400 613 0 0 0 0 168 120 0 65 60 
298 129 114 0 75 95 0 87 63 337 0 35 19 50 58 371 423 563 0 0 0 0 170 120 0 66 60 
293 128 115 0 76 84 0 84 63 335 0 36 18 66 59 377 447 537 0 0 0 0 131 120 0 65 60 
298 129 117 0 77 76 0 90 64 337 0 33 18 70 59 427 430 563 0 0 0 0 162 120 0 65 60 
296 123 120 0 76 82 0 84 64 336 0 33 19 78 58 340 436 629 0 0 0 0 186 120 0 65 60 
293 123 120 0 77 88 0 87 65 343 0 38 17 66 58 360 462 585 0 0 0 0 168 120 0 65 60 
292 120 117 0 76 88 0 82 65 341 0 42 19 65 59 388 390 641 0 0 0 0 182 120 0 65 60 
296 119 118 0 76 90 0 83 64 335 0 39 18 59 59 395 385 565 0 0 0 0 193 120 0 65 60 
294 124 116 0 74 87 0 91 63 339 0 42 19 62 59 390 442 615 0 0 0 0 188 120 0 65 60 
298 129 118 0 73 79 0 87 62 345 0 37 18 64 59 367 431 599 0 0 0 0 150 120 0 66 60 
295 125 119 0 73 70 0 90 62 349 0 39 18 70 59 393 454 572 0 0 0 0 190 120 0 65 60 
292 121 121 0 71 68 0 87 63 339 0 40 19 71 58 361 435 701 0 0 0 0 134 120 0 65 60 
298 121 118 0 71 71 0 83 63 337 0 41 18 56 59 377 396 639 0 0 0 0 163 120 0 66 60 
302 130 120 0 72 71 0 81 64 340 0 40 18 75 58 352 400 601 0 0 0 0 184 120 0 67 60 
296 126 118 0 73 78 0 85 65 340 0 37 19 80 60 406 437 618 0 0 0 0 182 120 0 67 60 
298 123 119 0 73 86 0 88 63 338 0 33 18 78 57 399 434 600 0 0 0 0 162 120 0 67 60 
296 129 107 0 74 91 0 86 64 336 0 31 20 55 58 382 414 615 0 0 0 0 116 120 0 67 60 
293 129 113 0 75 91 0 90 64 342 0 36 18 41 59 481 428 602 0 0 0 0 154 120 0 67 60 
301 128 123 0 75 83 0 89 63 341 0 37 20 49 57 406 467 687 0 0 0 0 188 120 0 67 60 
298 127 120 0 75 80 0 87 65 339 0 43 19 63 59 377 427 622 0 0 0 0 204 120 0 67 60 
297 128 121 0 74 77 0 86 64 344 0 46 18 70 61 351 433 607 0 0 0 0 165 120 0 67 60 
299 124 120 0 73 75 0 88 64 330 0 49 19 66 60 374 460 576 0 0 0 0 200 120 0 67 60 
297 125 118 0 73 73 0 86 64 329 0 49 20 63 63 378 436 622 0 0 0 0 135 120 0 67 60 
295 123 121 0 73 75 0 82 63 341 0 46 18 78 60 397 428 660 0 0 0 0 155 120 0 67 60 
298 130 118 0 73 80 0 84 63 347 0 39 20 68 59 382 395 660 0 0 0 0 190 120 0 67 60 
299 126 122 0 75 78 0 89 62 340 0 30 20 69 57 371 446 585 0 0 0 0 159 120 0 67 60 
300 127 118 0 75 78 0 86 63 336 0 30 19 62 56 358 404 623 0 0 0 0 193 120 0 66 60 
296 130 121 0 75 79 0 87 62 337 0 29 17 71 58 378 403 617 0 0 0 0 170 120 0 65 60 
297 130 122 0 75 88 0 94 64 341 0 28 19 68 59 385 424 489 0 0 0 0 185 120 0 65 60 
293 130 120 0 75 88 0 86 63 341 0 30 18 81 60 364 442 614 0 0 0 0 199 120 0 65 60 
295 135 117 0 74 89 0 85 65 338 0 28 20 76 61 374 425 602 0 0 0 0 129 120 0 65 60 
296 125 110 0 74 85 0 89 63 332 0 28 20 64 59 411 407 684 0 0 0 0 190 120 0 66 60 
299 125 113 0 73 86 0 86 64 335 0 28 19 62 58 349 368 569 0 0 0 0 149 120 0 67 60 
294 124 114 0 72 83 0 83 65 336 0 28 20 88 58 348 427 589 0 0 0 0 156 120 0 68 60 
296 129 116 0 72 79 0 88 63 344 0 27 19 86 61 366 377 603 0 0 0 0 124 120 0 67 60 
298 126 118 0 72 75 0 89 63 338 0 27 19 64 59 391 503 528 0 0 0 0 171 120 0 68 60 
290 129 117 0 72 84 0 82 63 332 0 28 19 45 60 393 450 629 0 0 0 0 153 120 0 68 60 
296 132 115 0 72 85 0 88 64 335 0 30 20 76 59 383 397 592 0 0 0 0 156 120 0 68 60 
298 124 114 0 73 84 0 87 63 342 0 27 21 82 60 367 449 647 0 0 0 0 156 120 0 67 60 
287 124 115 0 73 86 0 87 64 345 0 27 20 81 59 368 401 476 0 0 0 0 135 120 0 66 60 
292 125 115 0 73 86 0 85 63 339 0 28 21 66 58 368 411 632 0 0 0 0 187 120 0 66 60 
297 128 114 0 73 88 0 90 63 334 0 27 21 52 59 390 372 592 0 0 0 0 197 120 0 65 60 
299 131 118 0 73 84 0 91 64 338 0 27 20 68 58 388 392 568 0 0 0 0 154 120 0 66 60 
294 129 118 0 73 86 0 84 63 339 0 28 19 69 58 359 436 572 0 0 0 0 172 120 0 67 60 
299 129 115 0 74 88 0 87 65 337 0 27 19 77 58 369 415 532 0 0 0 0 146 120 0 67 60 
294 128 117 0 73 86 0 89 63 340 0 29 20 66 59 391 459 623 0 0 0 0 224 120 0 67 60 
294 126 115 0 76 81 0 86 64 342 0 31 21 66 57 416 406 510 0 0 0 0 134 120 0 68 60 
297 124 115 0 77 86 0 86 64 343 0 33 22 59 59 379 394 610 0 0 0 0 151 120 0 68 60 
293 127 113 0 78 85 0 94 63 344 0 33 20 64 59 407 420 631 0 0 0 0 198 120 0 68 60 
296 127 117 0 78 88 0 92 65 344 0 35 20 65 59 374 430 588 0 0 0 0 222 120 0 67 60 
296 132 118 0 79 91 0 94 64 330 0 37 18 70 59 387 429 632 0 0 0 0 195 120 0 67 60 
294 128 117 0 79 95 0 88 64 331 0 35 19 71 60 342 399 591 0 0 0 0 160 120 0 67 60 
299 128 116 0 78 93 0 93 63 340 0 33 19 58 62 379 410 591 0 0 0 0 175 120 0 66 60 
298 122 117 0 78 85 0 84 62 344 0 34 19 77 67 365 397 554 0 0 0 0 163 120 0 66 60 
295 120 112 0 77 85 0 84 61 338 0 31 19 80 62 415 419 583 0 0 0 0 159 120 0 67 60 
298 124 117 0 76 86 0 84 63 337 0 31 20 77 60 361 433 640 0 0 0 0 187 120 0 67 60 
297 128 119 0 76 86 0 82 63 336 0 30 19 53 58 355 398 728 0 0 0 0 138 120 0 67 60 
293 129 119 0 76 87 0 83 64 339 0 30 18 41 59 418 457 624 0 0 0 0 141 120 0 68 60 
298 128 116 0 75 88 0 81 64 340 0 33 17 49 58 316 441 589 0 0 0 0 170 120 0 68 60 
294 128 116 0 75 90 0 83 63 337 0 31 18 65 59 387 436 571 0 0 0 0 185 120 0 67 60 
295 128 118 0 75 90 0 88 63 332 0 31 18 68 60 338 414 613 0 0 0 0 176 120 0 67 60 
294 124 114 0 74 87 0 86 63 334 0 30 20 68 59 367 399 663 0 0 0 0 138 120 0 66 60 
294 126 114 0 72 86 0 90 64 337 0 28 20 65 59 371 413 609 0 0 0 0 170 120 0 67 60 
293 127 116 0 72 92 0 89 64 342 0 27 20 75 60 363 453 665 0 0 0 0 175 120 0 67 60 
291 130 119 0 72 95 0 81 64 336 0 29 20 67 60 386 380 616 0 0 0 0 175 120 0 66 60 
298 130 120 0 72 98 0 84 63 332 0 28 19 70 57 409 414 606 0 0 0 0 172 120 0 66 60 
293 128 116 0 73 99 0 83 64 341 0 29 19 62 59 418 432 633 0 0 0 0 147 120 0 66 60 
298 126 117 0 74 95 0 89 63 348 0 29 18 71 59 374 409 693 0 0 0 0 155 120 0 66 60 
292 128 116 0 74 87 0 86 63 349 0 27 20 69 58 371 442 581 0 0 0 0 171 120 0 66 60 
292 128 117 0 74 88 0 87 63 339 0 25 19 84 59 409 432 676 0 0 0 0 202 120 0 66 60 
296 121 117 0 76 86 0 87 63 339 0 24 20 74 60 379 453 653 0 0 0 0 201 120 0 65 60 
298 130 115 0 75 93 0 84 64 340 0 28 19 63 59 384 397 588 0 0 0 0 157 120 0 65 60 
299 126 117 0 75 89 0 89 63 339 0 27 19 65 59 411 429 608 0 0 0 0 177 120 0 65 60 
299 135 114 0 74 85 0 85 63 339 0 27 18 89 59 354 441 614 0 0 0 0 176 120 0 66 60 
296 122 119 0 74 84 0 85 63 341 0 26 18 86 60 387 443 667 0 0 0 0 162 120 0 66 60 
296 125 117 0 73 82 0 86 64 345 0 27 20 63 58 383 422 615 0 0 0 0 146 120 0 65 60 
295 125 118 0 73 79 0 88 63 345 0 28 19 46 59 386 471 644 0 0 0 0 221 120 0 66 60 
298 129 113 0 72 73 0 86 63 349 0 28 20 77 59 362 430 620 0 0 0 0 131 120 0 65 60 
295 125 112 0 72 74 0 85 63 341 0 25 18 82 58 369 364 513 0 0 0 0 173 120 0 66 60 
295 127 116 0 73 75 0 90 63 326 0 28 20 84 60 410 399 588 0 0 0 0 152 120 0 66 60 
296 127 113 0 73 71 0 89 63 326 0 25 19 62 59 398 445 683 0 0 0 0 158 120 0 66 60 
294 129 117 0 73 66 0 86 64 338 0 26 19 52 59 396 411 565 0 0 0 0 146 120 0 66 60 
298 121 114 0 74 67 0 87 64 340 0 28 18 69 60 381 441 617 0 0 0 0 229 120 0 66 60 
297 125 112 0 74 72 0 90 62 337 0 27 20 69 57 375 436 632 0 0 0 0 145 120 0 67 60 
295 132 111 0 73 70 0 88 61 334 0 27 19 76 58 328 418 581 0 0 0 0 186 120 0 67 60 
297 126 113 0 72 72 0 85 61 336 0 28 21 66 60 362 417 543 0 0 0 0 148 120 0 66 60 
294 121 114 0 71 78 0 81 64 341 0 27 19 65 59 461 467 530 0 0 0 0 193 120 0 66 60 
295 126 114 0 71 83 0 84 61 341 0 27 18 58 61 379 424 599 0 0 0 0 165 120 0 67 60 
292 122 118 0 72 87 0 84 64 336 0 25 18 64 62 339 420 591 0 0 0 0 170 120 0 67 60 
294 132 115 0 72 85 0 88 63 332 0 26 19 65 60 363 427 637 0 0 0 0 173 120 0 67 60 
295 128 113 0 72 88 0 92 63 332 0 28 19 70 55 376 476 557 0 0 0 0 180 120 0 67 60 
296 126 115 0 72 85 0 86 64 336 0 26 18 70 58 378 405 515 0 0 0 0 149 120 0 67 60 
292 130 112 0 74 81 0 90 64 342 0 25 19 60 58 356 404 622 0 0 0 0 154 120 0 67 60 
291 130 117 0 74 87 0 91 65 336 0 28 18 75 60 382 405 566 0 0 0 0 161 120 0 67 60 
296 121 115 0 76 90 0 89 64 332 0 28 20 78 60 415 411 580 0 0 0 0 152 120 0 67 60 
295 128 118 0 76 90 0 87 64 340 0 28 18 78 62 378 479 580 0 0 0 0 148 120 0 66 60 
296 130 115 0 75 87 0 86 63 345 0 28 19 55 62 387 418 535 0 0 0 0 207 120 0 65 60 
290 125 116 0 75 88 0 87 62 345 0 27 20 40 60 391 430 566 0 0 0 0 164 120 0 65 60 
297 131 117 0 74 86 0 85 64 336 0 30 19 47 57 347 418 581 0 0 0 0 220 120 0 66 60 
298 120 115 0 73 88 0 86 64 334 0 28 18 64 57 386 453 613 0 0 0 0 159 120 0 65 60 
292 124 117 0 72 88 0 87 65 338 0 28 19 68 61 418 420 636 0 0 0 0 182 120 0 66 60 
300 120 118 0 71 85 0 88 63 339 0 29 19 66 59 354 399 538 0 0 0 0 166 120 0 66 60 
296 125 118 0 70 83 0 83 64 341 0 28 19 66 59 372 458 540 0 0 0 0 138 120 0 67 60 
295 130 121 0 71 80 0 90 63 341 0 30 17 77 60 411 381 572 0 0 0 0 174 120 0 67 60 
302 127 116 0 72 72 0 88 63 345 0 28 19 67 60 361 378 613 0 0 0 0 164 120 0 67 60 
300 128 114 0 71 77 0 78 64 341 0 28 19 71 58 375 418 649 0 0 0 0 166 120 0 67 60 
299 124 116 0 73 83 0 84 65 343 0 29 18 63 60 318 396 595 0 0 0 0 202 120 0 66 60 
296 124 109 0 74 83 0 85 65 338 0 28 20 69 59 348 385 636 0 0 0 0 162 120 0 65 60 
301 126 119 0 74 85 0 90 64 330 0 26 18 68 59 431 449 621 0 0 0 0 188 120 0 65 60 
297 125 118 0 74 93 0 87 65 332 0 25 19 83 60 351 467 703 0 0 0 0 170 120 0 65 60 
299 125 120 0 76 94 0 87 64 343 0 27 18 75 59 379 440 586 0 0 0 0 194 120 0 65 60 
294 129 117 0 77 92 0 89 63 342 0 30 19 65 58 370 394 651 0 0 0 0 131 120 0 65 60 
296 128 114 0 78 91 0 88 64 337 0 27 18 65 60 378 440 603 0 0 0 0 178 120 0 65 60 
296 124 119 0 79 86 0 85 63 334 0 27 18 88 59 396 423 692 0 0 0 0 146 120 0 65 60 
291 130 115 0 80 85 0 86 63 337 0 28 18 86 59 375 438 683 0 0 0 0 173 120 0 65 60 
296 127 118 0 79 85 0 83 62 343 0 26 20 66 60 411 430 662 0 0 0 0 163 120 0 66 60 
294 125 120 0 79 89 0 83 63 341 0 28 19 46 59 387 457 693 0 0 0 0 150 120 0 67 60 
297 123 117 0 77 92 0 90 63 335 0 28 19 73 58 392 377 620 0 0 0 0 159 120 0 68 60 
298 119 117 0 75 86 0 91 63 332 0 29 18 82 60 435 417 674 0 0 0 0 193 120 0 67 60 
298 128 116 0 74 87 0 85 64 334 0 26 18 84 59 388 370 680 0 0 0 0 195 120 0 67 60 
297 127 122 0 73 87 0 86 64 337 0 27 19 66 60 394 413 688 0 0 0 0 190 120 0 68 60 
291 136 117 0 73 91 0 88 64 343 0 29 19 51 60 388 434 618 0 0 0 0 171 120 0 68 60 
294 127 112 0 72 90 0 87 64 337 0 27 19 69 59 350 389 657 0 0 0 0 166 120 0 68 60 
294 123 116 0 73 88 0 87 64 333 0 26 19 69 58 376 401 706 0 0 0 0 214 120 0 67 60 
297 132 109 0 71 85 0 85 63 345 0 27 21 74 58 422 479 647 0 0 0 0 153 120 0 67 60 
294 123 120 0 73 82 0 85 63 351 0 27 18 66 60 374 446 699 0 0 0 0 193 120 0 66 60 
293 127 117 0 73 82 0 89 63 347 0 27 19 68 59 372 377 593 0 0 0 0 197 120 0 66 60 
296 123 118 0 73 86 0 84 63 340 0 27 19 57 58 351 374 671 0 0 0 0 152 120 0 65 60 
296 127 113 0 72 89 0 85 63 341 0 27 18 62 61 370 401 591 0 0 0 0 142 120 0 65 60 
295 131 113 0 73 90 0 85 64 344 0 27 18 66 61 371 484 562 0 0 0 0 183 120 0 66 60 
299 132 116 0 74 82 0 92 64 344 0 26 19 68 60 385 416 694 0 0 0 0 159 120 0 65 60 
294 129 116 0 73 78 0 92 63 341 0 27 19 70 61 362 425 654 0 0 0 0 212 120 0 66 60 
295 130 117 0 75 76 0 83 63 342 0 27 19 58 59 389 426 615 0 0 0 0 151 120 0 65 60 
294 124 117 0 76 76 0 88 63 339 0 28 18 75 60 389 421 617 0 0 0 0 143 120 0 66 60 
297 123 114 0 76 77 0 85 63 334 0 27 19 75 61 357 423 641 0 0 0 0 140 120 0 66 60 
295 122 116 0 77 80 0 88 64 331 0 28 19 78 60 376 450 543 0 0 0 0 200 120 0 66 60 
302 126 116 0 76 84 0 84 64 334 0 28 20 57 60 384 422 605 0 0 0 0 248 120 0 65 60 
296 129 113 0 76 85 0 87 65 315 0 29 20 39 59 390 430 609 0 0 0 0 158 120 0 65 60 
297 127 117 0 75 83 0 84 65 331 0 26 20 46 59 348 404 624 0 0 0 0 153 120 0 66 60 
298 133 117 0 74 82 0 84 63 343 0 26 19 65 59 390 435 568 0 0 0 0 180 120 0 65 60 
294 126 118 0 73 84 0 92 62 337 0 26 20 69 58 413 410 642 0 0 0 0 171 120 0 65 60 
297 125 118 0 71 86 0 91 63 331 0 26 19 66 59 383 425 606 0 0 0 0 159 120 0 65 60 
300 132 115 0 72 89 0 91 63 324 0 28 18 65 61 407 388 566 0 0 0 0 217 120 0 65 60 
295 124 115 0 72 91 0 90 64 338 0 27 18 76 57 382 406 593 0 0 0 0 135 120 0 65 60 
292 126 118 0 73 98 0 91 63 344 0 27 19 66 60 370 407 574 0 0 0 0 111 120 0 66 60 
295 132 115 0 74 94 0 85 65 342 0 28 20 69 59 406 458 598 0 0 0 0 169 120 0 66 60 
295 127 118 0 74 91 0 80 63 340 0 26 20 64 58 390 422 568 0 0 0 0 179 120 0 65 60 
293 130 116 0 75 86 0 84 63 336 0 25 20 68 60 367 435 620 0 0 0 0 156 120 0 65 60 
298 122 120 0 75 91 0 88 63 337 0 27 22 66 58 425 395 627 0 0 0 0 151 120 0 65 60 
287 126 116 0 75 89 0 82 64 342 0 26 21 85 57 380 410 542 0 0 0 0 152 120 0 65 60 
295 133 115 0 74 87 0 83 64 343 0 28 20 75 57 368 427 557 0 0 0 0 216 120 0 65 60 
297 128 116 0 74 80 0 91 63 338 0 26 19 63 60 387 414 549 0 0 0 0 154 120 0 66 60 
296 135 116 0 74 79 0 88 64 330 0 26 19 64 59 411 405 560 0 0 0 0 122 120 0 65 60 
296 130 117 0 74 77 0 94 63 343 0 28 19 91 61 392 464 581 0 0 0 0 229 120 0 65 60 
294 121 117 0 74 74 0 85 62 345 0 26 18 84 62 348 465 643 0 0 0 0 186 120 0 66 60 
296 123 120 0 74 73 0 84 63 344 0 26 19 64 58 409 429 585 0 0 0 0 185 120 0 65 60 
301 124 113 0 75 78 0 85 64 339 0 30 19 48 58 390 410 592 0 0 0 0 158 120 0 65 60 
298 128 117 0 75 83 0 85 63 338 0 26 19 75 56 345 442 626 0 0 0 0 124 120 0 65 60 
297 123 118 0 74 86 0 87 63 339 0 28 18 81 58 345 435 590 0 0 0 0 159 120 0 65 60 
296 133 116 0 74 88 0 85 64 338 0 26 19 87 59 399 392 635 0 0 0 0 211 120 0 66 60 
296 122 116 0 74 86 0 92 63 336 0 28 20 62 61 397 427 576 0 0 0 0 155 120 0 66 60 
296 131 117 0 73 83 0 83 63 342 0 28 19 52 62 372 353 613 0 0 0 0 144 120 0 65 60 
299 132 116 0 73 77 0 88 63 346 0 24 19 70 60 376 408 611 0 0 0 0 154 120 0 65 60 
298 128 119 0 73 78 0 85 63 345 0 27 20 71 60 386 451 666 0 0 0 0 154 120 0 66 60 
297 129 113 0 72 81 0 86 63 341 0 27 19 73 57 386 418 635 0 0 0 0 122 120 0 66 60 
299 127 115 0 72 83 0 89 63 341 0 29 19 65 59 361 461 613 0 0 0 0 167 120 0 66 60 
298 136 118 0 73 88 0 82 63 329 0 30 20 66 59 376 450 638 0 0 0 0 185 120 0 67 60 
296 124 120 0 73 94 0 89 64 330 0 31 19 56 59 371 416 587 0 0 0 0 172 120 0 69 60 
298 130 114 0 73 95 0 86 63 342 0 30 19 63 59 421 459 630 0 0 0 0 202 120 0 69 60 
297 127 114 0 72 92 0 86 64 345 0 33 20 67 59 352 458 595 0 0 0 0 174 120 0 69 60 
300 127 116 0 73 90 0 89 64 339 0 30 21 71 58 416 419 689 0 0 0 0 179 120 0 69 60 
297 125 115 0 73 88 0 91 64 335 0 31 20 65 59 420 418 611 0 0 0 0 167 120 0 69 60 
293 133 115 0 72 96 0 91 63 337 0 29 19 61 58 433 455 619 0 0 0 0 184 120 0 69 60 
296 127 115 0 73 84 0 85 63 343 0 27 19 80 59 388 430 656 0 0 0 0 171 120 0 68 60 
297 126 114 0 74 79 0 90 63 340 0 29 20 79 59 426 432 682 0 0 0 0 171 120 0 68 60 
292 123 110 0 75 75 0 87 63 335 0 27 20 74 58 409 437 653 0 0 0 0 164 120 0 67 60 
295 131 120 0 75 77 0 84 62 332 0 28 20 52 59 370 403 601 0 0 0 0 157 120 0 67 60 
294 127 119 0 76 77 0 83 62 331 0 29 19 41 59 375 413 627 0 0 0 0 196 120 0 67 60 
293 127 119 0 77 82 0 85 64 338 0 27 20 50 59 343 442 542 0 0 0 0 174 120 0 68 60 
295 126 113 0 79 87 0 84 64 340 0 29 18 69 61 419 461 582 0 0 0 0 146 120 0 68 60 
291 130 113 0 79 86 0 86 64 336 0 27 18 67 60 374 353 661 0 0 0 0 158 120 0 68 60 
297 126 113 0 79 82 0 85 65 330 0 27 18 63 59 411 442 599 0 0 0 0 197 120 0 68 60 
299 130 116 0 78 83 0 90 65 342 0 29 19 66 58 375 429 675 0 0 0 0 158 120 0 69 60 
294 121 121 0 78 88 0 88 63 348 0 27 20 75 58 374 445 588 0 0 0 0 141 120 0 69 60 
294 124 118 0 77 86 0 89 62 345 0 28 21 64 57 401 406 653 0 0 0 0 201 120 0 67 60 
293 129 120 0 75 84 0 88 63 337 0 26 21 69 59 399 443 512 0 0 0 0 160 120 0 67 60 
298 128 115 0 76 82 0 88 63 336 0 28 20 64 59 355 394 603 0 0 0 0 186 120 0 66 60 
298 130 116 0 75 84 0 88 64 338 0 28 20 67 58 397 451 580 0 0 0 0 167 120 0 66 60 
299 127 118 0 75 83 0 85 63 341 0 28 19 71 59 382 468 579 0 0 0 0 166 120 0 66 60 
295 127 119 0 75 84 0 85 63 340 0 34 20 84 58 367 457 604 0 0 0 0 168 120 0 66 60 
296 124 117 0 74 84 0 85 63 343 0 31 18 70 59 376 498 641 0 0 0 0 202 120 0 66 60 
299 124 119 0 73 82 0 85 64 343 0 30 19 57 59 377 393 579 0 0 0 0 211 120 0 65 60 
296 126 120 0 72 75 0 93 65 344 0 28 20 67 57 410 410 594 0 0 0 0 178 120 0 66 60 
301 132 118 0 72 79 0 83 65 341 0 28 21 94 59 405 404 558 0 0 0 0 154 120 0 66 60 
294 128 116 0 72 87 0 85 64 341 0 28 19 73 62 417 433 583 0 0 0 0 172 120 0 67 60 
297 132 119 0 72 89 0 86 64 331 0 29 19 61 61 390 416 595 0 0 0 0 161 120 0 67 60 
293 127 118 0 72 88 0 80 64 331 0 27 20 54 59 367 421 536 0 0 0 0 165 120 0 69 60 
296 121 111 0 73 85 0 85 63 341 0 28 19 79 59 393 440 603 0 0 0 0 161 120 0 69 60 
297 126 119 0 73 87 0 86 63 345 0 27 18 78 59 367 440 578 0 0 0 0 176 120 0 69 60 
296 125 120 0 74 84 0 95 63 340 0 27 20 82 59 398 399 561 0 0 0 0 142 120 0 68 60 
297 127 119 0 74 77 0 87 63 334 0 27 20 54 61 355 420 570 0 0 0 0 170 120 0 68 60 
295 130 121 0 73 77 0 86 64 334 0 29 20 58 61 386 439 595 0 0 0 0 167 120 0 67 60 
298 126 117 0 74 85 0 85 62 342 0 29 19 70 57 431 411 549 0 0 0 0 195 120 0 67 60 
294 121 119 0 74 88 0 89 63 339 0 29 18 76 59 405 437 516 0 0 0 0 189 120 0 66 60 
296 121 117 0 73 86 0 89 62 337 0 28 19 68 60 409 459 585 0 0 0 0 154 120 0 67 60 
296 122 119 0 73 83 0 83 63 337 0 29 19 68 58 389 402 602 0 0 0 0 173 120 0 67 60 
294 125 118 0 72 81 0 84 64 333 0 29 20 61 59 388 430 642 0 0 0 0 147 120 0 67 60 
295 133 117 0 73 79 0 85 64 339 0 29 18 58 59 359 382 595 0 0 0 0 144 120 0 68 60 
294 131 117 0 72 76 0 85 65 340 0 25 20 64 58 405 414 570 0 0 0 0 194 120 0 67 60 
295 127 116 0 73 81 0 87 65 335 0 27 19 67 59 358 487 617 0 0 0 0 147 120 0 68 60 
298 128 121 0 72 91 0 86 64 332 0 26 19 73 60 388 426 551 0 0 0 0 168 120 0 68 60 
302 128 117 0 74 90 0 87 63 337 0 28 20 59 60 400 401 611 0 0 0 0 184 120 0 67 60 
291 125 115 0 74 85 0 91 63 347 0 31 20 69 58 376 387 570 0 0 0 0 139 120 0 68 60 
295 137 113 0 74 82 0 88 63 349 0 32 21 83 59 361 422 681 0 0 0 0 190 120 0 67 60 
300 118 113 0 74 84 0 92 63 341 0 33 20 79 58 385 420 593 0 0 0 0 129 120 0 67 60 
295 128 119 0 72 80 0 84 63 337 0 32 19 66 57 399 447 632 0 0 0 0 178 120 0 67 60 
300 127 118 0 72 80 0 85 64 340 0 32 20 42 60 354 424 554 0 0 0 0 155 120 0 66 60 
295 128 118 0 71 83 0 88 63 340 0 30 19 42 63 381 415 608 0 0 0 0 150 120 0 66 60 
297 132 112 0 71 87 0 83 63 336 0 32 19 58 64 399 444 641 0 0 0 0 212 120 0 66 60 
298 126 111 0 72 84 0 88 63 340 0 33 20 73 62 375 467 582 0 0 0 0 158 120 0 65 60 
293 129 117 0 73 86 0 86 62 341 0 30 18 68 58 391 405 685 0 0 0 0 159 120 0 66 60 
303 131 117 0 73 88 0 88 63 343 0 29 19 62 58 398 395 571 0 0 0 0 153 120 0 65 60 
298 127 115 0 75 94 0 87 64 341 0 27 18 76 58 383 428 610 0 0 0 0 135 120 0 65 60 
299 123 118 0 75 93 0 87 64 339 0 26 21 70 57 390 404 611 0 0 0 0 180 120 0 65 60 
301 125 116 0 75 90 0 89 64 331 0 27 19 66 58 351 395 602 0 0 0 0 159 120 0 65 60 
296 125 115 0 76 89 0 84 65 325 0 28 19 66 59 357 397 670 0 0 0 0 172 120 0 65 60 
294 129 115 0 74 90 0 88 64 333 0 27 19 70 61 411 382 567 0 0 0 0 129 120 0 65 60 
293 136 115 0 76 85 0 84 64 341 0 29 19 65 61 352 430 624 0 0 0 0 176 120 0 65 60 
297 127 116 0 76 81 0 89 63 336 0 26 20 81 61 390 388 560 0 0 0 0 200 120 0 65 60 
296 128 118 0 74 83 0 86 63 335 0 28 18 81 56 375 445 607 0 0 0 0 162 120 0 66 60 
292 117 117 0 73 88 0 86 64 337 0 28 20 69 58 358 467 636 0 0 0 0 171 120 0 66 60 
296 124 117 0 71 88 0 93 63 342 0 28 20 60 60 368 454 596 0 0 0 0 149 120 0 66 60 
294 125 112 0 71 89 0 90 63 345 0 28 19 85 59 357 432 628 0 0 0 0 184 120 0 66 60 
298 130 117 0 70 89 0 93 62 343 0 29 19 93 60 424 394 553 0 0 0 0 162 120 0 67 60 
295 135 115 0 70 86 0 83 63 337 0 27 18 66 59 405 449 556 0 0 0 0 147 120 0 66 60 
294 130 116 0 71 84 0 89 63 334 0 26 18 50 58 428 451 498 0 0 0 0 206 120 0 67 60 
291 129 119 0 72 83 0 88 64 336 0 27 19 69 60 381 422 612 0 0 0 0 138 120 0 68 60 
297 126 116 0 72 88 0 82 64 342 0 27 17 78 59 401 425 551 0 0 0 0 134 120 0 68 60 
294 132 119 0 74 87 0 82 63 340 0 28 21 80 60 374 417 587 0 0 0 0 152 120 0 69 60 
294 118 111 0 74 85 0 86 63 333 0 25 19 72 60 390 414 556 0 0 0 0 151 120 0 70 60 
299 126 114 0 75 83 0 83 63 336 0 28 18 50 60 370 442 566 0 0 0 0 167 120 0 69 60 
291 130 113 0 77 79 0 80 64 343 0 29 18 64 59 412 454 610 0 0 0 0 176 120 0 70 60 
297 125 113 0 77 79 0 86 63 347 0 28 18 72 58 428 396 489 0 0 0 0 163 120 0 70 60 
296 122 118 0 77 81 0 90 64 340 0 29 19 77 60 362 469 564 0 0 0 0 187 120 0 71 60 
295 122 115 0 79 86 0 88 63 338 0 30 18 64 60 388 413 559 0 0 0 0 242 120 0 70 60 
299 125 116 0 79 88 0 85 64 336 0 31 19 69 58 377 428 630 0 0 0 0 162 120 0 68 60 
299 125 115 0 79 84 0 88 64 342 0 30 19 60 60 391 382 481 0 0 0 0 191 120 0 67 60 
301 124 116 0 77 80 0 87 64 340 0 30 20 61 57 373 421 539 0 0 0 0 211 120 0 67 60 
298 127 117 0 76 80 0 87 63 339 0 32 19 65 59 382 477 554 0 0 0 0 186 120 0 66 60 
299 124 115 0 75 80 0 84 64 342 0 29 19 69 59 374 394 503 0 0 0 0 163 120 0 66 60 
298 130 115 0 74 78 0 89 64 345 0 32 19 72 58 377 412 593 0 0 0 0 199 120 0 67 60 
298 126 114 0 73 80 0 86 64 344 0 31 18 57 59 351 396 522 0 0 0 0 139 120 0 69 60 
296 124 118 0 73 87 0 86 63 344 0 30 18 73 59 365 374 635 0 0 0 0 181 120 0 70 60 
297 127 117 0 73 83 0 91 63 339 0 30 17 79 59 420 428 503 0 0 0 0 119 120 0 71 60 
300 126 114 0 73 83 0 84 63 330 0 29 19 76 58 404 447 584 0 0 0 0 184 120 0 71 60 
295 128 117 0 72 80 0 88 63 334 0 29 19 58 60 426 409 602 0 0 0 0 207 120 0 72 60 
297 125 116 0 71 82 0 85 63 342 0 28 20 43 60 365 401 582 0 0 0 0 170 120 0 72 60 
301 127 118 0 73 81 0 85 64 340 0 28 19 44 59 399 409 601 0 0 0 0 187 120 0 72 60 
297 131 118 0 72 81 0 85 64 336 0 28 19 62 61 350 373 560 0 0 0 0 145 120 0 71 60 
295 122 113 0 73 86 0 87 65 335 0 28 18 71 61 412 416 539 0 0 0 0 148 120 0 70 60 
295 127 115 0 73 94 0 90 64 338 0 28 18 64 61 373 432 505 0 0 0 0 186 120 0 70 60 
296 124 115 0 74 97 0 88 63 342 0 28 18 63 61 431 443 585 0 0 0 0 213 120 0 69 60 
294 123 113 0 75 91 0 92 63 338 0 26 19 77 57 376 427 645 0 0 0 0 152 120 0 68 60 
296 121 114 0 76 87 0 88 63 335 0 28 19 67 59 382 463 626 0 0 0 0 199 120 0 67 60 
295 126 111 0 76 87 0 88 63 330 0 27 19 67 60 361 388 600 0 0 0 0 162 120 0 67 60 
291 124 114 0 76 87 0 87 63 331 0 28 19 66 59 371 439 624 0 0 0 0 181 120 0 68 60 
296 131 118 0 76 86 0 89 63 340 0 30 17 72 61 382 417 581 0 0 0 0 169 120 0 68 60 
292 125 117 0 75 87 0 90 64 340 0 28 19 66 59 382 405 558 0 0 0 0 156 120 0 68 60 
300 126 118 0 74 93 0 83 63 335 0 34 19 85 60 390 450 664 0 0 0 0 179 120 0 68 60 
297 127 116 0 74 96 0 84 64 333 0 30 20 76 58 385 438 595 0 0 0 0 187 120 0 68 60 
295 126 112 0 72 91 0 84 63 337 0 30 20 62 59 392 404 653 0 0 0 0 197 120 0 68 60 
299 125 113 0 73 90 0 84 64 347 0 29 21 64 58 404 435 620 0 0 0 0 160 120 0 68 60 
296 123 116 0 72 92 0 89 62 343 0 29 19 91 59 392 392 668 0 0 0 0 161 120 0 67 60 
299 126 120 0 72 95 0 88 63 338 0 26 19 83 59 417 433 647 0 0 0 0 179 120 0 67 60 
294 127 118 0 73 91 0 90 63 336 0 27 19 62 58 364 421 664 0 0 0 0 135 120 0 66 60 
295 132 119 0 73 91 0 89 63 339 0 26 19 48 60 388 408 717 0 0 0 0 164 120 0 65 60 
296 129 116 0 74 89 0 88 62 340 0 26 18 78 59 365 405 679 0 0 0 0 184 120 0 65 60 
293 130 118 0 75 80 0 87 63 339 0 26 19 78 59 404 411 643 0 0 0 0 182 120 0 66 60 
296 124 115 0 75 76 0 84 63 338 0 29 19 84 60 388 445 607 0 0 0 0 173 120 0 65 60 
296 125 117 0 75 77 0 85 64 341 0 28 18 64 57 363 398 611 0 0 0 0 119 120 0 66 60 
299 127 119 0 74 86 0 88 62 341 0 26 19 51 58 384 421 683 0 0 0 0 175 120 0 65 60 
299 126 120 0 74 87 0 82 64 341 0 26 18 69 58 369 404 693 0 0 0 0 193 120 0 65 60 
301 132 121 0 73 88 0 87 64 337 0 30 19 73 60 325 448 675 0 0 0 0 191 120 0 65 60 
298 130 115 0 73 95 0 89 64 331 0 28 18 76 61 380 449 566 0 0 0 0 168 120 0 65 60 
294 131 119 0 74 92 0 88 63 326 0 28 21 64 59 373 465 697 0 0 0 0 142 120 0 66 60 
299 130 118 0 75 85 0 87 65 341 0 28 21 66 62 371 464 584 0 0 0 0 183 120 0 65 60 
298 127 120 0 75 77 0 83 65 342 0 27 20 60 60 368 408 564 0 0 0 0 150 120 0 65 60 
299 126 116 0 75 79 0 86 63 338 0 27 17 62 57 360 447 662 0 0 0 0 170 120 0 65 60 
300 121 114 0 75 84 0 82 64 335 0 27 18 64 58 357 458 653 0 0 0 0 155 120 0 66 60 
298 124 118 0 75 90 0 87 63 336 0 30 19 73 57 407 415 630 0 0 0 0 167 120 0 66 60 
294 126 120 0 75 96 0 88 63 344 0 31 19 66 61 364 437 600 0 0 0 0 164 120 0 65 60 
295 129 123 0 74 97 0 87 62 340 0 27 19 58 61 342 421 617 0 0 0 0 208 120 0 65 60 
297 126 118 0 74 92 0 84 63 338 0 29 20 81 66 380 453 523 0 0 0 0 178 120 0 65 60 
290 123 118 0 73 80 0 87 63 336 0 27 20 80 62 405 428 580 0 0 0 0 133 120 0 66 60 
298 123 120 0 73 73 0 92 63 332 0 27 20 75 62 369 433 588 0 0 0 0 181 120 0 66 60 
294 124 119 0 73 74 0 83 64 339 0 28 20 52 59 379 396 634 0 0 0 0 147 120 0 67 60 
290 127 121 0 73 74 0 87 64 343 0 27 17 44 58 405 469 585 0 0 0 0 168 120 0 67 60 
301 126 119 0 73 75 0 84 64 336 0 27 20 50 58 433 499 588 0 0 0 0 163 120 0 68 60 
290 125 117 0 72 78 0 83 63 333 0 26 19 65 59 389 404 606 0 0 0 0 145 120 0 67 60 
295 126 113 0 72 83 0 86 63 339 0 26 20 71 59 411 401 566 0 0 0 0 192 120 0 66 60 
298 125 118 0 72 81 0 90 62 348 0 25 21 63 59 384 406 572 0 0 0 0 179 120 0 66 60 
302 132 119 0 73 82 0 91 64 346 0 25 20 66 58 397 414 554 0 0 0 0 185 120 0 65 60 
298 122 115 0 74 79 0 84 64 339 0 26 20 78 59 375 430 633 0 0 0 0 169 120 0 65 60 
298 133 118 0 74 86 0 89 64 335 0 27 20 68 57 349 431 485 0 0 0 0 138 120 0 65 60 
296 124 116 0 74 89 0 87 63 338 0 26 19 69 60 402 424 591 0 0 0 0 148 120 0 65 60 
295 128 116 0 75 88 0 87 62 339 0 24 19 63 60 352 416 628 0 0 0 0 124 120 0 65 60 
299 128 118 0 75 92 0 85 64 338 0 26 19 71 58 418 443 581 0 0 0 0 187 120 0 66 60 
301 128 118 0 76 90 0 85 63 338 0 26 20 70 58 376 469 660 0 0 0 0 170 120 0 67 60 
300 131 113 0 75 80 0 89 64 342 0 27 19 82 59 367 404 579 0 0 0 0 133 120 0 68 60 
298 125 116 0 77 79 0 85 63 339 0 26 20 74 61 366 404 585 0 0 0 0 167 120 0 68 60 
295 124 116 0 77 79 0 86 63 342 0 26 19 60 62 358 432 544 0 0 0 0 207 120 0 67 60 
297 124 118 0 78 83 0 89 63 341 0 28 18 65 61 388 463 634 0 0 0 0 196 120 0 67 60 
295 126 115 0 77 84 0 84 63 333 0 24 18 93 61 403 412 566 0 0 0 0 194 120 0 66 60 
293 126 118 0 77 86 0 87 64 328 0 26 19 81 58 346 444 616 0 0 0 0 177 120 0 66 60 
295 128 117 0 76 92 0 87 64 339 0 27 19 62 57 397 435 643 0 0 0 0 148 120 0 65 60 
297 133 115 0 77 87 0 87 64 344 0 26 19 48 59 376 459 616 0 0 0 0 194 120 0 66 60 
297 129 118 0 77 82 0 87 63 342 0 24 20 79 57 382 426 578 0 0 0 0 195 120 0 66 60 
293 131 116 0 76 78 0 83 63 336 0 26 20 79 58 375 371 545 0 0 0 0 194 120 0 66 60 
296 127 118 0 76 80 0 90 63 338 0 25 19 83 57 407 454 613 0 0 0 0 164 120 0 65 60 
294 134 118 0 76 83 0 84 63 338 0 27 19 63 60 401 436 639 0 0 0 0 136 120 0 66 60 
294 125 118 0 74 91 0 87 63 341 0 26 19 55 59 399 395 727 0 0 0 0 182 120 0 66 60 
293 126 114 0 74 93 0 89 64 335 0 27 19 68 59 387 378 657 0 0 0 0 167 120 0 66 60 
293 123 115 0 74 90 0 88 65 335 0 27 19 74 59 380 453 653 0 0 0 0 140 120 0 66 60 
296 125 116 0 73 87 0 93 63 331 0 25 18 75 58 358 444 655 0 0 0 0 170 120 0 66 60 
290 128 118 0 72 82 0 88 64 335 0 27 22 64 59 355 426 573 0 0 0 0 159 120 0 66 60 
296 129 117 0 72 80 0 93 63 340 0 25 19 64 62 355 450 612 0 0 0 0 120 120 0 65 60 
296 120 119 0 73 78 0 83 63 335 0 26 19 60 61 405 430 661 0 0 0 0 158 120 0 65 60 
296 121 116 0 73 87 0 87 64 334 0 25 19 64 59 380 438 682 0 0 0 0 187 120 0 65 60 
294 125 118 0 74 87 0 88 63 336 0 25 18 63 57 395 451 625 0 0 0 0 194 120 0 65 60 
297 126 114 0 73 90 0 82 64 349 0 24 20 71 58 425 461 652 0 0 0 0 182 120 0 66 60 
296 131 116 0 74 92 0 87 63 346 0 26 19 63 58 391 423 649 0 0 0 0 201 120 0 65 60 
296 133 115 0 74 89 0 80 63 340 0 25 19 55 58 372 418 672 0 0 0 0 218 120 0 66 60 
299 128 115 0 73 83 0 83 63 339 0 27 19 78 60 338 402 628 0 0 0 0 138 120 0 65 60 
299 126 121 0 73 77 0 87 63 339 0 25 19 79 57 360 416 670 0 0 0 0 181 120 0 66 60 
301 128 114 0 73 75 0 89 64 339 0 23 20 74 60 426 437 649 0 0 0 0 158 120 0 66 60 
299 133 121 0 73 77 0 90 64 339 0 25 19 51 60 386 451 549 0 0 0 0 169 120 0 67 60 
298 122 116 0 72 79 0 81 64 338 0 27 20 41 59 390 408 639 0 0 0 0 160 120 0 67 60 
299 128 118 0 71 83 0 87 64 342 0 24 19 50 59 362 419 652 0 0 0 0 229 120 0 67 60 
297 128 116 0 72 92 0 85 64 342 0 23 21 64 56 379 429 665 0 0 0 0 148 120 0 67 60 
299 127 116 0 72 90 0 83 64 344 0 26 21 68 57 386 390 704 0 0 0 0 174 120 0 66 60 
296 129 119 0 72 85 0 88 63 342 0 24 20 67 57 358 442 623 0 0 0 0 184 120 0 66 60 
295 128 118 0 73 80 0 89 63 335 0 21 21 66 58 333 461 637 0 0 0 0 157 120 0 65 60 
296 120 116 0 73 77 0 88 63 326 0 25 20 77 60 358 411 564 0 0 0 0 149 120 0 65 60 
296 124 115 0 72 78 0 85 64 332 0 25 19 68 58 393 411 607 0 0 0 0 225 120 0 65 60 
297 122 112 0 73 83 0 87 63 341 0 23 21 70 59 388 440 599 0 0 0 0 123 120 0 66 60 
295 125 115 0 73 89 0 88 65 337 0 24 20 65 58 395 429 640 0 0 0 0 177 120 0 65 60 
297 132 115 0 72 93 0 83 64 333 0 24 21 70 58 349 421 571 0 0 0 0 141 120 0 65 60 
291 124 116 0 72 88 0 88 63 336 0 23 20 70 58 381 397 640 0 0 0 0 179 120 0 65 60 
296 120 117 0 72 84 0 84 62 339 0 23 20 83 60 387 450 607 0 0 0 0 144 120 0 66 60 
296 124 116 0 73 86 0 85 62 342 0 25 19 73 62 382 398 585 0 0 0 0 158 120 0 65 60 
297 129 117 0 72 86 0 88 63 337 0 23 19 60 61 410 423 623 0 0 0 0 160 120 0 65 60 
295 128 115 0 73 87 0 88 62 334 0 22 19 66 61 365 395 576 0 0 0 0 156 120 0 65 60 
292 125 114 0 74 86 0 93 62 331 0 25 19 93 60 378 413 624 0 0 0 0 167 120 0 66 60 
297 126 109 0 74 86 0 88 63 334 0 25 20 79 57 374 453 553 0 0 0 0 186 120 0 65 60 
295 130 113 0 74 78 0 89 62 340 0 24 22 60 56 340 419 636 0 0 0 0 183 120 0 65 60 
293 130 115 0 74 73 0 89 65 340 0 27 20 50 59 387 431 618 0 0 0 0 194 120 0 65 60 
292 122 115 0 75 72 0 89 63 336 0 26 20 78 59 374 415 581 0 0 0 0 163 120 0 66 60 
290 123 117 0 75 79 0 90 66 336 0 23 21 80 61 399 435 585 0 0 0 0 186 120 0 65 60 
295 128 115 0 75 81 0 82 63 347 0 24 20 81 62 389 446 576 0 0 0 0 206 120 0 65 60 
297 127 113 0 75 86 0 84 64 349 0 22 20 62 63 402 413 553 0 0 0 0 211 120 0 65 60 
299 125 114 0 74 89 0 82 62 343 0 23 19 57 60 366 405 552 0 0 0 0 157 120 0 65 60 
301 123 117 0 72 94 0 86 62 337 0 24 21 68 57 366 404 620 0 0 0 0 157 120 0 66 60 
298 131 116 0 70 93 0 87 63 338 0 25 21 73 58 382 439 615 0 0 0 0 160 120 0 66 60 
301 125 115 0 70 87 0 89 63 339 0 23 21 77 60 379 421 620 0 0 0 0 152 120 0 66 60 
297 126 117 0 70 80 0 90 63 341 0 26 20 66 59 373 446 635 0 0 0 0 191 120 0 65 60 
297 130 119 0 71 78 0 88 63 336 0 24 20 63 60 369 416 591 0 0 0 0 166 120 0 66 60 
301 127 114 0 72 76 0 89 64 342 0 24 21 58 59 380 408 576 0 0 0 0 171 120 0 66 60 
297 138 114 0 73 74 0 87 64 341 0 26 19 66 58 383 405 567 0 0 0 0 161 120 0 66 60 
297 119 115 0 74 77 0 87 63 343 0 25 21 64 60 402 429 693 0 0 0 0 145 120 0 66 60 
293 124 116 0 76 84 0 86 64 342 0 25 20 69 60 389 425 643 0 0 0 0 167 120 0 65 60 
301 134 118 0 76 87 0 86 64 335 0 22 21 68 60 355 426 610 0 0 0 0 219 120 0 65 60 
293 125 117 0 77 84 0 84 65 330 0 26 20 59 59 371 376 642 0 0 0 0 159 120 0 65 60 
299 130 116 0 78 87 0 87 64 336 0 24 21 78 58 349 407 656 0 0 0 0 175 120 0 65 60 
296 132 117 0 78 86 0 87 65 342 0 24 20 81 59 379 431 576 0 0 0 0 173 120 0 65 60 
289 125 119 0 78 86 0 90 64 342 0 24 20 75 59 383 447 626 0 0 0 0 127 120 0 66 60 
297 123 118 0 79 85 0 85 63 335 0 22 19 49 59 361 447 622 0 0 0 0 144 120 0 66 60 
294 125 115 0 79 92 0 86 63 338 0 23 21 43 59 399 453 615 0 0 0 0 129 120 0 65 60 
296 126 118 0 78 95 0 81 63 339 0 24 20 53 56 405 422 684 0 0 0 0 144 120 0 65 60 
294 130 114 0 77 96 0 80 62 345 0 23 22 67 56 355 396 606 0 0 0 0 204 120 0 66 60 
297 128 114 0 76 91 0 87 63 338 0 24 20 67 59 352 423 588 0 0 0 0 165 120 0 65 60 
293 127 118 0 75 87 0 86 63 337 0 22 21 67 59 377 431 677 0 0 0 0 155 120 0 66 60 
295 126 118 0 74 84 0 96 63 334 0 22 20 66 58 377 458 639 0 0 0 0 151 120 0 66 60 
295 127 120 0 73 79 0 89 64 334 0 26 20 74 59 340 449 607 0 0 0 0 158 120 0 65 60 
298 131 119 0 73 80 0 87 64 338 0 25 20 67 54 378 402 659 0 0 0 0 195 120 0 65 60 
300 131 118 0 73 84 0 92 64 338 0 24 20 69 59 358 430 643 0 0 0 0 208 120 0 65 60 
291 129 116 0 72 89 0 86 63 332 0 25 22 62 58 369 433 602 0 0 0 0 190 120 0 65 60 
296 133 119 0 72 85 0 86 64 330 0 24 22 72 58 400 402 559 0 0 0 0 195 120 0 66 60 
299 129 116 0 72 84 0 79 63 339 0 24 23 70 59 362 446 638 0 0 0 0 208 120 0 65 60 
296 121 118 0 72 85 0 88 63 347 0 25 21 83 60 368 461 676 0 0 0 0 192 120 0 65 60 
300 119 116 0 73 89 0 88 63 343 0 25 21 73 61 417 425 636 0 0 0 0 163 120 0 66 60 
299 129 114 0 74 89 0 85 63 339 0 25 21 61 59 381 447 615 0 0 0 0 205 120 0 66 60 
301 123 116 0 75 89 0 92 64 336 0 24 21 64 63 425 424 649 0 0 0 0 131 120 0 66 60 
297 126 115 0 76 92 0 85 62 338 0 26 21 88 62 373 433 496 0 0 0 0 191 120 0 65 60 
292 124 119 0 76 90 0 87 63 341 0 25 21 83 58 369 450 573 0 0 0 0 162 120 0 65 60 
302 126 113 0 77 84 0 85 63 339 0 25 21 64 59 391 468 588 0 0 0 0 140 120 0 66 60 
297 122 113 0 76 82 0 89 64 343 0 26 21 46 58 408 479 622 0 0 0 0 153 120 0 65 60 
300 124 110 0 76 83 0 87 63 342 0 26 22 77 60 393 397 547 0 0 0 0 199 120 0 65 60 
297 125 114 0 75 85 0 83 63 340 0 27 20 81 58 393 423 539 0 0 0 0 153 120 0 65 60 
296 126 117 0 75 89 0 88 62 343 0 26 20 83 60 424 404 596 0 0 0 0 174 120 0 66 60 
296 128 116 0 74 91 0 85 64 336 0 25 22 63 58 385 426 568 0 0 0 0 144 120 0 66 60 
293 130 113 0 74 94 0 85 65 326 0 25 22 52 59 411 446 615 0 0 0 0 169 120 0 65 60 
302 123 113 0 73 84 0 86 65 330 0 27 20 70 61 409 440 579 0 0 0 0 187 120 0 65 60 
296 132 115 0 73 77 0 85 64 343 0 24 22 68 60 359 484 582 0 0 0 0 188 120 0 65 60 
296 135 113 0 72 76 0 88 63 342 0 26 22 75 59 367 437 518 0 0 0 0 182 120 0 65 60 
293 124 113 0 72 78 0 86 62 337 0 25 21 67 59 343 426 561 0 0 0 0 167 120 0 65 60 
293 124 115 0 73 75 0 88 62 335 0 27 21 65 58 349 408 572 0 0 0 0 175 120 0 65 60 
289 126 115 0 73 77 0 87 63 337 0 26 20 58 61 365 417 643 0 0 0 0 188 120 0 66 60 
295 134 117 0 74 84 0 85 63 345 0 25 23 62 68 398 419 581 0 0 0 0 150 120 0 66 60 
295 126 115 0 74 89 0 87 64 340 0 26 22 65 62 401 427 538 0 0 0 0 160 120 0 67 60 
293 123 117 0 75 90 0 86 64 335 0 26 23 67 59 398 423 544 0 0 0 0 146 120 0 67 60 
296 132 114 0 75 87 0 84 63 334 0 25 22 68 57 409 367 542 0 0 0 0 189 120 0 67 60 
295 127 115 0 74 90 0 86 63 333 0 26 22 60 58 359 384 631 0 0 0 0 218 120 0 66 60 
295 125 115 0 74 89 0 90 63 341 0 27 21 75 57 393 392 633 0 0 0 0 146 120 0 65 60 
298 123 115 0 74 85 0 92 64 342 0 24 21 77 59 383 402 576 0 0 0 0 197 120 0 65 60 
290 127 117 0 74 83 0 89 63 335 0 26 21 79 58 421 463 620 0 0 0 0 175 120 0 65 60 
296 126 116 0 75 87 0 91 65 333 0 26 20 56 60 377 433 585 0 0 0 0 149 120 0 65 60 
294 126 117 0 75 87 0 85 64 341 0 25 21 39 61 384 397 558 0 0 0 0 179 120 0 65 60 
299 131 116 0 74 84 0 83 63 349 0 25 23 48 60 360 470 576 0 0 0 0 158 120 0 66 60 
298 130 116 0 75 80 0 84 63 346 0 28 22 66 57 412 428 681 0 0 0 0 137 120 0 65 60 
296 129 117 0 74 83 0 82 63 340 0 24 22 68 57 355 406 627 0 0 0 0 133 120 0 65 60 
295 126 114 0 73 85 0 85 63 338 0 26 20 65 55 421 428 695 0 0 0 0 224 120 0 65 60 
297 133 117 0 74 86 0 83 63 340 0 26 21 65 58 391 386 585 0 0 0 0 172 120 0 65 60 
298 128 116 0 74 80 0 85 64 343 0 26 21 76 59 406 377 674 0 0 0 0 134 120 0 65 60 
298 125 115 0 73 77 0 85 63 336 0 25 21 66 59 379 418 612 0 0 0 0 167 120 0 65 60 
301 126 116 0 74 75 0 87 65 340 0 26 23 70 61 390 465 542 0 0 0 0 134 120 0 65 60 
299 124 117 0 73 77 0 89 63 340 0 24 23 63 60 389 399 640 0 0 0 0 159 120 0 65 60 
297 135 118 0 72 83 0 89 64 339 0 25 22 68 58 383 450 653 0 0 0 0 172 120 0 65 60 
300 131 116 0 72 89 0 88 63 338 0 26 21 68 56 384 446 728 0 0 0 0 158 120 0 64 60 
295 132 117 0 72 93 0 85 63 337 0 24 21 83 59 389 469 639 0 0 0 0 159 120 0 64 60 
297 125 116 0 71 93 0 90 63 327 0 27 20 74 58 407 454 638 0 0 0 0 181 120 0 64 60 
297 123 117 0 72 96 0 84 63 327 0 27 21 62 59 337 426 664 0 0 0 0 161 120 0 64 60 
301 127 116 0 73 92 0 86 63 338 0 27 20 62 59 367 404 647 0 0 0 0 198 120 0 64 60 
293 126 116 0 73 85 0 88 63 346 0 27 21 87 60 364 424 659 0 0 0 0 180 120 0 64 60 
296 125 116 0 73 84 0 86 63 337 0 27 21 82 59 363 412 641 0 0 0 0 200 120 0 65 60 
294 125 115 0 74 82 0 88 63 333 0 26 20 64 59 355 445 670 0 0 0 0 206 120 0 65 60 
294 127 116 0 75 82 0 90 64 336 0 26 21 46 60 359 451 649 0 0 0 0 142 120 0 65 60 
299 125 118 0 75 84 0 88 63 343 0 24 20 73 61 399 441 593 0 0 0 0 182 120 0 66 60 
295 120 114 0 75 85 0 91 63 341 0 26 20 81 58 452 400 613 0 0 0 0 166 120 0 66 60 
291 120 119 0 76 90 0 85 63 340 0 28 19 82 62 377 401 714 0 0 0 0 165 120 0 65 60 
300 122 119 0 77 89 0 87 63 335 0 27 20 63 62 372 421 669 0 0 0 0 161 120 0 65 60 
291 126 114 0 78 82 0 84 63 334 0 26 19 51 57 390 412 556 0 0 0 0 203 120 0 65 60 
297 130 112 0 77 71 0 87 63 337 0 28 19 69 58 378 380 612 0 0 0 0 192 120 0 65 60 
297 127 113 0 78 74 0 94 64 344 0 26 18 70 59 394 395 552 0 0 0 0 105 120 0 65 60 
296 131 116 0 78 77 0 88 65 338 0 24 20 74 59 370 435 603 0 0 0 0 171 120 0 65 60 
297 120 114 0 78 84 0 89 65 331 0 26 19 67 59 370 441 594 0 0 0 0 145 120 0 65 60 
295 124 115 0 78 93 0 88 65 335 0 24 18 66 59 397 445 679 0 0 0 0 127 120 0 65 60 
297 128 113 0 77 96 0 91 63 347 0 25 19 57 59 373 402 602 0 0 0 0 161 120 0 65 60 
298 122 116 0 76 94 0 86 62 347 0 26 20 64 60 383 442 630 0 0 0 0 223 120 0 65 60 
296 131 113 0 74 88 0 86 61 340 0 26 21 66 59 381 407 619 0 0 0 0 167 120 0 65 60 
296 128 115 0 74 82 0 85 63 334 0 25 19 68 60 385 457 531 0 0 0 0 149 120 0 65 60 
301 136 115 0 74 85 0 82 63 335 0 24 19 66 59 368 437 581 0 0 0 0 193 120 0 65 60 
296 133 116 0 73 84 0 87 64 341 0 27 19 60 59 416 398 560 0 0 0 0 127 120 0 65 60 
295 133 115 0 73 80 0 87 63 337 0 26 18 80 59 370 369 597 0 0 0 0 199 120 0 65 60 
