299 126 105 0 73 87 0 85 63 342 0 34 18 57 57 348 409 613 0 0 0 0 168 120 0 66 60 
303 124 105 0 74 79 0 84 63 339 0 35 18 71 58 367 430 755 0 0 0 0 140 120 0 66 60 
288 127 102 0 75 77 0 89 64 338 0 33 20 66 59 389 442 566 0 0 0 0 139 120 0 66 60 
295 125 105 0 76 76 0 84 64 341 0 34 18 63 59 361 438 627 0 0 0 0 149 120 0 65 60 
299 124 109 0 77 80 0 87 64 343 0 35 19 70 59 370 430 692 0 0 0 0 181 120 0 65 60 
300 132 106 0 77 84 0 89 64 342 0 34 19 72 58 393 476 650 0 0 0 0 125 120 0 65 60 
298 133 105 0 77 87 0 82 63 337 0 37 19 65 57 370 434 583 0 0 0 0 162 120 0 64 60 
299 128 105 0 76 84 0 89 63 333 0 39 17 67 58 398 388 602 0 0 0 0 221 120 0 65 60 
296 125 105 0 74 85 0 89 63 328 0 38 19 65 59 393 395 633 0 0 0 0 174 120 0 65 60 
300 130 101 0 71 81 0 89 64 332 0 41 19 66 59 329 413 502 0 0 0 0 166 120 0 65 60 
299 130 103 0 69 81 0 84 63 336 0 36 18 73 59 346 405 606 0 0 0 0 179 120 0 65 60 
301 129 107 0 68 84 0 87 64 339 0 32 18 83 57 415 441 717 0 0 0 0 152 120 0 66 60 
296 123 107 0 69 80 0 86 63 330 0 33 18 69 60 340 422 639 0 0 0 0 154 120 0 65 60 
294 125 108 0 71 77 0 84 63 333 0 34 19 59 61 348 430 605 0 0 0 0 213 120 0 65 60 
293 127 104 0 73 77 0 89 64 343 0 36 19 67 59 371 457 617 0 0 0 0 163 120 0 65 60 
295 131 102 0 75 78 0 85 64 347 0 35 20 95 60 403 435 629 0 0 0 0 154 120 0 66 60 
295 131 104 0 76 77 0 89 65 343 0 33 18 74 59 376 446 538 0 0 0 0 161 120 0 65 60 
292 126 101 0 76 80 0 87 64 336 0 31 18 60 58 377 442 559 0 0 0 0 193 120 0 65 60 
300 121 103 0 76 79 0 89 64 338 0 29 18 53 62 389 402 610 0 0 0 0 183 120 0 65 60 
296 124 104 0 76 82 0 87 62 344 0 28 18 77 59 406 445 695 0 0 0 0 174 120 0 65 60 
296 130 103 0 76 82 0 84 62 340 0 31 19 79 58 366 434 586 0 0 0 0 153 120 0 66 60 
295 125 105 0 77 84 0 87 62 342 0 32 20 85 59 373 406 561 0 0 0 0 196 120 0 66 60 
294 130 100 0 78 82 0 86 63 343 0 32 19 59 59 435 411 614 0 0 0 0 153 120 0 65 60 
301 125 104 0 79 87 0 90 63 348 0 28 20 56 58 408 398 597 0 0 0 0 184 120 0 65 60 
297 128 104 0 79 85 0 83 63 345 0 34 19 70 59 363 425 578 0 0 0 0 182 120 0 65 60 
297 131 103 0 79 79 0 88 64 341 0 33 17 73 56 377 416 573 0 0 0 0 173 120 0 65 60 
291 126 102 0 78 79 0 94 63 335 0 33 18 73 60 355 384 603 0 0 0 0 164 120 0 66 60 
296 132 108 0 77 79 0 90 63 327 0 36 19 66 60 403 418 545 0 0 0 0 169 120 0 66 60 
291 126 103 0 76 82 0 89 64 328 0 37 20 63 59 408 441 546 0 0 0 0 131 120 0 65 60 
296 128 104 0 74 81 0 87 64 340 0 38 19 58 61 362 436 590 0 0 0 0 218 120 0 66 60 
305 124 105 0 73 84 0 87 64 338 0 35 20 63 61 393 395 651 0 0 0 0 176 120 0 66 60 
292 125 106 0 72 85 0 89 64 336 0 38 20 66 60 343 441 619 0 0 0 0 178 120 0 65 60 
298 122 105 0 72 86 0 80 65 335 0 35 20 71 58 361 421 614 0 0 0 0 144 120 0 65 60 
296 124 104 0 72 87 0 84 64 339 0 38 20 65 57 392 438 582 0 0 0 0 178 120 0 66 60 
294 127 105 0 72 88 0 85 63 340 0 43 19 60 60 375 426 530 0 0 0 0 194 120 0 65 60 
296 130 107 0 74 86 0 82 63 338 0 51 19 80 59 414 467 673 0 0 0 0 149 120 0 65 60 
299 127 105 0 74 85 0 82 62 336 0 45 20 77 60 398 382 655 0 0 0 0 151 120 0 64 60 
294 124 109 0 75 81 0 87 62 333 0 44 19 75 62 355 423 670 0 0 0 0 188 120 0 64 60 
302 126 108 0 76 82 0 95 63 335 0 48 20 52 61 343 442 593 0 0 0 0 126 120 0 64 60 
299 127 108 0 75 86 0 88 62 338 0 52 19 41 60 375 436 622 0 0 0 0 173 120 0 64 60 
299 123 108 0 76 84 0 87 63 343 0 48 18 50 57 399 437 569 0 0 0 0 173 120 0 64 60 
297 123 103 0 75 81 0 86 63 335 0 48 19 67 59 418 365 558 0 0 0 0 162 120 0 64 60 
296 126 107 0 74 86 0 86 63 336 0 49 18 70 58 394 427 659 0 0 0 0 168 120 0 64 60 
293 126 106 0 75 88 0 85 64 342 0 54 19 64 59 399 421 609 0 0 0 0 176 120 0 65 60 
295 125 107 0 75 89 0 84 62 347 0 53 19 66 58 371 407 668 0 0 0 0 162 120 0 65 60 
289 124 109 0 75 89 0 91 64 343 0 55 19 76 59 358 436 663 0 0 0 0 154 120 0 65 60 
294 126 100 0 75 95 0 85 63 336 0 59 19 65 61 366 392 595 0 0 0 10 165 120 0 65 60 
299 133 104 0 75 94 0 88 63 338 0 58 20 70 64 426 425 666 0 0 0 0 168 120 0 66 60 
294 126 106 0 74 90 0 87 63 343 0 58 18 63 63 353 403 641 0 0 0 0 186 120 0 66 60 
291 126 106 0 73 81 0 89 63 340 0 58 19 69 60 385 462 647 0 0 0 0 210 120 0 66 60 
297 122 108 0 72 89 0 86 63 340 0 57 18 67 60 383 418 605 0 0 0 0 189 120 0 66 60 
296 127 106 0 70 90 0 84 64 342 0 55 20 83 59 367 406 708 0 0 0 0 151 120 0 65 60 
296 130 106 0 71 87 0 87 64 341 0 50 20 73 63 404 410 595 0 0 0 0 141 120 0 65 60 
295 125 108 0 71 88 0 84 64 341 0 48 22 60 65 396 463 586 0 0 0 0 177 120 0 65 60 
295 132 108 0 72 92 0 89 64 342 0 48 20 64 59 377 424 657 0 0 0 0 174 120 0 65 60 
294 125 109 0 73 93 0 89 64 336 0 48 20 91 59 352 388 678 0 0 0 0 146 120 0 65 60 
296 127 102 0 74 83 0 90 63 325 0 47 19 85 61 406 412 643 0 0 0 0 184 120 0 64 60 
295 127 106 0 75 82 0 90 64 330 0 48 19 64 58 378 430 650 0 0 0 0 201 120 0 64 60 
296 128 104 0 76 76 0 88 65 342 0 49 20 46 59 417 454 674 0 0 0 0 164 120 0 64 60 
296 126 106 0 75 77 0 89 66 341 0 52 19 74 59 366 421 556 0 0 0 0 120 120 0 65 60 
295 126 110 0 75 80 0 86 66 338 0 49 20 80 58 333 471 582 0 0 0 0 142 120 0 64 60 
297 129 108 0 74 82 0 86 65 332 0 51 20 84 57 381 421 686 0 0 0 0 172 120 0 65 60 
296 126 103 0 73 90 0 86 64 339 0 53 19 64 58 374 413 584 0 0 0 0 213 120 0 65 60 
295 127 101 0 73 86 0 80 62 339 0 56 18 52 60 347 404 561 0 0 0 0 124 120 0 65 60 
300 132 103 0 73 83 0 86 63 340 0 56 19 68 58 353 424 549 0 0 0 0 158 120 0 65 60 
297 129 103 0 73 84 0 86 64 339 0 53 20 72 58 404 362 575 0 0 0 0 162 120 0 65 60 
299 123 107 0 74 84 0 86 64 338 0 53 20 75 59 365 433 542 0 0 0 0 170 120 0 64 60 
295 122 108 0 74 82 0 89 65 339 0 52 20 66 60 364 418 632 0 0 0 0 157 120 0 64 60 
299 126 107 0 74 82 0 89 64 346 0 50 21 65 60 399 458 613 0 0 0 0 185 120 0 64 60 
295 127 106 0 75 83 0 91 64 344 0 52 20 57 60 360 435 548 0 0 0 0 147 120 0 63 60 
294 127 103 0 75 86 0 88 64 340 0 51 19 62 60 383 438 636 0 0 0 0 184 120 0 63 60 
298 133 105 0 74 87 0 93 64 339 0 52 20 66 61 370 401 608 0 0 0 0 157 120 0 64 60 
295 128 106 0 74 88 0 86 64 351 0 57 19 72 61 403 458 552 0 0 0 0 148 120 0 64 60 
295 126 105 0 72 89 0 88 65 354 0 59 21 67 61 415 407 600 0 0 0 0 156 120 0 65 60 
294 125 107 0 71 84 0 90 65 347 0 60 19 62 61 382 405 570 0 0 0 0 163 120 0 64 60 
294 132 108 0 70 80 0 83 66 343 0 62 20 82 59 404 474 603 0 0 0 0 198 120 0 65 60 
295 126 107 0 71 75 0 88 64 347 0 60 19 79 59 352 432 595 0 0 0 0 165 120 0 65 60 
295 124 107 0 71 80 0 88 65 350 0 63 20 73 60 393 408 550 0 0 0 0 181 120 0 66 60 
295 129 108 0 73 85 0 89 65 349 0 60 20 51 60 395 420 563 0 0 0 0 169 120 0 65 60 
295 126 108 0 74 87 0 91 64 350 0 60 19 42 59 389 425 648 0 0 0 0 163 120 0 66 60 
294 127 107 0 75 86 0 84 65 351 0 61 20 52 62 414 422 651 0 0 0 0 206 120 0 66 60 
295 123 106 0 76 90 0 86 66 351 0 56 19 70 63 398 432 565 0 0 0 0 166 120 0 65 60 
300 137 106 0 75 89 0 87 66 349 0 52 21 68 68 362 405 548 0 0 0 0 192 120 0 66 60 
295 132 109 0 76 87 0 87 65 347 0 51 21 64 63 348 434 566 0 0 0 0 179 120 0 65 60 
300 127 107 0 76 86 0 89 65 338 0 48 21 68 61 415 397 542 0 0 0 0 197 120 0 66 60 
302 127 113 0 77 88 0 91 65 334 0 46 17 75 61 387 403 628 0 0 0 0 169 120 0 66 60 
300 125 107 0 78 91 0 87 65 345 0 44 19 66 60 399 430 623 0 0 0 0 165 120 0 66 60 
302 124 109 0 79 88 0 89 65 349 0 44 18 68 62 337 425 623 0 0 0 0 179 120 0 66 60 
304 125 111 0 80 89 0 94 65 345 0 43 19 67 61 424 437 636 0 0 0 0 218 120 0 66 60 
301 128 106 0 81 91 0 85 65 341 0 40 20 66 60 355 438 615 0 0 0 0 194 120 0 66 60 
309 134 108 0 80 91 0 84 65 339 0 36 21 77 62 401 428 614 0 0 0 0 173 120 0 65 60 
305 128 110 0 79 86 0 86 65 347 0 34 20 83 60 384 423 577 0 0 0 0 140 120 0 65 60 
301 128 111 0 79 86 0 87 63 346 0 36 22 70 60 389 454 677 0 0 0 0 183 120 0 65 60 
302 132 109 0 78 88 0 89 65 344 0 39 20 59 59 348 399 640 0 0 0 0 159 120 0 66 60 
302 132 106 0 76 91 0 91 65 337 0 35 20 80 61 399 451 686 0 0 0 0 182 120 0 66 60 
300 124 110 0 74 88 0 91 66 339 0 32 19 97 62 391 408 650 0 0 0 0 181 120 0 65 60 
302 130 109 0 75 90 0 88 64 343 0 29 19 69 64 382 440 625 0 0 0 0 182 120 0 65 60 
303 130 106 0 75 91 0 89 64 348 0 30 18 53 62 368 422 659 0 0 0 0 169 120 0 65 60 
301 132 111 0 73 88 0 92 63 343 0 27 19 69 60 406 404 643 0 0 0 0 179 120 0 65 60 
303 131 107 0 74 88 0 85 64 343 0 27 19 82 58 366 412 665 0 0 0 0 147 120 0 65 60 
302 134 113 0 74 89 0 86 65 350 0 28 18 82 57 333 446 657 0 0 0 0 129 120 0 65 60 
298 128 110 0 74 91 0 86 66 353 0 28 18 73 59 367 428 696 0 0 0 0 172 120 0 65 60 
301 137 108 0 73 86 0 90 66 351 0 26 19 51 60 380 404 682 0 0 0 0 170 125 0 66 60 
296 131 108 0 75 81 0 86 67 338 0 29 18 67 61 395 390 642 0 0 0 0 159 125 0 66 60 
306 137 101 0 73 82 0 89 66 344 0 28 18 71 64 368 460 666 0 0 0 0 148 125 0 66 60 
301 127 108 0 74 86 0 92 64 347 0 27 20 78 62 392 397 741 0 0 0 0 147 125 0 65 60 
301 129 108 0 74 88 0 86 64 341 0 27 19 66 62 362 373 670 0 0 0 0 168 125 0 65 60 
302 130 111 0 74 89 0 90 64 343 0 25 19 69 58 380 421 622 0 0 0 0 166 125 0 65 60 
297 130 109 0 75 88 0 87 65 352 0 27 18 60 62 396 389 690 0 0 0 0 162 125 0 66 60 
302 128 110 0 74 91 0 88 64 354 0 28 19 63 61 393 469 658 0 0 0 0 176 125 0 65 60 
302 137 111 0 76 89 0 86 65 354 0 27 18 67 60 380 453 640 0 0 0 0 143 125 0 65 60 
302 133 106 0 75 88 0 93 64 349 0 27 19 71 59 394 398 660 0 0 0 0 171 125 0 65 60 
303 127 105 0 76 90 0 91 65 346 0 29 20 69 60 382 471 659 0 0 0 0 169 125 0 65 60 
302 128 107 0 75 89 0 85 64 333 0 26 19 60 61 382 450 679 0 0 0 0 170 125 0 65 60 
304 129 109 0 75 85 0 91 65 336 0 29 21 83 60 330 443 618 0 0 0 0 211 125 0 65 60 
305 128 108 0 74 84 0 91 65 350 0 26 19 81 60 394 432 602 0 0 0 0 184 125 0 65 60 
305 133 110 0 72 85 0 92 65 348 0 26 20 74 61 391 439 578 0 0 0 0 163 125 0 65 60 
301 131 105 0 73 85 0 92 66 343 0 28 19 51 60 377 416 621 0 0 0 0 178 125 0 65 60 
304 129 104 0 73 87 0 91 65 341 0 25 18 43 59 373 455 614 0 0 0 0 156 125 0 66 60 
307 128 105 0 74 83 0 89 66 346 0 28 19 55 60 377 447 627 0 0 0 0 210 125 0 65 60 
309 125 107 0 73 89 0 87 64 351 0 24 19 71 61 355 398 615 0 0 0 0 149 125 0 65 60 
303 130 104 0 75 86 0 85 65 346 0 27 20 70 60 360 412 657 0 0 0 0 166 125 0 64 60 
305 128 109 0 75 84 0 86 65 345 0 27 21 65 59 411 445 596 0 0 0 0 198 125 0 65 60 
301 131 107 0 75 83 0 86 64 341 0 27 21 71 61 323 445 629 0 0 0 0 194 125 0 65 60 
301 133 108 0 75 88 0 87 64 343 0 30 19 75 60 392 412 613 0 0 0 0 167 125 0 65 60 
306 127 109 0 74 88 0 90 64 345 0 31 19 69 60 367 459 622 0 0 0 0 163 125 0 65 60 
307 128 109 0 73 88 0 88 64 346 0 29 20 68 61 372 436 669 0 0 0 0 182 125 0 65 60 
302 123 108 0 73 88 0 92 64 340 0 31 19 68 59 401 415 593 0 0 0 0 165 125 0 65 60 
302 129 109 0 74 88 0 92 65 342 0 32 20 68 60 387 421 634 0 0 0 0 154 125 0 66 60 
304 131 109 0 75 88 0 86 66 356 0 32 20 82 60 383 431 604 0 0 0 0 176 125 0 66 60 
299 130 110 0 76 84 0 90 67 354 0 31 20 85 60 410 414 645 0 0 0 0 157 125 0 66 60 
297 131 109 0 77 83 0 88 65 349 0 29 21 71 60 385 459 620 0 0 0 0 182 125 0 65 60 
306 125 109 0 78 83 0 84 64 343 0 30 20 62 61 396 458 595 0 0 0 0 156 125 0 65 60 
304 131 112 0 79 84 0 89 64 343 0 29 20 83 60 383 439 621 0 0 0 0 143 125 0 66 60 
301 129 109 0 78 85 0 88 64 349 0 27 20 97 61 383 443 544 0 0 0 0 139 125 0 66 60 
303 127 110 0 78 89 0 89 65 347 0 32 20 70 61 393 435 677 0 0 0 0 190 125 0 66 60 
302 134 111 0 76 91 0 86 65 347 0 29 20 49 59 353 389 627 0 0 0 0 169 125 0 65 60 
302 133 104 0 74 90 0 93 65 348 0 27 21 71 61 359 444 600 0 0 0 0 142 125 0 65 60 
302 132 114 0 71 86 0 92 65 350 0 30 21 82 62 345 464 716 0 0 0 0 179 125 0 65 60 
306 130 112 0 69 88 0 84 65 349 0 27 21 82 60 371 466 629 0 0 0 0 183 125 0 66 60 
300 132 112 0 71 89 0 89 64 348 0 30 22 74 59 407 441 629 0 0 0 0 184 125 0 66 60 
303 131 110 0 73 88 0 86 64 341 0 30 21 53 61 395 406 627 0 0 0 0 181 125 0 65 60 
302 126 103 0 75 88 0 89 64 335 0 31 21 67 60 421 407 651 0 0 0 0 163 125 0 65 60 
306 132 108 0 75 88 0 89 65 347 0 29 21 72 58 381 415 670 0 0 0 0 131 125 0 65 60 
309 127 110 0 76 90 0 93 65 352 0 26 20 77 60 331 424 713 0 0 0 0 158 125 0 65 60 
302 128 110 0 77 87 0 94 65 347 0 29 20 67 61 372 437 661 0 0 0 0 203 125 0 65 60 
303 130 113 0 77 86 0 88 66 343 0 28 22 68 61 368 468 656 0 0 0 0 129 125 0 65 60 
307 129 110 0 77 87 0 91 65 345 0 27 23 60 61 399 415 643 0 0 0 0 148 125 0 66 60 
302 132 112 0 77 90 0 89 64 352 0 28 22 65 60 437 461 678 0 0 0 0 157 125 0 65 60 
305 135 110 0 78 85 0 89 63 349 0 28 21 66 59 343 439 712 0 0 0 0 187 125 0 66 60 
304 131 107 0 80 85 0 90 64 344 0 27 21 73 61 375 382 709 0 0 0 0 148 125 0 66 60 
299 124 111 0 80 86 0 85 64 343 0 28 21 68 60 405 445 743 0 0 0 0 145 125 0 66 60 
301 133 109 0 81 89 0 85 65 343 0 26 21 61 60 398 433 727 0 0 0 0 197 125 0 65 60 
303 130 107 0 81 88 0 87 65 348 0 28 20 84 60 338 465 689 0 0 0 0 144 125 0 65 60 
302 128 109 0 80 92 0 85 65 348 0 27 21 80 61 384 465 707 0 0 0 0 155 125 0 65 60 
302 128 109 0 78 97 0 89 65 348 0 27 21 74 60 380 435 661 0 0 0 0 155 125 0 65 60 
304 135 111 0 76 95 0 87 64 342 0 27 21 48 60 390 397 726 0 0 0 0 152 125 0 65 60 
302 136 104 0 75 91 0 93 66 351 0 27 19 43 62 373 416 673 0 0 0 0 179 125 0 66 60 
302 128 108 0 74 84 0 90 65 355 0 27 20 54 60 368 423 740 0 0 0 0 210 125 0 66 60 
297 123 104 0 73 84 0 89 66 355 0 27 21 70 59 351 436 661 0 0 0 0 145 125 0 66 60 
304 129 102 0 73 80 0 89 66 345 0 25 20 69 61 410 418 638 0 0 0 10 159 125 0 66 60 
302 130 106 0 73 78 0 88 65 345 0 26 21 65 63 383 420 748 0 0 0 0 176 125 0 65 60 
300 133 112 0 73 77 0 90 64 347 0 26 22 73 64 324 448 702 0 0 0 0 191 125 0 65 60 
300 131 111 0 75 82 0 85 65 347 0 27 22 75 62 396 463 730 0 0 0 0 207 125 0 65 60 
297 135 105 0 75 83 0 88 65 345 0 27 20 68 62 390 436 686 0 0 0 0 194 125 0 66 60 
302 133 106 0 76 87 0 90 63 348 0 24 21 69 59 377 445 673 0 0 0 0 202 125 0 66 60 
300 126 107 0 77 88 0 91 66 347 0 27 21 68 62 325 455 549 0 0 0 0 174 125 0 66 60 
303 125 107 0 77 94 0 91 65 348 0 28 21 70 70 396 446 641 0 0 0 0 200 125 0 66 60 
302 130 106 0 77 96 0 88 66 346 0 29 20 79 74 396 431 704 0 0 0 0 170 125 0 66 60 
302 130 107 0 76 106 0 83 65 343 0 31 21 83 62 347 408 680 0 0 0 0 159 125 0 66 60 
304 131 112 0 76 115 0 82 65 335 0 31 22 75 61 409 432 670 0 0 0 0 142 125 0 66 60 
303 130 105 0 76 113 0 87 64 333 0 34 21 61 60 349 477 613 0 0 0 0 129 125 0 65 60 
306 128 108 0 77 106 0 88 65 344 0 37 25 80 59 372 454 675 0 0 0 0 170 125 0 66 60 
302 125 110 0 77 92 0 89 65 347 0 38 21 97 57 386 435 583 0 0 0 0 183 125 0 65 60 
300 128 105 0 76 80 0 91 65 341 0 41 19 69 59 395 399 618 0 0 0 0 159 125 0 65 60 
304 132 107 0 77 76 0 87 65 339 0 34 20 49 59 376 385 694 0 0 0 0 137 125 0 66 60 
305 130 105 0 76 76 0 90 64 341 0 34 20 66 58 393 418 664 0 0 0 0 185 125 0 65 60 
307 127 104 0 75 79 0 92 65 350 0 35 20 82 59 372 457 636 0 0 0 0 153 125 0 65 60 
303 125 108 0 73 88 0 86 65 345 0 34 20 81 58 437 424 616 0 0 0 0 198 125 0 66 60 
305 130 105 0 74 91 0 83 65 345 0 34 20 74 61 438 432 604 0 0 0 0 155 125 0 65 60 
305 127 111 0 73 87 0 87 65 341 0 39 20 52 60 356 412 666 0 0 0 0 173 125 0 65 60 
307 132 108 0 73 81 0 89 64 342 0 40 19 66 60 362 442 620 0 0 0 0 137 125 0 65 60 
301 127 106 0 74 82 0 87 63 346 0 43 20 70 60 395 435 612 0 0 0 10 185 125 0 65 60 
304 128 108 0 76 83 0 91 63 345 0 40 20 78 60 374 441 613 0 0 0 0 213 125 0 65 60 
303 128 106 0 76 82 0 92 64 343 0 41 20 67 60 374 404 535 0 0 0 0 187 125 0 65 60 
303 128 110 0 77 83 0 87 63 344 0 43 21 69 60 384 447 633 0 0 0 0 142 125 0 66 60 
302 136 108 0 76 83 0 88 65 352 0 40 19 59 60 369 435 622 0 0 0 0 195 125 0 66 60 
300 141 108 0 75 82 0 88 66 354 0 40 20 63 58 373 436 612 0 0 0 0 233 125 0 66 60 
299 124 112 0 74 78 0 89 65 348 0 42 20 65 58 368 472 709 0 0 0 0 121 125 0 65 60 
302 129 106 0 74 80 0 84 66 346 0 36 20 70 60 377 413 564 0 0 0 0 155 125 0 66 60 
299 128 109 0 73 88 0 92 66 344 0 33 20 71 60 377 398 574 0 0 0 0 161 125 0 66 60 
302 134 106 0 74 95 0 89 65 349 0 32 20 59 60 393 467 552 0 0 0 0 178 125 0 66 60 
302 127 107 0 74 99 0 85 63 344 0 34 20 79 59 352 479 614 0 0 0 0 145 125 0 66 60 
301 128 108 0 76 102 0 88 63 346 0 31 21 82 60 380 420 636 0 0 0 0 148 125 0 65 60 
302 130 106 0 77 98 0 89 65 352 0 31 21 78 59 360 443 741 0 0 0 0 169 125 0 66 60 
306 137 106 0 77 92 0 92 65 349 0 30 20 52 59 354 423 706 0 0 0 0 138 125 0 66 60 
302 133 109 0 77 85 0 89 65 348 0 28 20 43 63 377 426 576 0 0 0 0 176 125 0 66 60 
300 132 106 0 76 85 0 91 65 350 0 27 19 53 61 367 384 644 0 0 0 0 145 125 0 66 60 
305 129 105 0 75 87 0 87 65 342 0 29 19 67 61 397 446 648 0 0 0 0 154 125 0 65 60 
304 133 107 0 74 86 0 87 65 338 0 28 20 69 56 419 428 648 0 0 0 0 147 125 0 65 60 
304 131 107 0 73 81 0 89 65 349 0 27 20 65 57 360 433 653 0 0 0 0 196 125 0 66 60 
303 128 104 0 72 80 0 86 66 356 0 26 21 65 57 357 463 720 0 0 0 0 178 125 0 65 60 
305 134 108 0 73 79 0 85 66 347 0 26 19 74 56 378 460 663 0 0 0 0 202 125 0 66 60 
308 127 111 0 74 77 0 94 66 342 0 26 20 67 57 390 463 643 0 0 0 0 145 125 0 66 60 
304 133 110 0 74 79 0 98 65 343 0 26 19 69 54 373 425 650 0 0 0 0 167 125 0 66 60 
302 125 105 0 76 83 0 92 65 351 0 26 22 63 58 428 443 666 0 0 0 0 169 125 0 65 60 
302 121 111 0 76 92 0 91 65 349 0 28 21 70 56 356 437 708 0 0 0 0 167 125 0 65 60 
300 127 108 0 76 90 0 90 65 344 0 27 22 70 56 353 415 644 0 0 0 10 162 125 0 66 60 
302 131 105 0 76 88 0 85 65 340 0 28 21 83 53 422 430 721 0 0 0 10 138 125 0 66 60 
304 134 105 0 75 88 0 85 65 336 0 29 21 73 54 416 437 640 0 0 0 0 161 125 0 65 60 
304 127 107 0 76 94 0 88 63 344 0 28 21 61 52 371 457 668 0 0 0 0 163 125 0 65 60 
303 131 106 0 76 91 0 89 64 347 0 30 21 63 53 377 444 717 0 0 0 0 142 125 0 65 60 
301 131 108 0 77 88 0 88 64 344 0 29 22 88 53 355 464 685 0 0 0 10 165 125 0 65 60 
302 129 104 0 79 85 0 83 64 339 0 29 22 82 55 362 464 653 0 0 0 0 238 125 0 65 60 
301 125 104 0 80 84 0 92 65 343 0 29 24 62 53 388 456 659 0 0 0 0 152 125 0 66 60 
304 132 105 0 82 82 0 89 65 356 0 29 25 44 53 352 400 680 0 0 0 0 140 125 0 66 60 
296 129 109 0 82 82 0 91 67 349 0 31 26 70 53 343 378 557 0 0 0 0 147 125 0 65 60 
303 134 106 0 82 86 0 88 64 347 0 28 23 80 53 381 427 621 0 0 0 0 184 125 0 64 60 
301 134 108 0 81 91 0 86 64 343 0 26 22 80 54 383 441 691 0 0 0 0 169 125 0 64 60 
301 122 109 0 79 92 0 88 63 346 0 28 21 68 54 391 427 658 0 0 0 0 168 125 0 63 60 
301 128 110 0 78 91 0 88 65 349 0 26 21 48 54 387 445 686 0 0 0 0 157 125 0 64 60 
298 123 109 0 77 93 0 88 64 345 0 27 20 65 52 342 463 625 0 0 0 10 188 125 0 63 60 
301 129 109 0 75 86 0 86 65 351 0 27 21 67 52 375 416 661 0 0 0 0 149 125 0 64 60 
304 127 108 0 76 81 0 94 65 351 0 27 22 75 52 391 442 606 0 0 0 0 165 125 0 64 60 
302 129 110 0 75 84 0 86 63 350 0 27 22 67 52 375 453 626 0 0 0 0 200 125 0 65 60 
300 124 109 0 76 95 0 87 65 350 0 27 22 67 53 399 421 618 0 0 0 0 165 125 0 65 60 
303 125 109 0 76 97 0 89 64 345 0 26 22 56 53 419 458 585 0 0 0 0 148 125 0 65 60 
303 128 111 0 76 93 0 89 65 339 0 27 22 56 52 385 451 641 0 0 0 0 177 125 0 65 60 
306 124 110 0 74 88 0 88 64 335 0 26 24 64 51 366 411 649 0 0 0 0 175 125 0 65 60 
307 127 108 0 74 82 0 86 66 350 0 27 24 62 51 373 392 580 0 0 0 0 174 125 0 65 60 
298 130 108 0 74 79 0 92 65 349 0 29 24 69 52 404 480 591 0 0 0 0 161 125 0 66 60 
298 129 109 0 74 83 0 86 66 344 0 27 25 61 53 354 435 669 0 0 0 0 138 125 0 65 60 
301 131 111 0 74 87 0 89 66 342 0 27 25 62 54 428 439 649 0 0 0 10 152 125 0 65 60 
304 135 111 0 75 91 0 95 66 342 0 27 25 77 55 373 419 566 0 0 0 10 169 125 0 65 60 
302 132 111 0 75 86 0 93 65 350 0 29 25 78 54 445 471 591 0 0 0 0 170 125 0 65 60 
301 129 110 0 76 77 0 89 64 344 0 29 25 70 53 405 413 644 0 0 0 0 182 125 0 66 60 
299 129 111 0 76 78 0 90 65 344 0 29 24 44 51 354 417 649 0 0 0 0 152 125 0 66 60 
306 128 111 0 76 82 0 93 64 341 0 29 24 41 50 370 417 552 0 0 0 0 179 125 0 66 60 
301 137 103 0 76 93 0 86 65 338 0 29 20 53 51 416 473 649 0 0 0 0 235 125 0 65 60 
305 128 107 0 76 99 0 86 65 346 0 30 21 66 52 317 458 610 0 0 0 0 152 125 0 65 60 
304 126 111 0 75 103 0 85 64 347 0 29 22 64 53 384 463 643 0 0 0 0 164 125 0 65 60 
304 131 114 0 73 93 0 85 66 340 0 30 23 61 55 438 451 576 0 0 0 0 180 125 0 64 60 
299 129 110 0 73 82 0 89 64 340 0 32 20 63 60 350 479 649 0 0 0 0 160 125 0 64 60 
301 128 114 0 73 74 0 88 65 349 0 33 22 72 80 394 443 658 0 0 0 0 125 125 0 64 60 
300 132 111 0 73 79 0 91 66 355 0 32 23 63 57 397 420 653 0 0 0 0 141 125 0 65 60 
304 128 107 0 75 83 0 90 65 349 0 36 23 67 53 387 438 651 0 0 0 0 206 125 0 65 60 
301 136 112 0 75 84 0 92 65 346 0 32 21 60 51 299 435 599 0 0 0 0 143 125 0 65 60 
296 126 111 0 76 85 0 90 65 343 0 31 22 68 50 397 464 636 0 0 0 0 168 125 0 66 60 
300 130 112 0 76 86 0 87 65 349 0 30 22 65 49 405 464 591 0 0 0 0 153 125 0 65 60 
299 132 110 0 75 83 0 89 64 346 0 33 19 81 50 391 411 654 0 0 0 0 156 125 0 66 60 
302 131 108 0 74 74 0 88 65 345 0 31 22 74 50 382 482 664 0 0 0 0 170 125 0 65 60 
300 127 111 0 73 77 0 87 65 349 0 32 20 65 49 412 443 745 0 0 0 0 149 125 0 66 60 
304 123 111 0 72 88 0 87 64 350 0 31 21 61 51 355 423 680 0 0 0 0 159 125 0 66 60 
299 124 108 0 73 97 0 88 65 352 0 34 20 80 50 411 425 681 0 0 0 0 195 125 0 66 60 
302 139 108 0 72 99 0 92 64 348 0 31 22 90 50 411 418 624 0 0 0 0 184 125 0 66 60 
305 132 105 0 75 103 0 82 65 341 0 28 20 68 50 358 449 658 0 0 0 0 207 125 0 66 60 
302 135 105 0 76 105 0 91 65 335 0 30 20 51 51 393 425 700 0 0 0 0 161 125 0 65 60 
305 135 106 0 78 96 0 86 65 347 0 28 20 56 51 397 457 648 0 0 0 0 206 125 0 66 60 
305 128 112 0 78 86 0 86 66 353 0 28 20 76 52 389 466 730 0 0 0 0 176 125 0 66 60 
299 130 112 0 79 79 0 89 64 346 0 29 20 76 51 394 428 673 0 0 0 0 175 125 0 66 60 
306 126 107 0 78 75 0 88 64 346 0 28 21 78 52 320 383 653 0 0 0 0 158 125 0 66 60 
305 131 105 0 76 76 0 94 62 344 0 30 22 51 50 356 413 673 0 0 0 0 130 125 0 66 60 
306 126 106 0 75 76 0 84 65 351 0 28 21 57 49 368 442 709 0 0 0 0 197 125 0 65 60 
308 133 109 0 73 75 0 91 65 350 0 28 21 68 51 396 393 643 0 0 0 0 206 125 0 65 60 
305 126 108 0 71 76 0 90 65 343 0 29 21 69 51 389 402 671 0 0 0 0 165 125 0 66 60 
299 129 110 0 70 80 0 88 65 344 0 28 22 69 50 403 397 682 0 0 0 0 165 125 0 65 60 
303 127 108 0 71 93 0 88 65 340 0 30 21 64 51 393 431 602 0 0 0 0 160 125 0 64 60 
300 120 110 0 73 99 0 85 64 345 0 28 20 61 51 334 432 653 0 0 0 0 186 125 0 64 60 
302 127 108 0 74 100 0 92 64 349 0 31 20 55 51 354 454 690 0 0 0 0 186 125 0 64 60 
302 131 105 0 76 92 0 85 64 345 0 31 20 62 51 370 419 663 0 0 0 0 162 125 0 63 60 
302 127 107 0 77 84 0 90 64 344 0 30 20 62 51 367 457 664 0 0 0 0 184 125 0 63 60 
303 121 108 0 77 80 0 86 65 345 0 34 21 66 51 423 480 647 0 0 0 0 178 125 0 63 60 
301 127 105 0 77 79 0 90 64 357 0 34 20 68 52 392 474 639 0 0 0 0 164 125 0 64 60 
300 131 111 0 76 78 0 90 65 351 0 30 21 56 52 393 455 496 0 0 0 0 161 125 0 64 60 
304 133 110 0 78 80 0 88 65 345 0 30 20 71 51 366 433 615 0 0 0 0 148 125 0 64 60 
302 139 108 0 79 87 0 90 66 344 0 32 20 75 50 384 392 646 0 0 0 0 164 125 0 64 60 
301 130 109 0 80 98 0 89 66 345 0 30 20 77 51 360 429 648 0 0 0 0 163 125 0 65 60 
302 131 109 0 82 104 0 88 65 350 0 31 20 63 52 413 451 644 0 0 0 10 168 125 0 65 60 
301 127 108 0 82 102 0 86 65 345 0 33 22 39 52 380 430 601 0 0 0 0 165 125 0 65 60 
303 134 104 0 81 104 0 90 64 348 0 34 20 40 51 402 420 564 0 0 0 0 179 125 0 65 60 
303 136 109 0 80 111 0 93 64 351 0 34 22 57 51 355 442 553 0 0 0 0 176 125 0 65 60 
301 127 112 0 78 117 0 89 64 348 0 34 21 68 52 370 417 566 0 0 0 0 170 125 0 66 60 
302 132 109 0 76 106 0 92 65 350 0 35 18 63 54 382 416 588 0 0 0 0 190 125 0 66 60 
304 133 110 0 74 94 0 88 64 347 0 33 20 59 53 417 449 595 0 0 0 0 179 125 0 66 60 
300 132 107 0 74 78 0 87 65 340 0 37 21 65 53 373 444 588 0 0 0 0 186 125 0 66 60 
308 134 106 0 72 65 0 89 65 335 0 40 21 70 52 405 420 579 0 0 0 0 135 125 0 66 60 
304 133 106 0 73 63 0 88 65 348 0 40 21 63 53 382 375 609 0 0 0 0 188 125 0 66 60 
299 130 108 0 74 75 0 89 65 351 0 37 20 66 50 375 433 580 0 0 0 0 127 125 0 65 60 
304 128 108 0 75 78 0 85 65 343 0 37 19 63 51 399 432 583 0 0 0 0 141 125 0 66 60 
305 130 110 0 75 78 0 92 65 341 0 39 20 68 52 356 415 585 0 0 0 0 164 125 0 65 60 
300 131 108 0 75 76 0 86 65 338 0 41 20 69 52 361 457 534 0 0 0 0 179 125 0 66 60 
304 126 108 0 76 75 0 89 66 348 0 42 21 82 51 372 473 555 0 0 0 0 153 125 0 65 60 
303 135 107 0 76 73 0 95 65 347 0 44 20 70 51 403 442 572 0 0 0 0 176 125 0 65 60 
298 128 107 0 77 72 0 91 66 344 0 41 19 58 52 383 431 541 0 0 0 0 191 125 0 65 60 
304 125 106 0 76 70 0 93 64 342 0 37 20 61 52 387 405 636 0 0 0 0 187 125 0 65 60 
302 132 107 0 76 71 0 86 64 339 0 36 20 81 50 371 462 577 0 0 0 0 205 125 0 64 60 
300 136 107 0 76 75 0 94 63 345 0 40 20 83 52 396 441 649 0 0 0 0 152 125 0 64 60 
303 131 107 0 77 73 0 86 64 347 0 39 19 64 50 409 435 562 0 0 0 0 204 125 0 64 60 
302 124 108 0 78 83 0 83 64 342 0 39 19 45 52 380 486 543 0 0 0 0 189 125 0 64 60 
302 127 108 0 77 95 0 89 65 338 0 38 21 65 50 415 419 682 0 0 0 0 145 125 0 65 60 
305 133 108 0 77 98 0 85 65 346 0 40 22 77 52 355 458 600 0 0 0 0 143 125 0 64 60 
301 134 106 0 76 94 0 83 66 356 0 41 21 80 51 388 405 665 0 0 0 0 198 125 0 64 60 
301 133 108 0 76 90 0 85 65 352 0 38 21 71 53 404 479 615 0 0 0 0 155 125 0 65 60 
303 133 105 0 75 88 0 91 65 346 0 33 21 48 53 388 440 567 0 0 0 0 198 125 0 66 60 
299 133 103 0 72 86 0 91 65 343 0 28 20 63 52 342 404 610 0 0 0 0 176 125 0 66 60 
302 127 106 0 73 80 0 90 64 344 0 27 20 69 51 418 464 612 0 0 0 0 119 125 0 66 60 
302 127 106 0 73 79 0 88 65 351 0 28 21 73 51 367 491 685 0 0 0 0 201 125 0 66 60 
300 128 109 0 74 81 0 86 65 345 0 29 20 67 49 399 480 622 0 0 0 0 186 125 0 66 60 
299 135 108 0 76 81 0 87 64 352 0 30 20 64 52 365 423 714 0 0 0 0 153 125 0 66 60 
304 130 103 0 76 86 0 88 64 353 0 32 20 59 50 373 407 655 0 0 0 0 191 125 0 66 60 
297 130 106 0 77 90 0 89 65 349 0 35 20 54 53 395 441 656 0 0 0 0 208 125 0 64 60 
300 126 104 0 77 91 0 88 65 346 0 36 20 62 54 362 447 633 0 0 0 0 151 125 0 64 60 
302 128 106 0 77 88 0 89 65 342 0 33 19 64 55 314 433 694 0 0 0 0 196 125 0 64 60 
304 124 106 0 76 82 0 91 65 334 0 36 20 68 52 367 443 646 0 0 0 0 171 125 0 65 60 
306 135 106 0 74 83 0 87 65 334 0 32 20 64 51 393 411 667 0 0 0 0 158 125 0 65 60 
301 128 109 0 74 83 0 92 65 345 0 31 20 58 50 368 372 712 0 0 0 0 174 125 0 65 60 
303 128 107 0 74 83 0 87 65 349 0 33 22 78 51 379 413 600 0 0 0 0 145 125 0 65 60 
302 128 105 0 74 89 0 84 66 343 0 33 20 76 54 369 448 677 0 0 0 0 185 125 0 66 60 
300 127 108 0 76 99 0 88 66 342 0 34 21 74 54 339 450 678 0 0 0 0 162 125 0 66 60 
303 127 106 0 76 101 0 86 67 344 0 37 22 55 52 413 446 699 0 0 0 0 173 125 0 65 60 
305 125 108 0 77 102 0 91 66 350 0 42 22 40 54 333 450 694 0 0 0 0 136 125 0 65 60 
301 129 108 0 77 104 0 89 64 346 0 44 21 42 54 376 436 588 0 0 0 0 196 125 0 65 60 
307 127 105 0 77 106 0 96 64 342 0 50 22 61 54 403 401 676 0 0 0 0 119 125 0 65 60 
302 130 110 0 76 99 0 89 64 341 0 44 22 69 53 404 426 464 0 0 0 0 170 125 0 66 60 
302 130 108 0 76 89 0 89 65 338 0 44 22 62 50 372 434 666 0 0 0 0 181 125 0 65 60 
302 130 108 0 74 82 0 93 65 349 0 38 22 61 50 378 433 654 0 0 0 0 178 125 0 66 60 
308 133 107 0 73 79 0 87 66 349 0 33 21 70 51 384 418 624 0 0 0 0 125 125 0 66 60 
304 127 109 0 72 76 0 88 65 343 0 31 21 68 50 411 486 633 0 0 0 0 174 125 0 66 60 
301 132 111 0 73 83 0 83 65 342 0 29 19 63 53 382 444 618 0 0 0 0 178 125 0 66 60 
299 125 110 0 73 94 0 87 65 347 0 29 21 66 52 366 422 568 0 0 0 0 138 125 0 65 60 
302 135 110 0 74 100 0 87 66 355 0 29 19 63 52 367 403 605 0 0 0 0 146 125 0 65 60 
302 126 112 0 75 94 0 91 65 349 0 33 20 65 50 403 486 641 0 0 0 0 200 125 0 65 60 
299 130 108 0 75 83 0 94 65 344 0 31 20 70 52 418 415 604 0 0 0 0 190 125 0 64 60 
299 130 107 0 76 81 0 91 65 345 0 33 20 81 52 397 432 580 0 0 0 0 150 125 0 64 60 
302 130 107 0 75 86 0 87 65 347 0 37 19 68 52 398 418 571 0 0 0 0 139 125 0 63 60 
301 128 105 0 75 90 0 92 64 349 0 40 18 56 52 403 396 627 0 0 0 10 168 125 0 63 60 
304 129 110 0 75 89 0 88 64 342 0 42 19 63 54 339 447 595 0 0 0 10 194 125 0 64 60 
302 132 111 0 76 92 0 88 64 351 0 46 19 87 51 384 463 586 0 0 0 0 189 125 0 64 60 
301 129 110 0 76 83 0 87 63 349 0 45 19 80 50 376 455 652 0 0 0 0 182 125 0 64 60 
302 135 112 0 78 77 0 89 65 349 0 46 19 62 52 365 470 582 0 0 0 0 210 125 0 65 60 
304 126 107 0 79 74 0 85 65 348 0 42 21 45 51 349 448 591 0 0 0 0 190 125 0 65 60 
299 132 109 0 81 78 0 84 66 342 0 41 19 66 51 343 382 535 0 0 0 0 174 125 0 65 60 
304 130 111 0 81 79 0 94 65 332 0 36 19 75 53 359 411 647 0 0 0 0 167 125 0 66 60 
301 136 108 0 81 82 0 89 65 342 0 30 19 78 52 394 402 669 0 0 0 0 187 125 0 66 60 
306 125 108 0 80 82 0 90 64 352 0 28 19 73 52 389 440 637 0 0 0 0 174 125 0 66 60 
305 125 111 0 78 87 0 87 64 350 0 30 20 48 50 415 460 680 0 0 0 0 196 125 0 66 60 
302 126 109 0 77 82 0 84 64 344 0 30 20 60 49 385 494 636 0 0 0 0 140 125 0 66 60 
305 131 109 0 76 76 0 86 64 345 0 30 19 69 52 414 408 602 0 0 0 0 164 125 0 65 60 
308 140 112 0 76 75 0 88 66 342 0 32 20 72 55 380 423 593 0 0 0 0 163 125 0 66 60 
301 139 107 0 76 82 0 93 66 350 0 32 20 66 53 373 416 646 0 0 0 0 177 125 0 66 60 
305 129 107 0 75 87 0 89 65 342 0 32 19 65 54 385 431 649 0 0 0 0 143 125 0 66 60 
299 133 106 0 76 86 0 90 65 341 0 31 20 60 53 401 477 731 0 0 0 0 216 125 0 66 60 
301 121 107 0 76 91 0 87 65 337 0 36 20 57 51 412 472 647 0 0 0 0 163 125 0 65 60 
303 126 102 0 75 90 0 91 64 341 0 34 20 61 51 375 462 650 0 0 0 0 141 125 0 65 60 
302 129 110 0 75 89 0 85 64 344 0 36 19 64 52 404 406 710 0 0 0 0 126 125 0 65 60 
300 125 111 0 74 83 0 89 65 344 0 36 21 70 52 355 415 611 0 0 0 0 157 125 0 65 60 
304 132 108 0 74 82 0 86 64 341 0 35 19 67 52 383 412 653 0 0 0 0 165 125 0 65 60 
301 128 106 0 74 83 0 84 65 344 0 34 19 54 52 368 446 651 0 0 0 0 167 125 0 65 60 
299 132 104 0 73 80 0 90 64 351 0 31 19 72 51 387 421 750 0 0 0 0 193 125 0 66 60 
305 120 105 0 74 79 0 88 64 355 0 33 20 75 51 394 421 707 0 0 0 0 181 125 0 66 60 
299 123 106 0 75 83 0 90 66 345 0 33 20 76 53 376 469 695 0 0 0 0 177 125 0 65 60 
299 128 110 0 75 89 0 89 67 344 0 33 18 59 53 391 476 635 0 0 0 0 179 125 0 65 60 
300 130 112 0 76 87 0 91 66 344 0 36 20 39 54 383 442 679 0 0 0 0 159 125 0 65 60 
296 131 109 0 76 88 0 90 66 349 0 38 18 40 51 350 423 719 0 0 0 0 172 125 0 64 60 
300 122 106 0 76 86 0 89 64 348 0 39 19 57 51 388 404 679 0 0 0 0 177 125 0 64 60 
304 126 108 0 76 87 0 87 63 349 0 36 19 68 52 424 414 682 0 0 0 0 235 125 0 64 60 
302 127 107 0 75 81 0 87 63 352 0 32 21 65 53 370 396 641 0 0 0 0 139 125 0 64 60 
300 127 108 0 74 83 0 88 65 350 0 31 20 59 52 397 387 638 0 0 0 0 144 125 0 65 60 
303 125 107 0 73 79 0 88 64 351 0 30 20 68 53 335 399 661 0 0 0 0 179 125 0 66 60 
302 133 110 0 73 79 0 89 64 351 0 33 21 70 52 373 442 732 0 0 0 0 165 125 0 66 60 
305 128 112 0 74 82 0 88 64 339 0 32 22 62 53 341 441 686 0 0 0 0 162 125 0 66 60 
305 131 109 0 74 94 0 89 65 336 0 37 21 66 51 361 422 660 0 0 0 0 141 125 0 66 60 
301 132 109 0 75 104 0 89 65 344 0 38 20 61 52 443 460 689 0 0 0 0 162 125 0 66 60 
307 130 111 0 76 107 0 87 65 352 0 43 20 66 51 339 435 514 0 0 0 0 136 125 0 66 60 
307 126 107 0 76 103 0 87 66 343 0 41 19 65 52 362 401 658 0 0 0 0 154 125 0 66 60 
302 125 106 0 76 101 0 95 65 338 0 41 20 81 51 378 452 665 0 0 0 0 222 125 0 66 60 
303 127 110 0 75 105 0 86 66 342 0 43 19 74 51 364 438 731 0 0 0 0 168 125 0 66 60 
304 129 111 0 74 105 0 89 65 346 0 47 20 62 51 367 457 648 0 0 0 0 196 125 0 65 60 
305 132 111 0 73 93 0 86 66 347 0 49 19 60 51 373 379 618 0 0 0 0 198 125 0 66 60 
307 129 109 0 73 80 0 89 64 344 0 51 17 82 52 377 405 658 0 0 0 0 175 125 0 65 60 
307 129 104 0 73 83 0 91 65 343 0 49 18 88 53 399 433 525 0 0 0 0 199 125 0 66 60 
304 133 109 0 74 87 0 95 64 342 0 46 19 63 52 382 452 593 0 0 0 0 162 125 0 65 60 
302 133 111 0 76 93 0 92 64 345 0 39 19 49 52 411 441 642 0 0 0 0 176 125 0 65 60 
302 131 108 0 77 87 0 89 64 349 0 32 21 61 52 405 409 679 0 0 0 0 157 125 0 66 60 
300 130 106 0 78 87 0 93 64 342 0 29 19 77 51 354 386 586 0 0 0 0 157 125 0 66 60 
301 132 111 0 79 82 0 86 65 341 0 32 20 76 50 411 432 617 0 0 0 0 128 125 0 66 60 
298 131 109 0 79 86 0 87 64 348 0 33 19 74 52 388 467 600 0 0 0 0 199 125 0 65 60 
304 131 110 0 78 84 0 83 65 356 0 36 18 52 52 378 468 564 0 0 0 0 211 125 0 66 60 
299 136 108 0 76 84 0 89 65 354 0 42 18 52 53 392 421 605 0 0 0 0 141 125 0 66 60 
299 132 110 0 75 81 0 85 66 346 0 39 19 67 53 392 372 643 0 0 0 10 190 125 0 65 60 
301 127 108 0 73 82 0 83 66 347 0 36 20 71 55 394 439 611 0 0 0 0 166 125 0 66 60 
302 123 108 0 71 84 0 97 64 348 0 32 19 71 53 364 415 554 0 0 0 0 179 125 0 66 60 
302 127 110 0 71 82 0 93 65 349 0 30 21 62 50 358 416 544 0 0 0 0 208 125 0 65 60 
301 136 109 0 71 84 0 90 65 345 0 32 20 64 49 387 429 608 0 0 0 0 160 125 0 66 60 
299 132 108 0 72 86 0 88 65 350 0 31 18 56 50 395 464 617 0 0 0 0 166 125 0 66 60 
298 133 110 0 74 96 0 90 65 352 0 32 19 59 51 375 423 596 0 0 0 0 140 125 0 67 60 
302 130 110 0 75 102 0 84 65 347 0 32 19 62 52 370 454 651 0 0 0 0 178 125 0 66 60 
301 131 111 0 75 104 0 87 65 347 0 39 19 67 52 414 472 603 0 0 0 0 188 125 0 67 60 
304 131 108 0 76 99 0 93 65 343 0 37 20 67 54 348 439 500 0 0 0 0 145 125 0 67 60 
306 126 107 0 75 96 0 89 64 336 0 34 19 54 55 385 426 621 0 0 0 0 146 125 0 67 60 
303 130 105 0 76 83 0 87 64 340 0 32 19 71 54 380 458 607 0 0 0 0 176 125 0 67 60 
305 128 106 0 77 73 0 88 63 350 0 30 18 78 53 403 410 668 0 0 0 0 163 125 0 67 60 
307 134 108 0 78 70 0 90 65 351 0 29 18 75 51 340 435 672 0 0 0 10 165 125 0 67 60 
305 132 108 0 79 75 0 89 65 341 0 28 20 61 51 408 436 603 0 0 0 10 198 125 0 67 60 
303 130 106 0 80 81 0 85 66 342 0 32 19 41 53 369 464 580 0 0 0 10 167 125 0 67 60 
310 129 108 0 81 80 0 88 66 344 0 35 20 40 53 382 434 563 0 0 0 0 157 125 0 67 60 
302 125 104 0 80 80 0 87 64 351 0 39 18 54 52 353 416 655 0 0 0 0 154 125 0 66 60 
303 129 103 0 79 80 0 86 65 348 0 38 20 66 52 399 428 630 0 0 0 0 162 125 0 67 60 
302 130 110 0 77 79 0 92 63 342 0 36 19 64 52 377 426 632 0 0 0 0 151 125 0 67 60 
305 133 106 0 76 78 0 89 64 342 0 34 18 60 52 397 394 673 0 0 0 0 160 125 0 67 60 
300 126 108 0 75 82 0 92 63 341 0 35 19 65 51 355 475 629 0 0 0 0 136 125 0 67 60 
304 130 107 0 73 89 0 92 65 348 0 35 19 71 52 368 427 554 0 0 0 0 198 125 0 67 60 
302 127 107 0 73 96 0 88 65 350 0 39 19 63 53 421 445 644 0 0 0 0 151 125 0 67 60 
306 131 108 0 73 95 0 89 65 343 0 40 17 65 53 369 397 639 0 0 0 0 194 125 0 67 60 
300 133 105 0 72 87 0 88 65 344 0 41 18 61 52 368 449 648 0 0 0 0 179 125 0 67 60 
302 126 107 0 74 78 0 92 65 349 0 38 18 67 50 389 457 680 0 0 0 0 158 125 0 66 60 
299 128 110 0 74 80 0 86 66 352 0 36 18 64 51 355 474 567 0 0 0 0 174 125 0 67 60 
302 129 109 0 75 78 0 83 66 346 0 33 19 80 51 367 422 707 0 0 0 0 161 125 0 67 60 
297 133 111 0 75 91 0 86 66 341 0 34 19 72 51 418 440 632 0 0 0 0 157 125 0 66 60 
302 135 108 0 75 102 0 86 65 342 0 36 18 61 53 401 471 691 0 0 0 0 211 125 0 66 60 
299 128 106 0 75 105 0 87 66 347 0 39 18 59 53 396 457 628 0 0 0 0 135 125 0 66 60 
302 130 110 0 76 99 0 91 65 348 0 39 17 86 52 391 411 647 0 0 0 0 175 125 0 66 60 
301 124 107 0 76 84 0 93 65 347 0 40 18 87 53 396 458 677 0 0 0 0 183 125 0 65 60 
301 135 108 0 78 76 0 89 65 350 0 35 18 63 55 366 408 591 0 0 0 0 171 125 0 65 60 
304 129 110 0 78 72 0 90 64 350 0 32 18 47 63 360 461 604 0 0 0 0 190 125 0 65 60 
301 132 111 0 77 76 0 89 66 347 0 29 18 66 54 393 454 638 0 0 0 0 193 125 0 65 60 
306 128 110 0 79 81 0 90 65 351 0 28 19 76 51 382 439 675 0 0 0 0 136 125 0 65 60 
305 131 105 0 79 85 0 88 66 343 0 32 19 76 51 360 447 629 0 0 0 0 191 125 0 66 60 
297 131 111 0 78 80 0 87 65 340 0 25 18 75 51 403 459 687 0 0 0 0 227 125 0 66 60 
303 134 108 0 75 75 0 90 66 345 0 28 17 50 50 376 417 669 0 0 0 0 173 125 0 66 60 
305 129 106 0 75 77 0 87 64 352 0 28 19 57 49 395 465 476 0 0 0 10 170 125 0 65 60 
308 125 102 0 74 82 0 93 65 346 0 29 19 64 50 404 457 626 0 0 0 10 185 125 0 66 60 
305 129 111 0 73 85 0 88 65 340 0 29 19 73 51 371 428 595 0 0 0 10 170 125 0 66 60 
306 134 110 0 73 86 0 88 65 342 0 25 20 71 50 358 419 613 0 0 0 0 186 125 0 66 60 
302 133 110 0 74 91 0 85 64 347 0 29 19 64 52 385 435 635 0 0 0 0 168 125 0 66 60 
302 131 111 0 75 94 0 84 63 349 0 30 19 62 51 389 399 685 0 0 0 0 162 125 0 67 60 
302 134 108 0 77 96 0 85 65 345 0 28 17 58 51 386 423 597 0 0 0 0 150 125 0 67 60 
309 127 109 0 78 95 0 87 64 340 0 28 18 59 51 374 475 566 0 0 0 0 161 125 0 68 60 
307 124 109 0 78 98 0 90 65 342 0 28 19 62 53 396 483 613 0 0 0 0 128 125 0 68 60 
302 125 109 0 77 89 0 90 64 342 0 27 19 68 52 395 428 605 0 0 0 10 159 125 0 68 60 
304 128 111 0 76 80 0 84 65 350 0 26 20 66 52 385 421 567 0 0 0 0 138 125 0 68 60 
296 136 109 0 75 79 0 91 63 345 0 27 18 53 52 350 436 584 0 0 0 0 184 125 0 68 60 
296 131 108 0 75 84 0 90 63 339 0 26 18 71 51 380 416 637 0 0 0 0 188 125 0 68 60 
298 130 107 0 75 84 0 85 63 342 0 27 19 76 51 355 439 630 0 0 0 0 178 125 0 68 60 
301 137 111 0 75 84 0 88 65 355 0 26 18 77 53 370 437 636 0 0 0 0 189 125 0 68 60 
302 131 106 0 76 87 0 86 65 356 0 26 18 59 51 384 424 636 0 0 0 0 179 125 0 68 60 
301 126 106 0 77 92 0 88 66 348 0 27 20 39 52 386 424 574 0 0 0 0 186 125 0 68 60 
303 129 103 0 78 92 0 90 66 344 0 26 19 42 51 362 431 615 0 0 0 0 212 125 0 67 60 
295 130 106 0 77 94 0 93 66 345 0 26 21 56 52 370 448 484 0 0 0 0 180 125 0 67 60 
303 132 102 0 77 97 0 88 66 346 0 28 20 69 51 371 408 612 0 0 0 0 159 125 0 67 60 
302 124 111 0 76 97 0 89 65 348 0 26 18 66 52 373 409 627 0 0 0 0 151 125 0 67 60 
304 130 107 0 75 89 0 89 64 345 0 28 18 60 51 384 407 611 0 0 0 0 199 125 0 66 60 
301 123 108 0 74 84 0 92 63 349 0 26 19 66 52 406 436 628 0 0 0 0 207 125 0 65 60 
302 125 104 0 73 80 0 92 65 345 0 27 18 70 52 369 452 629 0 0 0 0 124 125 0 66 60 
302 127 102 0 73 78 0 84 65 346 0 26 17 63 51 371 421 607 0 0 0 0 167 125 0 66 60 
302 130 110 0 73 77 0 90 65 346 0 28 20 66 51 426 465 573 0 0 0 0 166 125 0 66 60 
300 131 106 0 73 75 0 87 64 337 0 26 18 61 51 364 495 595 0 0 0 0 146 125 0 66 60 
300 128 109 0 74 84 0 92 65 331 0 28 19 68 51 394 420 693 0 0 0 0 193 125 0 66 60 
305 126 112 0 75 90 0 89 64 341 0 28 19 67 53 401 411 645 0 0 0 0 156 125 0 65 60 
299 125 106 0 75 100 0 85 65 351 0 28 19 78 52 391 433 612 0 0 0 0 156 125 0 66 60 
302 126 107 0 75 101 0 88 65 344 0 27 19 73 53 375 447 615 0 0 0 0 147 125 0 67 60 
302 132 105 0 75 107 0 88 66 338 0 30 19 62 52 379 402 623 0 0 0 0 224 125 0 67 60 
300 130 107 0 74 112 0 90 66 340 0 26 19 60 55 375 387 620 0 0 0 0 177 125 0 67 60 
302 129 110 0 75 108 0 86 65 347 0 27 20 85 58 392 414 642 0 0 0 0 125 125 0 67 60 
299 134 108 0 75 96 0 87 66 347 0 28 18 90 54 374 413 614 0 0 0 0 148 125 0 68 60 
305 134 107 0 76 83 0 91 65 342 0 26 17 63 52 309 440 708 0 0 0 10 170 125 0 68 60 
306 134 109 0 77 80 0 88 65 339 0 28 18 47 53 337 465 670 0 0 0 10 209 125 0 68 60 
305 126 106 0 79 82 0 86 65 342 0 29 18 62 51 384 467 664 0 0 0 0 150 125 0 67 60 
304 130 106 0 80 86 0 88 65 348 0 29 18 78 53 383 407 619 0 0 0 0 114 125 0 66 60 
305 130 109 0 80 91 0 91 63 352 0 29 18 74 52 428 418 641 0 0 0 0 140 125 0 66 60 
303 127 109 0 81 85 0 94 64 348 0 29 19 76 51 386 467 673 0 0 0 0 144 125 0 66 60 
305 134 107 0 79 76 0 92 64 344 0 27 18 51 49 382 423 641 0 0 0 0 157 125 0 66 60 
296 131 109 0 79 72 0 90 65 349 0 29 17 56 49 420 418 704 0 0 0 0 167 125 0 66 60 
303 128 108 0 77 72 0 86 65 357 0 25 18 65 50 386 391 667 0 0 0 0 172 125 0 66 60 
304 129 110 0 76 72 0 89 65 353 0 27 20 70 50 375 432 601 0 0 0 0 215 125 0 68 60 
308 125 106 0 76 76 0 86 67 344 0 26 19 70 50 395 422 669 0 0 0 0 177 125 0 68 60 
306 131 105 0 76 82 0 84 65 344 0 27 20 63 53 336 427 695 0 0 0 0 156 125 0 69 60 
301 127 108 0 77 83 0 92 65 348 0 28 22 60 54 365 450 702 0 0 0 0 147 125 0 69 60 
308 135 107 0 77 82 0 84 63 350 0 25 22 55 55 365 406 628 0 0 0 10 152 125 0 69 60 
304 133 108 0 76 80 0 86 64 347 0 28 20 61 52 361 406 636 0 0 0 0 190 125 0 67 60 
307 126 109 0 76 84 0 87 65 348 0 27 20 61 51 400 434 561 0 0 0 0 183 125 0 66 60 
305 135 107 0 75 96 0 97 65 350 0 27 20 65 49 350 435 627 0 0 0 0 178 125 0 65 60 
306 131 111 0 73 108 0 92 65 347 0 27 18 67 51 435 411 717 0 0 0 10 189 125 0 64 60 
308 143 105 0 73 118 0 86 65 347 0 27 21 54 52 389 484 613 0 0 0 0 188 125 0 64 60 
305 131 107 0 73 110 0 89 65 344 0 26 20 69 52 382 445 667 0 0 0 0 160 125 0 65 60 
299 122 108 0 73 97 0 85 64 336 0 28 19 76 52 376 403 630 0 0 0 0 180 125 0 65 60 
308 121 108 0 74 81 0 88 65 340 0 27 18 75 51 362 442 617 0 0 0 0 166 125 0 65 60 
301 133 108 0 75 72 0 87 65 349 0 30 18 58 51 372 414 547 0 0 0 0 191 125 0 66 60 
305 138 107 0 76 68 0 93 66 349 0 29 18 36 52 394 455 581 0 0 0 0 181 125 0 65 60 
304 128 110 0 77 71 0 87 66 344 0 29 18 41 51 391 471 617 0 0 0 0 149 125 0 66 60 
305 126 110 0 76 74 0 86 65 341 0 32 19 55 53 378 435 659 0 0 0 10 170 125 0 66 60 
304 131 107 0 77 77 0 92 66 345 0 33 20 65 53 357 440 607 0 0 0 0 121 125 0 66 60 
302 128 109 0 76 82 0 87 66 350 0 32 20 65 51 389 413 639 0 0 0 0 188 125 0 66 60 
304 127 108 0 74 86 0 88 65 349 0 36 19 60 51 421 442 576 0 0 0 0 107 125 0 66 60 
304 134 109 0 74 84 0 90 64 341 0 34 18 67 53 336 422 625 0 0 0 0 148 125 0 66 60 
303 132 106 0 73 82 0 87 65 344 0 35 18 68 50 376 427 633 0 0 0 0 166 125 0 66 60 
303 133 108 0 73 83 0 87 65 341 0 32 19 62 52 363 462 609 0 0 0 0 186 125 0 65 60 
307 128 109 0 73 86 0 90 65 346 0 30 20 62 50 361 463 604 0 0 0 0 188 125 0 66 60 
299 125 108 0 74 87 0 91 64 345 0 30 20 60 52 362 477 564 0 0 0 0 192 125 0 67 60 
301 128 111 0 75 87 0 92 65 338 0 27 20 66 50 353 409 613 0 0 0 0 157 125 0 67 60 
305 126 105 0 76 89 0 90 65 339 0 29 20 70 51 386 360 627 0 0 0 0 168 130 0 68 60 
301 124 107 0 76 85 0 90 65 350 0 28 20 77 50 373 406 601 0 0 0 0 177 130 0 68 60 
301 129 104 0 76 86 0 91 65 352 0 27 18 70 51 415 425 691 0 0 0 0 188 130 0 68 60 
298 129 103 0 74 85 0 89 65 351 0 27 20 57 51 385 448 668 0 0 0 0 192 130 0 69 60 
300 130 109 0 73 81 0 88 65 343 0 28 19 61 54 373 457 579 0 0 0 0 152 130 0 68 60 
299 130 109 0 72 81 0 86 65 347 0 27 21 87 53 399 435 550 0 0 0 0 182 130 0 67 60 
303 125 109 0 72 81 0 83 65 347 0 30 20 82 52 405 447 673 0 0 0 0 181 130 0 67 60 
301 135 107 0 73 80 0 86 64 348 0 26 20 60 51 419 415 658 0 0 0 0 137 130 0 67 60 
303 128 103 0 74 91 0 87 64 347 0 29 20 45 51 387 406 634 0 0 0 0 176 130 0 66 60 
302 129 110 0 75 103 0 87 65 350 0 27 19 71 51 370 435 687 0 0 0 0 212 130 0 65 60 
298 128 108 0 77 109 0 92 65 350 0 28 19 78 51 356 440 675 0 0 0 10 134 130 0 67 60 
303 130 110 0 77 105 0 89 66 349 0 28 20 78 51 420 481 608 0 0 0 10 194 130 0 68 60 
303 139 111 0 77 94 0 92 65 348 0 27 20 63 53 381 393 574 0 0 0 10 188 130 0 69 60 
304 129 112 0 77 91 0 87 65 344 0 27 19 49 50 392 410 704 0 0 0 0 177 130 0 70 60 
303 126 111 0 76 83 0 89 64 335 0 27 19 63 52 360 412 652 0 0 0 0 154 130 0 67 60 
304 135 106 0 76 78 0 90 65 343 0 26 19 64 52 356 452 740 0 0 0 0 179 130 0 69 60 
307 125 110 0 75 75 0 85 66 351 0 29 19 74 52 362 452 679 0 0 0 0 192 130 0 70 60 
307 131 110 0 74 73 0 90 65 352 0 29 19 65 54 350 399 639 0 0 0 0 195 130 0 70 60 
307 129 112 0 73 74 0 86 65 341 0 30 19 65 54 435 439 639 0 0 0 0 192 130 0 70 60 
302 110 112 0 73 74 0 90 64 341 0 33 20 57 52 369 384 627 0 0 0 0 142 130 0 69 60 
304 137 109 0 72 74 0 92 64 346 0 33 19 56 51 384 455 650 0 0 0 0 167 130 0 68 60 
306 131 109 0 73 76 0 91 65 348 0 38 19 63 51 405 408 636 0 0 0 0 169 130 0 68 60 
304 128 110 0 74 75 0 89 65 344 0 34 20 63 52 362 408 697 0 0 0 0 174 130 0 67 60 
306 132 110 0 75 79 0 82 66 341 0 35 20 69 51 354 467 685 0 0 0 0 186 130 0 66 60 
300 130 109 0 75 83 0 85 65 340 0 37 17 60 51 350 454 632 0 0 0 0 176 130 0 66 60 
298 134 110 0 76 87 0 85 65 341 0 35 18 58 51 414 365 669 0 0 0 0 139 130 0 65 60 
302 134 107 0 75 89 0 87 64 347 0 33 18 77 52 382 457 699 0 0 0 0 169 130 0 66 60 
300 129 106 0 76 94 0 93 64 346 0 31 18 76 51 369 412 687 0 0 0 0 185 130 0 67 60 
301 136 110 0 77 97 0 91 64 339 0 32 19 69 51 396 430 608 0 0 0 0 186 130 0 67 60 
302 143 114 0 78 97 0 86 64 341 0 28 19 46 52 405 414 653 0 0 0 0 126 130 0 67 60 
300 133 112 0 80 99 0 93 65 351 0 28 20 40 52 326 465 625 0 0 0 0 153 130 0 67 60 
299 125 111 0 81 95 0 92 64 355 0 29 19 51 52 422 450 626 0 0 0 0 173 130 0 67 60 
302 123 109 0 82 94 0 84 66 349 0 29 18 65 52 423 425 665 0 0 0 0 126 130 0 66 60 
302 127 111 0 81 92 0 82 65 345 0 29 20 65 51 387 455 673 0 0 0 0 156 130 0 66 60 
303 138 109 0 80 92 0 89 66 344 0 29 19 63 51 400 385 704 0 0 0 0 156 130 0 66 60 
302 138 109 0 78 88 0 86 66 349 0 28 19 62 52 357 422 558 0 0 0 0 149 130 0 66 60 
301 134 110 0 76 85 0 89 65 347 0 28 20 71 54 387 466 673 0 0 0 0 172 130 0 66 60 
300 131 112 0 75 83 0 89 64 345 0 28 20 63 53 380 434 505 0 0 0 0 168 130 0 66 60 
301 133 109 0 74 83 0 90 64 348 0 26 20 67 52 362 424 607 0 0 0 0 181 130 0 66 60 
306 128 108 0 74 86 0 88 64 349 0 29 18 60 51 371 433 641 0 0 0 0 213 130 0 65 60 
303 130 111 0 74 89 0 90 64 346 0 27 19 67 51 365 415 608 0 0 0 10 159 130 0 66 60 
297 123 109 0 75 94 0 93 64 349 0 26 19 64 51 380 378 600 0 0 0 0 171 130 0 68 60 
306 132 110 0 74 100 0 85 64 341 0 26 21 79 50 380 455 584 0 0 0 0 169 130 0 67 60 
305 129 106 0 75 105 0 89 64 332 0 28 20 76 53 371 445 613 0 0 0 0 139 130 0 67 60 
304 128 105 0 74 98 0 90 65 342 0 25 18 66 53 399 408 577 0 0 0 0 150 130 0 67 60 
302 124 108 0 75 95 0 88 65 349 0 28 19 60 52 345 450 579 0 0 0 0 199 130 0 67 60 
307 125 109 0 74 88 0 84 65 344 0 27 18 78 54 383 448 615 0 0 0 0 178 130 0 66 60 
303 126 108 0 75 87 0 89 65 339 0 27 18 91 54 384 458 564 0 0 0 0 144 130 0 66 60 
305 127 109 0 76 78 0 91 66 341 0 28 18 69 53 384 412 578 0 0 0 0 152 130 0 66 60 
306 127 103 0 76 72 0 86 65 345 0 29 18 49 50 393 433 603 0 0 0 10 173 130 0 66 60 
302 135 106 0 78 73 0 90 66 348 0 29 19 60 51 392 476 542 0 0 0 10 165 130 0 66 60 
309 121 109 0 78 84 0 89 66 344 0 29 18 79 49 355 466 578 0 0 0 0 152 130 0 66 60 
304 127 105 0 79 92 0 88 65 340 0 29 19 76 50 409 419 601 0 0 0 10 126 130 0 66 60 
305 133 111 0 79 90 0 87 65 341 0 32 19 77 51 386 385 568 0 0 0 0 171 130 0 66 60 
303 128 108 0 78 85 0 89 65 343 0 29 18 51 53 373 410 589 0 0 0 0 179 130 0 65 60 
300 127 104 0 77 82 0 89 63 347 0 28 19 57 54 373 452 558 0 0 0 10 212 130 0 66 60 
301 132 109 0 75 77 0 84 63 347 0 29 19 69 54 367 424 592 0 0 0 0 184 130 0 65 60 
300 134 108 0 74 78 0 95 64 340 0 27 19 69 52 395 437 616 0 0 0 0 204 130 0 66 60 
300 132 108 0 73 85 0 97 64 346 0 30 19 71 52 367 426 627 0 0 0 0 148 130 0 66 60 
296 129 110 0 73 95 0 94 66 353 0 28 19 66 50 358 422 623 0 0 0 0 157 130 0 66 60 
301 127 106 0 73 95 0 94 65 351 0 30 19 61 51 370 404 627 0 0 0 0 175 130 0 65 60 
295 128 108 0 74 86 0 89 65 345 0 30 19 56 52 392 438 503 0 0 0 0 133 130 0 66 60 
301 126 104 0 75 85 0 87 65 344 0 32 19 62 53 362 451 510 0 0 0 0 143 130 0 66 60 
301 129 109 0 76 82 0 86 65 347 0 30 19 63 53 367 474 682 0 0 0 0 173 130 0 66 60 
302 133 108 0 77 75 0 87 64 349 0 31 18 66 52 375 413 668 0 0 0 0 154 130 0 66 60 
301 131 109 0 77 72 0 87 65 345 0 29 20 67 53 427 442 675 0 0 0 0 149 130 0 67 60 
302 132 106 0 76 71 0 87 65 350 0 31 19 56 51 375 425 680 0 0 0 0 193 130 0 68 60 
304 132 107 0 76 79 0 87 64 352 0 30 20 71 53 379 446 624 0 0 0 0 193 130 0 67 60 
299 136 110 0 75 87 0 84 64 350 0 31 20 74 52 370 450 578 0 0 0 0 172 130 0 67 60 
302 135 111 0 74 92 0 89 64 347 0 35 19 77 51 392 445 615 0 0 0 0 166 130 0 66 60 
299 131 107 0 74 98 0 90 65 349 0 35 21 59 53 380 439 685 0 0 0 0 167 130 0 65 60 
306 126 106 0 76 100 0 89 65 337 0 34 21 39 51 377 412 638 0 0 0 0 208 130 0 66 60 
307 135 109 0 76 91 0 87 65 337 0 33 23 41 52 421 423 726 0 0 0 0 175 130 0 66 60 
302 126 106 0 77 87 0 88 65 348 0 29 22 60 52 373 457 641 0 0 0 0 148 130 0 65 60 
305 131 110 0 77 88 0 91 65 350 0 29 22 67 52 377 399 630 0 0 0 0 163 130 0 67 60 
300 131 107 0 77 96 0 86 65 344 0 29 21 63 51 386 486 633 0 0 0 0 179 130 0 67 60 
307 139 107 0 76 95 0 88 65 341 0 29 19 60 52 389 457 676 0 0 0 0 190 130 0 69 60 
305 137 110 0 76 102 0 88 66 344 0 29 19 67 52 379 470 637 0 0 0 10 155 130 0 69 60 
309 123 106 0 75 104 0 87 66 350 0 28 20 68 50 390 447 682 0 0 0 10 246 130 0 70 60 
311 123 106 0 74 104 0 86 66 344 0 33 19 63 51 404 405 674 0 0 0 0 187 130 0 70 60 
304 126 107 0 74 93 0 92 65 343 0 32 19 67 52 371 440 636 0 0 0 0 124 130 0 69 60 
304 133 106 0 74 84 0 93 64 336 0 31 20 59 52 344 394 707 0 0 0 0 194 130 0 68 60 
299 139 106 0 74 85 0 86 64 338 0 31 20 65 51 379 450 678 0 0 0 0 152 130 0 67 60 
299 139 111 0 74 81 0 91 63 344 0 29 20 68 51 395 445 707 0 0 0 10 192 130 0 67 60 
300 124 109 0 74 75 0 85 65 347 0 29 18 81 51 411 423 702 0 0 0 0 188 130 0 66 60 
301 131 107 0 74 70 0 87 64 340 0 30 19 69 51 376 435 630 0 0 0 10 146 130 0 66 60 
302 125 105 0 75 69 0 92 65 342 0 31 20 61 53 411 433 661 0 0 0 0 141 130 0 66 60 
299 130 108 0 74 66 0 92 65 350 0 33 19 63 53 381 414 525 0 0 0 0 214 130 0 66 60 
299 131 107 0 73 70 0 94 65 358 0 32 19 84 52 363 404 627 0 0 0 0 176 130 0 66 60 
299 139 106 0 74 76 0 92 66 352 0 33 19 84 52 362 446 718 0 0 0 0 112 130 0 66 60 
302 131 111 0 74 85 0 89 65 348 0 29 20 66 51 341 440 662 0 0 0 0 163 130 0 65 60 
302 127 107 0 75 87 0 91 64 347 0 29 17 45 51 421 456 659 0 0 0 0 146 130 0 66 60 
299 130 106 0 76 90 0 88 64 347 0 30 18 66 51 333 424 647 0 0 0 0 190 130 0 66 60 
302 126 107 0 77 83 0 87 65 348 0 28 19 78 53 375 425 648 0 0 0 0 159 130 0 68 60 
299 128 106 0 79 81 0 84 65 348 0 29 20 77 54 382 383 529 0 0 0 0 177 130 0 69 60 
302 124 106 0 80 79 0 86 64 351 0 29 20 72 53 403 446 607 0 0 0 0 157 130 0 70 60 
304 128 102 0 81 87 0 87 65 352 0 29 19 49 52 389 467 646 0 0 0 0 164 130 0 70 60 
307 127 106 0 81 103 0 87 64 348 0 30 19 58 51 402 435 611 0 0 0 0 174 130 0 71 60 
299 125 105 0 80 111 0 90 64 349 0 32 19 69 50 392 422 655 0 0 0 0 159 130 0 71 60 
301 123 107 0 79 112 0 87 65 343 0 28 18 72 52 370 437 617 0 0 0 0 144 130 0 71 60 
308 128 106 0 78 100 0 91 66 335 0 30 19 69 53 409 445 617 0 0 0 0 182 130 0 71 60 
304 127 108 0 78 97 0 91 66 342 0 32 19 66 53 370 407 623 0 0 0 0 134 130 0 70 60 
307 127 107 0 78 88 0 90 65 352 0 28 20 63 52 342 447 616 0 0 0 0 149 130 0 70 60 
304 130 102 0 77 82 0 88 66 350 0 30 19 55 51 375 475 595 0 0 0 0 161 130 0 69 60 
306 130 109 0 78 76 0 87 64 341 0 28 19 62 52 358 389 582 0 0 0 0 177 130 0 69 60 
300 134 107 0 78 80 0 89 65 339 0 30 19 63 52 389 379 541 0 0 0 0 201 130 0 69 60 
302 130 109 0 77 87 0 84 64 347 0 27 18 65 53 408 452 622 0 0 0 0 151 130 0 69 60 
305 129 112 0 77 89 0 88 65 349 0 30 18 66 52 370 393 582 0 0 0 0 190 130 0 69 60 
301 129 109 0 75 88 0 87 66 345 0 31 19 54 52 373 440 634 0 0 0 0 222 130 0 68 60 
302 136 108 0 74 87 0 89 66 341 0 32 22 69 51 441 445 680 0 0 0 0 162 130 0 68 60 
300 124 107 0 73 82 0 87 65 339 0 31 21 73 50 345 425 588 0 0 0 0 182 130 0 68 60 
304 129 108 0 73 81 0 88 66 342 0 32 22 76 51 423 442 544 0 0 0 0 142 130 0 67 60 
302 126 109 0 74 80 0 84 64 346 0 30 21 66 52 379 404 602 0 0 0 0 186 130 0 66 60 
299 131 106 0 75 81 0 82 63 347 0 35 20 40 53 392 427 610 0 0 0 0 183 130 0 67 60 
305 127 112 0 76 83 0 90 65 341 0 33 21 39 52 410 411 677 0 0 0 0 188 130 0 66 60 
299 135 110 0 76 79 0 88 64 343 0 30 22 57 51 354 413 645 0 0 0 0 160 130 0 66 60 
300 130 109 0 77 84 0 91 64 353 0 34 23 68 51 378 464 657 0 0 0 0 159 130 0 66 60 
301 137 110 0 77 85 0 87 65 353 0 33 24 64 52 348 426 649 0 0 0 0 141 130 0 67 60 
299 127 110 0 76 85 0 87 64 349 0 34 23 61 51 376 429 665 0 0 0 0 171 130 0 69 60 
303 125 111 0 75 80 0 92 65 343 0 34 25 65 51 368 426 603 0 0 0 0 254 130 0 70 60 
298 129 109 0 74 81 0 91 66 345 0 29 23 70 52 388 448 624 0 0 0 0 130 130 0 71 60 
301 132 109 0 73 83 0 87 66 349 0 29 22 61 53 396 458 647 0 0 0 10 109 130 0 71 60 
300 129 107 0 74 80 0 86 66 344 0 28 21 67 54 401 473 732 0 0 0 0 164 130 0 72 60 
302 133 105 0 73 74 0 84 65 347 0 27 22 61 55 359 432 682 0 0 0 0 176 130 0 72 60 
305 131 111 0 74 78 0 88 63 349 0 30 21 65 55 349 455 649 0 0 0 0 169 130 0 73 60 
304 125 109 0 74 84 0 89 63 349 0 26 20 62 54 398 432 670 0 0 0 0 202 130 0 72 60 
301 133 110 0 76 86 0 93 64 348 0 29 20 82 50 382 416 659 0 0 0 0 185 130 0 72 60 
301 125 111 0 76 86 0 92 65 346 0 28 19 74 51 405 416 703 0 0 0 10 140 130 0 72 60 
310 135 109 0 76 85 0 91 65 337 0 27 18 63 49 403 429 710 0 0 0 0 172 130 0 71 60 
306 133 111 0 75 84 0 94 64 334 0 27 17 61 49 407 451 684 0 0 0 0 217 130 0 70 60 
305 131 111 0 75 81 0 88 66 344 0 27 18 78 50 384 450 661 0 0 0 0 136 130 0 69 60 
306 131 112 0 73 85 0 89 65 353 0 26 17 88 51 377 449 630 0 0 0 10 130 130 0 68 60 
303 126 111 0 73 89 0 83 65 346 0 25 18 64 53 378 428 647 0 0 0 0 159 130 0 67 60 
303 127 110 0 73 89 0 91 65 343 0 26 18 52 55 381 438 691 0 0 0 0 218 130 0 67 60 
304 132 110 0 73 80 0 89 66 342 0 26 18 58 53 360 378 673 0 0 0 0 136 130 0 66 60 
304 126 108 0 74 78 0 85 65 349 0 27 18 74 52 401 446 665 0 0 0 0 128 130 0 67 60 
303 130 111 0 75 79 0 93 65 346 0 25 17 77 50 404 466 692 0 0 0 0 174 130 0 66 60 
304 132 110 0 76 80 0 86 66 348 0 27 17 78 50 358 462 586 0 0 0 0 168 130 0 66 60 
296 123 112 0 78 76 0 87 66 344 0 26 18 52 52 364 441 649 0 0 0 0 165 130 0 67 60 
302 128 106 0 77 75 0 86 65 341 0 26 19 53 53 362 414 734 0 0 0 0 177 130 0 67 60 
302 125 104 0 76 74 0 92 64 348 0 29 19 67 54 410 439 639 0 0 0 0 196 130 0 67 60 
298 126 106 0 76 74 0 88 64 352 0 27 19 69 53 393 370 685 0 0 0 0 192 130 0 67 60 
302 128 108 0 76 74 0 85 64 347 0 27 20 71 51 408 466 666 0 0 0 0 160 130 0 66 60 
297 132 110 0 75 72 0 91 64 340 0 26 20 61 52 371 427 670 0 0 0 0 164 130 0 67 60 
299 131 111 0 75 69 0 87 64 345 0 26 20 65 51 383 458 583 0 0 0 10 170 130 0 66 60 
296 127 107 0 74 65 0 85 65 357 0 29 20 56 53 405 430 599 0 0 0 0 136 130 0 66 60 
299 132 110 0 73 68 0 88 65 352 0 27 20 57 50 370 426 655 0 0 0 0 178 130 0 66 60 
300 131 109 0 71 74 0 94 64 348 0 28 21 64 50 398 452 693 0 0 0 0 190 130 0 66 60 
302 130 110 0 72 103 0 93 65 343 0 32 21 65 52 390 420 644 0 0 0 0 149 130 0 66 60 
301 127 107 0 72 117 0 91 65 349 0 37 21 66 51 351 419 648 0 0 0 0 140 130 0 66 60 
295 129 109 0 72 117 0 92 66 346 0 37 22 55 50 379 408 622 0 0 0 0 154 130 0 66 60 
304 137 108 0 73 131 0 88 65 344 0 34 20 66 51 387 402 574 0 0 0 0 162 130 0 66 60 
302 128 108 0 73 119 0 88 66 346 0 32 20 75 51 329 447 649 0 0 0 0 177 130 0 65 60 
304 130 108 0 74 118 0 84 64 349 0 28 20 75 52 381 468 649 0 0 0 0 191 130 0 66 60 
302 134 111 0 75 110 0 86 64 347 0 26 21 65 52 341 403 715 0 0 0 0 188 130 0 67 60 
297 127 107 0 76 115 0 86 64 347 0 28 20 43 52 389 378 537 0 0 0 0 154 130 0 68 60 
304 131 107 0 76 121 0 83 65 349 0 27 20 39 51 397 479 643 0 0 0 0 196 130 0 70 60 
307 129 109 0 79 127 0 89 65 338 0 25 20 53 52 396 457 695 0 0 0 0 181 130 0 71 60 
308 131 108 0 80 116 0 89 66 333 0 27 18 68 51 415 449 622 0 0 0 0 184 130 0 72 60 
304 131 108 0 81 99 0 92 64 344 0 25 19 65 53 387 440 644 0 0 0 0 132 130 0 72 60 
309 131 108 0 78 81 0 93 65 348 0 27 18 60 51 361 408 634 0 0 0 0 156 130 0 73 60 
302 129 110 0 81 71 0 85 64 344 0 32 18 63 51 361 383 578 0 0 0 10 185 130 0 73 60 
302 133 111 0 74 66 0 88 65 340 0 30 18 74 50 335 421 587 0 0 0 10 178 130 0 73 60 
306 131 107 0 70 70 0 87 66 342 0 35 17 62 52 379 419 728 0 0 0 0 148 130 0 73 60 
304 127 111 0 76 73 0 89 67 350 0 39 20 65 52 353 445 633 0 0 0 0 174 130 0 73 60 
306 131 110 0 75 74 0 87 67 346 0 39 18 62 52 370 436 685 0 0 0 0 144 130 0 73 60 
303 131 107 0 65 77 0 93 66 344 0 36 20 67 52 411 430 690 0 0 0 0 165 130 0 72 60 
300 128 108 0 74 82 0 89 65 339 0 33 18 61 51 370 428 617 0 0 0 0 202 130 0 71 60 
306 125 110 0 74 80 0 85 64 341 0 33 19 81 52 360 463 637 0 0 0 0 163 130 0 71 60 
297 135 107 0 77 77 0 93 64 346 0 35 19 79 52 378 406 574 0 0 0 0 169 130 0 70 60 
301 126 106 0 77 78 0 87 65 347 0 34 19 64 52 332 441 719 0 0 0 0 208 130 0 71 60 
298 128 108 0 77 81 0 87 65 344 0 35 19 58 54 400 464 677 0 0 0 0 156 130 0 70 60 
301 123 110 0 77 86 0 85 65 338 0 31 21 78 53 376 463 761 0 0 0 0 213 130 0 70 60 
300 130 110 0 76 79 0 91 65 348 0 29 21 90 53 395 458 639 0 0 0 0 158 130 0 70 60 
301 135 108 0 77 82 0 88 65 355 0 28 21 68 52 378 429 674 0 0 0 0 200 130 0 70 60 
300 131 107 0 77 81 0 87 65 352 0 27 21 54 52 382 472 601 0 0 0 0 143 130 0 70 60 
303 126 108 0 78 83 0 95 66 345 0 29 21 53 51 368 467 645 0 0 0 0 170 130 0 69 60 
300 131 108 0 79 82 0 91 65 344 0 31 22 72 53 433 418 648 0 0 0 0 133 130 0 69 60 
297 129 109 0 80 84 0 90 65 348 0 34 22 75 52 377 438 702 0 0 0 0 166 130 0 70 60 
297 127 109 0 80 88 0 93 65 348 0 39 24 81 53 382 372 736 0 0 0 0 142 130 0 71 60 
294 133 107 0 79 93 0 92 65 348 0 40 24 59 51 408 458 680 0 0 0 0 194 130 0 71 60 
305 130 107 0 79 88 0 89 65 351 0 45 23 50 51 394 461 659 0 0 0 10 206 130 0 72 60 
302 132 104 0 78 90 0 85 64 350 0 47 23 66 50 410 435 675 0 0 0 0 207 130 0 73 60 
301 130 109 0 76 90 0 85 65 348 0 44 23 70 52 374 434 712 0 0 0 10 154 130 0 73 60 
302 124 107 0 75 86 0 85 64 348 0 41 23 70 50 410 440 692 0 0 0 0 199 130 0 73 60 
307 123 107 0 74 84 0 84 65 342 0 43 24 62 53 383 399 605 0 0 0 0 149 130 0 73 60 
305 125 112 0 74 84 0 91 66 335 0 39 24 65 51 413 431 681 0 0 0 0 159 130 0 73 60 
301 127 108 0 74 85 0 88 65 335 0 37 24 56 52 362 430 562 0 0 0 10 180 130 0 73 60 
306 128 106 0 74 88 0 93 66 349 0 38 23 56 52 397 399 650 0 0 0 0 193 130 0 73 60 
301 129 106 0 75 94 0 93 65 345 0 39 21 62 53 377 433 724 0 0 0 0 174 130 0 73 60 
304 125 103 0 76 98 0 90 65 343 0 38 20 65 51 372 443 675 0 0 0 0 155 130 0 72 60 
304 124 107 0 76 101 0 89 64 340 0 36 21 68 53 329 415 678 0 0 0 0 158 130 0 71 60 
304 126 104 0 76 96 0 85 65 346 0 34 19 54 54 377 424 605 0 0 0 0 209 130 0 70 60 
305 129 107 0 76 93 0 92 64 350 0 34 19 67 54 428 449 665 0 0 0 0 146 130 0 71 60 
303 130 105 0 75 93 0 86 66 345 0 30 21 80 52 361 455 517 0 0 0 10 203 130 0 70 60 
304 127 105 0 74 98 0 88 66 341 0 31 20 74 51 384 438 589 0 0 0 0 143 130 0 70 60 
305 134 109 0 73 94 0 86 65 340 0 28 19 66 50 362 442 609 0 0 0 0 177 130 0 70 60 
298 131 103 0 74 79 0 93 64 342 0 32 18 44 50 343 485 636 0 0 0 0 117 130 0 69 60 
301 133 109 0 75 75 0 87 64 349 0 34 18 40 49 369 463 572 0 0 0 10 183 130 0 68 60 
302 125 108 0 76 74 0 88 66 345 0 39 17 49 52 391 423 593 0 0 0 0 217 130 0 69 60 
302 131 107 0 76 76 0 90 65 343 0 44 19 67 52 415 425 592 0 0 0 0 141 130 0 69 60 
299 130 107 0 77 79 0 81 65 341 0 47 20 66 52 380 410 613 0 0 0 10 187 130 0 69 60 
302 128 108 0 76 84 0 84 63 354 0 46 19 60 54 386 480 570 0 0 0 0 138 130 0 68 60 
296 129 106 0 76 86 0 87 64 355 0 45 19 62 55 364 437 575 0 0 0 0 113 130 0 68 60 
302 135 108 0 75 91 0 93 62 350 0 44 19 74 52 364 457 656 0 0 0 0 137 130 0 69 60 
302 134 109 0 74 95 0 86 64 345 0 46 19 63 51 359 451 500 0 0 0 0 167 130 0 69 60 
299 124 107 0 74 97 0 89 65 345 0 44 21 63 50 385 455 591 0 0 0 0 155 130 0 68 60 
302 131 110 0 75 88 0 92 65 349 0 43 21 62 51 370 462 622 0 0 0 0 176 130 0 68 60 
296 131 107 0 74 80 0 91 67 347 0 42 22 69 52 358 401 620 0 0 0 0 160 130 0 68 60 
303 129 109 0 75 79 0 91 66 346 0 34 24 62 52 367 418 623 0 0 0 0 164 130 0 67 60 
303 125 110 0 75 85 0 86 66 352 0 29 23 81 53 384 433 654 0 0 0 0 167 130 0 67 60 
307 130 106 0 75 84 0 84 64 349 0 30 22 77 55 355 455 546 0 0 0 0 198 130 0 67 60 
297 132 110 0 74 87 0 86 64 348 0 28 23 66 54 348 478 529 0 0 0 0 183 130 0 67 60 
307 135 108 0 74 83 0 89 64 347 0 28 22 58 53 361 422 636 0 0 0 0 230 130 0 67 60 
308 133 108 0 74 79 0 89 65 340 0 31 22 78 52 359 403 620 0 0 0 0 142 130 0 67 60 
304 138 108 0 74 83 0 91 65 332 0 30 24 92 50 404 443 615 0 0 0 0 153 130 0 68 60 
307 125 105 0 74 82 0 92 65 345 0 34 25 66 50 370 413 632 0 0 0 0 150 130 0 69 60 
305 135 108 0 75 88 0 88 65 353 0 33 22 51 51 367 429 617 0 0 0 0 156 130 0 68 60 
304 124 109 0 76 84 0 86 65 349 0 37 22 59 52 352 431 581 0 0 0 0 174 130 0 69 60 
301 136 102 0 75 84 0 91 64 344 0 36 20 75 52 409 463 573 0 0 0 0 191 130 0 69 60 
305 134 106 0 78 81 0 87 65 340 0 34 18 75 55 335 446 627 0 0 0 0 194 130 0 69 60 
307 132 109 0 79 85 0 89 66 346 0 33 20 80 53 372 400 634 0 0 0 0 190 130 0 69 60 
304 129 108 0 79 86 0 88 65 347 0 32 19 57 51 392 442 691 0 0 0 0 160 130 0 68 60 
305 137 110 0 80 91 0 91 66 343 0 31 18 54 53 412 405 659 0 0 0 10 182 130 0 69 60 
299 130 108 0 80 97 0 88 65 341 0 30 20 67 51 387 433 686 0 0 0 0 169 130 0 68 60 
299 126 112 0 80 104 0 84 66 340 0 31 19 72 52 334 399 603 0 0 0 10 147 130 0 68 60 
300 127 109 0 78 107 0 93 65 344 0 30 18 72 52 379 442 621 0 0 0 0 151 130 0 67 60 
302 131 109 0 79 93 0 86 65 346 0 28 17 61 51 377 395 661 0 0 0 0 173 130 0 67 60 
303 130 112 0 78 84 0 89 65 343 0 27 18 65 51 362 429 673 0 0 0 0 169 130 0 67 60 
301 125 109 0 79 79 0 88 65 341 0 30 18 57 51 391 395 693 0 0 0 0 181 130 0 67 60 
301 124 107 0 78 78 0 87 65 347 0 28 19 58 51 411 421 643 0 0 0 10 182 130 0 67 60 
302 125 106 0 78 81 0 89 64 354 0 27 19 61 50 408 398 672 0 0 0 10 151 130 0 67 60 
302 127 109 0 78 85 0 91 65 351 0 30 19 66 51 415 462 666 0 0 0 0 194 130 0 67 60 
295 128 112 0 77 89 0 89 64 344 0 28 19 69 51 438 452 638 0 0 0 0 179 130 0 67 60 
302 132 109 0 76 93 0 82 66 344 0 28 19 54 50 411 442 666 0 0 0 10 170 130 0 68 60 
295 124 112 0 75 85 0 92 65 348 0 30 20 66 53 402 416 625 0 0 0 10 189 130 0 70 60 
301 127 107 0 74 85 0 95 66 349 0 31 20 78 54 346 480 673 0 0 0 0 232 130 0 70 60 
302 128 104 0 73 84 0 96 66 345 0 34 20 77 53 381 439 625 0 0 0 10 166 130 0 71 60 
306 129 102 0 73 80 0 90 65 350 0 38 21 65 54 392 451 636 0 0 0 10 115 130 0 71 60 
308 129 110 0 73 80 0 92 64 348 0 41 23 41 57 360 450 687 0 0 0 10 171 130 0 72 60 
298 128 110 0 74 82 0 91 63 349 0 44 25 40 81 405 443 665 0 0 0 0 176 130 0 72 60 
307 128 109 0 75 85 0 83 64 348 0 41 23 51 57 393 495 676 0 0 0 0 136 130 0 72 60 
308 139 108 0 76 82 0 85 65 348 0 36 25 66 52 341 398 622 0 0 0 0 169 130 0 71 60 
309 129 108 0 76 80 0 88 65 337 0 36 24 66 50 412 370 732 0 0 0 0 229 130 0 72 60 
307 128 109 0 75 82 0 84 65 337 0 34 24 60 50 397 402 496 0 0 0 0 169 130 0 74 60 
308 127 106 0 75 88 0 85 65 348 0 34 25 62 49 376 418 626 0 0 0 0 147 130 0 74 60 
305 129 109 0 75 94 0 90 64 350 0 37 26 72 49 357 413 631 0 0 0 10 156 130 0 74 60 
304 130 110 0 74 103 0 92 63 343 0 40 28 63 49 368 432 667 0 0 0 0 176 130 0 74 60 
304 127 108 0 73 110 0 91 64 341 0 40 27 65 49 379 430 628 0 0 0 0 146 130 0 74 60 
304 128 110 0 73 104 0 86 64 342 0 44 27 61 49 356 397 629 0 0 0 0 179 130 0 74 60 
305 133 108 0 74 89 0 87 66 348 0 47 24 69 50 391 430 628 0 0 0 10 205 130 0 74 60 
300 136 111 0 73 80 0 83 65 344 0 49 20 63 51 383 446 589 0 0 0 10 183 130 0 73 60 
303 135 107 0 74 78 0 89 66 343 0 46 19 79 51 371 425 576 0 0 0 10 110 130 0 73 60 
304 130 106 0 75 79 0 89 66 341 0 41 19 77 49 429 444 656 0 0 0 0 185 130 0 73 60 
294 128 109 0 75 77 0 89 65 341 0 38 18 66 51 361 413 611 0 0 0 0 175 130 0 73 60 
304 127 111 0 75 78 0 92 64 349 0 35 17 59 50 401 393 622 0 0 0 0 174 130 0 73 60 
300 135 108 0 74 83 0 88 63 349 0 31 18 79 49 391 480 639 0 0 0 0 184 130 0 73 60 
299 128 108 0 73 83 0 90 64 345 0 31 20 93 51 358 457 647 0 0 0 10 166 130 0 73 60 
300 134 110 0 73 83 0 86 65 342 0 30 20 66 51 375 407 607 0 0 0 10 150 130 0 73 60 
304 133 108 0 72 79 0 92 65 350 0 32 23 49 50 387 442 583 0 0 0 10 155 130 0 73 60 
299 139 107 0 71 81 0 88 65 355 0 31 25 58 51 364 455 626 0 0 0 10 213 130 0 73 60 
299 127 109 0 72 82 0 87 66 350 0 33 28 77 51 359 490 646 0 0 0 0 168 130 0 73 60 
303 126 107 0 74 84 0 89 64 347 0 38 32 73 50 372 412 556 0 0 0 10 145 130 0 73 60 
296 124 108 0 75 88 0 87 65 345 0 38 34 80 51 446 468 638 0 0 0 0 145 130 0 74 60 
301 134 108 0 76 91 0 90 66 348 0 39 35 56 52 385 433 638 0 0 0 10 171 130 0 74 60 
299 136 109 0 76 87 0 89 65 347 0 41 37 54 51 334 439 640 0 0 0 10 175 130 0 74 60 
307 132 108 0 76 85 0 96 65 345 0 40 34 66 50 405 452 672 0 0 0 10 172 130 0 74 60 
302 132 111 0 76 87 0 87 66 349 0 40 31 70 50 377 417 654 0 0 0 10 154 130 0 74 60 
297 128 110 0 75 87 0 89 65 348 0 42 24 72 50 397 401 578 0 0 0 0 177 130 0 74 60 
306 130 107 0 76 90 0 92 64 349 0 44 19 61 52 354 465 620 0 0 0 0 144 130 0 73 60 
302 126 108 0 76 87 0 90 64 349 0 41 18 63 51 368 462 680 0 0 0 0 169 130 0 74 60 
303 129 107 0 75 87 0 88 65 341 0 40 19 57 52 379 413 672 0 0 0 10 155 130 0 73 60 
308 134 106 0 75 90 0 82 65 333 0 36 20 59 52 368 432 720 0 0 0 10 173 130 0 73 60 
304 130 109 0 73 90 0 86 66 344 0 36 18 61 51 388 413 671 0 0 0 0 169 130 0 73 60 
302 130 106 0 72 86 0 85 66 352 0 40 18 67 51 371 471 665 0 0 0 10 146 130 0 73 60 
306 123 112 0 72 86 0 87 66 346 0 40 17 71 53 429 446 632 0 0 0 0 191 130 0 73 60 
307 124 108 0 71 85 0 96 65 343 0 42 17 55 51 335 397 613 0 0 0 0 182 130 0 73 60 
304 133 106 0 73 80 0 89 65 342 0 43 18 66 51 365 502 675 0 0 0 0 144 130 0 74 60 
305 131 108 0 73 79 0 91 65 349 0 44 18 78 50 368 410 636 0 0 0 0 194 130 0 73 60 
299 132 107 0 73 86 0 93 65 350 0 44 19 79 53 370 426 760 0 0 0 0 189 130 0 73 60 
307 127 108 0 75 88 0 86 65 343 0 45 19 65 53 421 428 682 0 0 0 10 244 130 0 73 60 
299 126 109 0 76 89 0 86 65 344 0 43 20 43 55 350 403 651 0 0 0 10 146 130 0 73 60 
301 127 109 0 78 85 0 88 65 342 0 45 19 42 55 353 423 657 0 0 0 10 139 130 0 74 60 
307 132 112 0 79 89 0 90 64 347 0 44 18 51 54 415 380 685 0 0 0 0 185 130 0 73 60 
303 127 111 0 80 91 0 87 64 349 0 49 21 66 51 390 409 710 0 0 0 10 186 130 0 74 60 
300 132 110 0 81 88 0 85 66 347 0 52 20 67 49 377 467 638 0 0 0 0 112 130 0 74 60 
297 126 102 0 81 90 0 94 66 339 0 50 20 62 50 396 442 698 0 0 0 0 189 130 0 75 60 
300 131 106 0 81 89 0 87 66 343 0 52 22 60 50 392 441 644 0 0 0 0 187 130 0 75 60 
297 131 109 0 80 91 0 86 64 353 0 51 22 74 53 407 411 641 0 0 0 0 192 130 0 75 60 
300 131 104 0 78 86 0 86 64 351 0 47 23 64 53 356 405 674 0 0 0 10 156 130 0 75 60 
303 125 108 0 78 86 0 84 63 346 0 47 25 65 53 353 467 706 0 0 0 10 175 130 0 76 60 
296 126 109 0 77 88 0 84 64 344 0 44 26 60 53 366 476 686 0 0 0 10 182 130 0 76 60 
303 131 105 0 76 90 0 88 64 345 0 44 26 69 53 366 449 647 0 0 0 0 142 130 0 76 60 
301 128 106 0 76 86 0 92 65 349 0 45 25 63 50 362 443 635 0 0 0 0 183 130 0 76 60 
300 129 107 0 74 82 0 89 65 346 0 43 27 77 50 366 445 561 0 0 0 10 145 130 0 76 60 
305 131 108 0 75 78 0 91 65 348 0 46 27 76 50 411 405 570 0 0 0 0 185 130 0 75 60 
300 130 110 0 75 76 0 85 65 350 0 46 25 68 50 371 422 645 0 0 0 0 168 130 0 75 60 
303 131 107 0 74 76 0 91 65 347 0 49 22 57 51 389 439 659 0 0 0 0 143 130 0 75 60 
302 133 109 0 74 81 0 87 65 349 0 52 22 73 50 383 405 682 0 0 0 10 216 130 0 75 60 
302 133 107 0 73 82 0 88 65 345 0 50 22 93 50 375 434 613 0 0 0 0 156 130 0 74 60 
307 132 108 0 74 85 0 86 63 340 0 49 20 70 50 334 419 595 0 0 0 0 147 130 0 75 60 
306 130 111 0 75 88 0 85 65 337 0 42 22 54 52 411 449 600 0 0 0 0 144 130 0 75 60 
303 132 107 0 75 88 0 92 64 347 0 36 21 53 53 425 391 607 0 0 0 10 219 130 0 74 60 
305 136 109 0 77 90 0 91 64 353 0 36 19 75 52 384 423 584 0 0 0 10 157 130 0 74 60 
308 129 108 0 78 86 0 88 63 344 0 37 20 76 52 373 469 659 0 0 0 0 193 130 0 74 60 
301 141 109 0 78 88 0 89 64 342 0 38 21 79 53 390 428 586 0 0 0 10 199 130 0 73 60 
307 121 107 0 78 87 0 92 65 344 0 45 21 61 53 405 448 635 0 0 0 10 224 130 0 73 60 
301 126 111 0 78 89 0 92 64 350 0 43 23 50 52 365 459 594 0 0 0 0 153 130 0 73 60 
305 125 106 0 77 88 0 88 66 345 0 45 26 63 51 355 438 585 0 0 0 10 135 130 0 73 60 
307 137 109 0 76 86 0 86 65 344 0 45 29 66 53 379 451 628 0 0 0 10 169 130 0 73 60 
300 133 108 0 75 88 0 86 66 342 0 44 32 74 52 408 458 622 0 0 0 0 128 130 0 73 60 
301 132 112 0 74 88 0 86 65 341 0 35 35 65 51 324 403 539 0 0 0 0 149 130 0 73 60 
298 134 111 0 74 88 0 83 65 348 0 33 38 65 50 379 471 521 0 0 0 0 174 130 0 73 60 
302 127 108 0 74 88 0 88 65 349 0 36 37 55 52 405 406 624 0 0 0 10 172 130 0 73 60 
294 127 110 0 74 95 0 89 65 344 0 36 34 58 52 369 450 612 0 0 0 0 169 130 0 74 60 
304 131 111 0 75 96 0 89 65 343 0 38 29 61 52 367 454 595 0 0 0 0 162 130 0 76 60 
302 127 106 0 75 95 0 91 64 350 0 37 24 63 52 322 442 681 0 0 0 0 158 130 0 76 60 
302 130 106 0 76 92 0 88 65 355 0 37 20 71 53 400 419 584 0 0 0 10 151 130 0 76 60 
304 130 109 0 76 89 0 88 63 352 0 36 19 57 51 376 460 567 0 0 0 10 118 130 0 77 60 
298 128 109 0 76 85 0 89 63 345 0 35 19 61 50 427 411 586 0 0 0 10 152 125 0 77 60 
299 123 109 0 76 82 0 88 63 344 0 30 18 79 51 326 439 610 0 0 0 10 215 125 0 78 60 
301 127 110 0 75 83 0 91 65 349 0 31 17 77 52 365 403 630 0 0 0 10 181 125 0 78 60 
306 130 111 0 75 89 0 87 66 347 0 31 16 70 52 350 423 636 0 0 0 10 159 125 0 77 60 
304 124 108 0 76 85 0 91 66 343 0 30 17 46 52 382 372 654 0 0 0 0 181 125 0 75 60 
305 131 106 0 76 80 0 89 65 348 0 33 17 41 51 425 446 643 0 0 0 10 165 125 0 75 60 
302 125 111 0 77 83 0 95 65 351 0 31 20 50 52 409 454 590 0 0 0 10 198 125 0 74 60 
304 127 109 0 77 88 0 94 63 348 0 35 18 63 52 435 484 548 0 0 0 0 158 125 0 74 60 
302 131 108 0 77 89 0 89 62 349 0 36 22 65 52 364 425 616 0 0 0 0 163 125 0 73 60 
301 127 108 0 76 89 0 91 64 344 0 38 25 63 52 355 380 681 0 0 0 0 192 125 0 73 60 
306 130 106 0 75 90 0 87 65 334 0 39 27 61 51 393 467 748 0 0 0 0 183 125 0 73 60 
303 133 113 0 75 90 0 86 65 334 0 42 27 72 52 376 422 621 0 0 0 10 199 125 0 73 60 
304 127 107 0 74 86 0 84 64 346 0 44 30 64 53 340 431 677 0 0 0 0 194 125 0 73 60 
307 134 108 0 74 80 0 88 64 349 0 44 31 64 53 405 471 583 0 0 0 0 171 125 0 73 60 
304 143 108 0 74 79 0 89 63 341 0 46 31 60 53 414 398 677 0 0 0 0 182 125 0 73 60 
309 125 100 0 74 83 0 80 64 341 0 43 29 66 50 363 445 677 0 0 0 0 181 125 0 73 60 
303 133 104 0 75 83 0 91 65 345 0 38 24 64 51 379 436 739 0 0 0 0 160 125 0 73 60 
306 134 108 0 75 87 0 94 65 349 0 38 20 77 52 367 460 651 0 0 0 10 138 125 0 73 60 
304 132 110 0 74 93 0 92 66 347 0 39 18 77 52 378 434 666 0 0 0 10 126 125 0 72 60 
301 125 109 0 74 93 0 88 66 344 0 34 19 69 51 361 464 629 0 0 0 10 229 125 0 72 60 
303 133 109 0 73 85 0 88 66 340 0 32 17 59 52 330 400 697 0 0 0 0 201 125 0 72 60 
301 133 104 0 73 81 0 88 65 342 0 29 19 68 52 429 439 662 0 0 0 0 141 125 0 72 60 
304 132 103 0 73 86 0 85 66 347 0 29 20 92 53 398 455 711 0 0 0 0 169 125 0 73 60 
298 126 108 0 74 94 0 92 65 349 0 33 20 71 52 384 456 658 0 0 0 0 158 125 0 73 60 
307 130 107 0 74 90 0 88 64 344 0 38 21 55 53 345 434 684 0 0 0 0 150 125 0 73 60 
297 131 109 0 75 87 0 85 64 345 0 38 23 48 52 335 405 530 0 0 0 0 186 125 0 74 60 
302 129 109 0 76 86 0 91 64 354 0 44 21 75 52 375 421 701 0 0 0 0 206 125 0 75 60 
299 132 108 0 77 80 13 87 64 355 0 46 23 76 51 377 396 696 0 0 0 0 145 125 0 75 60 
301 132 109 0 77 71 21 88 65 349 0 43 22 77 53 389 451 621 0 0 0 0 135 125 0 75 60 
302 132 106 0 79 70 29 89 65 346 0 41 23 59 52 410 433 692 0 0 0 0 153 125 0 75 60 
303 137 108 0 79 69 34 87 64 344 0 41 21 51 52 399 461 631 0 0 0 0 177 125 0 75 60 
301 131 111 0 79 70 37 87 64 347 0 41 21 65 51 360 451 701 0 0 0 10 195 125 0 75 60 
301 125 107 0 79 67 40 86 65 345 0 40 19 65 52 404 469 560 0 0 0 0 125 125 0 74 60 
306 126 108 0 79 65 41 93 65 344 0 40 20 74 51 371 466 613 0 0 0 10 160 125 0 74 60 
301 124 109 0 78 67 44 89 65 349 0 39 19 63 52 403 431 605 0 0 0 0 158 125 0 75 60 
306 135 109 0 79 67 47 93 65 350 0 38 19 65 51 388 401 649 0 0 0 0 167 125 0 75 60 
304 133 108 0 79 66 49 91 64 350 0 37 19 55 49 370 443 649 0 0 0 0 136 125 0 74 60 
302 134 111 0 78 64 50 88 64 349 0 35 19 57 50 407 400 613 0 0 0 0 128 125 0 75 60 
306 135 109 0 79 67 49 90 61 343 0 33 20 64 53 384 412 613 0 0 0 0 259 125 0 73 60 
304 128 109 0 78 67 50 89 66 335 0 36 20 63 52 357 464 609 0 0 0 0 178 125 0 73 60 
303 128 108 0 76 65 50 91 65 341 0 35 20 70 54 424 420 643 0 0 0 0 212 125 0 74 60 
303 129 108 0 75 65 49 86 64 351 0 39 20 60 55 352 484 648 0 0 0 0 170 125 0 72 60 
308 127 109 0 74 68 50 89 64 349 0 39 21 61 53 382 441 684 0 0 0 10 123 125 0 72 60 
304 131 107 0 73 67 50 87 65 344 0 37 21 79 53 394 443 575 0 0 0 10 152 125 0 72 60 
305 132 107 0 73 65 49 85 64 343 0 36 23 77 50 373 413 664 0 0 0 10 139 125 0 72 60 
303 124 109 0 73 65 49 87 64 347 0 36 22 68 50 432 408 636 0 0 0 0 210 125 0 73 60 
305 123 110 0 74 68 49 90 66 350 0 35 22 46 52 370 444 603 0 0 0 0 147 125 0 73 60 
304 137 106 0 75 67 48 91 67 345 0 40 22 40 53 379 432 665 0 0 0 0 176 125 0 73 60 
297 129 107 0 76 64 49 90 66 342 0 41 21 50 52 379 483 657 0 0 0 0 194 125 0 73 60 
303 128 107 0 76 65 48 89 65 340 0 45 20 64 53 430 424 629 0 0 0 10 156 125 0 74 60 
304 126 107 0 77 67 48 90 64 342 0 44 20 65 54 367 400 569 0 0 0 10 165 125 0 74 60 
298 126 110 0 76 66 48 86 66 349 0 43 22 63 53 361 422 665 0 0 0 10 160 125 0 73 60 
301 122 107 0 75 64 50 87 66 344 0 46 21 63 52 374 440 648 0 0 0 10 156 125 0 74 60 
302 126 108 0 75 64 50 91 66 340 0 46 23 74 52 371 430 674 0 0 0 10 182 125 0 74 60 
304 126 107 0 74 67 50 86 66 340 0 47 22 65 53 316 421 687 0 0 0 10 196 125 0 74 60 
300 130 110 0 74 65 49 87 65 347 0 45 22 66 53 364 440 658 0 0 0 0 170 125 0 73 60 
302 135 107 0 75 64 50 91 64 354 0 44 22 62 53 367 368 609 0 0 0 0 168 125 0 73 60 
299 130 106 0 75 66 50 89 64 348 0 42 21 67 53 373 436 649 0 0 0 0 217 125 0 73 60 
304 131 108 0 75 68 49 85 63 343 0 42 21 63 52 394 437 658 0 0 0 10 177 125 0 73 60 
301 128 108 0 76 65 50 87 65 347 0 43 22 79 51 363 461 623 0 0 0 10 188 125 0 73 60 
303 123 108 0 75 63 50 86 65 348 0 48 22 77 52 384 413 758 0 0 0 0 143 125 0 72 60 
306 125 109 0 74 66 50 84 64 348 0 46 23 67 52 398 474 697 0 0 0 0 203 125 0 72 60 
295 125 107 0 75 66 50 90 66 345 0 51 22 59 50 379 453 672 0 0 0 0 183 125 0 71 60 
300 132 109 0 75 64 51 89 65 350 0 50 24 69 51 362 428 646 0 0 0 0 119 125 0 71 60 
303 132 108 0 74 63 52 90 66 349 0 54 24 89 51 387 435 660 0 0 0 10 182 125 0 71 60 
302 133 105 0 73 65 52 85 66 350 0 52 23 72 52 379 416 661 0 0 0 0 172 125 0 71 60 
305 137 109 0 73 66 51 92 66 349 0 49 22 55 52 424 413 654 0 0 0 0 156 125 0 72 60 
303 128 107 0 74 64 52 92 65 342 0 44 23 49 52 396 423 779 0 0 0 0 200 125 0 72 60 
303 127 106 0 75 63 52 87 64 335 0 40 23 77 52 339 423 753 0 0 0 0 181 125 0 73 60 
303 129 108 0 74 66 52 88 65 344 0 36 23 78 52 408 409 686 0 0 0 0 191 125 0 73 60 
310 129 106 0 76 67 52 84 64 348 0 36 24 81 50 388 442 672 0 0 0 0 138 125 0 73 60 
308 127 106 0 77 64 52 86 65 349 0 33 23 60 52 391 428 741 0 0 0 0 137 125 0 73 60 
307 131 106 0 75 63 52 88 64 342 0 32 24 48 53 386 473 709 0 0 0 0 139 125 0 73 60 
305 140 107 0 76 65 53 92 65 341 0 35 22 66 53 384 448 670 0 0 0 0 94 125 0 73 60 
303 129 106 0 76 65 52 89 65 345 0 33 21 66 52 410 421 703 0 0 0 0 169 125 0 73 60 
304 133 108 0 76 63 52 89 66 349 0 33 22 72 52 369 422 679 0 0 0 0 135 125 0 73 60 
300 125 107 0 76 63 51 92 64 344 0 34 22 65 52 377 432 664 0 0 0 0 210 125 0 73 60 
304 126 104 0 76 66 51 90 65 341 0 33 23 65 53 379 382 721 0 0 0 0 137 125 0 73 60 
304 134 108 0 76 66 51 86 66 340 0 32 23 53 52 345 439 708 0 0 0 10 175 125 0 73 60 
299 135 107 0 76 63 50 86 66 342 0 33 24 57 55 368 462 656 0 0 0 0 162 125 0 73 60 
300 138 109 0 73 62 50 89 66 350 0 32 23 63 66 367 446 636 0 0 0 10 181 125 0 73 60 
301 134 108 0 72 65 51 87 66 348 0 33 25 62 60 404 401 644 0 0 0 0 150 125 0 73 60 
305 131 111 0 71 65 51 88 65 345 0 33 25 69 55 379 438 556 0 0 0 10 194 125 0 73 60 
302 132 110 0 71 62 51 90 65 344 0 31 25 58 54 395 423 643 0 0 0 0 191 125 0 73 60 
302 126 107 0 72 60 51 89 65 349 0 31 25 62 51 376 444 650 0 0 0 0 180 125 0 73 60 
300 128 113 0 73 64 51 89 63 349 0 28 26 77 52 380 403 719 0 0 0 0 188 125 0 73 60 
298 131 108 0 74 64 51 91 63 350 0 29 26 76 53 361 410 688 0 0 0 0 169 125 0 73 60 
302 137 107 0 75 61 50 89 64 347 0 28 25 69 53 358 440 633 0 0 0 10 156 125 0 74 60 
299 127 111 0 77 63 49 84 64 349 0 28 24 44 51 426 432 650 0 0 0 0 162 125 0 73 60 
302 128 108 0 78 64 49 89 66 349 0 29 24 40 51 409 488 544 0 0 0 0 174 125 0 73 60 
297 121 113 0 79 63 50 92 66 345 0 27 23 50 52 363 464 577 0 0 0 0 196 125 0 73 60 
297 126 112 0 80 62 51 87 66 332 0 28 22 64 54 366 421 685 0 0 0 0 167 125 0 73 60 
304 130 107 0 80 63 50 89 65 347 0 29 22 66 59 402 425 635 0 0 0 0 210 125 0 74 60 
305 125 111 0 79 65 51 92 64 348 0 29 22 63 54 403 480 561 0 0 0 0 161 125 0 73 60 
303 129 108 0 80 64 51 95 64 353 0 27 21 62 51 376 454 654 0 0 0 0 202 125 0 73 60 
297 126 108 0 79 62 51 93 65 349 0 30 21 72 49 396 423 607 0 0 0 10 167 125 0 73 60 
300 129 102 0 77 63 50 91 65 342 0 27 19 64 49 371 411 606 0 0 0 10 152 125 0 73 60 
305 127 106 0 78 65 50 88 64 334 0 29 20 66 49 346 404 619 0 0 0 0 175 125 0 72 60 
304 130 114 0 77 62 51 85 65 342 0 25 20 63 49 355 416 589 0 0 0 10 158 125 0 72 60 
306 133 112 0 76 62 50 92 64 351 0 29 21 65 49 366 461 603 0 0 0 0 156 125 0 72 60 
307 136 109 0 76 64 50 86 65 348 0 27 22 63 52 420 403 531 0 0 0 0 150 125 0 72 60 
304 126 114 0 75 64 50 85 65 340 0 28 21 77 49 372 451 602 0 0 0 0 124 125 0 72 60 
305 133 108 0 74 62 50 89 66 343 0 28 21 77 52 395 443 642 0 0 0 0 188 125 0 72 60 
304 132 114 0 74 61 51 84 66 346 0 27 22 67 50 338 420 649 0 0 0 0 176 125 0 73 60 
304 131 108 0 73 63 50 86 65 349 0 24 21 57 50 398 461 636 0 0 0 0 140 125 0 73 60 
299 130 110 0 73 63 50 87 64 344 0 27 21 70 49 384 475 571 0 0 0 0 146 125 0 73 60 
302 130 114 0 73 61 50 97 65 344 0 26 23 89 52 418 443 603 0 0 0 0 167 125 0 73 60 
300 130 108 0 74 61 50 91 66 340 0 27 23 72 51 403 445 535 0 0 0 0 176 125 0 74 60 
299 131 108 0 75 63 51 86 66 346 0 26 24 58 52 421 409 635 0 0 0 0 204 125 0 73 60 
302 130 112 0 76 62 50 92 67 350 0 26 24 46 50 397 413 629 0 0 0 0 173 125 0 73 60 
298 133 107 0 78 58 51 85 66 345 0 28 24 73 52 372 412 705 0 0 0 0 184 125 0 73 60 
301 127 113 0 78 59 50 85 65 340 0 28 23 78 52 375 437 659 0 0 0 0 137 125 0 73 60 
303 128 102 0 78 61 49 88 64 347 0 26 24 81 53 347 481 590 0 0 0 0 160 125 0 73 60 
302 129 104 0 78 63 48 95 64 354 0 27 23 59 54 426 454 667 0 0 0 10 199 125 0 73 60 
302 131 104 0 77 61 50 89 65 356 0 26 24 49 55 367 431 568 0 0 0 10 175 125 0 73 60 
296 130 108 0 76 62 50 88 65 345 0 25 25 67 56 382 434 660 0 0 0 0 180 125 0 72 60 
302 130 111 0 75 64 50 90 66 347 0 27 24 66 51 389 470 650 0 0 0 0 173 125 0 72 60 
302 127 110 0 75 62 50 87 66 344 0 27 26 72 50 404 459 683 0 0 0 0 180 125 0 73 60 
299 133 103 0 75 61 49 85 64 349 0 26 25 64 51 405 399 603 0 0 0 0 187 125 0 73 60 
298 133 109 0 74 63 50 87 65 346 0 26 24 67 51 351 436 620 0 0 0 0 150 125 0 73 60 
303 133 108 0 75 65 50 85 66 348 0 27 24 57 52 333 421 680 0 0 0 0 157 125 0 73 60 
305 122 108 0 74 63 50 88 65 350 0 27 21 55 54 417 443 680 0 0 0 0 168 125 0 74 60 
303 129 108 0 74 62 49 88 66 349 0 26 23 65 54 393 444 665 0 0 0 10 185 125 0 75 60 
305 126 112 0 75 63 50 93 65 347 0 27 22 64 54 355 457 596 0 0 0 10 176 125 0 75 60 
303 129 109 0 75 65 51 95 66 348 0 26 22 68 51 399 421 681 0 0 0 10 150 125 0 75 60 
302 135 111 0 75 63 51 91 65 339 0 26 22 59 50 376 421 695 0 0 0 0 168 125 0 75 60 
304 132 106 0 75 61 50 89 66 336 0 28 22 62 49 380 403 645 0 0 0 0 225 125 0 75 60 
306 130 108 0 75 62 50 86 65 344 0 26 21 78 50 353 455 657 0 0 0 0 164 125 0 74 60 
309 126 108 0 75 65 51 89 64 349 0 29 22 77 50 386 412 689 0 0 0 0 141 125 0 74 60 
306 129 104 0 75 63 51 89 65 347 0 27 21 70 51 417 435 698 0 0 0 0 143 125 0 73 60 
304 129 109 0 75 62 50 87 65 341 0 27 22 52 53 416 466 622 0 0 0 10 167 125 0 73 60 
305 127 108 0 76 64 51 85 67 344 0 28 23 40 55 398 420 700 0 0 0 0 148 125 0 72 60 
302 132 108 0 76 66 51 83 66 347 0 28 24 46 53 398 399 564 0 0 0 0 154 125 0 72 60 
302 129 108 0 76 63 50 89 66 349 0 28 22 65 51 339 465 695 0 0 0 0 208 125 0 73 60 
304 126 106 0 76 62 50 86 65 343 0 30 22 68 51 391 474 686 0 0 0 0 159 125 0 73 60 
302 126 108 0 75 65 50 89 65 340 0 32 21 63 50 394 434 670 0 0 0 0 184 125 0 73 60 
301 125 106 0 75 64 50 91 65 338 0 36 22 62 50 426 464 633 0 0 0 0 158 125 0 73 60 
300 128 105 0 75 63 48 95 64 344 0 37 24 73 53 346 424 597 0 0 0 0 169 125 0 73 60 
298 126 109 0 75 62 50 89 66 345 0 34 23 65 52 389 395 624 0 0 0 0 150 125 0 73 60 
304 126 109 0 74 64 50 89 65 342 0 33 23 65 52 427 470 617 0 0 0 0 200 125 0 73 60 
303 124 109 0 76 63 52 91 65 339 0 30 23 63 51 395 423 627 0 0 0 0 157 125 0 73 60 
301 132 108 0 76 61 51 87 65 345 0 25 24 65 51 372 435 608 0 0 0 0 171 125 0 73 60 
302 128 104 0 75 62 50 88 64 354 0 29 23 60 51 412 394 640 0 0 0 0 141 125 0 73 60 
301 124 108 0 75 64 51 86 64 352 0 26 24 74 50 363 410 600 0 0 0 0 189 125 0 73 60 
302 133 107 0 73 64 50 88 64 344 0 27 22 79 50 406 400 646 0 0 0 0 167 125 0 73 60 
301 134 104 0 74 62 50 91 66 343 0 28 23 66 51 351 437 636 0 0 0 10 175 125 0 72 60 
303 127 112 0 73 60 49 89 64 345 0 27 22 55 51 366 408 583 0 0 0 0 175 125 0 72 60 
300 135 105 0 73 63 48 89 64 350 0 27 22 66 50 375 444 608 0 0 0 0 200 125 0 72 60 
305 135 108 0 75 63 49 82 63 346 0 28 21 87 51 357 455 600 0 0 0 0 178 125 0 72 60 
305 132 107 0 76 61 48 82 64 348 0 27 19 76 50 343 448 637 0 0 0 0 141 125 0 73 60 
298 127 108 0 76 61 47 84 64 349 0 26 21 62 51 364 440 546 0 0 0 0 226 125 0 73 60 
308 126 107 0 78 64 47 86 66 350 0 27 19 46 51 373 438 639 0 0 0 0 173 125 0 73 60 
303 132 103 0 78 62 47 92 66 346 0 28 19 70 53 344 425 641 0 0 0 10 153 130 0 73 60 
305 131 104 0 78 60 47 89 66 346 0 26 18 77 52 383 461 584 0 0 0 10 182 130 0 73 60 
305 126 106 0 79 62 46 89 65 336 0 27 19 81 52 366 409 649 0 0 0 10 129 130 0 73 60 
308 128 107 0 79 64 46 92 63 338 0 27 20 68 51 414 437 587 0 0 0 10 153 130 0 73 60 
307 128 107 0 79 62 46 91 62 349 0 24 21 47 52 370 436 593 0 0 0 10 128 130 0 72 60 
305 129 106 0 79 61 47 87 64 350 0 27 20 64 51 366 400 578 0 0 0 10 169 130 0 73 60 
300 126 107 0 80 63 47 85 65 343 0 26 20 66 52 396 449 691 0 0 0 0 141 130 0 73 60 
303 131 104 0 79 63 47 87 64 342 0 28 21 71 51 371 415 648 0 0 0 0 143 130 0 72 60 
304 126 110 0 80 62 45 86 64 341 0 29 20 65 53 348 437 656 0 0 0 10 249 130 0 72 60 
298 130 109 0 80 60 42 85 65 349 0 27 21 64 51 385 494 736 0 0 0 0 162 130 0 72 60 
302 127 104 0 79 62 42 92 65 344 0 29 21 58 52 385 418 627 0 0 0 0 213 130 0 71 60 
302 133 106 0 79 66 43 89 64 346 0 28 20 55 51 414 425 647 0 0 0 0 193 130 0 71 60 
301 137 107 0 77 63 43 96 65 341 0 26 20 62 51 450 411 581 0 0 0 0 147 130 0 71 60 
301 132 106 0 76 60 43 85 65 340 0 30 19 65 52 376 458 687 0 0 0 0 198 130 0 71 60 
298 123 107 0 74 64 42 90 66 346 0 28 17 68 53 405 405 665 0 0 0 10 205 130 0 70 60 
300 127 105 0 75 66 42 89 65 348 0 31 18 63 52 329 450 705 0 0 0 10 172 130 0 70 60 
300 126 105 0 73 63 42 84 66 341 0 33 19 58 52 368 442 697 0 0 0 0 141 130 0 71 60 
301 139 104 0 74 62 42 91 66 340 0 38 20 76 52 395 449 679 0 0 0 10 161 130 0 72 60 
296 133 107 0 74 64 42 87 65 347 0 42 19 73 52 401 450 630 0 0 0 10 185 130 0 71 60 
301 133 108 0 74 64 42 87 64 353 0 40 19 74 55 375 469 647 0 0 0 10 179 130 0 73 60 
298 131 107 0 76 63 42 88 64 348 0 33 18 57 54 387 395 713 0 0 0 10 169 130 0 73 60 
303 124 106 0 76 63 42 91 64 341 0 30 18 39 52 339 457 654 0 0 0 0 156 130 0 73 60 
303 128 106 0 76 66 42 91 65 340 0 30 19 41 51 350 449 698 0 0 0 10 175 130 0 73 60 
297 127 107 0 77 67 42 89 65 345 0 28 19 60 50 416 442 681 0 0 0 0 137 130 0 74 60 
306 127 107 0 76 64 42 90 64 345 0 30 20 69 51 327 422 721 0 0 0 10 165 130 0 75 60 
305 128 107 0 75 63 42 89 64 344 0 26 19 64 51 380 445 674 0 0 0 0 166 130 0 75 60 
302 128 110 0 75 65 42 86 65 348 0 26 19 60 52 395 428 676 0 0 0 0 171 130 0 74 60 
310 125 108 0 75 65 42 90 64 350 0 26 19 70 51 368 436 685 0 0 0 0 164 130 0 74 60 
304 129 110 0 75 63 42 91 66 347 0 28 18 68 52 368 403 643 0 0 0 10 163 130 0 74 60 
302 127 109 0 75 63 42 90 66 347 0 28 17 61 51 367 404 709 0 0 0 10 143 130 0 74 60 
303 134 110 0 75 65 42 85 65 341 0 26 17 51 52 387 407 668 0 0 0 10 176 130 0 74 60 
306 48 109 0 74 64 42 70 60 256 0 23 15 0 0 363 418 639 0 0 0 10 132 130 0 73 60 
305 0 0 0 67 62 42 10 0 20 0 25 15 0 0 398 479 674 0 0 0 0 143 130 0 72 60 
306 0 0 0 60 63 42 0 0 0 0 22 15 0 0 392 399 666 0 0 0 0 190 130 0 73 60 
301 0 0 0 46 65 42 0 0 0 0 23 15 0 0 407 396 612 0 0 0 10 175 130 0 73 60 
283 0 0 0 28 65 42 0 0 0 0 23 15 0 0 361 360 505 0 0 0 10 144 130 0 73 60 
0 0 0 0 15 62 42 0 0 0 0 24 15 0 0 342 362 420 0 0 0 10 143 130 0 72 60 
0 0 0 0 0 61 43 0 0 0 0 23 15 0 0 351 353 414 0 0 0 10 142 130 0 72 60 
0 0 0 0 0 65 42 0 0 0 0 23 15 0 0 355 368 428 0 0 0 0 141 130 0 72 60 
0 0 0 0 0 61 42 0 0 0 0 24 16 0 0 341 357 419 0 0 0 0 141 130 0 72 60 
0 0 0 0 0 61 42 0 0 0 0 23 15 0 0 343 358 418 0 0 0 0 142 130 0 73 60 
0 0 0 0 0 63 42 0 0 0 0 23 16 0 0 355 358 428 0 0 0 0 141 130 0 73 60 
0 0 0 0 0 65 43 0 0 0 0 24 15 0 0 342 363 416 0 0 0 0 141 130 0 73 60 
0 0 0 0 0 63 43 0 0 0 0 27 16 0 0 355 360 413 0 0 0 0 141 130 0 73 60 
0 0 0 0 0 62 42 0 0 0 0 24 16 0 0 351 366 424 0 0 0 0 140 130 0 73 60 
0 0 0 0 0 62 43 0 0 0 0 24 16 0 0 341 367 423 0 0 0 10 140 130 0 72 60 
0 0 0 0 0 65 43 0 0 0 0 23 16 0 0 357 366 414 0 0 0 0 140 130 0 73 60 
0 0 0 0 0 62 42 0 0 0 0 24 16 0 0 343 353 413 0 0 0 0 140 130 0 73 60 
0 0 0 0 0 60 43 0 0 0 0 23 16 0 0 354 366 425 0 0 0 0 139 130 0 74 60 
0 0 0 0 0 60 42 0 0 0 0 23 16 0 0 343 355 423 0 0 0 0 140 130 0 74 60 
0 0 0 0 0 66 43 0 0 0 0 25 16 0 0 342 359 426 0 0 0 10 140 130 0 75 60 
0 0 0 0 0 63 42 0 0 0 0 25 16 0 0 347 365 414 0 0 0 0 140 130 0 76 60 
0 0 0 0 0 62 43 0 0 0 0 24 17 0 0 345 367 408 0 0 0 0 140 130 0 75 60 
0 0 0 0 0 66 42 0 0 0 0 23 17 0 0 348 364 424 0 0 0 0 140 130 0 76 60 
0 0 0 0 0 64 42 0 0 0 0 25 17 0 0 357 368 412 0 0 0 0 139 130 0 76 60 
0 0 0 0 0 65 43 0 0 0 0 26 17 0 0 343 355 428 0 0 0 0 139 130 0 75 60 
0 0 0 0 0 63 43 0 0 0 0 24 17 0 0 351 360 422 0 0 0 0 140 130 0 75 60 
0 0 0 0 0 63 43 0 0 0 0 23 17 0 0 353 359 413 0 0 0 0 139 130 0 74 60 
0 0 0 0 0 64 42 0 0 0 0 25 17 0 0 354 355 427 0 0 0 0 140 130 0 74 60 
0 0 0 0 0 61 42 0 0 0 0 24 17 0 0 347 360 418 0 0 0 0 139 130 0 73 60 
0 0 0 0 0 58 42 0 0 0 0 23 17 0 0 355 355 426 0 0 0 0 139 130 0 72 60 
0 0 0 0 0 64 43 0 0 0 0 25 17 0 0 342 357 412 0 0 0 0 139 130 0 72 60 
0 0 0 0 0 64 42 0 0 0 0 24 17 0 0 349 352 426 0 0 0 0 139 130 0 72 60 
0 0 0 0 0 65 42 0 0 0 0 24 17 0 0 343 360 424 0 0 0 0 139 130 0 73 60 
0 0 0 0 0 65 43 0 0 0 0 22 17 0 0 357 358 427 0 0 0 0 139 130 0 71 60 
0 0 0 0 0 68 42 0 0 0 0 23 17 0 0 342 355 413 0 0 0 0 139 130 0 70 60 
0 0 0 0 0 68 43 0 0 0 0 24 18 0 0 355 360 413 0 0 0 0 139 130 0 68 60 
0 0 0 0 0 65 42 0 0 0 0 24 17 0 0 349 355 428 0 0 0 10 139 130 0 68 60 
0 0 0 0 0 65 43 0 0 0 0 23 17 0 0 349 358 412 0 0 0 10 139 130 0 67 60 
0 0 0 0 0 67 42 0 0 0 0 25 18 0 0 358 364 428 0 0 0 10 139 130 0 66 60 
0 0 0 0 0 66 42 0 0 0 0 25 18 0 0 350 369 425 0 0 0 10 139 130 0 66 60 
0 0 0 0 0 64 43 0 0 0 0 25 17 0 0 352 360 426 0 0 0 10 139 130 0 65 60 
0 0 0 0 0 64 42 0 0 0 0 25 18 0 0 345 361 421 0 0 0 10 138 130 0 66 60 
0 0 0 0 0 68 43 0 0 0 0 23 16 0 0 357 362 416 0 0 0 10 139 130 0 66 60 
0 0 0 0 0 66 43 0 0 0 0 24 17 0 0 340 363 413 0 0 0 10 139 130 0 66 60 
0 0 0 0 0 63 43 0 0 0 0 25 16 0 0 357 366 413 0 0 0 10 139 130 0 66 60 
0 0 0 0 0 63 43 0 0 0 0 25 17 0 0 351 361 414 0 0 0 10 139 130 0 67 60 
0 0 0 0 0 64 42 0 0 0 0 24 17 0 0 350 351 425 0 0 0 10 139 130 0 67 60 
0 0 0 0 0 64 43 0 0 0 0 26 17 0 0 345 366 414 0 0 0 10 139 130 0 68 60 
0 0 0 0 0 63 42 0 0 0 0 25 17 0 0 345 354 414 0 0 0 0 139 130 0 68 60 
0 0 0 0 0 65 43 0 0 0 0 22 17 0 0 353 364 426 0 0 0 0 139 130 0 67 60 
0 0 0 0 0 65 43 0 0 0 0 22 17 0 0 353 353 418 0 0 0 0 138 130 0 67 60 
0 0 0 0 0 63 42 0 0 0 0 25 17 0 0 341 365 411 0 0 0 10 139 130 0 67 60 
0 0 0 0 0 63 42 0 0 0 0 25 17 0 0 350 355 424 0 0 0 10 139 130 0 67 60 
0 0 0 0 0 63 42 0 0 0 0 25 15 0 0 343 367 425 0 0 0 10 138 130 0 67 60 
0 0 0 0 0 65 42 0 0 0 0 23 17 0 0 344 355 427 0 0 0 10 139 130 0 66 60 
0 0 0 0 0 64 43 0 0 0 0 23 17 0 0 341 352 417 0 0 0 0 139 130 0 66 60 
0 0 0 0 0 63 42 0 0 0 0 24 17 0 0 341 350 427 0 0 0 0 138 130 0 66 60 
0 0 0 0 0 65 43 0 0 0 0 24 17 0 0 355 359 414 0 0 0 10 138 130 0 66 60 
0 0 0 0 0 63 42 0 0 0 0 24 18 0 0 355 354 412 0 0 0 0 139 130 0 66 60 
0 0 0 0 0 64 43 0 0 0 0 23 18 0 0 355 352 425 0 0 0 0 138 130 0 66 60 
0 0 0 0 0 61 43 0 0 0 0 24 18 0 0 343 354 426 0 0 0 0 139 130 0 66 60 
0 0 0 0 0 63 42 0 0 0 0 25 18 0 0 349 352 408 0 0 0 0 138 130 0 65 60 
0 0 0 0 0 63 43 0 0 0 0 24 18 0 0 341 365 423 0 0 0 10 139 130 0 66 60 
0 0 0 0 0 60 42 0 0 0 0 24 18 0 0 350 359 428 0 0 0 0 138 130 0 66 60 
0 0 0 0 0 61 43 0 0 0 0 25 18 0 0 350 358 411 0 0 0 0 138 130 0 66 60 
0 0 0 0 0 65 43 0 0 0 0 22 18 0 0 351 358 420 0 0 0 0 138 130 0 66 60 
0 0 0 0 0 63 43 0 0 0 0 24 18 0 0 342 356 413 0 0 0 10 138 130 0 66 60 
0 0 0 0 0 62 43 0 0 0 0 25 18 0 0 350 366 414 0 0 0 0 139 130 0 66 60 
0 0 0 0 0 60 43 0 0 0 0 23 18 0 0 358 362 425 0 0 0 10 138 130 0 66 60 
0 0 0 0 0 63 43 0 0 0 0 23 18 0 0 356 365 419 0 0 0 10 138 130 0 66 60 
0 0 0 0 0 62 43 0 0 0 0 23 18 0 0 343 357 426 0 0 0 10 138 130 0 66 60 
0 0 0 0 0 62 43 0 0 0 0 25 19 0 0 345 365 415 0 0 0 10 138 130 0 66 60 
0 0 0 0 0 65 43 0 0 0 0 24 18 0 0 344 358 421 0 0 0 0 138 130 0 66 60 
0 0 0 0 0 63 43 0 0 0 0 23 18 0 0 350 355 421 0 0 0 0 138 130 0 65 60 
0 0 0 0 0 66 43 0 0 0 0 25 18 0 0 349 369 417 0 0 0 0 138 130 0 65 60 
0 0 0 0 0 64 43 0 0 0 0 25 19 0 0 358 362 426 0 0 0 10 138 130 0 65 60 
0 0 0 0 0 65 43 0 0 0 0 23 18 0 0 350 358 412 0 0 0 10 139 130 0 65 60 
0 0 0 0 0 67 43 0 0 0 0 26 18 0 0 356 358 408 0 0 0 0 138 130 0 65 60 
0 0 0 0 0 65 43 0 0 0 0 25 18 0 0 343 364 420 0 0 0 10 138 130 0 65 60 
0 0 0 0 0 64 42 0 0 0 0 25 18 0 0 353 369 418 0 0 0 10 138 130 0 65 60 
0 0 0 0 0 66 43 0 0 0 0 25 18 0 0 342 365 423 0 0 0 0 138 130 0 66 60 
0 0 0 0 0 67 43 0 0 0 0 24 19 0 0 341 356 421 0 0 0 0 138 130 0 66 60 
0 0 0 0 0 66 43 0 0 0 0 26 18 0 0 357 367 409 0 0 0 0 137 130 0 66 60 
0 0 0 0 0 64 43 0 0 0 0 25 19 0 0 342 354 423 0 0 0 0 138 130 0 66 60 
0 0 0 0 0 66 43 0 0 0 0 24 19 0 0 358 365 411 0 0 0 0 138 130 0 66 60 
0 0 0 0 0 69 43 0 0 0 0 24 18 0 0 342 365 409 0 0 0 0 137 130 0 66 60 
0 0 0 0 0 66 43 0 0 0 0 25 18 0 0 348 353 413 0 0 0 0 137 130 0 66 60 
0 0 0 0 0 63 43 0 0 0 0 26 18 0 0 350 366 427 0 0 0 0 138 130 0 66 60 
0 0 0 0 0 66 43 0 0 0 0 22 18 0 0 348 367 423 0 0 0 0 138 130 0 65 60 
0 0 0 0 0 68 42 0 0 0 0 24 18 0 0 346 367 414 0 0 0 0 138 130 0 65 60 
0 0 0 0 0 65 43 0 0 0 0 24 18 0 0 341 354 426 0 0 0 0 138 130 0 65 60 
0 0 0 0 0 64 43 0 0 0 0 24 18 0 0 354 352 424 0 0 0 0 138 130 0 65 60 
0 0 0 0 0 67 43 0 0 0 0 23 18 0 0 360 366 414 0 0 0 0 138 130 0 65 60 
0 0 0 0 0 68 43 0 0 0 0 26 18 0 0 349 360 414 0 0 0 0 138 130 0 65 60 
0 0 0 0 0 66 43 0 0 0 0 24 18 0 0 358 360 417 0 0 0 0 138 130 0 65 60 
0 0 0 0 0 65 43 0 0 0 0 26 18 0 0 357 355 410 0 0 0 0 138 130 0 65 60 
0 0 0 0 0 67 43 0 0 0 0 24 18 0 0 357 352 411 0 0 0 0 138 130 0 66 60 
0 0 0 0 0 67 43 0 0 0 0 23 18 0 0 356 351 412 0 0 0 10 138 130 0 66 60 
0 0 0 0 0 64 43 0 0 0 0 26 18 0 0 342 359 416 0 0 0 10 138 130 0 65 60 
0 0 0 0 0 64 43 0 0 0 0 25 18 0 0 345 358 413 0 0 0 0 137 130 0 65 60 
0 0 0 0 0 65 43 0 0 0 0 23 17 0 0 346 367 422 0 0 0 0 138 130 0 65 60 
0 0 0 0 0 66 43 0 0 0 0 25 18 0 0 355 364 416 0 0 0 0 138 130 0 65 60 
0 0 0 0 0 63 42 0 0 0 0 24 18 0 0 345 363 411 0 0 0 0 137 130 0 66 60 
0 0 0 0 0 63 43 0 0 0 0 25 18 0 0 350 368 423 0 0 0 0 138 130 0 66 60 
0 0 0 0 0 66 42 0 0 0 0 24 18 0 0 343 365 416 0 0 0 0 138 130 0 66 60 
0 0 0 0 0 65 43 0 0 0 0 23 17 0 0 343 365 415 0 0 0 0 138 130 0 66 60 
0 0 0 0 0 62 43 0 0 0 0 25 17 0 0 348 365 412 0 0 0 0 138 130 0 66 60 
0 0 0 0 0 64 43 0 0 0 0 24 18 0 0 354 366 412 0 0 0 0 138 130 0 66 60 
0 0 0 0 0 66 43 0 0 0 0 24 18 0 0 357 355 420 0 0 0 0 138 130 0 66 60 
0 0 0 0 0 65 43 0 0 0 0 26 18 0 0 357 366 416 0 0 0 0 138 130 0 66 60 
0 0 0 0 0 63 43 0 0 0 0 23 18 0 0 342 365 409 0 0 0 0 137 130 0 64 60 
0 0 0 0 0 64 43 0 0 0 0 25 18 0 0 358 353 411 0 0 0 0 137 130 0 64 60 
0 0 0 0 0 63 42 0 0 0 0 24 17 0 0 341 362 422 0 0 0 0 138 130 0 64 60 
0 0 0 0 0 61 43 0 0 0 0 24 18 0 0 341 369 413 0 0 0 0 137 130 0 63 60 
0 0 0 0 0 60 43 0 0 0 0 25 17 0 0 351 367 422 0 0 0 0 138 130 0 63 60 
0 0 0 0 0 60 43 0 0 0 0 25 17 0 0 348 360 424 0 0 0 10 137 130 0 64 60 
0 0 0 0 0 61 43 0 0 0 0 25 17 0 0 350 351 424 0 0 0 0 138 130 0 64 60 
0 0 0 0 0 62 42 0 0 0 0 25 18 0 0 343 366 425 0 0 0 0 138 130 0 64 60 
0 0 0 0 0 60 43 0 0 0 0 24 17 0 0 355 361 423 0 0 0 0 138 130 0 64 60 
0 0 0 0 0 61 43 0 0 0 0 24 18 0 0 354 358 416 0 0 0 0 138 130 0 65 60 
0 0 0 0 0 65 43 0 0 0 0 24 18 0 0 356 366 418 0 0 0 0 138 130 0 65 60 
0 0 0 0 0 64 43 0 0 0 0 24 18 0 0 358 369 410 0 0 0 0 137 130 0 65 60 
0 0 0 0 0 63 43 0 0 0 0 25 18 0 0 341 352 424 0 0 0 0 138 130 0 66 60 
0 0 0 0 0 65 43 0 0 0 0 21 18 0 0 353 358 422 0 0 0 10 137 130 0 66 60 
0 0 0 0 0 66 43 0 0 0 0 26 19 0 0 343 366 417 0 0 0 0 137 130 0 65 60 
0 39 0 0 0 64 42 17 0 19 0 27 22 29 21 345 353 424 0 0 0 0 137 130 0 63 60 
0 124 80 0 0 64 39 82 40 213 0 24 27 27 32 353 354 409 0 0 0 10 138 130 0 63 60 
0 114 102 0 13 65 37 78 68 375 0 22 34 30 32 341 358 406 0 0 0 0 138 130 0 62 60 
0 121 102 0 26 67 35 77 64 364 0 22 41 31 33 341 351 417 0 0 0 0 137 130 0 62 60 
0 125 108 0 45 65 35 78 65 351 0 22 53 28 32 346 338 410 0 0 0 0 150 130 0 62 60 
263 121 108 0 62 64 36 75 66 352 0 23 62 30 33 41 17 51 0 0 0 11 90 130 0 62 60 
274 123 107 0 76 67 39 79 65 350 0 26 70 35 34 58 53 0 0 0 0 15 66 130 0 64 60 
284 127 108 0 84 67 41 76 65 358 0 27 74 40 33 338 468 462 0 0 0 15 122 130 0 64 60 
289 126 108 0 89 65 44 77 64 352 0 27 78 38 34 365 501 509 0 0 0 28 142 130 0 64 60 
288 127 106 0 90 64 46 79 64 348 0 28 78 38 33 346 518 582 0 0 0 41 173 130 0 64 60 
289 129 100 0 91 67 46 78 64 345 0 28 78 33 32 449 442 520 0 0 0 65 171 130 0 64 60 
292 130 105 0 90 68 47 83 65 342 0 26 75 34 33 387 491 552 0 0 0 89 137 130 0 64 60 
293 126 108 0 90 65 47 80 66 348 0 28 71 27 33 382 469 584 0 0 0 97 154 130 0 63 60 
296 127 109 0 89 66 47 87 66 349 0 27 68 29 33 363 443 499 0 0 0 103 193 130 0 62 60 
299 125 110 0 88 68 47 90 67 344 0 28 64 33 33 348 484 527 0 0 0 107 177 130 0 61 60 
296 130 108 0 87 67 47 85 65 345 0 30 63 36 34 407 438 561 0 0 0 112 164 130 0 62 60 
293 128 107 0 87 65 48 84 64 352 0 28 60 45 34 359 510 582 0 0 0 108 173 130 0 62 60 
304 127 107 0 86 66 48 85 64 358 0 29 58 46 34 397 435 532 0 0 0 113 177 130 0 62 60 
300 127 108 0 86 68 47 90 64 350 0 29 56 45 34 355 431 535 0 0 0 109 154 130 0 62 60 
302 127 109 0 84 67 47 88 64 343 0 30 54 35 35 344 463 516 0 0 0 109 167 130 0 62 60 
298 125 109 0 82 65 48 84 65 348 0 29 49 33 38 372 472 530 0 0 0 116 171 130 0 62 60 
301 126 107 0 80 65 49 90 64 352 0 32 46 30 39 398 464 550 0 0 0 113 180 130 0 62 60 
305 136 109 0 78 69 48 86 65 349 0 30 42 29 39 400 414 530 0 0 0 117 164 130 0 63 60 
303 127 112 0 76 67 48 85 65 347 0 28 38 23 41 380 430 503 0 0 0 111 182 130 0 63 60 
305 125 106 0 76 64 49 87 63 352 0 28 33 23 38 370 413 458 0 0 0 107 168 130 0 65 60 
304 126 110 0 76 66 49 89 66 350 0 29 26 31 36 372 425 495 0 0 0 106 154 130 0 65 60 
304 140 110 0 77 68 49 87 65 346 0 28 23 34 29 393 426 585 0 0 0 108 152 130 0 64 60 
301 131 101 0 79 67 50 84 66 351 0 26 20 37 33 358 430 523 0 0 0 106 207 130 0 64 60 
302 132 104 0 80 65 50 87 66 341 0 29 21 38 29 416 438 607 0 0 0 102 179 130 0 64 60 
305 125 102 0 81 67 51 87 65 337 0 28 19 36 31 380 495 546 0 0 0 103 173 130 0 63 60 
305 127 108 0 81 68 50 85 65 342 0 26 20 40 31 366 443 550 0 0 0 108 136 130 0 62 60 
303 131 109 0 81 65 50 89 64 354 0 30 21 38 30 355 423 486 0 0 0 117 148 130 0 61 60 
300 134 109 0 81 65 52 92 65 347 0 28 19 34 33 365 477 598 0 0 0 130 163 130 0 60 60 
302 136 107 0 80 67 51 92 63 346 0 28 21 30 30 350 430 618 0 0 0 135 173 130 0 59 60 
301 133 103 0 80 68 52 90 65 345 0 27 21 24 30 407 418 613 0 0 0 132 213 130 0 59 60 
297 130 107 0 79 65 52 88 65 349 0 28 22 23 30 363 454 580 0 0 0 128 185 130 0 59 60 
305 126 110 0 79 65 53 89 66 349 0 28 24 24 31 414 436 531 0 0 0 114 192 130 0 59 60 
297 127 108 0 78 67 52 86 66 346 0 26 22 29 31 384 455 605 0 0 0 108 225 130 0 58 60 
302 132 108 0 79 67 53 93 64 341 0 29 23 32 31 349 455 556 0 0 0 94 150 130 0 58 60 
302 126 110 0 78 63 54 83 65 341 0 27 22 34 32 343 474 624 0 0 0 74 202 130 0 59 60 
299 132 107 0 76 62 54 82 64 341 0 27 21 35 32 357 457 580 0 0 0 69 140 130 0 59 60 
299 131 107 0 75 67 54 88 65 349 0 28 20 36 34 385 423 642 0 0 0 67 143 130 0 58 60 
302 125 107 0 75 67 53 86 64 346 0 27 20 36 33 422 442 595 0 0 0 64 172 130 0 59 60 
305 127 108 0 74 65 53 91 66 340 0 28 21 33 32 371 432 569 0 0 0 61 163 130 0 60 60 
298 124 105 0 73 65 53 89 65 344 0 28 21 31 33 381 421 566 0 0 0 69 152 130 0 59 60 
300 137 107 0 73 66 53 92 65 354 0 25 20 32 34 350 426 558 0 0 0 68 193 130 0 59 60 
300 128 109 0 74 66 52 94 65 355 0 26 19 33 34 376 424 609 0 0 0 70 215 130 0 59 60 
306 127 107 0 75 61 52 86 66 346 0 27 19 32 32 346 346 571 0 0 0 77 116 130 0 59 60 
300 128 108 0 75 66 51 88 66 343 0 25 21 29 32 390 393 651 0 0 0 76 157 130 0 58 60 
302 127 108 0 76 68 51 88 65 347 0 27 21 29 33 374 418 501 0 0 0 73 170 130 0 58 60 
305 129 109 0 77 67 51 88 64 348 0 30 22 28 33 344 423 535 0 0 0 74 234 130 0 58 60 
306 123 108 0 78 65 51 85 64 348 0 29 22 29 33 408 442 594 0 0 0 75 167 130 0 58 60 
302 128 103 0 77 66 50 87 64 347 0 31 22 31 32 396 440 576 0 0 0 75 121 130 0 58 60 
303 130 111 0 77 69 50 90 64 350 0 31 22 33 32 387 429 573 0 0 0 74 145 130 0 58 60 
307 132 110 0 76 68 51 87 64 348 0 32 21 32 31 409 441 604 0 0 0 70 167 130 0 58 60 
302 129 108 0 76 66 50 93 65 350 0 28 20 33 31 389 408 602 0 0 0 70 152 130 0 57 60 
305 133 110 0 76 67 49 87 66 350 0 28 19 34 32 371 400 453 0 0 0 63 144 130 0 58 60 
308 133 108 0 76 69 49 82 66 341 0 28 18 35 31 389 362 555 0 0 0 61 170 130 0 58 60 
303 129 108 0 76 67 50 84 66 335 0 23 19 33 32 367 420 596 0 0 0 63 172 130 0 58 60 
302 125 107 0 75 65 49 89 66 344 0 28 20 31 33 383 442 615 0 0 0 60 219 130 0 58 60 
302 127 107 0 76 67 48 92 64 351 0 27 22 27 32 388 465 529 0 0 0 56 159 130 0 58 60 
306 136 108 0 75 68 48 87 64 347 0 28 22 29 32 381 458 523 0 0 0 50 165 130 0 58 60 
301 127 109 0 74 67 48 89 63 343 0 29 22 33 30 391 411 583 0 0 0 59 178 130 0 59 60 
297 130 109 0 75 66 48 90 66 345 0 28 22 38 31 407 423 498 0 0 0 56 174 130 0 59 60 
304 135 108 0 75 66 46 88 64 352 0 26 20 39 32 404 436 574 0 0 0 58 169 130 0 59 60 
305 128 106 0 75 68 47 90 65 349 0 27 20 36 32 389 445 519 0 0 0 65 173 130 0 59 60 
299 134 106 0 75 66 47 86 64 345 0 29 18 37 33 372 409 536 0 0 0 66 142 130 0 59 60 
304 136 108 0 74 64 47 85 64 340 0 27 19 37 33 342 445 555 0 0 0 65 151 130 0 59 60 
302 128 107 0 76 67 46 84 63 340 0 30 19 33 32 372 461 545 0 0 0 68 155 130 0 60 60 
301 129 107 0 76 68 46 88 65 345 0 26 20 30 34 327 430 477 0 0 0 71 170 130 0 59 60 
302 125 107 0 76 65 46 89 66 347 0 28 18 25 34 371 457 591 0 0 0 74 176 130 0 59 60 
304 129 107 0 76 60 47 93 66 343 0 30 18 20 34 382 449 547 0 0 0 75 176 130 0 59 60 
299 136 107 0 76 66 46 95 66 339 0 30 17 22 36 384 438 543 0 0 0 76 159 130 0 60 60 
