300 126 119 0 74 93 0 85 64 347 0 38 14 65 64 382 413 637 0 0 0 0 125 120 0 82 60 
301 123 120 0 75 93 0 90 64 346 0 42 15 66 68 410 436 604 0 0 0 0 213 120 0 82 60 
301 127 118 0 74 97 0 91 65 350 0 41 15 60 68 341 457 646 0 0 0 0 182 120 0 82 60 
301 127 118 0 74 100 0 83 64 347 0 46 15 64 65 434 449 593 0 0 0 0 212 120 0 81 60 
303 126 122 0 74 98 0 89 64 349 0 45 15 66 65 384 434 631 0 0 0 0 158 120 0 81 60 
301 128 119 0 74 98 0 89 63 347 0 42 16 74 63 430 399 605 0 0 0 0 144 120 0 80 60 
301 124 119 0 73 106 0 88 65 336 0 46 15 66 64 402 432 526 0 0 0 0 152 120 0 79 60 
304 131 119 0 73 106 0 86 67 335 0 43 14 62 63 400 407 641 0 0 0 0 131 120 0 80 60 
302 124 122 0 74 100 0 89 66 347 0 43 14 84 67 370 449 636 0 0 0 0 128 120 0 80 60 
304 127 117 0 74 80 0 89 67 350 0 43 14 83 67 400 426 570 0 0 0 0 194 120 0 80 60 
305 133 119 0 74 71 0 84 65 345 0 39 14 71 66 370 434 530 0 0 0 0 199 120 0 80 60 
305 126 119 0 74 69 0 91 64 341 0 35 15 47 63 442 478 605 0 0 0 0 168 120 0 79 60 
301 135 120 0 75 66 0 91 63 345 0 33 14 44 64 419 426 596 0 0 0 0 167 120 0 80 60 
301 136 118 0 74 70 0 94 64 350 0 30 14 56 64 388 417 544 0 0 0 0 208 120 0 81 60 
304 129 119 0 75 78 0 91 65 349 0 31 14 71 64 395 416 619 0 0 0 0 180 120 0 81 60 
304 134 119 0 75 87 0 91 65 344 0 34 15 68 65 379 395 568 0 0 0 0 176 120 0 81 60 
297 127 121 0 76 89 0 91 65 342 0 39 15 65 63 389 452 544 0 0 0 0 199 120 0 80 60 
305 128 121 0 77 92 0 87 64 342 0 45 15 68 63 374 396 537 0 0 0 0 206 120 0 80 60 
305 124 120 0 77 92 0 87 64 349 0 50 15 74 65 428 470 573 0 0 0 0 182 120 0 79 60 
295 133 118 0 78 91 0 83 63 350 0 53 15 67 65 419 447 655 0 0 0 0 114 120 0 80 60 
304 136 119 0 78 84 0 84 66 343 0 49 16 67 66 399 461 602 0 0 0 0 170 120 0 80 60 
310 127 120 0 76 85 0 91 66 340 0 42 16 67 65 387 433 613 0 0 0 0 152 120 0 79 60 
286 126 121 0 74 86 0 86 66 347 0 40 15 68 64 426 432 543 0 0 0 0 165 120 0 79 60 
290 134 122 0 73 91 0 90 66 355 0 37 15 78 65 359 442 613 0 0 0 0 176 120 0 78 60 
311 129 120 0 71 92 0 89 65 352 0 37 15 84 66 399 437 560 0 0 0 0 190 120 0 78 60 
301 127 117 0 71 99 0 92 65 343 0 38 16 73 65 372 479 637 0 0 0 0 211 120 0 77 60 
283 125 117 0 73 102 0 89 65 344 0 44 16 62 65 413 443 593 0 0 0 0 127 120 0 77 60 
308 135 115 0 74 91 0 86 66 347 0 44 15 80 63 411 447 674 0 0 0 0 215 120 0 78 60 
306 134 119 0 76 80 0 92 64 347 0 49 16 97 63 359 438 633 0 0 0 0 160 120 0 78 60 
306 137 120 0 76 82 0 88 66 346 0 52 14 71 64 367 447 658 0 0 0 0 131 120 0 79 60 
305 124 117 0 78 88 0 90 64 351 0 55 15 50 63 395 434 571 0 0 0 0 174 120 0 80 60 
307 132 119 0 79 88 0 85 64 351 0 52 14 68 64 405 392 603 0 0 0 0 185 120 0 81 60 
304 130 119 0 79 89 0 89 65 349 0 60 15 84 65 367 467 733 0 0 0 0 171 120 0 82 60 
307 131 116 0 79 90 0 89 65 350 0 61 14 81 63 422 458 631 0 0 0 0 151 120 0 83 60 
299 135 119 0 79 99 0 87 65 346 0 61 15 77 65 396 447 700 0 0 0 0 160 120 0 82 60 
304 131 119 0 79 109 0 90 65 341 0 63 15 53 65 396 442 638 0 0 0 0 185 120 0 81 60 
304 131 118 0 79 112 0 85 66 343 0 63 15 67 65 359 389 606 0 0 0 0 180 120 0 80 60 
304 130 120 0 79 106 0 84 66 347 0 64 15 69 66 399 406 674 0 0 0 0 164 120 0 80 60 
305 129 120 0 79 98 0 84 65 349 0 64 17 79 64 429 462 700 0 0 0 0 144 120 0 79 60 
301 131 117 0 78 88 0 91 64 343 0 65 15 69 67 419 442 699 0 0 0 0 165 120 0 79 60 
303 128 122 0 78 77 0 92 64 338 0 64 16 69 67 418 421 608 0 0 0 0 165 120 0 78 60 
306 132 115 0 77 72 0 89 63 346 0 66 17 61 65 377 454 677 0 0 0 0 177 120 0 77 60 
305 127 121 0 75 75 0 88 64 347 0 64 14 64 64 409 436 633 0 0 0 0 184 120 0 77 60 
309 124 118 0 75 74 0 89 66 344 0 61 15 65 65 438 408 666 0 0 0 0 147 120 0 78 60 
302 121 123 0 74 74 0 92 65 339 0 55 14 69 66 379 445 654 0 0 0 0 217 120 0 77 60 
308 128 117 0 72 82 0 88 65 340 0 51 15 74 65 408 452 642 0 0 0 0 202 120 0 79 60 
302 135 122 0 73 85 0 84 65 341 0 44 15 59 65 402 389 653 0 0 0 0 171 120 0 80 60 
304 129 119 0 73 86 0 88 65 349 0 47 16 76 64 426 450 650 0 0 0 0 169 120 0 82 60 
303 127 122 0 73 84 0 85 64 347 0 40 16 80 65 388 393 625 0 0 0 0 154 120 0 83 60 
304 131 123 0 74 87 0 88 65 340 0 35 16 80 65 419 423 528 0 0 0 0 196 120 0 81 60 
305 124 120 0 76 89 0 91 66 342 0 32 15 58 65 385 453 599 0 0 0 0 196 120 0 81 60 
304 125 118 0 77 85 0 90 66 351 0 36 15 43 65 350 433 684 0 0 0 0 166 120 0 82 60 
300 130 115 0 78 83 0 93 67 354 0 29 16 50 63 391 459 641 0 0 0 0 174 120 0 79 60 
302 130 123 0 79 89 0 88 66 349 0 34 16 65 64 387 360 594 0 0 0 0 180 120 0 80 60 
303 130 119 0 78 94 0 93 65 344 0 37 15 70 64 384 430 622 0 0 0 0 187 120 0 78 60 
301 128 124 0 77 96 0 86 64 345 0 37 15 68 65 425 417 612 0 0 0 0 142 120 0 77 60 
302 133 119 0 76 91 0 87 64 346 0 40 15 65 65 399 453 581 0 0 0 0 161 120 0 78 60 
299 126 120 0 76 80 0 85 65 348 0 39 15 78 66 413 445 629 0 0 0 0 123 120 0 77 60 
302 126 120 0 76 78 0 88 65 350 0 35 14 69 64 380 432 673 0 0 0 0 232 120 0 78 60 
300 129 120 0 76 77 0 89 65 356 0 37 14 72 66 375 469 573 0 0 0 0 169 120 0 78 60 
300 130 124 0 76 81 0 85 66 349 0 35 16 65 67 352 452 548 0 0 0 0 204 120 0 78 60 
304 134 119 0 76 84 0 91 65 348 0 34 16 72 66 396 453 626 0 0 0 0 150 120 0 77 60 
305 123 122 0 76 85 0 87 65 348 0 35 17 71 67 345 425 609 0 0 0 0 175 120 0 78 60 
295 128 121 0 75 77 0 89 64 339 0 32 17 84 67 375 395 620 0 0 0 0 172 120 0 78 60 
304 129 119 0 75 80 0 89 66 334 0 35 16 76 64 399 403 613 0 0 0 0 175 120 0 78 60 
305 128 123 0 74 86 0 89 66 347 0 30 17 63 64 393 442 593 0 0 0 0 153 120 0 79 60 
302 121 116 0 74 87 0 86 66 349 0 30 15 66 63 402 450 638 0 0 0 0 164 120 0 80 60 
300 131 120 0 74 84 0 90 66 347 0 30 16 94 63 424 478 525 0 0 0 0 190 120 0 85 60 
301 129 114 0 75 84 0 92 64 341 0 29 17 80 65 435 406 629 0 0 0 0 192 120 0 89 60 
301 127 120 0 75 88 0 83 65 344 0 30 16 63 67 390 387 627 0 0 0 0 162 120 0 91 60 
303 111 125 0 76 94 0 89 64 349 0 28 16 50 68 405 436 656 0 0 0 0 176 120 0 90 60 
304 137 115 0 76 96 0 92 65 345 0 30 17 81 65 373 455 643 0 0 0 0 139 120 0 87 60 
304 134 118 0 77 88 0 95 65 343 0 29 16 81 62 415 435 642 0 0 0 0 165 120 0 83 60 
304 128 118 0 77 85 0 92 65 339 0 26 17 83 64 407 424 591 0 0 0 0 155 120 0 81 60 
304 129 118 0 76 77 0 94 65 339 0 28 18 59 65 398 450 554 0 0 0 0 158 120 0 78 60 
304 133 117 0 76 78 0 91 64 342 0 29 18 58 66 407 413 644 0 0 0 0 167 120 0 77 60 
302 136 119 0 75 83 0 88 66 349 0 28 19 70 65 424 428 629 0 0 0 0 172 120 0 75 60 
302 139 120 0 75 85 0 83 64 349 0 29 19 74 65 405 439 700 0 0 0 0 183 120 0 75 60 
302 138 116 0 75 77 0 85 64 340 0 28 19 76 65 389 452 625 0 0 0 0 168 120 0 75 60 
304 127 118 0 75 77 0 83 65 345 0 28 19 69 65 383 450 652 0 0 0 0 176 120 0 75 60 
301 128 118 0 75 88 0 86 64 356 0 27 19 63 64 405 450 643 0 0 0 0 188 120 0 74 60 
299 127 117 0 76 104 0 86 65 356 0 27 18 59 64 358 442 670 0 0 0 0 139 120 0 74 60 
302 130 116 0 76 116 0 92 64 349 0 26 18 67 64 362 436 665 0 0 0 0 196 120 0 73 60 
302 126 115 0 76 110 0 92 64 344 0 28 18 65 63 397 437 651 0 0 0 0 165 120 0 73 60 
299 132 119 0 75 99 0 89 64 346 0 25 20 72 64 392 435 736 0 0 0 0 177 120 0 73 60 
301 135 118 0 75 85 0 86 65 347 0 25 20 65 65 394 408 648 0 0 0 0 200 120 0 73 60 
302 126 120 0 73 73 0 85 65 346 0 27 20 65 65 423 426 666 0 0 0 0 222 120 0 73 60 
296 125 116 0 73 69 0 92 65 347 0 25 19 82 65 365 425 648 0 0 0 0 133 120 0 72 60 
301 126 118 0 72 76 0 86 65 349 0 28 19 83 65 408 440 677 0 0 0 0 187 120 0 71 60 
301 136 120 0 72 78 0 88 63 352 0 26 19 72 63 384 459 704 0 0 0 0 173 120 0 72 60 
302 127 117 0 73 79 0 89 64 348 0 28 18 45 65 387 413 644 0 0 0 0 167 120 0 71 60 
304 129 119 0 74 84 0 88 62 346 0 26 17 43 66 378 491 671 0 0 0 0 182 120 0 73 60 
299 131 118 0 75 90 0 89 64 336 0 27 17 59 66 357 455 614 0 0 0 0 174 120 0 73 60 
301 127 114 0 76 81 0 90 64 333 0 28 16 71 65 373 361 638 0 0 0 0 137 120 0 72 60 
308 127 116 0 76 78 0 89 66 345 0 29 17 67 63 401 415 697 0 0 0 0 158 120 0 73 60 
303 133 116 0 77 80 0 84 66 347 0 29 16 66 64 425 450 692 0 0 0 0 132 120 0 73 60 
303 132 118 0 77 85 0 89 66 344 0 31 15 71 64 396 435 674 0 0 0 0 171 120 0 73 60 
304 126 118 0 77 83 0 90 66 341 0 29 16 73 64 437 458 638 0 0 0 0 166 120 0 73 60 
304 129 115 0 77 81 0 89 65 343 0 30 17 67 63 352 453 627 0 0 0 0 166 120 0 73 60 
307 131 114 0 77 88 0 89 64 351 0 29 16 67 65 412 433 571 0 0 0 0 183 120 0 73 60 
309 132 117 0 78 90 0 94 64 351 0 26 16 68 65 372 399 622 0 0 0 0 146 120 0 73 60 
301 129 120 0 79 82 0 91 65 347 0 31 17 68 67 464 425 672 0 0 0 0 150 120 0 72 60 
308 127 116 0 80 78 0 87 64 344 0 29 15 81 65 398 393 627 0 0 0 0 158 120 0 71 60 
301 129 120 0 80 81 0 90 64 339 0 27 15 82 65 395 405 596 0 0 0 0 156 120 0 71 60 
303 129 116 0 80 82 0 91 64 342 0 29 15 70 65 358 409 661 0 0 0 0 165 120 0 70 60 
304 131 117 0 79 86 0 86 64 346 0 27 15 62 65 379 411 677 0 0 0 0 226 120 0 70 60 
305 133 119 0 77 87 0 89 64 344 0 25 16 79 65 403 475 632 0 0 0 0 183 120 0 70 60 
304 132 118 0 77 92 0 86 65 336 0 28 17 97 65 410 474 609 0 0 0 0 189 120 0 70 60 
307 125 120 0 76 94 0 83 65 343 0 26 16 71 65 369 441 623 0 0 0 0 152 120 0 70 60 
303 131 118 0 74 96 0 85 66 348 0 28 16 53 65 415 390 590 0 0 0 0 157 120 0 71 60 
299 135 116 0 74 93 0 90 65 349 0 26 16 66 66 380 490 583 0 0 0 0 146 120 0 71 60 
304 135 110 0 73 94 0 88 65 341 0 26 14 82 65 354 473 619 0 0 0 0 214 120 0 72 60 
301 128 117 0 73 94 0 90 65 341 0 27 14 84 65 401 416 599 0 0 0 0 148 120 0 72 60 
300 128 116 0 74 96 0 94 65 344 0 28 16 76 64 413 435 542 0 0 0 0 209 120 0 72 60 
304 132 113 0 75 114 0 90 66 346 0 27 14 50 64 324 424 617 0 0 0 0 202 120 0 72 60 
302 133 112 0 75 126 0 89 65 344 0 26 14 66 65 430 403 632 0 0 0 0 159 120 0 72 60 
300 127 116 0 75 127 0 88 65 347 0 27 14 71 64 400 404 566 0 0 0 0 191 120 0 73 60 
303 132 115 0 75 97 0 88 64 353 0 28 14 75 65 385 419 514 0 0 0 0 145 120 0 72 60 
300 126 111 0 75 80 0 90 63 355 0 26 14 69 64 372 447 610 0 0 0 0 137 120 0 73 60 
301 131 118 0 75 71 0 84 63 347 0 26 14 71 63 409 450 669 0 0 0 0 170 120 0 72 60 
306 135 118 0 75 68 0 89 64 348 0 25 14 59 63 377 428 601 0 0 0 0 131 120 0 72 60 
297 138 116 0 75 76 0 90 64 336 0 26 15 62 64 398 433 608 0 0 0 0 178 120 0 72 60 
299 129 117 0 75 86 0 90 65 339 0 28 15 66 66 383 428 615 0 0 0 0 199 120 0 73 60 
307 134 120 0 76 90 0 89 65 350 0 25 14 68 66 409 437 646 0 0 0 0 139 120 0 72 60 
302 127 120 0 76 88 0 87 65 351 0 26 14 71 67 385 460 570 0 0 0 0 160 120 0 72 60 
307 132 121 0 76 85 0 83 65 344 0 27 14 58 66 384 412 617 0 0 0 0 153 120 0 72 60 
303 131 121 0 76 83 0 85 65 340 0 27 13 74 63 423 438 674 0 0 0 0 164 120 0 72 60 
305 127 120 0 75 77 0 89 64 345 0 25 14 77 62 365 411 703 0 0 0 0 194 120 0 72 60 
302 132 118 0 75 71 0 87 64 351 0 28 15 82 63 362 430 620 0 0 0 0 155 120 0 71 60 
305 127 124 0 74 71 0 90 65 344 0 26 15 60 63 364 447 635 0 0 0 0 133 120 0 71 60 
301 123 121 0 74 78 0 89 65 343 0 27 14 40 65 420 473 615 0 0 0 0 241 120 0 71 60 
308 121 121 0 74 89 0 89 65 338 0 28 15 47 68 394 420 612 0 0 0 0 177 120 0 71 60 
301 129 122 0 74 86 0 89 65 341 0 25 14 67 67 417 423 697 0 0 0 0 176 120 0 71 60 
302 127 123 0 75 82 0 89 64 349 0 26 13 72 64 345 414 619 0 0 0 0 159 120 0 71 60 
300 128 116 0 75 83 0 89 64 346 0 25 14 67 63 409 395 699 0 0 0 0 155 120 0 71 60 
303 127 121 0 75 82 0 84 64 339 0 26 16 65 64 419 430 628 0 0 0 0 183 120 0 71 60 
300 129 116 0 75 78 0 88 64 340 0 28 16 78 66 426 455 634 0 0 0 0 142 120 0 72 60 
304 127 119 0 75 78 0 91 66 352 0 26 15 67 66 373 450 675 0 0 0 0 148 120 0 72 60 
303 128 121 0 74 81 0 88 66 356 0 27 16 72 65 417 428 666 0 0 0 0 190 120 0 72 60 
299 137 123 0 74 84 0 95 66 352 0 26 16 65 65 415 438 661 0 0 0 0 150 120 0 72 60 
303 131 120 0 74 85 0 90 65 347 0 25 16 69 65 396 463 603 0 0 0 0 196 120 0 72 60 
302 125 121 0 74 90 0 88 66 346 0 28 16 69 66 415 428 678 0 0 0 0 178 120 0 73 60 
302 136 123 0 75 97 0 93 66 350 0 24 15 85 65 390 449 571 0 0 0 0 162 120 0 73 60 
305 131 120 0 75 97 0 89 66 348 0 27 14 74 65 408 401 618 0 0 0 0 171 120 0 73 60 
303 127 123 0 76 92 0 85 65 350 0 24 16 61 65 389 399 674 0 0 0 0 206 120 0 74 60 
300 127 120 0 78 85 0 85 64 350 0 23 15 67 65 406 458 590 0 0 0 0 205 120 0 74 60 
300 130 120 0 78 89 0 92 65 351 0 26 16 92 64 411 461 689 0 0 0 0 204 120 0 74 60 
297 131 124 0 78 87 0 86 64 349 0 25 17 79 67 385 415 632 0 0 0 0 162 120 0 74 60 
304 128 120 0 77 93 0 88 64 348 0 27 18 64 65 368 396 583 0 0 0 0 131 120 0 73 60 
309 131 122 0 75 103 0 89 64 338 0 26 18 51 64 408 453 513 0 0 0 0 177 120 0 73 60 
301 140 118 0 72 113 0 87 65 333 0 28 21 81 64 421 445 659 0 0 0 0 221 120 0 73 60 
295 130 117 0 71 111 0 87 66 341 0 30 20 82 65 374 435 586 0 0 0 0 129 120 0 73 60 
308 128 112 0 70 100 0 89 64 349 0 31 19 83 65 379 450 654 0 0 0 0 169 120 0 73 60 
302 132 119 0 70 98 0 91 66 346 0 36 19 56 65 398 392 610 0 0 0 0 107 120 0 74 60 
306 134 123 0 72 98 0 85 64 344 0 42 18 58 64 362 403 638 0 0 0 0 192 120 0 74 60 
303 129 122 0 74 88 0 90 65 341 0 46 18 72 64 328 404 619 0 0 0 0 168 120 0 74 60 
303 130 117 0 76 78 0 89 65 347 0 43 17 75 65 393 439 602 0 0 0 0 168 120 0 74 60 
307 135 116 0 77 75 0 86 66 348 0 39 20 72 65 397 435 576 0 0 0 0 172 120 0 74 60 
307 136 117 0 78 71 0 85 65 347 0 37 20 71 66 415 418 602 0 0 0 0 168 120 0 74 60 
305 131 119 0 78 74 0 95 65 345 0 37 19 61 63 405 466 637 0 0 0 0 150 120 0 73 60 
305 126 118 0 78 78 0 97 65 344 0 37 20 58 63 364 464 566 0 0 0 0 200 120 0 73 60 
306 133 120 0 78 87 0 91 65 346 0 42 20 67 65 406 456 654 0 0 0 0 183 120 0 73 60 
304 134 120 0 79 83 0 92 65 350 0 43 16 68 67 378 451 598 0 0 0 0 166 120 0 73 60 
300 132 119 0 79 74 0 90 65 345 0 46 14 73 66 424 428 581 0 0 0 0 179 120 0 74 60 
307 137 116 0 80 73 0 89 65 342 0 39 15 59 65 421 404 629 0 0 0 0 187 120 0 74 60 
297 138 117 0 80 79 0 86 66 344 0 37 15 74 64 361 415 628 0 0 0 0 181 120 0 74 60 
301 126 117 0 79 81 0 85 66 355 0 35 14 81 65 396 425 520 0 0 0 0 169 120 0 74 60 
297 128 117 0 79 83 0 86 65 350 0 38 14 81 64 365 392 557 0 0 0 0 154 120 0 74 60 
299 127 121 0 78 85 0 82 65 345 0 34 15 66 65 442 440 652 0 0 0 0 167 120 0 74 60 
301 126 119 0 75 85 0 90 65 343 0 35 14 41 65 375 447 673 0 0 0 0 201 120 0 74 60 
302 129 119 0 75 85 0 90 63 347 0 32 13 44 64 415 435 659 0 0 0 0 137 120 0 75 60 
295 130 119 0 74 84 0 92 64 349 0 34 14 65 65 423 449 678 0 0 0 0 165 120 0 74 60 
302 129 119 0 73 81 0 92 65 345 0 35 14 72 66 386 422 654 0 0 0 0 172 120 0 75 60 
300 122 119 0 73 81 0 88 66 349 0 35 15 67 63 410 443 657 0 0 0 0 173 120 0 74 60 
298 126 119 0 73 80 0 85 66 351 0 41 15 65 64 359 435 637 0 0 0 0 137 120 0 74 60 
299 131 121 0 74 79 0 85 66 349 0 42 14 79 64 396 468 643 0 0 0 0 171 120 0 73 60 
302 132 119 0 74 83 0 89 65 348 0 41 14 68 64 380 443 606 0 0 0 0 162 120 0 73 60 
304 130 119 0 75 88 0 88 63 347 0 45 15 70 65 335 478 747 0 0 0 0 139 120 0 73 60 
308 125 118 0 77 92 0 89 63 337 0 43 15 66 66 384 466 648 0 0 0 0 189 120 0 73 60 
299 130 120 0 77 92 0 93 63 335 0 49 14 70 64 395 471 700 0 0 0 0 158 120 0 73 60 
300 132 120 0 76 96 0 87 65 350 0 57 16 70 64 372 407 671 0 0 0 0 163 120 0 73 60 
305 128 120 0 77 96 0 91 65 352 0 58 15 87 62 378 412 655 0 0 0 0 154 120 0 73 60 
306 130 118 0 77 92 0 86 65 346 0 54 13 73 64 388 413 647 0 0 0 0 207 120 0 73 60 
303 132 118 0 76 83 0 88 65 343 0 56 14 60 66 371 415 695 0 0 0 0 210 120 0 74 60 
307 132 118 0 76 83 0 85 65 346 0 49 14 68 66 377 480 712 0 0 0 0 193 120 0 74 60 
302 133 118 0 76 82 0 89 66 351 0 48 14 94 67 401 485 637 0 0 0 0 155 120 0 74 60 
304 136 119 0 77 79 0 92 66 347 0 41 14 77 68 387 447 685 0 0 0 0 139 120 0 74 60 
302 127 116 0 77 79 0 87 66 343 0 36 15 61 66 370 404 605 0 0 0 0 159 120 0 74 60 
307 130 118 0 77 89 0 93 65 339 0 39 14 56 64 384 467 717 0 0 0 0 183 120 0 74 60 
304 124 121 0 76 97 0 89 63 339 0 40 14 80 63 380 445 662 0 0 0 0 173 120 0 73 60 
302 132 119 0 76 97 0 90 64 343 0 42 14 82 62 413 426 714 0 0 0 0 154 120 0 73 60 
299 126 123 0 75 96 0 89 63 346 0 46 13 84 64 404 411 676 0 0 0 0 194 120 0 72 60 
304 135 119 0 74 99 0 91 64 339 0 48 14 52 66 420 402 646 0 0 0 0 196 120 0 72 60 
305 133 116 0 73 100 0 89 65 336 0 45 15 59 68 432 416 644 0 0 0 0 160 120 0 72 60 
299 136 117 0 73 95 0 86 65 347 0 47 15 72 67 392 425 682 0 0 0 0 167 120 0 73 60 
304 127 120 0 74 93 0 86 66 355 0 47 14 77 63 405 447 682 0 0 0 0 178 120 0 73 60 
301 129 120 0 75 93 0 86 65 351 0 52 13 69 63 410 496 632 0 0 0 0 163 120 0 72 60 
298 130 119 0 76 99 0 85 66 344 0 48 14 70 65 401 402 628 0 0 0 0 131 120 0 72 60 
299 129 117 0 76 104 0 89 65 342 0 46 15 61 66 417 444 645 0 0 0 0 149 120 0 72 60 
300 124 112 0 77 93 0 91 65 349 0 49 14 60 65 372 413 561 0 0 0 0 156 120 0 73 60 
301 131 119 0 75 85 0 89 66 349 0 56 15 67 65 407 414 619 0 0 0 0 194 120 0 72 60 
302 139 118 0 75 77 0 91 66 348 0 59 15 70 63 418 436 627 0 0 0 0 184 120 0 71 60 
297 139 119 0 75 76 0 91 66 350 0 57 16 71 66 363 430 664 0 0 0 0 226 120 0 70 60 
298 124 117 0 75 77 0 91 64 352 0 56 15 57 65 396 416 585 0 0 0 0 171 120 0 70 60 
302 126 118 0 74 84 0 86 64 350 0 55 13 77 66 405 416 711 0 0 0 0 195 120 0 70 60 
297 126 117 0 75 86 0 89 64 349 0 55 14 81 66 425 429 642 0 0 0 0 182 120 0 70 60 
304 129 120 0 75 83 0 85 64 342 0 54 14 76 65 407 418 552 0 0 0 0 208 120 0 70 60 
307 133 118 0 75 76 0 85 63 334 0 52 13 56 65 358 460 558 0 0 0 0 154 120 0 70 60 
300 135 122 0 74 75 0 89 63 338 0 48 15 42 64 408 452 667 0 0 0 0 149 120 0 70 60 
303 129 121 0 77 71 0 93 64 350 0 51 14 49 65 423 466 627 0 0 0 0 186 120 0 71 60 
308 126 122 0 73 73 0 88 65 345 0 48 14 70 65 357 439 508 0 0 0 0 144 120 0 71 60 
301 126 119 0 76 80 0 88 66 341 0 50 13 70 65 389 382 647 0 0 0 0 153 120 0 72 60 
303 135 121 0 75 88 0 86 65 341 0 52 14 65 64 367 446 622 0 0 0 0 172 120 0 72 60 
304 126 120 0 67 88 0 79 67 347 0 51 14 70 66 418 396 596 0 0 0 0 151 120 0 73 60 
303 128 120 0 63 84 0 87 64 351 0 52 14 75 63 362 431 586 0 0 0 0 156 120 0 73 60 
304 131 122 0 63 84 0 88 64 348 0 48 16 66 64 400 451 604 0 0 0 0 183 120 0 72 60 
307 132 120 0 63 85 0 91 64 343 0 46 15 69 64 396 424 602 0 0 0 0 176 120 0 73 60 
306 120 124 0 73 89 0 89 65 338 0 44 15 67 64 417 450 536 0 0 0 0 199 120 0 73 60 
305 125 121 0 71 87 0 89 66 344 0 41 16 67 66 404 470 676 0 0 0 0 160 120 0 73 60 
300 132 122 0 77 89 0 92 64 348 0 47 13 79 64 432 409 606 0 0 0 0 175 120 0 73 60 
304 127 114 0 78 88 0 85 65 344 0 49 13 87 65 389 418 646 0 0 0 0 129 120 0 73 60 
301 121 119 0 78 86 0 89 65 342 0 46 15 70 65 413 414 653 0 0 0 0 174 120 0 72 60 
298 128 118 0 79 79 0 86 64 345 0 50 14 62 65 361 414 595 0 0 0 0 149 120 0 71 60 
302 122 123 0 78 79 0 86 66 357 0 47 14 83 68 403 399 592 0 0 0 0 180 120 0 70 60 
303 126 122 0 78 86 0 90 66 350 0 43 15 96 69 421 447 555 0 0 0 0 198 120 0 69 60 
297 127 122 0 78 91 0 90 66 344 0 43 14 69 66 391 420 641 0 0 0 0 134 120 0 70 60 
296 135 122 0 79 95 0 90 65 342 0 45 14 52 65 413 433 605 0 0 0 0 173 120 0 70 60 
302 132 118 0 80 99 0 88 65 344 0 44 14 72 64 375 432 735 0 0 0 0 167 120 0 70 60 
299 128 119 0 81 103 0 90 65 348 0 43 15 82 65 353 469 609 0 0 0 0 160 120 0 71 60 
301 131 121 0 82 103 0 87 66 345 0 44 15 84 64 355 453 643 0 0 0 0 189 120 0 72 60 
302 136 121 0 82 101 0 88 67 348 0 45 16 73 64 422 437 637 0 0 0 0 198 120 0 73 60 
297 127 124 0 81 95 0 91 66 348 0 43 16 50 65 396 407 598 0 0 0 0 188 120 0 72 60 
301 123 121 0 80 90 0 86 65 347 0 41 16 69 67 415 377 689 0 0 0 0 155 120 0 73 60 
298 129 124 0 78 71 0 89 64 348 0 43 16 73 65 400 412 613 0 0 0 0 146 120 0 72 60 
304 132 115 0 77 65 0 87 64 346 0 41 13 76 66 403 407 679 0 0 0 0 158 120 0 73 60 
305 129 117 0 76 66 0 90 64 338 0 42 14 66 65 398 488 643 0 0 0 0 189 120 0 73 60 
304 133 116 0 75 69 0 85 63 338 0 43 14 67 63 391 408 625 0 0 0 0 200 120 0 73 60 
298 139 122 0 75 70 0 90 65 352 0 43 14 60 64 443 437 587 0 0 0 0 184 120 0 73 60 
306 126 121 0 74 77 0 90 65 349 0 43 13 64 64 379 454 678 0 0 0 0 190 120 0 73 60 
310 126 118 0 75 84 0 87 66 347 0 40 15 66 65 367 423 644 0 0 0 0 179 120 0 72 60 
306 126 113 0 75 87 0 91 64 344 0 42 15 74 65 397 485 601 0 0 0 0 151 120 0 72 60 
305 131 118 0 75 83 0 87 65 345 0 45 13 66 63 395 436 604 0 0 0 0 174 120 0 72 60 
303 131 117 0 75 80 0 88 64 350 0 44 13 64 64 398 401 593 0 0 0 0 164 120 0 73 60 
305 133 117 0 75 82 0 85 65 347 0 42 13 86 63 416 452 637 0 0 0 0 187 120 0 73 60 
307 133 121 0 75 81 0 90 65 343 0 41 14 81 62 421 428 664 0 0 0 0 168 120 0 74 60 
307 140 117 0 74 82 0 85 65 341 0 38 15 71 66 446 399 636 0 0 0 0 184 120 0 74 60 
303 136 112 0 74 82 0 93 65 341 0 41 16 46 67 355 409 635 0 0 0 0 182 120 0 74 60 
303 119 120 0 74 87 0 98 64 351 0 46 16 44 66 374 431 655 0 0 0 0 178 120 0 74 60 
305 129 118 0 75 83 0 93 64 346 0 44 17 57 67 439 439 623 0 0 0 0 153 120 0 73 60 
304 126 118 0 76 85 0 93 64 344 0 48 16 74 66 389 423 538 0 0 0 0 141 120 0 72 60 
303 135 116 0 76 87 0 92 64 341 0 48 16 70 64 399 474 620 0 0 0 0 165 120 0 70 60 
303 134 121 0 77 92 0 89 65 349 0 45 16 63 63 365 428 604 0 0 0 0 175 120 0 69 60 
303 133 116 0 76 94 0 84 65 352 0 43 17 77 63 425 414 663 0 0 0 0 142 120 0 69 60 
303 133 119 0 76 101 0 86 66 349 0 40 16 72 64 392 424 595 0 0 0 0 174 120 0 68 60 
301 125 119 0 75 111 0 89 66 344 0 40 16 67 67 411 437 601 0 0 0 0 183 120 0 69 60 
300 129 118 0 74 105 0 83 65 342 0 44 17 66 70 393 460 615 0 0 0 0 160 120 0 69 60 
302 137 118 0 73 97 0 85 65 345 0 45 15 71 68 386 471 577 0 0 0 0 162 120 0 69 60 
301 126 119 0 73 91 0 92 64 347 0 44 14 66 65 389 421 593 0 0 0 0 156 120 0 69 60 
305 131 119 0 74 97 0 92 64 345 0 49 15 84 64 400 415 614 0 0 0 0 169 120 0 70 60 
300 129 116 0 75 94 0 89 64 350 0 48 15 82 64 346 424 598 0 0 0 0 172 120 0 71 60 
305 125 116 0 75 93 0 87 65 349 0 43 16 66 64 371 449 551 0 0 0 0 148 120 0 71 60 
302 128 119 0 75 88 0 88 66 351 0 51 15 62 64 425 424 587 0 0 0 0 140 120 0 71 60 
303 126 118 0 75 97 0 83 65 350 0 50 16 93 63 379 459 600 0 0 0 0 158 120 0 72 60 
303 131 116 0 75 86 0 89 65 345 0 52 16 86 64 413 432 609 0 0 0 0 166 120 0 72 60 
302 128 118 0 74 78 0 89 65 337 0 57 15 65 65 369 450 610 0 0 0 0 220 120 0 73 60 
298 125 120 0 73 72 0 90 65 343 0 65 17 49 65 368 423 579 0 0 0 0 152 120 0 72 60 
302 129 117 0 73 84 0 89 65 350 0 66 17 79 65 402 433 564 0 0 0 0 212 120 0 71 60 
307 132 116 0 73 89 0 87 65 346 0 64 18 81 64 401 379 574 0 0 0 0 180 120 0 70 60 
304 127 118 0 73 94 0 91 65 341 0 58 19 84 63 423 464 664 0 0 0 0 158 120 0 70 60 
305 130 118 0 75 92 0 85 64 341 0 58 21 61 64 374 442 629 0 0 0 0 175 120 0 70 60 
303 137 114 0 76 86 0 92 64 348 0 53 22 56 65 410 440 607 0 0 0 0 220 120 0 70 60 
302 124 119 0 77 80 0 87 64 348 0 53 22 71 65 354 432 674 0 0 0 0 183 120 0 71 60 
301 128 118 0 78 80 0 89 65 341 0 54 23 77 64 414 413 623 0 0 0 0 194 120 0 71 60 
302 135 116 0 79 81 0 88 66 342 0 56 21 74 63 420 473 636 0 0 0 0 140 120 0 71 60 
305 130 119 0 77 78 0 88 67 338 0 58 20 66 65 419 413 545 0 0 0 0 190 120 0 72 60 
301 127 118 0 75 79 0 92 67 345 0 60 20 63 65 369 418 628 0 0 0 0 188 120 0 72 60 
303 127 119 0 74 77 0 91 66 349 0 61 19 60 64 427 436 646 0 0 0 0 146 120 0 72 60 
301 133 113 0 71 76 0 94 64 347 0 62 17 66 63 398 430 669 0 0 0 0 175 120 0 72 60 
299 135 114 0 70 75 0 86 63 339 0 61 16 68 64 379 427 656 0 0 0 0 181 120 0 73 60 
301 128 117 0 70 73 0 91 65 343 0 63 16 76 63 355 430 659 0 0 0 0 141 120 0 72 60 
302 130 115 0 71 72 0 90 65 354 0 65 17 61 64 335 449 610 0 0 0 0 162 120 0 73 60 
304 127 118 0 73 76 0 86 65 351 0 62 17 71 65 398 427 624 0 0 0 0 185 120 0 73 60 
302 124 114 0 75 82 0 84 64 346 0 60 18 84 64 382 398 645 0 0 0 0 184 120 0 73 60 
298 130 118 0 76 85 0 84 66 346 0 60 19 81 65 396 451 623 0 0 0 0 145 120 0 73 60 
300 130 117 0 77 87 0 87 66 348 0 56 19 63 64 401 402 745 0 0 0 0 177 120 0 73 60 
300 129 120 0 77 88 0 87 64 349 0 54 17 43 65 373 425 661 0 0 0 0 145 120 0 72 60 
304 127 118 0 77 90 0 92 65 345 0 53 17 45 66 392 451 724 0 0 0 0 169 120 0 72 60 
303 133 113 0 77 81 0 91 66 349 0 49 15 63 65 375 471 657 0 0 0 0 122 120 0 72 60 
300 132 120 0 78 85 0 89 67 352 0 50 17 73 64 405 407 673 0 0 0 0 179 120 0 72 60 
302 139 118 0 79 84 0 92 66 351 0 49 17 68 64 361 399 680 0 0 0 0 139 120 0 71 60 
296 133 120 0 80 85 0 92 67 348 0 52 16 67 64 430 414 593 0 0 0 0 177 120 0 70 60 
304 126 120 0 80 84 0 87 66 344 0 49 17 79 64 387 421 682 0 0 0 0 182 120 0 70 60 
302 131 120 0 81 87 0 86 64 337 0 46 17 69 64 405 466 583 0 0 0 0 198 120 0 69 60 
308 131 118 0 80 83 0 88 65 341 0 43 17 70 64 423 452 645 0 0 0 0 166 120 0 68 60 
300 138 120 0 78 87 0 89 64 354 0 40 15 66 66 429 459 661 0 0 0 0 176 120 0 68 60 
301 135 119 0 77 89 0 84 64 350 0 39 15 73 66 358 475 678 0 0 0 0 158 120 0 69 60 
309 131 117 0 75 98 0 94 64 343 0 34 16 70 66 375 465 679 0 0 0 0 182 120 0 70 60 
305 127 119 0 73 115 0 88 64 343 0 38 15 86 65 389 445 630 0 0 0 0 187 120 0 71 60 
307 127 120 0 73 115 0 88 65 342 0 36 15 75 64 399 428 632 0 0 0 0 188 120 0 72 60 
302 132 122 0 73 119 0 88 65 350 0 41 18 61 64 414 418 472 0 0 0 0 199 120 0 72 60 
307 131 119 0 74 125 0 82 64 348 0 46 17 65 64 358 430 624 0 0 0 0 155 120 0 72 60 
305 130 120 0 75 126 0 88 65 345 0 49 17 98 64 363 437 619 0 0 0 0 133 120 0 73 60 
304 128 121 0 76 108 0 84 66 341 0 40 17 79 65 423 412 616 0 0 0 0 169 120 0 71 60 
304 125 121 0 76 91 0 95 65 340 0 36 18 59 64 348 465 593 0 0 0 0 176 120 0 70 60 
302 126 114 0 77 79 0 91 65 350 0 34 18 53 63 357 427 624 0 0 0 0 121 120 0 71 60 
305 125 122 0 78 81 0 87 65 347 0 29 17 84 65 419 413 638 0 0 0 0 195 120 0 71 60 
299 129 125 0 78 74 0 89 64 339 0 30 15 80 63 391 426 513 0 0 0 0 201 120 0 70 60 
303 130 124 0 78 72 0 92 64 339 0 30 13 81 65 413 457 616 0 0 0 0 175 120 0 71 60 
302 133 123 0 78 74 0 89 64 349 0 26 14 56 66 347 398 628 0 0 0 0 170 120 0 71 60 
301 125 118 0 78 87 0 87 64 353 0 29 13 61 66 389 402 650 0 0 0 0 162 120 0 71 60 
306 126 120 0 76 86 0 87 64 348 0 27 13 70 67 396 387 515 0 0 0 0 170 120 0 72 60 
300 133 121 0 78 77 0 83 66 345 0 28 13 77 65 382 397 614 0 0 0 0 231 120 0 71 60 
296 122 124 0 78 78 0 89 66 343 0 26 14 71 62 371 438 580 0 0 0 0 171 120 0 72 60 
302 130 122 0 78 82 0 89 65 347 0 26 13 68 63 381 465 570 0 0 0 0 148 120 0 72 60 
302 129 121 0 77 85 0 91 64 348 0 27 16 63 64 362 416 593 0 0 0 0 142 120 0 73 60 
300 130 120 0 77 91 0 88 64 346 0 28 14 62 65 391 431 552 0 0 0 0 217 120 0 73 60 
302 134 118 0 76 94 0 90 64 349 0 26 14 65 67 375 463 588 0 0 0 0 183 120 0 72 60 
306 132 123 0 75 88 0 95 65 348 0 27 13 66 69 430 430 562 0 0 0 0 121 120 0 72 60 
297 129 116 0 73 85 0 89 66 349 0 26 12 74 65 382 422 545 0 0 0 0 132 120 0 73 60 
303 127 119 0 73 76 0 91 67 346 0 28 14 59 66 396 407 568 0 0 0 0 159 120 0 72 60 
298 135 116 0 73 75 0 86 65 338 0 26 14 71 64 399 446 606 0 0 0 0 150 120 0 72 60 
304 131 126 0 74 71 0 85 65 333 0 26 14 82 65 393 414 618 0 0 0 0 180 120 0 72 60 
310 130 119 0 75 75 0 88 63 343 0 27 14 83 65 398 438 591 0 0 0 0 169 120 0 72 60 
303 129 118 0 76 74 0 86 63 350 0 28 15 62 64 395 440 520 0 0 0 0 165 120 0 71 60 
302 132 119 0 77 83 0 88 64 346 0 26 15 42 64 428 439 557 0 0 0 0 202 120 0 70 60 
306 131 118 0 76 88 0 87 65 341 0 26 17 47 66 381 419 593 0 0 0 0 177 120 0 70 60 
307 129 121 0 76 86 0 88 65 341 0 27 18 61 66 386 462 635 0 0 0 0 178 120 0 70 60 
304 133 122 0 74 87 0 90 65 348 0 24 19 71 66 398 445 653 0 0 0 0 188 120 0 70 60 
300 127 121 0 74 94 0 85 64 347 0 27 18 68 65 399 484 695 0 0 0 0 190 120 0 71 60 
307 131 122 0 74 105 0 89 64 342 0 25 19 65 65 417 402 590 0 0 0 0 172 120 0 71 60 
300 127 119 0 74 100 0 88 64 342 0 27 17 77 66 396 457 533 0 0 0 0 139 120 0 72 60 
304 138 117 0 74 98 0 90 65 339 0 26 14 70 64 385 425 630 0 0 0 0 144 120 0 73 60 
304 134 116 0 75 93 0 85 65 345 0 25 13 72 65 386 391 652 0 0 0 0 176 120 0 73 60 
305 128 117 0 76 89 0 89 65 349 0 26 14 64 65 359 448 639 0 0 0 0 177 120 0 72 60 
304 121 117 0 77 77 0 91 64 345 0 26 14 74 65 357 467 671 0 0 0 0 162 120 0 73 60 
301 125 118 0 78 78 0 96 64 343 0 26 15 70 65 377 462 601 0 0 0 0 179 120 0 73 60 
302 132 119 0 77 84 0 94 64 345 0 26 16 84 68 345 432 680 0 0 0 0 153 120 0 73 60 
303 133 117 0 76 84 0 90 64 354 0 27 17 77 68 365 415 654 0 0 0 0 169 120 0 72 60 
295 129 121 0 75 82 0 91 65 349 0 27 19 63 65 360 405 655 0 0 0 0 165 120 0 72 60 
307 134 116 0 74 84 0 85 65 347 0 25 18 66 63 439 418 674 0 0 0 0 196 120 0 72 60 
301 130 120 0 72 87 0 84 66 343 0 25 19 95 65 413 430 568 0 0 0 0 180 120 0 72 60 
297 128 120 0 72 93 0 83 66 347 0 27 19 82 64 392 458 646 0 0 0 0 171 120 0 72 60 
297 131 119 0 73 103 0 90 66 352 0 25 17 62 63 401 432 588 0 0 0 0 187 120 0 71 60 
303 130 120 0 73 120 0 85 65 347 0 29 17 52 64 359 480 647 0 0 0 0 160 120 0 72 60 
298 130 121 0 75 140 0 83 65 348 0 26 17 83 64 405 404 625 0 0 0 0 169 120 0 72 60 
303 130 120 0 75 151 0 93 65 347 0 31 15 81 64 417 428 680 0 0 0 0 148 120 0 72 60 
302 125 117 0 77 160 0 92 65 347 0 29 13 83 65 377 451 673 0 0 0 0 163 120 0 72 60 
299 126 120 0 77 146 0 88 66 349 0 28 13 59 65 430 433 662 0 0 0 0 192 120 0 72 60 
304 121 119 0 77 124 0 88 64 346 0 30 13 60 67 388 438 626 0 0 0 0 186 120 0 72 60 
296 131 120 0 76 106 0 88 66 337 0 30 14 70 65 424 429 508 0 0 0 0 174 120 0 72 60 
308 134 119 0 76 104 0 88 65 339 0 30 15 78 65 411 447 543 0 0 0 0 162 120 0 73 60 
306 131 121 0 78 110 0 88 65 349 0 31 17 75 65 363 429 698 0 0 0 0 187 120 0 72 60 
301 125 118 0 78 103 0 90 64 349 0 36 18 68 64 365 441 665 0 0 0 0 178 120 0 73 60 
302 130 117 0 80 92 0 88 64 343 0 37 17 62 64 393 419 636 0 0 0 0 177 120 0 73 60 
301 133 119 0 82 87 0 87 65 341 0 39 16 61 64 427 436 625 0 0 0 0 190 120 0 72 60 
305 126 120 0 82 83 0 91 64 345 0 40 16 66 64 375 460 658 0 0 0 0 167 120 0 73 60 
305 128 119 0 82 74 0 90 65 350 0 39 16 67 64 405 445 502 0 0 0 0 198 120 0 72 60 
306 141 119 0 81 67 0 90 63 343 0 40 15 76 64 396 458 572 0 0 0 0 138 120 0 71 60 
302 128 118 0 80 67 0 87 64 342 0 32 14 60 63 368 445 615 0 0 0 0 189 120 0 69 60 
304 136 119 0 78 69 0 88 63 342 0 36 14 68 63 371 419 619 0 0 0 0 136 120 0 69 60 
304 136 119 0 77 69 0 85 64 341 0 38 14 83 64 345 463 580 0 0 0 0 183 120 0 68 60 
301 130 117 0 76 72 0 90 66 351 0 39 13 82 65 431 371 641 0 0 0 0 161 120 0 67 60 
305 126 119 0 75 76 0 91 66 348 0 42 14 66 65 390 387 629 0 0 0 0 164 120 0 66 60 
302 127 114 0 76 79 0 91 66 340 0 44 13 40 65 370 435 578 0 0 0 0 198 120 0 65 60 
302 128 119 0 75 79 0 95 65 340 0 44 13 45 64 387 404 616 0 0 0 0 182 120 0 65 60 
302 132 117 0 75 79 0 89 65 352 0 39 13 62 65 423 466 591 0 0 0 0 186 120 0 66 60 
299 128 119 0 75 83 0 92 63 357 0 39 15 70 65 389 473 619 0 0 0 0 182 120 0 67 60 
299 132 114 0 75 81 0 87 63 347 0 37 14 69 63 430 426 484 0 0 0 0 162 120 0 68 60 
301 131 120 0 74 82 0 92 64 346 0 37 14 65 64 387 404 631 0 0 0 0 162 120 0 68 60 
306 130 117 0 74 82 0 86 65 344 0 39 14 75 65 395 437 608 0 0 0 0 174 120 0 68 60 
301 128 118 0 74 85 0 84 65 350 0 39 14 71 65 378 473 624 0 0 0 0 122 120 0 68 60 
302 133 120 0 74 94 0 87 64 349 0 34 13 69 68 363 475 610 0 0 0 0 187 120 0 70 60 
303 129 117 0 74 96 0 87 64 346 0 32 12 65 67 400 427 601 0 0 0 0 210 120 0 71 60 
300 125 120 0 74 95 0 91 64 349 0 31 14 71 64 392 480 556 0 0 0 0 116 120 0 71 60 
305 131 123 0 76 95 0 89 65 350 0 32 14 68 66 391 410 613 0 0 0 0 183 120 0 72 60 
301 135 123 0 75 93 0 93 66 348 0 31 15 83 67 354 416 639 0 0 0 0 150 120 0 72 60 
303 137 121 0 76 98 0 89 66 347 0 25 14 78 66 359 405 655 0 0 0 0 162 120 0 72 60 
304 124 120 0 76 99 0 90 65 338 0 29 14 67 66 419 408 680 0 0 0 0 199 120 0 72 60 
305 129 119 0 76 113 0 89 65 333 0 27 13 64 68 394 392 592 0 0 0 0 191 120 0 73 60 
303 131 121 0 75 113 0 86 65 342 0 30 12 90 65 404 400 657 0 0 0 0 172 120 0 73 60 
304 131 122 0 74 98 0 89 65 350 0 35 13 89 66 360 428 673 0 0 0 0 189 120 0 72 60 
304 134 123 0 73 87 0 89 64 344 0 38 14 66 63 345 469 648 0 0 0 0 158 120 0 73 60 
304 133 121 0 73 80 0 86 64 344 0 38 14 47 64 410 450 652 0 0 0 0 184 120 0 73 60 
306 130 119 0 73 80 0 87 65 342 0 42 14 76 64 403 443 622 0 0 0 0 129 120 0 73 60 
300 132 120 0 73 84 0 90 64 350 0 40 14 83 64 395 420 743 0 0 0 0 199 120 0 73 60 
305 124 119 0 75 88 0 89 64 349 0 37 13 84 65 404 425 639 0 0 0 0 111 120 0 72 60 
305 131 120 0 74 84 0 86 64 346 0 32 13 62 63 367 390 706 0 0 0 0 166 120 0 72 60 
301 130 113 0 75 83 0 85 64 343 0 29 13 53 65 392 416 632 0 0 0 0 180 120 0 72 60 
301 131 118 0 76 84 0 84 64 339 0 32 13 71 65 376 419 710 0 0 0 0 169 120 0 72 60 
304 129 124 0 74 86 0 87 65 344 0 32 14 72 64 437 439 709 0 0 0 0 185 120 0 72 60 
302 125 119 0 74 89 0 89 65 348 0 37 14 78 65 400 399 655 0 0 0 0 166 120 0 73 60 
301 124 121 0 74 92 0 90 67 342 0 41 14 68 66 396 406 676 0 0 0 0 187 120 0 72 60 
303 125 116 0 73 87 0 90 67 341 0 45 14 63 64 380 470 680 0 0 0 0 185 120 0 71 60 
305 130 123 0 73 84 0 87 65 343 0 49 14 60 63 411 449 625 0 0 0 0 187 120 0 70 60 
298 134 122 0 73 85 0 97 65 355 0 54 13 67 64 389 464 621 0 0 0 0 163 120 0 69 60 
301 127 121 0 75 89 0 86 63 351 0 55 13 66 64 385 491 678 0 0 0 0 129 120 0 68 60 
297 121 122 0 75 83 0 88 64 345 0 52 15 72 66 400 405 679 0 0 0 0 162 120 0 68 60 
301 127 119 0 77 83 0 86 65 341 0 45 13 65 66 411 406 657 0 0 0 0 149 120 0 68 60 
302 133 118 0 79 86 0 84 66 345 0 47 14 65 66 411 376 675 0 0 0 0 142 120 0 67 60 
299 129 119 0 79 81 0 87 65 349 0 46 13 79 65 367 415 593 0 0 0 0 182 120 0 68 60 
304 129 124 0 79 74 0 90 65 345 0 52 12 82 65 424 446 583 0 0 0 0 167 120 0 68 60 
299 134 117 0 78 72 0 93 64 348 0 53 13 71 70 379 441 679 0 0 0 0 186 120 0 69 60 
307 126 119 0 76 83 0 88 64 352 0 57 12 42 68 372 434 635 0 0 0 0 188 120 0 71 60 
299 132 112 0 73 83 0 96 64 349 0 56 14 43 64 370 390 662 0 0 0 0 179 120 0 72 60 
304 137 116 0 71 83 0 88 64 352 0 59 13 61 63 344 440 622 0 0 0 0 176 120 0 73 60 
299 128 122 0 70 83 0 87 66 344 0 57 13 71 63 406 437 603 0 0 0 0 204 120 0 74 60 
301 126 119 0 71 81 0 87 66 337 0 60 12 66 63 398 453 559 0 0 0 0 166 120 0 74 60 
301 127 116 0 71 81 0 87 67 336 0 57 15 66 63 390 464 567 0 0 0 0 176 120 0 74 60 
305 128 116 0 74 85 0 91 64 349 0 57 12 74 63 403 423 551 0 0 0 0 187 120 0 74 60 
302 128 117 0 75 85 0 85 64 349 0 63 12 71 65 382 389 625 0 0 0 0 221 120 0 75 60 
300 133 115 0 76 82 0 90 65 342 0 56 12 69 65 409 439 578 0 0 0 0 198 120 0 75 60 
302 130 121 0 76 81 0 88 60 343 0 56 15 67 63 393 478 632 0 0 0 0 199 120 0 76 60 
307 127 116 0 77 82 0 87 63 346 0 52 13 69 63 409 449 592 0 0 0 0 172 120 0 77 60 
302 130 115 0 77 88 0 89 66 351 0 51 15 66 64 427 464 605 0 0 0 0 153 120 0 77 60 
307 125 117 0 76 93 0 88 66 347 0 49 12 85 64 400 443 574 0 0 0 0 157 120 0 77 60 
299 130 118 0 78 88 0 89 66 342 0 45 12 80 65 413 433 550 0 0 0 0 167 120 0 77 60 
306 128 117 0 79 89 0 87 66 343 0 45 12 69 65 414 425 557 0 0 0 0 164 120 0 78 60 
302 134 116 0 79 99 0 89 67 339 0 38 13 66 66 375 431 524 0 0 0 0 139 120 0 77 60 
302 132 115 0 81 106 0 90 65 349 0 33 15 88 64 398 392 629 0 0 0 0 177 120 0 77 60 
300 135 120 0 80 98 0 85 67 344 0 30 14 92 64 372 430 630 0 0 0 0 168 120 0 77 60 
305 137 120 0 78 94 0 91 67 341 0 30 15 67 64 401 458 632 0 0 0 0 165 120 0 77 60 
304 124 123 0 78 98 0 91 66 341 0 27 13 47 63 370 484 643 0 0 0 0 145 120 0 77 60 
302 125 118 0 76 96 0 95 66 352 0 30 13 73 63 420 467 628 0 0 0 0 199 120 0 77 60 
302 133 118 0 75 94 0 93 65 355 0 27 13 84 64 380 434 581 0 0 0 0 178 120 0 78 60 
298 137 118 0 74 93 0 94 66 349 0 29 13 84 63 378 416 510 0 0 0 0 160 120 0 78 60 
300 136 119 0 73 81 0 88 65 342 0 31 13 65 64 353 440 605 0 0 0 0 147 120 0 78 60 
306 133 117 0 73 68 0 88 65 344 0 27 16 54 65 401 424 649 0 0 0 0 154 120 0 77 60 
298 132 117 0 74 69 0 89 65 346 0 27 14 71 64 363 420 643 0 0 0 0 177 120 0 77 60 
304 122 115 0 74 70 0 82 65 348 0 29 14 72 64 379 388 624 0 0 0 0 134 120 0 76 60 
300 127 118 0 75 76 0 87 66 347 0 29 15 76 63 386 397 605 0 0 0 0 207 120 0 75 60 
301 133 120 0 76 75 0 84 65 352 0 27 15 69 64 390 428 615 0 0 0 0 153 120 0 75 60 
304 129 117 0 76 73 0 87 65 348 0 28 14 65 67 395 423 609 0 0 0 0 162 120 0 73 60 
302 128 117 0 76 79 0 91 65 349 0 28 15 57 67 374 424 624 0 0 0 0 170 120 0 72 60 
300 125 116 0 77 85 0 94 65 350 0 30 15 67 68 398 471 611 0 0 0 0 126 120 0 71 60 
301 125 119 0 77 87 0 91 64 342 0 28 15 67 65 408 440 740 0 0 0 0 183 120 0 71 60 
303 126 118 0 77 89 0 84 65 335 0 31 15 72 63 374 445 690 0 0 0 0 240 120 0 70 60 
303 128 119 0 77 103 0 88 65 342 0 28 14 66 61 416 467 677 0 0 0 0 156 120 0 68 60 
303 135 118 0 77 114 0 86 64 354 0 29 14 66 64 376 450 646 0 0 0 0 169 120 0 67 60 
304 127 119 0 76 123 0 86 65 349 0 29 15 83 65 350 419 594 0 0 0 0 157 120 0 66 60 
300 128 118 0 78 133 0 90 64 342 0 29 13 79 66 388 437 663 0 0 0 0 212 120 0 66 60 
308 122 116 0 77 133 0 93 65 343 0 27 14 74 67 400 393 661 0 0 0 0 201 120 0 65 60 
300 124 121 0 77 142 0 90 65 348 0 29 14 47 66 427 425 649 0 0 0 0 124 120 0 66 60 
304 129 119 0 76 134 0 86 66 350 0 27 15 42 65 419 400 612 0 0 0 0 161 120 0 66 60 
300 130 123 0 74 123 0 90 64 344 0 28 13 58 66 436 428 607 0 0 0 0 176 120 0 66 60 
303 125 117 0 73 93 0 88 64 342 0 28 14 72 64 412 468 711 0 0 0 0 161 120 0 66 60 
302 129 115 0 73 82 0 86 64 341 0 25 13 68 64 403 472 668 0 0 0 0 194 120 0 65 60 
301 129 116 0 73 72 0 90 64 346 0 28 13 64 65 378 469 614 0 0 0 0 167 120 0 65 60 
308 132 118 0 73 71 0 88 64 348 0 28 13 74 65 408 415 581 0 0 0 0 186 120 0 65 60 
304 131 116 0 74 70 0 89 64 341 0 28 14 72 66 422 410 690 0 0 0 0 137 120 0 66 60 
306 134 118 0 75 72 0 89 66 339 0 28 14 68 64 376 411 534 0 0 0 0 161 120 0 66 60 
306 125 114 0 76 74 0 93 65 346 0 28 15 70 64 412 406 593 0 0 0 0 188 120 0 65 60 
301 127 117 0 77 77 0 91 66 355 0 29 13 69 64 369 468 643 0 0 0 0 174 120 0 65 60 
303 130 118 0 77 70 0 88 65 352 0 27 14 66 65 438 467 647 0 0 0 0 176 120 0 66 60 
300 131 117 0 76 72 0 93 66 346 0 27 13 84 65 373 471 635 0 0 0 0 170 120 0 65 60 
303 137 115 0 76 73 0 88 65 346 0 28 13 81 65 389 458 611 0 0 0 0 191 120 0 66 60 
304 128 118 0 75 79 0 91 64 345 0 25 13 69 63 379 452 682 0 0 0 0 138 120 0 65 60 
298 128 119 0 74 95 0 89 64 348 0 26 14 64 66 385 425 551 0 0 0 0 211 120 0 65 60 
295 130 118 0 73 93 0 85 65 342 0 27 14 86 66 377 422 561 0 0 0 0 125 120 0 65 60 
302 129 118 0 75 85 0 82 64 330 0 26 13 93 65 388 415 648 0 0 0 0 193 120 0 65 60 
299 129 118 0 75 87 0 88 65 349 0 31 14 70 64 373 397 637 0 0 0 0 157 120 0 65 60 
304 130 119 0 76 88 0 89 64 333 0 25 14 49 64 382 410 601 0 0 0 0 128 120 0 65 60 
307 129 118 0 77 87 0 87 64 346 0 26 12 70 65 404 466 645 0 0 0 0 165 120 0 66 60 
301 128 120 0 77 81 0 92 64 347 0 28 12 84 64 401 448 560 0 0 0 0 177 120 0 66 60 
304 137 121 0 76 82 0 91 65 340 0 26 15 85 65 368 399 611 0 0 0 0 217 120 0 66 60 
300 135 118 0 76 89 0 91 65 340 0 29 16 67 65 399 410 566 0 0 0 0 186 120 0 65 60 
303 124 122 0 75 89 0 87 66 351 0 28 16 52 65 423 458 582 0 0 0 0 113 120 0 66 60 
305 130 120 0 74 93 0 89 65 355 0 26 16 71 63 389 486 616 0 0 0 0 192 120 0 68 60 
301 128 121 0 73 100 0 86 65 343 0 29 14 72 64 377 411 577 0 0 0 0 161 120 0 70 60 
301 141 119 0 72 101 0 86 65 342 0 28 14 76 65 396 425 602 0 0 0 0 167 120 0 70 60 
306 140 121 0 73 99 0 87 65 347 0 34 14 67 64 381 414 562 0 0 0 0 163 120 0 70 60 
300 130 117 0 74 88 0 87 65 351 0 35 15 69 65 377 452 623 0 0 0 0 195 120 0 71 60 
301 130 116 0 75 83 0 91 66 347 0 41 15 58 66 398 427 621 0 0 0 0 217 120 0 72 60 
304 129 123 0 76 86 0 90 64 341 0 46 16 65 65 400 427 625 0 0 0 0 183 120 0 73 60 
303 129 119 0 76 85 0 89 64 343 0 48 16 69 64 396 437 544 0 0 0 0 155 120 0 72 60 
304 131 118 0 77 86 0 86 63 341 0 49 16 72 65 427 384 527 0 0 0 0 174 120 0 73 60 
305 133 120 0 76 90 0 81 63 348 0 46 16 67 64 393 461 657 0 0 0 0 183 120 0 73 60 
306 130 124 0 76 85 0 86 64 347 0 46 16 62 65 361 412 590 0 0 0 0 200 120 0 73 60 
305 128 119 0 75 81 0 88 64 344 0 47 15 83 66 459 471 679 0 0 0 0 166 120 0 72 60 
305 128 120 0 77 74 0 93 65 343 0 53 16 79 65 424 409 585 0 0 0 0 169 120 0 73 60 
299 128 120 0 78 79 0 93 66 352 0 57 16 75 66 372 419 621 0 0 0 0 158 120 0 73 60 
305 127 117 0 80 88 0 85 66 353 0 55 15 51 65 416 361 628 0 0 0 0 191 120 0 74 60 
303 129 121 0 81 92 0 91 65 346 0 53 15 42 64 396 396 568 0 0 0 0 232 120 0 73 60 
301 131 120 0 82 92 0 90 64 342 0 51 14 55 65 365 425 639 0 0 0 0 170 120 0 73 60 
305 126 122 0 82 94 0 88 64 341 0 55 13 73 66 384 442 590 0 0 0 0 139 120 0 73 60 
301 126 118 0 81 91 0 84 63 345 0 55 13 68 65 375 450 726 0 0 0 0 178 120 0 73 60 
301 125 118 0 80 87 0 86 65 348 0 50 13 64 65 402 425 635 0 0 0 0 178 120 0 72 60 
303 130 112 0 78 80 0 90 65 344 0 45 13 73 64 411 448 735 0 0 0 0 160 120 0 72 60 
304 125 118 0 77 78 0 89 65 350 0 41 14 76 65 372 424 584 0 0 0 0 139 120 0 72 60 
303 134 119 0 75 78 0 93 65 348 0 38 14 66 64 383 424 602 0 0 0 0 181 120 0 72 60 
304 130 120 0 76 78 0 89 64 350 0 35 15 70 65 366 470 713 0 0 0 0 172 120 0 71 60 
304 133 119 0 76 85 0 89 64 350 0 41 14 68 61 398 414 656 0 0 0 0 198 120 0 72 60 
303 132 118 0 76 88 0 86 64 342 0 46 13 66 64 365 454 673 0 0 0 0 183 120 0 72 60 
302 132 118 0 75 88 0 92 65 334 0 47 14 79 66 410 475 632 0 0 0 0 138 120 0 72 60 
300 131 119 0 75 81 0 88 64 342 0 56 13 84 67 403 393 632 0 0 0 0 168 120 0 73 60 
304 129 120 0 75 79 0 86 66 352 0 59 15 70 67 423 444 691 0 0 0 0 206 120 0 73 60 
305 133 119 0 73 79 0 92 66 349 0 57 15 61 68 393 426 673 0 0 0 0 134 120 0 73 60 
301 133 120 0 73 78 0 89 64 345 0 56 15 80 65 416 459 662 0 0 0 0 179 120 0 73 60 
301 129 118 0 74 78 0 89 66 343 0 49 15 98 63 376 450 665 0 0 0 0 201 120 0 74 60 
304 128 120 0 74 83 0 86 66 347 0 47 14 72 65 350 397 609 0 0 0 0 171 120 0 74 60 
303 129 120 0 75 88 0 90 65 348 0 42 14 54 64 352 464 608 0 0 0 0 163 120 0 74 60 
304 127 118 0 76 92 0 89 64 343 0 38 15 65 66 418 475 592 0 0 0 0 194 120 0 75 60 
305 133 118 0 76 94 0 89 63 342 0 39 15 80 69 393 439 723 0 0 0 0 159 120 0 74 60 
300 128 118 0 76 94 0 89 64 340 0 32 14 83 68 381 377 634 0 0 0 0 173 120 0 74 60 
300 130 119 0 77 96 0 86 64 343 0 33 15 79 68 388 404 646 0 0 0 0 168 120 0 75 60 
300 132 123 0 76 91 0 87 64 350 0 34 16 50 63 419 440 624 0 0 0 0 157 120 0 75 60 
302 127 119 0 76 88 0 90 65 346 0 34 15 67 63 395 447 621 0 0 0 0 147 120 0 75 60 
304 133 121 0 75 86 0 87 66 340 0 36 14 71 63 380 441 565 0 0 0 0 155 120 0 76 60 
305 131 120 0 75 87 0 84 65 343 0 40 13 77 64 426 416 536 0 0 0 0 175 120 0 76 60 
301 135 122 0 74 82 0 90 66 350 0 47 15 67 64 405 363 609 0 0 0 0 138 120 0 75 60 
303 127 115 0 73 78 0 95 66 351 0 52 15 70 65 397 396 654 0 0 0 0 181 120 0 76 60 
298 127 119 0 73 71 0 92 65 343 0 51 14 62 64 390 427 597 0 0 0 0 217 120 0 75 60 
302 133 117 0 74 75 0 93 65 347 0 53 14 60 64 380 426 644 0 0 0 0 182 120 0 74 60 
301 136 121 0 74 78 0 94 66 347 0 52 15 68 65 365 458 617 0 0 0 0 179 120 0 75 60 
305 136 121 0 76 86 0 87 66 350 0 49 14 70 65 399 459 536 0 0 0 0 159 120 0 74 60 
298 135 122 0 76 94 0 90 65 346 0 49 13 72 66 411 449 612 0 0 0 0 182 120 0 74 60 
302 126 118 0 75 97 0 83 65 348 0 50 15 58 65 407 419 576 0 0 0 0 179 120 0 74 60 
299 132 118 0 76 103 0 88 65 349 0 54 14 77 63 389 440 639 0 0 0 0 135 120 0 74 60 
302 131 119 0 74 106 0 83 64 348 0 56 15 80 64 408 457 531 0 0 0 0 181 120 0 74 60 
300 127 120 0 73 104 0 86 65 349 0 59 15 79 65 403 449 606 0 0 0 0 144 120 0 74 60 
303 131 119 0 74 96 0 87 64 347 0 56 16 60 63 412 422 664 0 0 0 0 164 120 0 74 60 
303 133 117 0 73 89 0 91 65 334 0 58 17 42 64 427 462 602 0 0 0 0 152 120 0 74 60 
301 125 120 0 74 85 0 96 65 336 0 59 14 45 64 380 452 609 0 0 0 0 185 120 0 74 60 
302 128 118 0 75 89 0 86 65 346 0 60 13 65 65 335 437 579 0 0 0 0 186 120 0 74 60 
303 126 124 0 76 89 0 87 66 354 0 60 14 73 64 384 445 624 0 0 0 0 206 120 0 73 60 
304 125 120 0 77 93 0 87 65 343 0 59 14 65 65 448 456 568 0 0 0 0 167 120 0 73 60 
299 129 121 0 78 94 0 90 64 340 0 52 14 65 66 400 418 643 0 0 0 0 212 120 0 73 60 
298 127 116 0 78 93 0 87 64 344 0 50 15 79 64 384 399 669 0 0 0 0 171 120 0 73 60 
304 129 119 0 78 90 0 91 64 350 0 44 14 67 64 396 392 682 0 0 0 0 164 120 0 73 60 
301 124 118 0 77 89 0 90 65 349 0 38 14 71 65 386 452 643 0 0 0 0 158 120 0 72 60 
301 131 117 0 76 88 0 86 66 344 0 39 13 65 64 391 434 641 0 0 0 0 177 120 0 73 60 
304 127 117 0 73 84 0 87 66 341 0 37 13 71 64 384 456 718 0 0 0 0 200 120 0 73 60 
301 131 117 0 72 86 0 90 64 340 0 40 14 69 64 396 445 643 0 0 0 0 173 120 0 73 60 
299 127 115 0 71 82 0 90 64 345 0 41 13 85 65 387 462 624 0 0 0 0 183 120 0 72 60 
305 132 120 0 72 92 0 84 63 348 0 43 14 75 66 384 439 684 0 0 0 0 188 120 0 73 60 
303 130 116 0 73 99 0 89 63 341 0 47 14 60 65 387 403 743 0 0 0 0 205 120 0 73 60 
305 130 118 0 74 99 0 90 63 340 0 48 15 68 64 408 430 658 0 0 0 0 146 120 0 73 60 
301 133 116 0 75 90 0 87 64 347 0 56 14 97 65 391 391 673 0 0 0 0 183 120 0 73 60 
301 135 120 0 76 93 0 91 64 353 0 58 14 81 64 408 423 640 0 0 0 0 162 120 0 73 60 
301 129 118 0 76 85 0 92 65 350 0 54 13 63 65 368 394 622 0 0 0 0 165 120 0 73 60 
303 132 121 0 76 80 0 91 65 344 0 51 14 50 65 397 474 723 0 0 0 0 177 120 0 72 60 
298 129 121 0 76 71 0 89 65 340 0 49 14 79 65 438 457 673 0 0 0 0 150 120 0 73 60 
306 131 120 0 77 77 0 91 65 345 0 48 15 79 65 379 396 732 0 0 0 0 169 120 0 73 60 
300 135 121 0 78 79 0 90 66 346 0 52 15 86 65 408 410 666 0 0 0 0 156 120 0 73 60 
299 129 120 0 80 78 0 85 66 340 0 50 15 60 64 424 466 617 0 0 0 0 156 120 0 72 60 
303 127 119 0 81 80 0 91 65 345 0 49 13 55 65 384 420 723 0 0 0 0 182 120 0 72 60 
301 129 122 0 81 82 0 83 63 346 0 46 14 72 64 354 420 683 0 0 0 0 175 120 0 72 60 
303 128 122 0 79 83 0 85 65 345 0 46 15 76 64 389 416 717 0 0 0 0 148 120 0 73 60 
302 130 121 0 80 76 0 88 64 349 0 52 13 71 65 411 393 640 0 0 0 0 178 120 0 73 60 
303 130 120 0 78 77 0 88 65 340 0 54 15 67 66 364 395 706 0 0 0 0 187 120 0 72 60 
303 132 117 0 77 77 0 90 65 334 0 48 16 63 65 378 413 568 0 0 0 0 172 120 0 72 60 
303 126 123 0 75 83 0 89 65 341 0 52 15 59 64 386 457 613 0 0 0 0 188 120 0 73 60 
301 137 120 0 74 81 0 96 66 351 0 55 15 66 63 411 429 704 0 0 0 0 175 120 0 73 60 
302 136 120 0 73 85 0 86 64 350 0 55 16 67 64 355 422 665 0 0 0 0 183 120 0 73 60 
303 121 115 0 73 90 0 90 65 341 0 62 14 74 65 387 476 646 0 0 0 0 176 120 0 73 60 
296 122 123 0 73 91 0 88 65 341 0 65 13 62 65 343 430 622 0 0 0 0 191 120 0 74 60 
307 126 119 0 74 85 0 88 65 348 0 65 14 65 67 364 477 610 0 0 0 0 181 120 0 74 60 
304 133 122 0 75 79 0 87 66 347 0 64 17 84 68 398 430 537 0 0 0 0 163 120 0 74 60 
301 136 121 0 75 80 0 87 65 345 0 61 15 81 66 399 463 625 0 0 0 0 134 120 0 73 60 
304 139 121 0 75 82 0 95 67 343 0 61 17 69 66 377 414 607 0 0 0 0 179 120 0 72 60 
304 131 120 0 76 88 0 89 64 342 0 61 16 45 68 401 394 638 0 0 0 0 159 120 0 73 60 
302 127 120 0 75 90 0 87 65 342 0 59 14 43 65 365 422 673 0 0 0 0 156 120 0 73 60 
301 126 119 0 76 95 0 89 63 350 0 59 16 58 66 345 474 626 0 0 0 0 208 120 0 73 60 
305 128 120 0 77 92 0 82 63 345 0 60 14 73 69 389 411 582 0 0 0 0 173 120 0 73 60 
304 131 118 0 77 86 0 85 63 337 0 58 16 69 70 421 452 580 0 0 0 0 176 120 0 72 60 
302 136 122 0 78 80 0 87 63 341 0 58 15 63 66 394 425 589 0 0 0 0 162 120 0 72 60 
304 130 124 0 77 83 0 90 64 356 0 61 16 74 62 393 443 639 0 0 0 0 135 120 0 72 60 
301 126 119 0 79 85 0 88 65 354 0 54 15 72 62 444 397 641 0 0 0 0 190 120 0 72 60 
304 127 115 0 78 86 0 91 65 349 0 57 14 66 62 377 401 535 0 0 0 0 147 120 0 72 60 
298 121 112 0 78 83 0 88 65 345 0 53 15 67 63 423 436 578 0 0 0 0 187 120 0 73 60 
308 132 116 0 76 81 0 91 65 347 0 57 14 70 63 432 446 578 0 0 0 0 209 120 0 73 60 
301 127 121 0 74 80 0 91 65 346 0 56 15 65 63 384 459 623 0 0 0 0 172 120 0 73 60 
301 128 123 0 74 81 0 86 65 345 0 55 15 81 64 380 485 635 0 0 0 0 194 120 0 73 60 
301 130 116 0 73 79 0 86 65 344 0 57 15 82 64 397 456 516 0 0 0 0 204 120 0 74 60 
299 126 115 0 73 85 0 87 65 352 0 60 16 69 65 389 431 575 0 0 0 0 148 120 0 75 60 
302 126 119 0 74 85 0 89 66 349 0 57 19 61 66 391 407 534 0 0 0 0 189 120 0 75 60 
300 131 117 0 74 87 0 91 65 350 0 56 15 87 64 405 421 644 0 0 0 0 179 120 0 75 60 
305 129 116 0 76 101 0 89 65 345 0 55 15 96 63 409 443 628 0 0 0 0 187 120 0 75 60 
299 126 119 0 77 118 0 92 64 338 0 51 15 66 63 370 396 613 0 0 0 0 102 120 0 75 60 
300 131 118 0 77 132 0 85 65 337 0 48 16 49 63 368 426 609 0 0 0 0 149 120 0 75 60 
304 134 119 0 77 118 0 92 65 347 0 46 14 74 63 371 435 615 0 0 0 0 221 120 0 74 60 
305 127 118 0 76 111 0 89 65 352 0 44 16 81 65 385 426 570 0 0 0 0 198 120 0 74 60 
306 133 116 0 75 92 0 88 65 344 0 44 15 82 64 364 446 532 0 0 0 0 152 120 0 73 60 
295 127 115 0 74 75 0 85 65 340 0 47 15 70 63 395 423 697 0 0 0 0 184 120 0 73 60 
305 125 117 0 73 68 0 91 64 344 0 46 15 52 64 375 463 569 0 0 0 0 167 120 0 73 60 
302 133 119 0 75 77 0 89 65 350 0 45 14 69 64 395 449 681 0 0 0 0 123 120 0 73 60 
304 126 118 0 75 83 0 84 66 347 0 45 15 72 64 440 414 643 0 0 0 0 200 120 0 73 60 
303 128 120 0 76 85 0 90 66 343 0 40 14 78 65 383 386 700 0 0 0 0 194 120 0 72 60 
303 131 121 0 76 91 0 88 66 341 0 42 15 66 64 431 446 615 0 0 0 0 142 120 0 72 60 
304 132 119 0 77 83 0 89 65 339 0 43 17 67 65 396 412 598 0 0 0 0 216 120 0 71 60 
302 136 121 0 77 74 0 91 64 346 0 43 15 60 64 380 399 661 0 0 0 0 137 120 0 71 60 
304 127 117 0 77 70 0 91 64 348 0 45 14 62 66 376 408 640 0 0 0 0 161 120 0 71 60 
307 127 118 0 76 72 0 86 64 342 0 48 16 65 65 375 438 685 0 0 0 0 168 120 0 71 60 
300 129 121 0 75 80 0 86 64 336 0 51 14 72 63 366 453 656 0 0 0 0 161 120 0 71 60 
303 129 120 0 74 87 0 92 65 350 0 58 16 68 65 381 455 616 0 0 0 0 169 120 0 71 60 
301 130 116 0 73 89 0 84 64 355 0 47 14 60 68 376 464 700 0 0 0 0 201 120 0 71 60 
306 136 118 0 73 90 0 87 65 351 0 50 16 82 65 414 428 655 0 0 0 0 171 120 0 71 60 
298 139 116 0 74 89 0 98 65 344 0 48 15 83 65 380 423 628 0 0 0 0 156 120 0 71 60 
307 121 121 0 72 88 0 94 65 344 0 50 18 74 64 411 403 595 0 0 0 0 149 120 0 72 60 
302 128 116 0 74 77 0 92 65 347 0 50 15 49 64 410 404 707 0 0 0 0 148 120 0 72 60 
302 131 118 0 75 78 0 91 64 346 0 48 16 45 65 407 426 568 0 0 0 0 187 120 0 72 60 
302 136 119 0 75 83 0 90 65 345 0 51 15 54 65 371 399 574 0 0 0 0 210 120 0 72 60 
300 132 119 0 75 90 0 86 65 349 0 53 14 72 63 372 435 719 0 0 0 0 154 120 0 72 60 
304 135 115 0 76 100 0 82 65 349 0 52 15 70 63 420 429 623 0 0 0 0 145 120 0 72 60 
299 133 117 0 74 106 0 88 66 347 0 53 16 62 64 375 440 680 0 0 0 0 165 120 0 71 60 
305 124 119 0 75 100 0 85 65 349 0 53 14 70 62 430 415 620 0 0 0 0 162 120 0 70 60 
304 126 119 0 76 94 0 85 65 338 0 53 14 75 65 413 437 657 0 0 0 0 165 120 0 70 60 
298 131 121 0 76 89 0 82 64 333 0 55 15 68 64 390 451 490 0 0 0 0 153 120 0 69 60 
306 129 119 0 78 88 0 91 66 347 0 54 14 66 63 343 388 527 0 0 0 0 216 120 0 69 60 
298 130 116 0 80 92 0 91 64 351 0 53 15 70 65 382 406 654 0 0 0 0 147 120 0 68 60 
307 130 120 0 80 85 0 90 66 345 0 53 16 68 65 400 477 685 0 0 0 0 169 120 0 68 60 
298 124 115 0 82 78 0 88 65 342 0 51 17 76 65 382 409 618 0 0 0 0 181 120 0 68 60 
300 122 117 0 82 79 0 84 66 344 0 49 15 85 65 402 448 628 0 0 0 0 153 120 0 69 60 
302 127 117 0 80 81 0 89 65 352 0 47 17 72 62 373 457 629 0 0 0 0 174 120 0 70 60 
307 130 116 0 79 78 0 87 63 348 0 47 15 61 63 382 399 750 0 0 0 0 212 120 0 71 60 
300 127 112 0 78 77 0 91 64 342 0 46 16 82 66 398 401 641 0 0 0 0 177 120 0 72 60 
304 132 117 0 76 82 0 88 64 340 0 52 16 96 65 390 438 646 0 0 0 0 207 120 0 73 60 
300 128 116 0 76 83 0 91 66 341 0 57 14 70 66 399 446 668 0 0 0 0 161 120 0 72 60 
301 125 116 0 76 79 0 88 66 344 0 54 15 49 68 403 404 536 0 0 0 0 182 120 0 73 60 
303 132 120 0 77 75 0 91 65 347 0 53 15 69 65 382 468 661 0 0 0 0 166 120 0 73 60 
305 133 117 0 76 78 0 90 66 342 0 58 14 83 64 404 428 623 0 0 0 0 184 120 0 72 60 
306 130 119 0 76 84 0 89 65 340 0 55 15 82 62 348 442 576 0 0 0 0 150 120 0 72 60 
303 126 114 0 75 92 0 87 64 347 0 53 16 75 63 400 416 624 0 0 0 0 207 120 0 74 60 
301 131 117 0 74 95 0 86 64 356 0 53 14 52 64 387 467 626 0 0 0 0 151 120 0 75 60 
307 131 118 0 74 100 0 91 65 352 0 48 14 67 65 403 466 624 0 0 0 0 162 120 0 77 60 
300 131 119 0 74 96 0 90 64 343 0 52 15 70 68 399 479 583 0 0 0 0 195 120 0 77 60 
304 139 120 0 74 92 0 90 64 343 0 52 15 78 68 388 454 640 0 0 0 0 198 120 0 76 60 
299 129 121 0 74 85 0 93 64 347 0 52 15 68 65 367 393 688 0 0 0 0 142 120 0 75 60 
303 132 120 0 75 88 0 87 63 349 0 51 15 66 63 386 439 600 0 0 0 0 170 120 0 75 60 
303 127 119 0 75 90 0 88 65 347 0 48 16 60 64 396 420 648 0 0 0 0 195 120 0 75 60 
300 130 120 0 76 95 0 92 66 350 0 49 16 65 64 347 472 630 0 0 0 0 188 120 0 75 60 
300 132 118 0 77 97 0 87 66 352 0 48 16 64 67 372 438 621 0 0 0 0 133 120 0 75 60 
302 136 120 0 77 93 0 87 66 352 0 49 17 70 65 429 425 604 0 0 0 0 195 120 0 76 60 
304 126 119 0 76 88 0 84 65 351 0 48 17 74 65 383 389 687 0 0 0 0 138 120 0 76 60 
304 137 122 0 76 80 0 86 63 343 0 51 15 59 64 399 454 650 0 0 0 0 172 120 0 77 60 
300 127 121 0 74 76 0 85 62 336 0 54 16 80 66 416 430 682 0 0 0 0 200 120 0 77 60 
302 127 125 0 74 72 0 88 64 343 0 55 16 80 66 379 442 709 0 0 0 0 180 120 0 77 60 
301 135 112 0 74 71 0 91 64 352 0 53 15 78 65 376 424 668 0 0 0 0 145 120 0 78 60 
306 126 115 0 73 73 0 89 64 349 0 49 15 51 64 392 423 582 0 0 0 0 140 120 0 77 60 
303 129 119 0 74 81 0 94 63 342 0 46 15 44 65 374 427 621 0 0 0 0 175 120 0 77 60 
301 135 124 0 74 89 0 91 65 343 0 44 16 51 64 393 436 707 0 0 0 0 255 120 0 77 60 
300 133 124 0 75 92 0 91 65 348 0 41 17 68 66 407 401 619 0 0 0 0 193 120 0 77 60 
303 125 118 0 75 90 0 86 64 350 0 35 17 70 65 367 454 731 0 0 0 0 187 120 0 76 60 
304 131 122 0 76 89 0 90 65 344 0 41 16 67 66 384 462 690 0 0 0 0 183 120 0 76 60 
302 127 119 0 75 86 0 89 65 343 0 41 16 66 65 349 453 645 0 0 0 0 146 120 0 76 60 
304 141 120 0 75 82 0 84 66 341 0 41 15 78 64 411 441 669 0 0 0 0 148 120 0 76 60 
303 130 121 0 74 85 0 89 66 343 0 51 14 68 64 363 428 670 0 0 0 0 160 120 0 76 60 
301 133 120 0 73 99 0 90 65 349 0 49 15 70 65 387 424 682 0 0 0 0 140 120 0 77 60 
304 130 121 0 72 111 0 88 66 344 0 47 16 66 64 390 387 650 0 0 0 0 149 120 0 77 60 
301 125 124 0 72 107 0 87 65 337 0 44 14 72 65 382 391 689 0 0 0 0 218 120 0 77 60 
305 127 120 0 73 115 0 90 65 341 0 39 16 76 64 424 470 589 0 0 0 0 163 120 0 76 60 
302 126 116 0 75 119 0 82 64 354 0 39 14 85 65 400 447 629 0 0 0 0 156 120 0 76 60 
305 128 113 0 75 126 0 83 64 352 0 42 14 72 64 354 404 695 0 0 0 0 177 120 0 75 60 
301 131 117 0 77 109 0 89 63 348 0 40 14 61 64 404 477 637 0 0 0 0 148 120 0 74 60 
301 126 121 0 77 90 0 89 65 346 0 45 15 70 64 389 424 673 0 0 0 0 194 120 0 74 60 
299 128 119 0 78 74 0 88 65 346 0 49 14 99 65 354 419 624 0 0 0 0 198 120 0 74 60 
303 128 118 0 78 72 0 92 65 348 0 49 14 71 68 416 415 601 0 0 0 0 204 120 0 74 60 
304 131 119 0 77 75 0 92 64 347 0 44 15 53 66 396 413 575 0 0 0 0 151 120 0 74 60 
300 132 119 0 76 77 0 90 65 348 0 44 14 63 64 362 455 618 0 0 0 0 202 120 0 74 60 
306 130 119 0 75 81 0 85 66 349 0 43 14 84 63 367 454 611 0 0 0 0 192 120 0 74 60 
303 128 119 0 72 88 0 87 65 352 0 40 15 82 65 427 467 605 0 0 0 0 157 120 0 74 60 
304 132 119 0 71 88 0 84 65 348 0 46 14 79 65 417 442 628 0 0 0 0 158 120 0 74 60 
303 126 121 0 71 87 0 86 66 346 0 49 15 53 65 415 445 632 0 0 0 0 172 120 0 73 60 
300 125 122 0 71 83 0 91 64 339 0 47 15 65 64 404 467 600 0 0 0 0 178 120 0 73 60 
301 129 119 0 72 77 0 90 65 333 0 48 15 68 65 389 454 509 0 0 0 0 147 120 0 73 60 
298 129 118 0 74 73 0 93 64 351 0 49 16 80 66 385 454 610 0 0 0 0 161 120 0 73 60 
306 127 120 0 75 77 0 89 64 350 0 48 15 69 66 394 438 632 0 0 0 0 248 120 0 73 60 
300 133 118 0 76 84 0 90 65 344 0 53 15 69 64 401 374 581 0 0 0 0 190 120 0 75 60 
304 133 122 0 75 78 0 87 65 341 0 57 14 60 63 384 462 464 0 0 0 0 129 120 0 75 60 
297 128 118 0 76 83 0 91 65 344 0 53 14 62 64 416 415 629 0 0 0 0 183 120 0 76 60 
302 132 120 0 77 83 0 86 64 349 0 58 16 68 64 406 421 657 0 0 0 0 173 120 0 76 60 
306 130 119 0 78 82 0 87 63 348 0 49 15 68 66 374 432 581 0 0 0 0 174 120 0 76 60 
301 127 119 0 79 74 0 91 64 339 0 51 15 75 64 401 447 577 0 0 0 0 179 120 0 75 60 
306 128 122 0 79 75 0 93 64 341 0 51 14 59 65 377 453 549 0 0 0 0 147 120 0 75 60 
302 133 123 0 81 81 0 87 64 340 0 51 14 74 64 401 400 612 0 0 0 0 165 120 0 74 60 
302 132 120 0 81 88 0 88 66 345 0 49 13 80 62 396 425 535 0 0 0 0 148 120 0 75 60 
302 130 120 0 81 91 0 93 66 348 0 47 14 80 66 427 455 608 0 0 0 0 166 120 0 76 60 
305 127 121 0 79 90 0 86 65 340 0 44 14 57 68 407 441 595 0 0 0 0 199 120 0 77 60 
306 132 120 0 77 89 0 89 63 338 0 46 16 41 67 383 401 582 0 0 0 0 97 120 0 77 60 
304 135 119 0 76 89 0 88 64 348 0 40 15 49 67 362 445 683 0 0 0 0 237 120 0 77 60 
307 131 121 0 75 84 0 88 63 355 0 46 17 66 65 382 436 615 0 0 0 0 238 120 0 76 60 
302 130 120 0 73 81 0 90 65 352 0 45 16 69 61 396 420 637 0 0 0 0 121 120 0 76 60 
303 132 120 0 74 82 0 87 64 344 0 50 15 69 63 392 457 586 0 0 0 0 122 120 0 76 60 
298 130 121 0 74 84 0 86 65 344 0 49 14 66 63 405 454 624 0 0 0 0 176 120 0 75 60 
302 133 118 0 75 98 0 89 65 345 0 50 16 75 64 385 459 632 0 0 0 0 231 120 0 75 60 
302 134 119 0 75 107 0 94 64 348 0 50 16 68 66 385 425 682 0 0 0 0 139 120 0 75 60 
301 125 118 0 75 121 0 95 64 344 0 53 16 70 68 360 429 620 0 0 0 0 141 120 0 74 60 
304 129 120 0 75 132 0 87 65 349 0 48 15 64 65 402 429 634 0 0 0 0 190 120 0 73 60 
301 126 121 0 75 124 0 92 65 347 0 50 16 71 63 370 398 608 0 0 0 0 141 120 0 73 60 
301 132 117 0 75 112 0 91 65 352 0 48 16 74 63 401 423 612 0 0 0 0 120 120 0 73 60 
305 133 118 0 76 94 0 86 65 349 0 46 16 84 63 370 459 689 0 0 0 0 182 120 0 72 60 
298 133 121 0 76 86 0 83 65 343 0 38 15 71 67 368 463 668 0 0 0 0 156 120 0 72 60 
299 135 120 0 77 90 0 88 66 333 0 34 16 62 64 405 439 687 0 0 0 0 140 120 0 72 60 
297 130 115 0 78 91 0 87 65 340 0 34 16 68 65 413 411 645 0 0 0 0 181 120 0 72 60 
304 131 116 0 78 88 0 80 64 349 0 36 15 93 65 404 447 638 0 0 0 0 165 120 0 73 60 
299 130 120 0 78 86 0 90 65 347 0 36 16 78 64 389 454 663 0 0 0 0 175 120 0 73 60 
305 130 117 0 78 87 0 92 65 341 0 37 16 59 67 430 414 648 0 0 0 0 200 120 0 72 60 
297 130 118 0 77 75 0 93 66 342 0 39 15 55 67 400 431 682 0 0 0 0 198 120 0 72 60 
298 137 118 0 77 68 0 87 65 347 0 41 16 82 65 409 412 650 0 0 0 0 193 120 0 72 60 
304 132 115 0 75 65 0 88 66 351 0 43 15 82 66 403 465 647 0 0 0 0 158 120 0 72 60 
301 125 118 0 74 62 0 87 65 345 0 46 15 80 65 409 404 615 0 0 0 0 170 120 0 72 60 
305 126 118 0 73 71 0 86 65 343 0 54 14 54 65 371 441 662 0 0 0 0 154 120 0 73 60 
304 132 120 0 73 78 0 91 65 340 0 55 15 62 66 389 447 650 0 0 0 0 186 120 0 72 60 
301 135 120 0 73 79 0 90 64 344 0 56 15 71 63 386 449 699 0 0 0 0 125 120 0 72 60 
301 129 116 0 75 78 0 90 66 345 0 48 16 77 65 392 441 709 0 0 0 0 183 120 0 73 60 
305 124 119 0 75 82 0 87 64 348 0 42 15 73 66 425 426 624 0 0 0 0 176 120 0 72 60 
304 125 117 0 76 88 0 89 65 340 0 39 15 70 66 357 413 641 0 0 0 0 193 120 0 73 60 
305 129 120 0 77 82 0 90 65 341 0 44 16 61 65 393 378 495 0 0 0 0 213 120 0 73 60 
306 128 120 0 77 78 0 87 64 351 0 42 17 60 65 376 438 584 0 0 0 0 156 120 0 73 60 
299 125 123 0 76 75 0 89 64 353 0 45 16 67 65 396 411 609 0 0 0 0 147 120 0 72 60 
304 131 119 0 75 80 0 85 65 346 0 52 17 67 65 334 417 649 0 0 0 0 163 120 0 72 60 
303 130 122 0 75 75 0 89 65 345 0 53 18 74 65 359 417 598 0 0 0 0 104 120 0 73 60 
305 131 121 0 74 84 0 88 64 344 0 52 16 60 66 402 456 691 0 0 0 0 199 120 0 73 60 
306 131 118 0 74 85 0 91 64 351 0 53 17 68 64 410 437 625 0 0 0 0 201 120 0 73 60 
300 129 120 0 75 86 0 91 63 347 0 54 16 80 64 362 448 519 0 0 0 0 156 120 0 72 60 
298 130 121 0 75 80 0 93 63 347 0 50 16 85 64 389 450 540 0 0 0 0 163 120 0 73 60 
300 135 122 0 76 79 0 89 63 353 0 46 16 67 67 398 439 558 0 0 0 0 191 120 0 73 60 
301 127 120 0 76 84 0 88 65 353 0 49 17 40 67 381 452 630 0 0 0 0 172 120 0 73 60 
301 132 124 0 76 89 0 94 65 349 0 47 18 45 64 362 438 586 0 0 0 0 176 120 0 73 60 
300 129 113 0 75 91 0 89 66 347 0 47 18 64 65 389 418 610 0 0 0 0 144 120 0 73 60 
301 130 116 0 75 86 0 84 66 341 0 46 18 73 65 360 396 572 0 0 0 0 156 120 0 74 60 
298 126 122 0 74 75 0 86 65 334 0 50 18 69 70 401 394 602 0 0 0 0 162 120 0 74 60 
303 130 121 0 74 69 0 86 65 346 0 47 17 66 69 367 436 606 0 0 0 0 187 120 0 74 60 
302 136 122 0 73 66 0 85 64 351 0 53 15 78 64 440 417 620 0 0 0 0 177 120 0 74 60 
305 129 119 0 73 66 0 89 64 343 0 49 16 69 65 382 433 574 0 0 0 0 213 120 0 73 60 
304 129 120 0 73 67 0 90 65 341 0 53 16 70 65 444 435 524 0 0 0 0 173 120 0 72 60 
300 128 122 0 73 68 0 90 65 343 0 57 17 65 65 396 432 623 0 0 0 0 188 120 0 72 60 
304 128 120 0 73 66 0 88 65 349 0 55 17 70 64 400 474 612 0 0 0 0 175 120 0 72 60 
307 131 122 0 73 67 0 94 65 345 0 60 16 68 65 376 463 602 0 0 0 0 179 120 0 72 60 
300 136 122 0 74 68 0 88 65 342 0 60 15 84 63 412 457 659 0 0 0 0 219 120 0 72 60 
303 132 118 0 74 67 0 88 65 339 0 58 16 78 64 359 460 627 0 0 0 0 205 120 0 72 60 
301 122 122 0 74 66 0 88 65 339 0 58 16 68 63 391 418 629 0 0 0 0 143 120 0 72 60 
301 129 122 0 75 67 0 85 65 345 0 55 15 65 64 380 454 527 0 0 0 0 175 120 0 72 60 
304 128 119 0 75 70 0 85 66 346 0 56 16 90 63 403 455 629 0 0 0 0 188 120 0 74 60 
307 136 115 0 76 70 0 86 65 342 0 53 17 86 63 411 390 660 0 0 0 0 214 120 0 75 60 
301 132 114 0 77 67 0 95 66 338 0 52 16 68 62 397 419 703 0 0 0 0 146 120 0 75 60 
307 129 118 0 78 67 0 87 65 345 0 56 18 47 63 422 443 641 0 0 0 0 199 120 0 76 60 
300 131 124 0 79 73 0 91 65 357 0 52 17 75 65 379 413 656 0 0 0 0 160 120 0 76 60 
302 127 120 0 80 68 0 85 65 354 0 52 17 84 65 402 457 592 0 0 0 0 199 120 0 76 60 
304 128 115 0 81 65 0 84 65 347 0 55 16 84 66 404 487 634 0 0 0 0 168 120 0 75 60 
296 130 115 0 81 68 0 85 64 347 0 51 16 63 67 373 426 698 0 0 0 0 141 120 0 75 60 
304 131 117 0 81 68 0 87 64 343 0 49 15 0 64 364 461 645 0 0 0 0 133 120 0 74 60 
304 10 102 0 77 67 0 48 51 159 0 44 14 0 0 358 452 711 0 0 0 0 211 120 0 74 60 
300 0 0 0 69 66 0 0 0 0 0 44 14 0 0 424 456 658 0 0 0 0 140 120 0 73 60 
299 0 0 0 57 69 0 0 0 0 0 46 14 0 0 400 423 581 0 0 0 0 142 120 0 73 60 
302 0 0 0 41 67 0 0 0 0 0 38 14 0 0 407 412 584 0 0 0 0 211 120 0 72 60 
136 0 0 0 25 65 0 0 0 0 0 43 14 0 0 280 363 369 0 0 0 0 208 120 0 72 60 
0 0 0 0 12 67 0 0 0 0 0 44 14 0 15 279 354 349 0 0 0 0 206 120 0 72 60 
0 0 0 0 0 69 0 0 0 0 0 43 14 0 10 280 354 367 0 0 0 0 206 120 0 73 60 
0 0 0 0 0 66 0 0 0 0 0 45 14 0 10 284 368 350 0 0 0 0 205 120 0 73 60 
0 0 0 0 0 67 0 0 0 0 0 44 14 0 12 285 364 356 0 0 0 0 205 120 0 73 60 
0 0 0 0 0 66 0 0 0 0 0 44 14 0 0 273 361 366 0 0 0 0 206 120 0 72 60 
0 0 0 0 0 68 0 0 0 0 0 46 14 0 0 277 367 352 0 0 0 0 205 120 0 73 60 
0 0 0 0 0 68 0 0 0 0 0 43 14 0 0 278 359 363 0 0 0 0 205 120 0 73 60 
0 0 0 0 0 68 0 0 0 0 0 46 14 0 0 286 358 359 0 0 0 0 205 120 0 73 60 
0 0 0 0 0 68 0 0 0 0 0 47 15 0 0 271 356 351 0 0 0 0 205 120 0 74 60 
0 0 0 0 0 71 0 0 0 0 0 42 14 0 0 285 353 363 0 0 0 0 205 120 0 74 60 
0 0 0 0 0 72 0 0 0 0 0 43 14 0 0 275 361 354 0 0 0 0 205 120 0 74 60 
0 0 0 0 0 67 0 0 0 0 0 43 15 0 0 273 364 358 0 0 0 0 204 120 0 73 60 
0 0 0 0 0 67 0 0 0 0 0 45 15 0 0 289 353 365 0 0 0 0 205 120 0 73 60 
0 0 0 0 0 70 0 0 0 0 0 46 15 0 0 288 357 362 0 0 0 0 204 120 0 73 60 
0 0 0 0 0 67 0 0 0 0 0 44 15 0 0 288 356 353 0 0 0 0 204 120 0 73 60 
0 0 0 0 0 66 0 0 0 0 0 46 15 0 0 289 363 347 0 0 0 0 204 120 0 73 60 
0 0 0 0 0 67 0 0 0 0 0 42 15 0 0 287 365 355 0 0 0 0 204 120 0 73 60 
0 0 0 0 0 69 0 0 0 0 0 43 15 0 0 271 366 348 0 0 0 0 205 120 0 72 60 
0 0 0 0 0 65 0 0 0 0 0 46 15 0 0 273 362 363 0 0 0 0 204 120 0 72 60 
0 0 0 0 0 64 0 0 0 0 0 45 15 0 0 274 354 363 0 0 0 0 204 120 0 72 60 
0 0 0 0 0 66 0 0 0 0 0 44 15 0 0 270 360 353 0 0 0 0 204 120 0 72 60 
0 0 0 0 0 68 0 0 0 0 0 45 15 0 0 286 351 344 0 0 0 0 204 120 0 72 60 
0 0 0 0 0 65 0 0 0 0 0 44 15 0 0 282 365 359 0 0 0 0 204 120 0 72 60 
0 0 0 0 0 63 0 0 0 0 0 46 15 0 0 280 358 362 0 0 0 0 204 120 0 72 60 
0 0 0 0 0 64 0 0 0 0 0 43 15 0 0 281 367 349 0 0 0 0 204 120 0 72 60 
0 0 0 0 0 65 0 0 0 0 0 44 15 0 0 273 369 360 0 0 0 0 203 120 0 71 60 
0 0 0 0 0 63 0 0 0 0 0 45 15 0 0 273 364 359 0 0 0 0 204 120 0 71 60 
0 0 0 0 0 60 0 0 0 0 0 44 15 0 0 273 350 345 0 0 0 0 204 120 0 71 60 
0 0 0 0 0 61 0 0 0 0 0 44 15 0 0 270 364 348 0 0 0 0 203 120 0 70 60 
0 0 0 0 0 62 0 0 0 0 0 46 15 0 0 287 353 362 0 0 0 0 204 120 0 69 60 
0 0 0 0 0 60 0 0 0 0 0 46 15 0 0 274 359 349 0 0 0 0 203 120 0 69 60 
0 0 0 0 0 59 0 0 0 0 0 45 15 0 0 273 351 354 0 0 0 0 203 120 0 70 60 
0 0 0 0 0 61 0 0 0 0 0 47 15 0 0 282 353 356 0 0 0 0 203 120 0 71 60 
0 0 0 0 0 62 0 0 0 0 0 45 15 0 0 280 354 350 0 0 0 0 204 120 0 71 60 
0 0 0 0 0 59 0 0 0 0 0 45 15 0 0 287 366 349 0 0 0 0 204 120 0 72 60 
0 0 0 0 0 59 0 0 0 0 0 44 14 0 0 277 353 355 0 0 0 0 203 120 0 73 60 
0 0 0 0 0 61 0 0 0 0 0 45 14 0 0 272 357 352 0 0 0 0 203 120 0 72 60 
0 0 0 0 0 62 0 0 0 0 0 47 14 0 0 285 353 347 0 0 0 0 203 120 0 72 60 
0 0 0 0 0 59 0 0 0 0 0 45 15 0 0 288 367 351 0 0 0 0 203 120 0 73 60 
0 0 0 0 0 58 0 0 0 0 0 46 15 0 0 274 351 348 0 0 0 0 204 120 0 72 60 
0 0 0 0 0 60 0 0 0 0 0 46 15 0 0 282 361 343 0 0 0 0 203 120 0 72 60 
0 0 0 0 0 60 0 0 0 0 0 46 15 0 0 286 359 346 0 0 0 0 203 120 0 72 60 
0 0 0 0 0 57 0 0 0 0 0 45 14 0 0 273 353 358 0 0 0 0 204 120 0 71 60 
0 0 0 0 0 59 0 0 0 0 0 46 15 0 0 287 358 360 0 0 0 0 202 120 0 71 60 
0 0 0 0 0 60 0 0 0 0 0 43 14 0 11 287 356 363 0 0 0 0 203 120 0 72 60 
0 0 0 0 0 59 0 0 0 0 0 46 15 0 10 285 367 362 0 0 0 0 203 120 0 73 60 
0 0 0 0 0 57 0 0 0 0 0 45 15 0 10 276 360 363 0 0 0 0 202 120 0 74 60 
0 0 0 0 0 59 0 0 0 0 0 45 15 0 0 287 353 353 0 0 0 0 203 120 0 74 60 
0 0 0 0 0 59 0 0 0 0 0 47 15 0 0 287 366 345 0 0 0 0 202 120 0 74 60 
0 0 0 0 0 59 0 0 0 0 0 46 15 0 0 278 350 362 0 0 0 0 202 120 0 74 60 
0 0 0 0 0 56 0 0 0 0 0 46 16 0 12 274 367 345 0 0 0 0 202 120 0 74 60 
0 0 0 0 0 57 0 0 0 0 0 45 14 0 0 271 355 362 0 0 0 0 203 120 0 73 60 
0 0 0 0 0 59 0 0 0 0 0 47 14 0 10 283 367 363 0 0 0 0 203 120 0 73 60 
0 0 0 0 0 57 0 0 0 0 0 44 15 0 0 288 358 347 0 0 0 0 202 120 0 71 60 
0 0 0 0 0 56 0 0 0 0 0 46 14 0 11 274 351 354 0 0 0 0 203 120 0 71 60 
0 0 0 0 0 58 0 0 0 0 0 47 14 0 0 272 365 346 0 0 0 0 203 120 0 71 60 
0 0 0 0 0 60 0 0 0 0 0 44 15 0 0 286 353 347 0 0 0 0 203 120 0 72 60 
0 0 0 0 0 60 0 0 0 0 0 47 15 0 11 271 352 360 0 0 0 0 202 120 0 72 60 
0 0 0 0 0 55 0 0 0 0 0 47 15 0 14 278 366 357 0 0 0 0 202 120 0 73 60 
0 0 0 0 0 58 0 0 0 0 0 45 15 0 0 278 355 349 0 0 0 0 203 120 0 73 60 
0 0 0 0 0 63 0 0 0 0 0 45 14 0 12 283 360 345 0 0 0 0 203 120 0 73 60 
0 0 0 0 0 59 0 0 0 0 0 45 14 0 11 287 359 344 0 0 0 0 203 120 0 72 60 
0 0 0 0 0 58 0 0 0 0 0 46 14 0 14 288 361 355 0 0 0 0 202 120 0 72 60 
0 0 0 0 0 59 0 0 0 0 0 46 15 0 10 278 353 347 0 0 0 0 202 120 0 72 60 
0 0 0 0 0 60 0 0 0 0 0 45 14 0 16 275 351 346 0 0 0 0 203 120 0 73 60 
0 0 0 0 0 58 0 0 0 0 0 45 14 0 11 275 352 350 0 0 0 0 202 120 0 73 60 
0 0 0 0 0 58 0 0 0 0 0 43 14 0 10 280 355 345 0 0 0 0 202 120 0 73 60 
0 0 0 0 0 60 0 0 0 0 0 46 14 0 0 285 352 363 0 0 0 0 202 120 0 72 60 
0 0 0 0 0 61 0 0 0 0 0 44 14 0 0 276 366 362 0 0 0 0 202 120 0 72 60 
0 0 0 0 0 58 0 0 0 0 0 46 14 0 0 274 364 343 0 0 0 0 202 120 0 71 60 
0 0 0 0 0 58 0 0 0 0 0 46 15 0 0 287 361 355 0 0 0 0 202 120 0 70 60 
0 0 0 0 0 58 0 0 0 0 0 47 15 0 0 274 362 346 0 0 0 0 202 120 0 69 60 
0 0 0 0 0 58 0 0 0 0 0 46 15 0 0 270 353 360 0 0 0 0 202 120 0 69 60 
0 0 0 0 0 58 0 0 0 0 0 47 15 0 0 285 362 348 0 0 0 0 203 120 0 68 60 
0 0 0 0 0 58 0 0 0 0 0 47 15 0 0 274 353 345 0 0 0 0 202 120 0 69 60 
0 0 0 0 0 58 0 0 0 0 0 47 15 0 0 275 358 345 0 0 0 0 202 120 0 70 60 
0 0 0 0 0 59 0 0 0 0 0 46 15 0 0 280 355 345 0 0 0 0 202 120 0 71 60 
0 0 0 0 0 58 0 0 0 0 0 47 17 0 0 274 355 361 0 0 0 0 201 120 0 72 60 
0 60 0 0 0 66 0 23 0 38 0 47 18 61 47 276 366 345 0 0 0 0 202 120 0 72 60 
0 127 105 0 0 88 0 83 46 270 0 40 17 69 61 273 365 357 0 0 0 0 202 120 0 72 60 
0 117 115 0 15 136 0 79 66 381 0 31 17 74 61 272 360 362 0 0 0 0 202 120 0 72 60 
0 119 112 0 30 188 0 79 62 361 0 31 17 70 63 273 355 345 0 0 0 0 202 120 0 72 60 
0 119 117 0 49 200 0 81 64 358 0 26 18 71 63 268 279 353 0 0 0 0 204 120 0 73 60 
298 120 115 0 67 200 0 82 65 354 0 27 19 61 67 36 0 60 0 0 0 0 143 120 0 72 60 
275 123 116 0 80 200 0 78 66 352 0 28 19 64 65 76 137 166 0 0 0 0 38 120 0 74 60 
283 127 113 0 88 160 0 77 66 346 0 30 22 72 64 377 505 550 0 0 0 0 67 120 0 74 60 
284 125 117 0 91 127 0 79 64 338 0 32 21 68 65 360 525 528 0 0 0 0 120 120 0 74 60 
280 124 118 0 91 93 0 78 64 346 0 34 19 72 69 345 468 565 0 0 0 0 170 120 0 74 60 
292 123 116 0 90 75 0 83 63 357 0 33 17 62 77 403 477 573 0 0 0 0 178 120 0 74 60 
296 124 120 0 90 75 0 87 64 349 0 33 17 67 77 390 507 624 0 0 0 0 183 120 0 73 60 
301 125 118 0 89 82 0 85 64 342 0 30 16 82 72 365 479 503 0 0 0 0 210 120 0 73 60 
297 129 114 0 88 82 0 86 65 346 0 30 16 80 64 368 466 642 0 0 0 0 142 120 0 73 60 
302 133 118 0 88 78 0 87 65 351 0 31 17 70 66 410 465 537 0 0 0 0 147 120 0 74 60 
302 126 119 0 87 78 0 84 65 352 0 30 17 41 63 403 464 536 0 0 0 0 160 120 0 75 60 
298 135 121 0 86 81 0 86 65 348 0 31 16 39 63 420 441 529 0 0 0 0 190 120 0 76 60 
305 130 116 0 85 84 0 84 64 345 0 28 17 58 62 417 455 576 0 0 0 0 139 120 0 76 60 
303 124 119 0 84 80 0 86 64 343 0 30 19 72 61 362 455 616 0 0 0 0 186 120 0 76 60 
301 127 118 0 82 80 0 94 64 349 0 32 17 68 63 400 472 552 0 0 0 0 185 120 0 77 60 
305 131 119 0 81 79 0 86 66 354 0 31 18 63 63 395 473 532 0 0 0 0 177 120 0 77 60 
307 128 116 0 80 81 0 91 66 350 0 31 17 71 61 414 413 578 0 0 0 0 174 120 0 75 60 
303 126 120 0 79 81 0 89 66 342 0 35 15 71 63 367 460 565 0 0 0 0 200 120 0 76 60 
307 133 119 0 79 81 0 84 66 342 0 32 17 65 61 411 427 569 0 0 0 0 210 120 0 74 60 
301 131 118 0 79 80 0 86 65 353 0 36 17 67 62 402 421 522 0 0 0 0 202 120 0 74 60 
305 126 116 0 79 83 0 85 64 351 0 35 17 66 62 403 404 515 0 0 0 0 200 120 0 73 60 
304 131 121 0 79 80 0 91 64 343 0 34 18 65 63 383 418 494 0 0 0 0 188 120 0 73 60 
301 132 117 0 79 83 0 83 64 342 0 32 18 82 65 433 451 573 0 0 0 0 169 120 0 73 60 
305 126 118 0 78 89 0 89 65 344 0 33 16 83 66 413 462 567 0 0 0 0 160 120 0 73 60 
304 129 120 0 76 89 0 88 64 347 0 32 16 71 74 358 438 590 0 0 0 0 160 120 0 73 60 
299 129 118 0 76 86 0 86 65 344 0 34 16 61 68 432 446 614 0 0 0 0 138 120 0 73 60 
301 131 115 0 75 84 0 85 65 347 0 34 15 81 63 332 437 599 0 0 0 0 193 120 0 73 60 
304 129 118 0 75 83 0 86 64 350 0 35 17 95 64 360 416 573 0 0 0 0 172 120 0 73 60 
299 130 121 0 76 84 0 92 64 348 0 34 17 72 63 372 465 501 0 0 0 0 131 120 0 72 60 
306 130 118 0 76 83 0 97 65 349 0 33 16 51 62 408 420 616 0 0 0 0 177 120 0 72 60 
299 132 118 0 77 86 0 94 65 347 0 31 19 62 63 380 442 565 0 0 0 0 192 120 0 73 60 
297 124 116 0 78 90 0 87 65 339 0 32 16 79 64 399 467 627 0 0 0 0 172 120 0 72 60 
302 133 115 0 77 89 0 88 65 335 0 30 15 84 66 428 459 615 0 0 0 0 216 120 0 73 60 
298 139 116 0 77 89 0 91 65 348 0 28 17 76 65 423 437 638 0 0 0 0 153 120 0 73 60 
301 138 116 0 78 86 0 81 64 350 0 32 16 50 64 420 401 596 0 0 0 0 160 120 0 72 60 
302 127 116 0 77 85 0 81 64 343 0 30 17 66 64 348 417 504 0 0 0 0 205 120 0 73 60 
301 127 114 0 76 84 0 88 65 342 0 31 18 71 64 367 499 602 0 0 0 0 174 120 0 72 60 
296 125 114 0 76 84 0 85 65 344 0 30 17 77 62 415 446 667 0 0 0 0 146 120 0 71 60 
304 126 118 0 74 84 0 86 66 349 0 27 16 67 63 376 437 643 0 0 0 0 167 120 0 70 60 
305 122 118 0 73 89 0 88 65 345 0 28 17 71 63 362 417 579 0 0 0 0 177 120 0 69 60 
302 126 116 0 72 89 0 92 65 343 0 29 16 58 63 423 400 667 0 0 0 0 175 120 0 69 60 
303 132 116 0 72 90 0 88 65 342 0 28 16 60 64 468 416 563 0 0 0 0 165 120 0 69 60 
301 120 116 0 72 89 0 83 65 341 0 27 18 68 65 397 481 602 0 0 0 0 156 120 0 70 60 
305 115 116 0 73 82 0 91 66 345 0 28 15 70 64 387 443 676 0 0 0 0 144 120 0 70 60 
305 122 117 0 74 81 0 86 65 350 0 28 17 70 65 430 408 652 0 0 0 0 122 120 0 71 60 
305 129 121 0 74 79 0 87 65 342 0 28 17 59 63 391 438 617 0 0 0 0 180 120 0 71 60 
309 103 123 0 75 84 0 87 64 340 0 26 16 78 65 425 472 551 0 0 0 0 173 120 0 71 60 
305 130 120 0 76 95 0 94 64 349 0 27 17 78 64 395 391 608 0 0 0 0 189 120 0 71 60 
306 130 118 0 76 104 0 86 64 358 0 28 16 78 63 372 446 583 0 0 0 0 194 120 0 71 60 
303 128 117 0 78 103 0 87 65 350 0 28 16 59 64 389 426 626 0 0 0 0 165 120 0 71 60 
302 131 119 0 79 100 0 89 66 347 0 28 18 41 63 372 422 644 0 0 0 0 129 120 0 71 60 
300 132 121 0 80 89 0 86 66 345 0 27 17 49 63 370 407 621 0 0 0 0 185 120 0 72 60 
303 133 119 0 81 87 0 90 66 348 0 27 18 69 63 404 443 627 0 0 0 0 195 120 0 72 60 
301 134 122 0 82 87 0 86 65 348 0 28 18 71 64 375 423 542 0 0 0 0 182 120 0 72 60 
300 131 120 0 81 98 0 90 64 347 0 29 19 65 65 389 403 640 0 0 0 0 184 120 0 72 60 
302 137 117 0 80 102 0 86 63 349 0 29 16 69 66 382 435 615 0 0 0 0 170 120 0 72 60 
300 140 122 0 78 95 0 89 63 348 0 27 16 75 67 387 427 590 0 0 0 0 188 120 0 72 60 
301 128 113 0 77 86 0 91 64 345 0 25 17 66 67 407 452 615 0 0 0 0 162 120 0 72 60 
303 130 119 0 76 83 0 90 65 347 0 29 15 70 63 364 425 627 0 0 0 0 161 120 0 73 60 
301 125 123 0 74 81 0 94 64 342 0 30 16 65 62 346 389 588 0 0 0 0 176 120 0 73 60 
299 131 124 0 74 78 0 88 65 337 0 31 17 68 62 438 390 493 0 0 0 0 174 120 0 73 60 
301 128 120 0 74 83 0 89 65 335 0 29 17 73 63 372 430 594 0 0 0 0 183 120 0 72 60 
302 132 118 0 75 89 0 89 65 348 0 29 17 85 65 393 443 592 0 0 0 0 164 120 0 73 60 
302 132 119 0 74 95 0 89 66 347 0 29 18 71 67 372 418 605 0 0 0 0 142 120 0 72 60 
304 131 119 0 74 89 0 87 64 343 0 29 17 59 63 407 454 575 0 0 0 0 173 120 0 72 60 
298 131 120 0 74 83 0 82 64 342 0 28 18 71 63 388 420 612 0 0 0 0 181 120 0 72 60 
304 129 122 0 74 83 0 87 63 348 0 30 17 95 60 385 430 569 0 0 0 0 152 120 0 72 60 
307 128 119 0 74 80 0 88 65 349 0 29 17 77 62 402 423 572 0 0 0 0 173 120 0 72 60 
304 126 119 0 75 73 0 89 64 345 0 30 18 57 62 409 476 508 0 0 0 0 158 120 0 71 60 
305 130 126 0 75 76 0 92 65 340 0 29 18 59 61 382 435 596 0 0 0 0 153 120 0 72 60 
303 135 118 0 76 77 0 89 64 341 0 30 17 81 61 355 442 600 0 0 0 0 136 120 0 72 60 
298 138 115 0 78 77 0 91 65 339 0 30 16 80 63 386 480 483 0 0 0 0 185 120 0 73 60 
303 136 116 0 78 81 0 90 65 347 0 27 16 82 62 372 445 565 0 0 0 0 158 120 0 73 60 
306 127 114 0 77 85 0 87 65 347 0 30 16 52 62 407 387 630 0 0 0 0 184 120 0 73 60 
304 129 121 0 78 91 0 88 66 341 0 28 17 62 61 377 448 632 0 0 0 0 197 120 0 74 60 
308 126 121 0 77 93 0 86 64 342 0 27 17 72 62 422 489 548 0 0 0 0 150 120 0 74 60 
304 132 118 0 76 93 0 93 66 353 0 26 18 78 62 376 447 586 0 0 0 0 160 120 0 74 60 
302 133 117 0 75 94 0 87 65 354 0 30 17 68 61 405 464 593 0 0 0 0 188 120 0 74 60 
302 134 115 0 74 95 0 88 65 348 0 28 17 71 60 412 410 479 0 0 0 0 177 120 0 74 60 
299 130 116 0 73 85 0 90 66 344 0 28 16 60 61 341 418 651 0 0 0 0 168 120 0 73 60 
303 128 117 0 73 88 0 87 64 344 0 27 17 60 60 416 417 638 0 0 0 0 156 120 0 73 60 
298 127 121 0 73 94 0 86 66 347 0 29 17 67 61 424 411 684 0 0 0 0 179 120 0 72 60 
300 125 115 0 74 96 0 83 64 348 0 27 17 71 60 379 434 633 0 0 0 0 193 120 0 72 60 
305 129 119 0 75 93 0 86 64 347 0 28 16 72 62 381 423 599 0 0 0 0 159 120 0 72 60 
298 129 115 0 76 90 0 83 63 352 0 28 17 58 62 418 417 609 0 0 0 0 176 120 0 72 60 
302 132 120 0 76 88 0 91 64 349 0 28 16 77 61 396 434 615 0 0 0 0 186 120 0 72 60 
300 131 118 0 77 89 0 89 64 347 0 28 16 80 60 386 439 650 0 0 0 0 194 120 0 72 60 
302 122 122 0 76 85 0 91 65 347 0 27 16 80 61 384 429 627 0 0 0 0 193 120 0 72 60 
299 124 121 0 75 84 0 87 66 340 0 28 16 62 63 376 418 712 0 0 0 0 229 120 0 72 60 
300 130 119 0 74 93 0 92 66 335 0 28 15 41 60 405 430 625 0 0 0 0 153 120 0 73 60 
300 128 118 0 74 90 0 89 65 343 0 28 15 46 61 408 449 648 0 0 0 0 149 120 0 73 60 
301 134 119 0 75 87 0 84 65 354 0 26 16 65 62 369 439 600 0 0 0 0 176 120 0 72 60 
306 123 117 0 76 78 0 87 64 348 0 29 17 72 62 393 409 676 0 0 0 0 212 120 0 73 60 
296 126 122 0 76 77 0 86 64 341 0 27 16 66 62 428 430 758 0 0 0 0 134 120 0 74 60 
299 125 124 0 76 72 0 87 65 344 0 28 17 65 62 414 421 607 0 0 0 0 137 120 0 74 60 
306 126 120 0 76 71 0 92 65 349 0 28 17 80 61 408 389 689 0 0 0 0 186 120 0 74 60 
301 127 117 0 76 76 0 93 65 349 0 29 16 66 63 376 442 643 0 0 0 0 167 120 0 74 60 
307 132 119 0 75 79 0 91 64 345 0 26 16 71 60 357 431 611 0 0 0 0 187 120 0 75 60 
306 129 114 0 75 77 0 90 64 342 0 28 17 66 59 396 413 695 0 0 0 0 151 120 0 75 60 
303 137 120 0 75 77 0 91 65 340 0 29 15 71 61 448 445 741 0 0 0 0 143 120 0 76 60 
303 135 119 0 75 79 0 88 65 344 0 29 17 70 61 407 427 685 0 0 0 0 164 120 0 75 60 
307 127 124 0 74 88 0 84 65 351 0 29 17 86 60 375 428 653 0 0 0 0 183 120 0 75 60 
303 129 117 0 74 101 0 89 65 347 0 26 17 76 60 397 440 688 0 0 0 0 188 120 0 76 60 
305 129 118 0 74 105 0 91 65 345 0 28 16 59 60 413 459 575 0 0 0 0 191 120 0 76 60 
304 129 121 0 74 104 0 89 65 348 0 25 16 69 61 375 415 699 0 0 0 0 174 120 0 76 60 
305 127 118 0 74 100 0 89 65 352 0 29 16 98 60 383 442 697 0 0 0 0 126 120 0 76 60 
302 135 119 0 74 96 0 91 66 352 0 28 15 76 61 389 390 621 0 0 0 0 148 120 0 77 60 
299 131 117 0 75 92 0 85 65 343 0 29 15 60 61 378 432 629 0 0 0 0 140 120 0 78 60 
302 132 121 0 75 101 0 90 65 343 0 30 16 56 61 421 442 607 0 0 0 0 176 120 0 80 60 
304 129 117 0 75 108 0 90 65 345 0 34 16 80 61 386 435 646 0 0 0 0 188 120 0 80 60 
301 127 119 0 75 112 0 88 64 346 0 33 17 80 61 379 437 524 0 0 0 0 145 120 0 81 60 
300 132 117 0 75 93 0 89 63 345 0 35 17 84 60 425 490 653 0 0 0 0 174 120 0 81 60 
303 134 119 0 76 79 0 92 64 348 0 31 17 58 61 377 460 588 0 0 0 0 190 120 0 81 60 
299 135 118 0 77 74 0 89 65 351 0 32 17 59 60 386 434 629 0 0 0 0 193 120 0 84 60 
300 127 116 0 79 69 0 83 66 349 0 29 14 70 60 379 393 657 0 0 0 0 180 120 0 84 60 
303 131 118 0 79 71 0 89 65 348 0 29 15 78 60 354 432 624 0 0 0 0 124 120 0 86 60 
298 137 114 0 80 79 0 91 65 344 0 30 15 71 60 374 443 625 0 0 0 0 177 120 0 85 60 
302 134 117 0 81 88 0 93 65 338 0 30 16 69 60 386 418 632 0 0 0 0 212 120 0 87 60 
300 123 115 0 80 90 0 96 65 337 0 29 16 64 61 374 418 654 0 0 0 0 165 120 0 88 60 
302 133 116 0 79 92 0 89 65 348 0 31 17 59 61 421 414 598 0 0 0 0 177 120 0 89 60 
304 126 113 0 79 97 0 92 65 349 0 30 17 66 61 398 452 655 0 0 0 0 187 120 0 88 60 
297 137 119 0 78 99 0 85 65 341 0 30 16 68 63 399 419 573 0 0 0 0 150 120 0 86 60 
304 135 119 0 78 86 0 87 65 340 0 32 16 74 60 401 456 635 0 0 0 0 177 120 0 84 60 
307 129 119 0 77 80 0 86 64 346 0 31 15 59 59 386 413 673 0 0 0 0 134 120 0 83 60 
300 128 120 0 76 73 0 86 65 348 0 29 17 70 58 392 482 594 0 0 0 0 150 120 0 80 60 
302 127 114 0 76 78 0 86 65 345 0 29 16 86 59 357 437 623 0 0 0 0 151 120 0 77 60 
306 127 118 0 76 80 0 86 64 341 0 29 16 81 62 390 460 613 0 0 0 0 212 120 0 75 60 
302 138 119 0 75 89 0 89 64 341 0 28 18 66 62 369 403 615 0 0 0 0 176 120 0 74 60 
302 130 122 0 74 109 0 95 65 339 0 28 17 43 64 416 437 553 0 0 0 0 202 120 0 72 60 
305 132 123 0 73 121 0 90 65 347 0 28 17 44 63 405 390 670 0 0 0 0 195 120 0 71 60 
306 135 122 0 73 121 0 87 66 349 0 27 16 62 60 366 413 674 0 0 0 0 186 120 0 70 60 
306 124 117 0 73 103 0 87 65 344 0 28 16 74 58 384 417 616 0 0 0 0 147 120 0 68 60 
302 127 119 0 73 91 0 86 65 343 0 29 17 69 60 396 403 717 0 0 0 0 157 120 0 67 60 
300 130 119 0 74 85 0 87 63 352 0 27 16 64 60 406 456 700 0 0 0 0 147 120 0 66 60 
302 128 123 0 74 73 0 91 63 355 0 30 18 77 60 370 479 617 0 0 0 0 141 120 0 64 60 
300 124 123 0 75 73 0 90 64 350 0 29 16 71 58 382 437 617 0 0 0 0 149 120 0 63 60 
302 130 121 0 76 83 0 87 65 344 0 31 17 68 60 408 434 632 0 0 0 0 211 120 0 62 60 
302 126 121 0 76 87 0 88 65 344 0 27 16 65 60 410 355 664 0 0 0 0 171 120 0 60 60 
301 125 122 0 76 88 0 88 66 347 0 27 15 73 62 415 408 713 0 0 0 0 165 120 0 59 60 
301 125 120 0 75 87 0 91 66 348 0 29 16 66 61 403 421 688 0 0 0 0 151 120 0 59 60 
299 129 116 0 75 93 0 85 65 344 0 29 15 84 61 416 446 687 0 0 0 0 188 120 0 57 60 
301 131 117 0 74 84 0 91 64 347 0 28 16 81 62 362 483 670 0 0 0 0 143 120 0 56 60 
302 130 123 0 74 81 0 89 63 346 0 30 16 67 59 411 439 645 0 0 0 0 230 120 0 55 60 
303 127 121 0 74 80 0 88 64 346 0 28 16 64 63 379 423 700 0 0 0 0 183 120 0 55 60 
299 134 124 0 74 79 0 89 64 347 0 28 17 91 60 399 400 697 0 0 0 0 195 120 0 56 60 
303 133 119 0 75 75 0 89 64 341 0 30 16 87 60 421 453 737 0 0 0 0 138 120 0 58 60 
301 134 121 0 75 77 0 93 65 335 0 25 16 65 63 381 443 643 0 0 0 0 168 120 0 59 60 
302 127 120 0 76 83 0 87 64 343 0 25 16 47 58 399 417 705 0 0 0 0 189 120 0 60 60 
301 130 121 0 76 84 0 94 65 352 0 27 17 76 60 382 408 691 0 0 0 0 181 120 0 63 60 
300 128 125 0 75 83 0 90 65 347 0 27 18 81 59 367 413 660 0 0 0 0 160 120 0 66 60 
302 126 121 0 74 84 0 88 66 339 0 28 19 84 60 435 474 677 0 0 0 0 148 120 0 68 60 
302 131 122 0 74 89 0 89 66 342 0 28 18 67 58 420 437 686 0 0 0 0 167 120 0 70 60 
304 132 121 0 73 88 0 84 64 344 0 29 18 53 60 360 429 651 0 0 0 0 183 120 0 72 60 
301 130 119 0 73 83 0 85 63 349 0 28 15 70 62 361 452 598 0 0 0 0 147 120 0 75 60 
305 128 119 0 73 75 0 84 63 341 0 27 15 72 60 367 465 622 0 0 0 0 153 120 0 76 60 
306 135 118 0 74 82 0 90 65 343 0 28 15 76 60 428 407 697 0 0 0 0 198 120 0 77 60 
302 130 116 0 75 87 0 88 64 343 0 29 15 66 61 358 456 657 0 0 0 0 148 120 0 77 60 
306 135 118 0 75 99 0 91 65 348 0 29 15 65 60 405 437 714 0 0 0 0 157 120 0 79 60 
304 127 122 0 76 107 0 91 64 349 0 28 15 60 61 387 413 624 0 0 0 0 189 120 0 81 60 
307 136 122 0 76 123 0 89 66 345 0 27 15 64 61 338 402 686 0 0 0 0 196 120 0 82 60 
304 131 118 0 77 134 0 89 64 340 0 28 16 66 60 400 413 496 0 0 0 0 156 120 0 82 60 
306 135 116 0 77 129 0 90 65 347 0 27 16 74 64 401 439 607 0 0 0 0 200 120 0 84 60 
303 129 121 0 77 111 0 88 65 353 0 26 15 63 61 405 436 645 0 0 0 0 167 120 0 88 60 
304 127 121 0 77 90 0 87 65 352 0 29 15 62 61 399 398 688 0 0 0 0 205 120 0 91 60 
300 129 121 0 76 80 0 86 65 342 0 28 17 83 60 409 432 583 0 0 0 0 144 120 0 93 60 
302 135 121 0 75 83 0 89 65 342 0 27 16 83 61 397 425 639 0 0 0 0 144 120 0 94 60 
304 134 116 0 74 85 0 89 66 343 0 27 17 72 61 388 447 648 0 0 0 0 227 120 0 96 60 
301 135 118 0 73 88 0 91 65 348 0 26 17 48 59 394 423 617 0 0 0 0 200 120 0 96 60 
304 126 120 0 73 90 0 89 65 343 0 26 17 44 60 421 454 572 0 0 0 0 179 120 0 97 60 
304 129 120 0 72 87 0 85 64 347 0 28 15 56 62 393 390 680 0 0 0 0 198 120 0 96 60 
303 130 120 0 72 80 0 86 63 349 0 27 15 71 61 374 428 634 0 0 0 0 181 120 0 95 60 
302 128 117 0 73 71 0 84 64 349 0 29 17 70 62 400 391 512 0 0 0 0 145 120 0 95 60 
300 129 119 0 74 70 0 92 63 351 0 27 17 64 58 402 411 584 0 0 0 0 146 120 0 97 60 
301 133 119 0 75 66 0 87 64 346 0 28 17 71 60 397 414 613 0 0 0 0 131 120 0 99 60 
301 132 121 0 76 70 0 92 65 337 0 27 16 74 59 373 440 588 0 0 0 0 170 120 0 101 60 
297 132 119 0 77 78 0 90 66 339 0 26 19 67 61 371 453 649 0 0 0 0 159 120 0 102 60 
303 127 119 0 78 81 0 86 65 349 0 27 18 66 61 423 445 606 0 0 0 0 167 120 0 103 60 
304 124 123 0 79 81 0 92 66 350 0 27 16 67 61 411 405 570 0 0 0 0 139 120 0 103 60 
300 131 119 0 79 86 0 87 66 342 0 27 16 67 61 407 422 541 0 0 0 0 166 120 0 103 60 
301 127 121 0 80 90 0 88 65 344 0 27 16 79 60 407 422 609 0 0 0 0 198 120 0 103 60 
307 127 121 0 80 90 0 86 64 346 0 30 17 83 61 338 422 593 0 0 0 0 155 120 0 100 60 
300 124 118 0 81 86 0 89 64 349 0 28 18 72 59 410 450 629 0 0 0 0 189 120 0 96 60 
306 125 117 0 79 82 0 87 64 342 0 28 17 62 57 349 479 622 0 0 0 0 205 120 0 93 60 
303 130 119 0 79 85 0 89 64 342 0 29 17 82 62 388 466 600 0 0 0 0 180 120 0 91 60 
302 124 120 0 77 86 0 92 64 338 0 30 15 96 61 390 417 590 0 0 0 0 179 120 0 91 60 
302 132 123 0 76 87 0 88 64 341 0 27 17 70 63 422 462 583 0 0 0 0 178 120 0 90 60 
303 131 118 0 74 85 0 91 65 347 0 28 16 48 63 407 398 650 0 0 0 0 140 120 0 90 60 
302 127 121 0 73 84 0 90 65 346 0 29 16 73 60 408 398 589 0 0 0 0 202 120 0 90 60 
304 127 119 0 75 83 0 91 66 337 0 30 17 83 59 353 447 752 0 0 0 0 183 120 0 90 60 
299 131 118 0 74 83 0 89 65 341 0 27 15 81 58 389 442 686 0 0 0 0 150 120 0 91 60 
304 129 117 0 75 83 0 86 64 349 0 28 17 73 59 390 455 568 0 0 0 0 127 120 0 93 60 
305 127 120 0 68 87 0 89 65 353 0 27 16 52 60 355 433 617 0 0 0 0 153 120 0 93 60 
301 127 120 0 67 90 0 90 65 347 0 27 16 68 62 393 360 656 0 0 0 0 185 120 0 92 60 
301 132 119 0 65 101 0 87 66 344 0 28 16 71 63 411 389 658 0 0 0 0 150 120 0 89 60 
302 130 122 0 74 108 0 91 66 345 0 28 16 78 61 429 429 639 0 0 0 0 166 120 0 86 60 
301 133 118 0 71 102 0 88 66 349 0 28 16 67 62 415 428 655 0 0 0 0 156 120 0 85 60 
298 133 119 0 76 89 0 87 65 347 0 26 15 67 59 387 419 666 0 0 0 0 185 120 0 82 60 
302 128 121 0 78 83 0 88 64 345 0 28 16 59 60 396 478 623 0 0 0 0 209 120 0 80 60 
301 127 120 0 80 90 0 94 63 349 0 27 17 65 60 414 413 665 0 0 0 0 182 120 0 79 60 
301 129 118 0 80 87 0 84 64 349 0 29 16 65 60 409 411 621 0 0 0 0 183 120 0 78 60 
298 133 117 0 80 86 0 89 64 347 0 29 16 73 59 403 454 673 0 0 0 0 125 120 0 79 60 
300 128 117 0 78 90 0 91 65 348 0 29 18 69 61 392 413 593 0 0 0 0 162 120 0 80 60 
297 127 113 0 79 103 0 86 65 336 0 30 16 58 62 393 414 647 0 0 0 0 200 120 0 81 60 
299 131 116 0 78 116 0 88 66 334 0 32 17 80 61 359 446 559 0 0 0 0 135 120 0 82 60 
301 136 114 0 77 117 0 88 65 344 0 35 16 81 62 366 443 634 0 0 0 0 210 120 0 83 60 
304 131 119 0 76 129 0 94 65 348 0 38 17 74 61 345 364 674 0 0 0 0 181 120 0 81 60 
298 136 117 0 75 137 0 89 65 342 0 39 16 50 61 402 420 634 0 0 0 0 191 120 0 82 60 
300 122 119 0 75 152 0 93 65 338 0 39 16 43 61 404 428 621 0 0 0 0 186 120 0 82 60 
302 130 113 0 74 137 0 93 66 342 0 33 16 56 60 389 442 622 0 0 0 0 189 120 0 81 60 
304 133 115 0 75 115 0 85 64 351 0 33 16 70 59 396 424 632 0 0 0 0 168 120 0 81 60 
303 132 117 0 75 91 0 87 66 348 0 37 17 70 60 375 418 521 0 0 0 0 163 120 0 81 60 
304 134 119 0 76 74 0 83 64 346 0 38 16 66 60 376 430 574 0 0 0 0 219 120 0 82 60 
304 130 122 0 76 73 0 88 64 344 0 43 17 69 59 371 448 622 0 0 0 0 163 120 0 82 60 
304 127 120 0 76 74 0 84 64 344 0 47 17 74 60 382 441 651 0 0 0 0 169 120 0 83 60 
308 127 120 0 76 83 0 86 64 349 0 41 16 67 59 373 455 623 0 0 0 0 205 120 0 83 60 
304 135 116 0 76 86 0 89 65 351 0 39 16 68 60 401 449 543 0 0 0 0 127 120 0 83 60 
306 132 119 0 75 85 0 90 65 342 0 38 15 69 60 422 387 535 0 0 0 0 194 120 0 83 60 
304 128 121 0 74 84 0 98 66 341 0 39 16 68 58 418 399 563 0 0 0 0 138 120 0 82 60 
305 132 122 0 75 82 0 87 65 349 0 46 16 81 61 352 426 646 0 0 0 0 129 120 0 82 60 
302 133 122 0 76 75 0 86 65 357 0 49 16 82 60 383 468 614 0 0 0 0 155 120 0 80 60 
299 128 118 0 77 74 0 86 65 349 0 52 17 73 60 423 432 581 0 0 0 0 188 120 0 79 60 
304 127 119 0 77 80 0 85 64 343 0 53 17 63 61 387 422 560 0 0 0 0 155 120 0 79 60 
303 127 119 0 77 83 0 85 64 344 0 44 17 80 59 375 451 655 0 0 0 0 193 120 0 79 60 
300 131 117 0 77 84 0 89 65 350 0 44 17 98 61 392 425 589 0 0 0 0 184 120 0 78 60 
302 126 120 0 76 87 0 91 66 348 0 45 16 70 61 384 462 625 0 0 0 0 177 120 0 79 60 
299 129 114 0 75 92 0 85 64 343 0 48 18 52 61 372 464 571 0 0 0 0 127 120 0 80 60 
301 128 123 0 75 92 0 88 66 348 0 44 16 68 62 385 441 598 0 0 0 0 154 120 0 80 60 
300 129 120 0 75 86 0 90 65 349 0 45 17 83 61 381 434 629 0 0 0 0 148 120 0 79 60 
300 127 122 0 75 86 0 87 65 348 0 46 17 82 61 447 423 513 0 0 0 0 176 120 0 79 60 
299 130 120 0 75 83 0 86 65 350 0 41 18 72 59 378 488 611 0 0 0 0 179 120 0 79 60 
300 134 117 0 74 88 0 88 65 341 0 37 16 51 60 416 433 666 0 0 0 0 198 120 0 78 60 
302 127 121 0 74 88 0 91 64 335 0 39 18 67 61 399 436 650 0 0 0 0 190 120 0 78 60 
301 132 123 0 74 86 0 86 64 344 0 37 17 69 60 385 400 650 0 0 0 0 200 120 0 77 60 
304 133 123 0 74 91 0 94 64 352 0 35 16 78 61 388 430 626 0 0 0 0 159 120 0 76 60 
300 136 119 0 74 90 0 94 64 350 0 32 16 67 60 344 476 600 0 0 0 0 191 120 0 75 60 
300 124 117 0 75 96 0 87 65 343 0 33 17 69 60 416 428 593 0 0 0 0 169 120 0 75 60 
308 128 118 0 75 95 0 91 66 346 0 35 17 60 60 426 454 657 0 0 0 0 165 120 0 75 60 
304 130 121 0 76 95 0 91 67 351 0 33 17 65 61 390 401 639 0 0 0 0 172 120 0 76 60 
308 130 120 0 77 80 0 92 66 350 0 31 16 66 61 373 400 635 0 0 0 0 180 120 0 76 60 
309 128 119 0 76 77 0 89 66 347 0 34 16 70 60 397 464 665 0 0 0 0 156 120 0 77 60 
302 130 116 0 78 75 0 90 65 342 0 36 17 71 63 385 472 697 0 0 0 0 190 120 0 77 60 
304 135 113 0 79 78 0 88 64 340 0 39 16 59 59 380 445 636 0 0 0 0 123 120 0 77 60 
305 131 121 0 79 91 0 84 64 341 0 44 16 79 59 374 430 617 0 0 0 0 155 120 0 77 60 
303 128 118 0 79 96 0 90 65 350 0 46 17 81 61 377 429 748 0 0 0 0 145 120 0 78 60 
309 129 117 0 79 112 0 92 65 345 0 38 17 77 58 371 427 679 0 0 0 0 151 120 0 77 60 
305 128 115 0 80 108 0 88 65 340 0 35 16 51 60 406 428 637 0 0 0 0 169 120 0 77 60 
304 132 116 0 80 93 0 91 64 347 0 34 16 44 61 372 422 680 0 0 0 0 165 120 0 75 60 
305 128 119 0 79 76 0 93 65 358 0 40 18 55 57 449 403 648 0 0 0 0 138 120 0 74 60 
306 138 117 0 78 78 0 89 65 352 0 42 16 71 62 418 396 646 0 0 0 0 167 120 0 75 60 
305 135 121 0 77 79 0 89 65 344 0 49 17 71 61 397 420 690 0 0 0 0 163 120 0 76 60 
299 133 116 0 77 77 0 90 65 341 0 55 17 67 63 398 423 685 0 0 0 0 176 120 0 77 60 
300 124 116 0 76 79 0 87 66 343 0 49 17 70 65 372 435 670 0 0 0 0 205 120 0 77 60 
298 127 117 0 76 82 0 84 66 347 0 46 17 75 63 382 411 640 0 0 0 0 201 120 0 78 60 
303 130 119 0 75 84 0 88 65 347 0 42 18 68 60 401 393 561 0 0 0 0 189 120 0 78 60 
300 134 121 0 74 88 0 89 66 347 0 45 17 68 57 408 453 671 0 0 0 0 140 120 0 79 60 
301 134 117 0 74 86 0 90 65 350 0 45 16 66 60 355 434 743 0 0 0 0 128 120 0 79 60 
301 143 117 0 74 88 0 85 64 347 0 49 16 71 60 392 366 685 0 0 0 0 174 120 0 79 60 
299 127 117 0 73 83 0 87 64 349 0 48 17 77 59 376 405 634 0 0 0 0 208 120 0 79 60 
297 124 118 0 73 81 0 83 64 348 0 47 17 85 62 392 415 648 0 0 0 0 161 120 0 79 60 
304 129 118 0 74 83 0 80 64 338 0 42 18 73 62 383 427 680 0 0 0 0 149 120 0 79 60 
304 129 118 0 74 90 0 88 63 335 0 46 17 61 62 423 436 493 0 0 0 0 215 120 0 78 60 
306 128 120 0 75 98 0 89 63 349 0 51 17 74 59 435 463 659 0 0 0 0 185 120 0 79 60 
297 132 119 0 76 105 0 89 64 350 0 53 17 97 58 389 428 672 0 0 0 0 152 120 0 79 60 
299 133 119 0 76 106 0 90 64 342 0 56 16 74 61 401 462 684 0 0 0 0 137 120 0 79 60 
302 128 117 0 76 93 0 88 65 339 0 50 17 55 59 387 433 650 0 0 0 0 180 120 0 79 60 
300 121 116 0 76 84 0 90 65 345 0 50 17 63 60 379 362 622 0 0 0 0 190 120 0 79 60 
302 124 117 0 76 74 0 92 66 350 0 51 18 84 59 420 447 628 0 0 0 0 194 120 0 79 60 
304 136 119 0 76 80 0 89 64 347 0 47 16 81 59 418 413 568 0 0 0 0 169 120 0 79 60 
301 128 120 0 75 82 0 83 65 342 0 44 18 78 61 387 389 628 0 0 0 0 190 120 0 79 60 
307 125 120 0 75 83 0 86 64 343 0 43 16 52 59 360 471 660 0 0 0 0 156 120 0 78 60 
304 128 122 0 74 80 0 87 64 342 0 44 16 66 62 382 442 654 0 0 0 0 154 120 0 77 60 
304 124 116 0 75 80 0 92 64 345 0 47 17 71 61 407 433 603 0 0 0 0 195 120 0 76 60 
305 125 118 0 75 80 0 90 64 346 0 48 18 77 61 414 424 587 0 0 0 0 167 120 0 76 60 
304 131 117 0 75 80 0 92 65 342 0 51 17 68 61 396 481 650 0 0 0 0 208 120 0 76 60 
303 130 119 0 75 78 0 93 65 341 0 54 17 69 59 378 455 575 0 0 0 0 143 120 0 76 60 
303 132 118 0 75 79 0 87 65 348 0 49 16 59 60 383 406 595 0 0 0 0 185 120 0 76 60 
301 126 119 0 75 83 0 89 64 354 0 47 17 62 61 333 416 616 0 0 0 0 161 120 0 77 60 
302 130 118 0 74 81 0 90 65 350 0 46 17 66 61 340 413 574 0 0 0 0 162 120 0 78 60 
303 133 118 0 74 77 0 87 65 347 0 55 15 68 60 408 407 587 0 0 0 0 152 120 0 79 60 
302 129 119 0 73 80 0 86 65 350 0 51 16 72 60 401 428 551 0 0 0 0 161 120 0 80 60 
298 131 114 0 73 80 0 91 66 350 0 52 16 58 59 389 415 676 0 0 0 0 150 120 0 80 60 
300 127 122 0 73 76 0 88 66 350 0 53 19 76 59 399 458 620 0 0 0 0 190 120 0 81 60 
299 136 120 0 74 79 0 86 67 346 0 53 17 79 60 399 410 652 0 0 0 0 177 120 0 80 60 
303 123 116 0 73 84 0 94 65 351 0 53 18 82 60 365 457 668 0 0 0 0 216 120 0 80 60 
305 132 115 0 75 91 0 88 65 349 0 55 18 57 61 353 452 590 0 0 0 0 173 120 0 80 60 
300 129 115 0 76 87 0 83 64 347 0 49 18 42 59 433 416 574 0 0 0 0 184 120 0 78 60 
300 132 112 0 75 83 0 90 64 348 0 48 19 50 59 392 421 663 0 0 0 0 162 120 0 77 60 
299 127 115 0 75 87 0 90 64 341 0 47 19 66 58 397 413 665 0 0 0 0 162 120 0 77 60 
303 125 118 0 76 93 0 85 64 335 0 44 19 69 62 390 438 680 0 0 0 0 188 120 0 76 60 
304 130 115 0 76 93 0 88 65 342 0 46 18 67 62 400 427 598 0 0 0 0 170 120 0 76 60 
298 131 120 0 76 85 0 91 64 349 0 41 18 68 60 397 424 610 0 0 0 0 195 120 12 75 60 
304 125 116 0 75 83 0 84 64 346 0 42 16 76 61 438 417 645 0 0 0 0 188 120 0 75 60 
307 130 120 0 76 83 0 87 65 342 0 40 17 67 62 393 425 616 0 0 0 0 171 120 0 74 60 
303 133 115 0 75 82 0 95 64 344 0 38 16 72 61 400 427 654 0 0 0 0 224 120 0 73 60 
301 135 117 0 73 85 0 93 65 350 0 37 16 64 59 412 450 646 0 0 0 0 160 120 0 73 60 
307 129 118 0 72 88 0 95 65 349 0 41 16 70 59 388 463 685 0 0 0 0 145 120 0 73 60 
305 131 120 0 72 90 0 91 66 346 0 49 17 75 60 397 438 604 0 0 0 0 147 120 0 72 60 
302 128 120 0 72 88 0 91 65 345 0 53 16 84 61 388 420 684 0 0 0 0 170 120 0 72 60 
307 128 120 0 72 88 0 89 65 342 0 56 17 74 60 397 441 604 0 0 0 0 132 120 0 73 60 
302 136 119 0 74 93 0 80 64 344 0 56 16 61 61 360 455 666 0 0 0 0 185 120 0 71 60 
308 135 118 0 74 96 0 86 64 348 0 51 15 69 61 438 416 721 0 0 0 0 204 120 0 72 60 
306 133 119 0 75 104 0 87 64 348 0 46 16 95 61 373 455 662 0 0 0 0 145 120 0 72 60 
303 130 120 0 77 115 0 83 64 341 0 40 15 77 59 353 438 648 0 0 0 0 166 120 0 73 60 
303 130 120 0 78 117 0 86 66 343 0 38 16 60 61 393 380 648 0 0 0 0 141 120 0 73 60 
301 130 122 0 78 107 0 89 65 356 0 43 18 54 60 389 444 602 0 0 0 0 179 120 0 72 60 
301 138 119 0 80 91 0 92 65 351 0 41 18 81 62 363 483 656 0 0 0 0 165 120 0 73 60 
306 127 123 0 80 81 0 94 64 344 0 47 16 83 59 352 441 704 0 0 0 0 170 120 0 74 60 
304 133 121 0 80 74 0 90 65 341 0 49 16 80 59 348 473 641 0 0 0 0 169 120 0 78 60 
300 126 121 0 80 76 0 83 65 342 0 49 15 53 61 372 414 624 0 0 0 0 158 120 0 78 60 
299 126 120 0 81 88 0 85 65 344 0 47 16 61 60 387 436 636 0 0 0 0 148 120 0 79 60 
297 123 115 0 79 102 0 87 65 344 0 41 15 72 61 365 430 546 0 0 0 0 132 120 0 79 60 
306 126 122 0 79 111 0 87 65 346 0 37 16 77 60 357 392 627 0 0 0 0 186 120 0 79 60 
304 128 120 0 77 126 0 91 64 350 0 43 17 71 59 359 401 624 0 0 0 0 208 120 0 80 60 
295 126 121 0 76 121 0 90 64 346 0 40 18 70 60 387 428 619 0 0 0 0 173 120 0 79 60 
301 125 118 0 76 110 0 91 65 349 0 36 17 59 60 390 497 595 0 0 0 0 159 120 0 80 60 
298 136 119 0 74 98 0 88 65 347 0 36 16 60 61 404 416 573 0 0 0 0 161 120 0 80 60 
306 127 122 0 74 90 0 89 66 341 0 33 17 68 64 377 415 549 0 0 0 0 192 120 0 79 60 
302 132 124 0 74 74 0 88 65 335 0 31 18 67 62 374 429 573 0 0 0 0 155 120 0 79 60 
300 125 119 0 74 70 0 85 64 347 0 34 19 71 61 438 404 622 0 0 0 0 223 120 0 79 60 
301 130 123 0 73 69 0 89 64 348 0 31 20 60 60 422 422 585 0 0 0 0 204 120 0 78 60 
303 130 117 0 74 72 0 88 63 345 0 30 19 72 59 374 443 587 0 0 0 0 189 120 0 77 60 
303 127 117 0 74 68 0 88 64 341 0 36 20 81 60 421 422 565 0 0 0 0 186 120 0 77 60 
304 133 123 0 75 70 0 90 64 342 0 34 18 80 60 400 439 609 0 0 0 0 169 120 0 76 60 
303 137 120 0 76 77 0 91 65 349 0 38 17 64 62 420 455 536 0 0 0 0 205 120 0 75 60 
300 127 121 0 78 80 0 91 66 347 0 38 18 41 64 365 459 590 0 0 0 0 155 120 0 75 60 
302 125 114 0 78 78 0 86 65 342 0 38 17 43 62 373 434 605 0 0 0 0 122 120 0 74 60 
304 132 117 0 78 82 0 93 66 342 0 42 18 63 61 399 431 574 0 0 0 0 157 120 0 74 60 
304 132 118 0 77 87 0 91 66 339 0 38 17 71 60 414 411 575 0 0 0 0 151 120 0 74 60 
304 129 122 0 78 87 0 85 65 345 0 31 18 66 60 379 403 461 0 0 0 0 206 120 0 74 60 
303 129 118 0 77 91 0 88 64 349 0 33 17 67 61 382 432 578 0 0 0 0 161 120 0 74 60 
303 131 116 0 77 96 0 82 63 344 0 33 18 78 61 386 430 607 0 0 0 0 158 120 0 74 60 
309 130 120 0 76 100 0 85 64 338 0 34 16 66 64 365 438 600 0 0 0 0 138 120 0 74 60 
302 131 119 0 75 97 0 84 65 344 0 39 16 70 61 383 425 595 0 0 0 0 179 120 0 74 60 
306 129 118 0 74 92 0 90 65 354 0 39 16 65 62 377 439 586 0 0 0 0 159 120 0 74 60 
306 132 118 0 74 92 0 90 65 351 0 45 16 70 60 387 409 616 0 0 0 0 195 120 0 74 60 
303 129 117 0 74 88 0 92 65 346 0 39 17 69 61 368 419 503 0 0 0 0 184 120 0 74 60 
302 125 120 0 73 83 0 94 66 345 0 40 17 86 61 405 420 617 0 0 0 0 164 120 0 74 60 
300 131 118 0 75 80 0 91 65 347 0 38 18 74 61 392 375 581 0 0 0 0 117 120 0 74 60 
300 131 120 0 74 79 0 87 66 349 0 42 16 61 61 417 452 714 0 0 0 0 181 120 0 74 60 
305 132 118 0 75 76 0 84 66 348 0 42 17 67 58 408 459 611 0 0 0 0 190 120 0 74 60 
303 128 118 0 75 78 0 91 66 349 0 43 16 94 60 385 447 572 0 0 0 0 165 120 0 74 60 
296 124 120 0 76 77 0 87 66 351 0 42 16 78 62 418 431 623 0 0 0 0 169 120 0 74 60 
298 126 116 0 75 83 0 83 65 348 0 42 16 61 61 407 413 598 0 0 0 0 198 120 0 73 60 
301 129 121 0 75 81 0 93 65 346 0 43 17 55 60 396 411 680 0 0 0 0 187 120 0 73 60 
296 133 122 0 75 83 0 92 65 344 0 44 18 81 58 392 397 585 0 0 0 0 160 120 0 74 60 
305 137 120 0 75 83 0 88 64 336 0 40 16 81 60 360 426 726 0 0 0 0 156 120 0 74 60 
298 134 118 0 76 89 0 87 65 335 0 42 17 84 60 363 450 709 0 0 0 0 157 120 0 75 60 
303 134 122 0 76 100 0 84 64 345 0 47 16 52 58 391 401 617 0 0 0 0 192 120 0 75 60 
306 133 121 0 76 111 0 86 64 348 0 47 16 61 61 383 452 609 0 0 0 0 165 120 0 76 60 
306 135 118 0 76 125 0 85 63 343 0 47 16 73 61 389 460 640 0 0 0 0 169 120 0 76 60 
304 124 120 0 76 122 0 93 64 341 0 52 16 77 61 377 434 717 0 0 0 0 189 120 0 75 60 
307 124 116 0 76 114 0 90 63 345 0 58 17 69 61 396 441 592 0 0 0 0 164 120 0 75 60 
305 133 122 0 76 97 0 89 66 350 0 60 17 71 59 385 430 662 0 0 0 0 169 120 0 75 60 
306 132 115 0 75 83 0 91 65 345 0 55 16 61 61 393 489 631 0 0 0 0 186 120 0 76 60 
306 119 121 0 75 71 0 90 66 343 0 53 17 59 61 417 439 692 0 0 0 0 157 120 0 75 60 
306 124 117 0 75 71 0 89 65 341 0 56 16 68 60 381 409 636 0 0 0 0 176 120 0 76 60 
306 130 117 0 75 69 0 86 64 342 0 49 15 70 62 380 401 682 0 0 0 0 191 120 0 76 60 
300 130 120 0 75 78 0 88 64 346 0 55 16 72 61 412 417 735 0 0 0 0 227 120 0 77 60 
305 128 121 0 74 79 0 86 63 348 0 53 16 58 63 397 423 646 0 0 0 0 131 120 0 77 60 
302 125 119 0 74 83 0 92 65 342 0 51 17 76 63 389 425 663 0 0 0 0 169 120 0 77 60 
296 130 119 0 73 84 0 91 65 339 0 54 17 80 59 400 405 577 0 0 0 0 146 120 0 78 60 
306 128 117 0 73 86 0 89 66 352 0 55 17 80 60 403 464 643 0 0 0 0 198 120 0 78 60 
302 126 119 0 74 80 0 91 65 355 0 62 16 61 60 379 479 620 0 0 0 0 146 120 0 80 60 
299 136 118 0 75 79 0 90 64 351 0 59 16 41 61 393 456 661 0 0 0 0 130 120 0 81 60 
298 132 121 0 75 82 0 91 65 343 0 52 16 46 60 379 454 619 0 0 0 0 198 120 0 82 60 
301 130 122 0 76 87 0 87 65 342 0 46 16 67 61 417 447 608 0 0 0 0 166 120 0 83 60 
301 133 123 0 76 95 0 90 66 345 0 42 16 72 60 351 418 656 0 0 0 0 148 120 0 83 60 
302 132 115 0 77 101 0 90 64 346 0 36 16 66 61 390 423 522 0 0 0 0 177 120 0 82 60 
301 129 114 0 77 99 0 87 66 347 0 35 15 67 61 408 432 578 0 0 0 0 202 120 0 81 60 
298 129 118 0 78 89 0 91 65 351 0 36 17 80 61 396 408 642 0 0 0 0 205 120 0 80 60 
300 126 115 0 78 81 0 84 67 348 0 39 17 67 60 396 414 646 0 0 0 0 160 120 0 80 60 
