303 135 116 0 76 71 0 81 65 342 0 27 15 72 65 391 455 623 0 0 0 0 206 130 0 65 60 
301 131 113 0 75 79 0 77 66 323 0 28 16 75 64 394 463 589 0 0 0 0 200 130 0 66 60 
304 139 120 0 76 80 0 77 66 338 0 27 17 67 65 376 415 626 0 0 0 0 137 130 0 66 60 
305 126 120 0 76 83 0 81 64 354 0 28 16 67 65 374 460 517 0 0 0 0 217 130 0 67 60 
304 131 121 0 75 91 0 80 65 348 0 29 16 71 64 411 438 578 0 0 0 0 185 130 0 68 60 
308 128 116 0 75 99 0 76 63 349 0 27 16 67 64 365 423 623 0 0 0 0 195 130 0 67 60 
305 130 115 0 75 86 0 78 65 346 0 28 15 82 63 372 421 640 0 0 0 0 172 130 0 69 60 
304 128 118 0 74 76 0 78 64 348 0 30 17 83 63 405 436 659 0 0 0 0 166 130 0 69 60 
303 129 117 0 76 75 0 74 65 353 0 28 17 71 64 378 422 658 0 0 0 0 143 130 0 70 60 
303 129 122 0 74 80 0 77 65 351 0 32 17 63 64 411 432 541 0 0 0 0 191 130 0 70 60 
305 124 117 0 76 81 0 79 66 344 0 33 16 85 64 438 453 616 0 0 0 0 226 130 0 71 60 
303 131 119 0 76 82 0 78 67 341 0 28 17 96 62 386 432 663 0 0 0 0 149 130 0 70 60 
307 130 117 0 76 81 0 79 66 341 0 33 16 67 60 418 448 668 0 0 0 0 193 130 0 70 60 
304 127 120 0 75 89 0 79 64 344 0 30 17 49 61 348 467 637 0 0 0 0 136 130 0 69 60 
300 127 117 0 74 94 0 76 64 347 0 31 16 74 61 385 437 634 0 0 0 0 190 130 0 70 60 
302 136 115 0 74 95 0 82 65 344 0 32 16 82 64 379 441 652 0 0 0 0 194 130 0 71 60 
301 126 116 0 73 90 0 76 65 342 0 31 17 83 66 377 408 635 0 0 0 0 173 130 0 71 60 
303 134 118 0 73 82 0 79 65 344 0 28 17 69 65 400 415 655 0 0 0 0 169 130 0 72 60 
303 130 119 0 73 74 0 81 65 355 0 29 17 50 61 378 458 634 0 0 0 0 152 130 0 73 60 
297 128 118 0 74 75 0 75 65 353 0 27 17 67 57 376 429 651 0 0 0 0 192 130 0 73 60 
305 134 118 0 75 85 0 77 65 348 0 29 16 74 58 411 463 644 0 0 0 0 182 130 0 72 60 
302 129 119 0 76 91 0 79 63 347 0 32 16 78 59 380 468 616 0 0 0 0 162 130 0 72 60 
299 129 122 0 76 90 0 75 63 349 0 37 16 65 60 405 431 656 0 0 0 0 130 130 0 72 60 
297 126 116 0 77 84 0 79 64 348 0 41 16 67 60 360 410 659 0 0 0 0 127 130 0 73 60 
303 126 119 0 75 87 0 75 65 354 0 46 16 61 61 406 382 652 0 0 0 0 167 130 0 73 60 
303 125 118 0 77 85 0 79 65 345 0 52 16 62 63 404 360 608 0 0 0 0 120 130 0 73 60 
304 131 120 0 76 82 0 82 66 352 0 53 16 66 61 436 434 630 0 0 0 0 164 130 0 73 60 
301 128 120 0 78 80 0 76 65 351 0 51 15 73 59 430 373 600 0 0 0 0 170 130 0 72 60 
304 132 116 0 79 86 0 79 65 350 0 52 16 67 59 409 447 528 0 0 0 0 171 130 0 72 60 
302 135 116 0 79 87 0 82 64 351 0 50 15 61 60 379 452 644 0 0 0 0 202 130 0 71 60 
304 128 118 0 81 84 0 73 63 344 0 47 16 82 60 430 448 621 0 0 0 0 172 130 0 71 60 
304 128 118 0 81 84 0 81 64 336 0 49 15 81 58 389 403 659 0 0 0 0 189 130 0 72 60 
299 130 120 0 81 90 0 75 65 337 0 55 17 71 60 365 428 616 0 0 0 0 172 130 0 73 60 
297 127 116 0 80 92 0 80 65 345 0 55 18 48 59 415 500 632 0 0 0 0 201 130 0 74 60 
303 132 117 0 79 83 0 76 64 350 0 49 19 45 59 363 457 623 0 0 0 0 150 130 0 75 60 
307 129 115 0 76 81 0 76 64 343 0 45 17 55 59 377 415 542 0 0 0 0 191 130 0 75 60 
302 128 117 0 76 85 0 83 64 340 0 42 17 70 59 379 420 587 0 0 0 0 200 130 0 76 60 
308 137 117 0 75 89 0 83 66 347 0 35 17 69 61 409 360 633 0 0 0 0 154 130 0 76 60 
301 128 117 0 75 87 0 80 66 350 0 33 16 63 61 399 438 587 0 0 0 0 212 130 0 77 60 
304 124 119 0 75 87 0 79 66 349 0 30 16 72 64 394 436 586 0 0 0 0 154 130 0 77 60 
302 127 119 0 74 100 0 81 64 343 0 29 17 75 60 359 472 659 0 0 0 0 154 130 0 78 60 
304 135 118 0 75 113 0 77 65 341 0 29 17 67 59 368 454 576 0 0 0 0 135 130 0 78 60 
307 130 114 0 73 116 0 80 64 341 0 31 17 66 59 424 433 592 0 0 0 0 199 130 0 77 60 
302 135 116 0 75 105 0 73 64 343 0 28 17 70 59 392 459 592 0 0 0 0 166 130 0 76 60 
298 132 116 0 75 98 0 71 64 347 0 30 17 66 60 392 448 648 0 0 0 0 166 130 0 76 60 
303 129 120 0 76 93 0 79 65 345 0 31 15 80 58 375 436 626 0 0 0 0 145 130 0 73 60 
307 124 117 0 76 83 0 74 65 341 0 31 16 84 60 418 443 527 0 0 0 0 183 130 0 73 60 
300 137 119 0 75 72 0 70 64 340 0 30 16 70 58 367 373 623 0 0 0 0 159 130 0 72 60 
299 129 115 0 75 72 0 78 65 351 0 32 17 63 58 433 430 622 0 0 0 0 187 130 0 73 60 
302 127 115 0 76 69 0 81 64 353 0 30 19 85 57 372 375 621 0 0 0 0 182 130 0 75 60 
304 133 117 0 75 69 0 81 65 350 0 31 18 95 58 403 415 631 0 0 0 0 149 130 0 78 60 
301 123 117 0 76 71 0 87 65 343 0 30 19 68 58 397 452 640 0 0 0 0 145 130 0 79 60 
297 122 119 0 75 81 0 75 65 344 0 31 19 48 57 423 430 617 0 0 0 0 207 130 0 81 60 
302 125 119 0 76 78 0 76 65 347 0 34 18 76 58 387 405 572 0 0 0 0 182 130 0 84 60 
304 128 120 0 76 79 0 74 64 350 0 34 18 82 58 390 450 648 0 0 0 0 152 130 0 86 60 
301 127 119 0 75 84 0 72 64 347 0 33 16 84 58 413 410 590 0 0 0 0 200 130 0 86 60 
303 126 121 0 75 93 0 79 65 347 0 32 17 67 59 430 409 669 0 0 0 0 213 130 0 86 60 
304 127 119 0 73 93 0 77 64 351 0 31 17 52 58 365 422 676 0 0 0 0 179 130 0 85 60 
302 126 118 0 73 98 0 74 65 347 0 28 19 69 59 392 490 672 0 0 0 0 198 130 0 84 60 
304 128 118 0 74 109 0 80 65 349 0 32 18 73 59 417 418 654 0 0 0 0 164 130 0 82 60 
302 131 123 0 74 114 0 79 65 348 0 31 17 78 60 372 432 624 0 0 0 0 174 130 0 80 60 
303 132 120 0 74 111 0 81 66 343 0 26 18 66 58 370 438 642 0 0 0 0 193 130 0 77 60 
303 132 123 0 74 92 0 74 64 336 0 29 16 66 58 373 459 607 0 0 0 0 137 130 0 76 60 
306 133 118 0 75 84 0 77 63 344 0 28 16 61 57 411 385 747 0 0 0 0 140 130 0 73 60 
297 132 119 0 75 82 0 79 62 350 0 28 16 65 58 428 427 615 0 0 0 0 205 130 0 71 60 
305 133 119 0 75 81 0 73 63 348 0 28 16 66 58 355 407 673 0 0 0 0 166 130 0 68 60 
303 127 119 0 74 76 0 76 64 344 0 27 17 74 58 404 395 636 0 0 0 0 147 130 0 67 60 
305 125 121 0 74 75 0 78 65 343 0 29 16 65 58 388 441 684 0 0 0 0 174 130 0 66 60 
306 127 118 0 73 76 0 76 65 344 0 28 15 62 58 376 433 668 0 0 0 0 199 130 0 66 60 
309 136 118 0 75 76 0 83 65 349 0 27 13 85 57 363 411 654 0 0 0 0 170 130 0 65 60 
304 131 118 0 74 84 0 83 65 344 0 30 13 82 58 414 425 641 0 0 0 0 202 130 0 65 60 
300 128 121 0 75 93 0 82 65 338 0 26 14 70 57 352 434 648 0 0 0 0 210 130 0 66 60 
307 126 123 0 75 86 0 80 65 340 0 28 14 43 57 416 445 662 0 0 0 0 205 130 0 66 60 
302 130 122 0 77 82 0 75 64 338 0 27 15 45 58 419 466 668 0 0 0 0 142 130 0 66 60 
307 131 121 0 77 86 0 79 65 342 0 25 15 58 58 379 441 666 0 0 0 0 166 130 0 66 60 
301 134 120 0 78 89 0 81 65 349 0 27 17 71 58 389 380 677 0 0 0 10 153 130 0 66 60 
302 133 117 0 78 84 0 77 64 344 0 28 15 69 59 371 428 610 0 0 0 0 123 130 0 65 60 
303 132 123 0 77 75 0 79 64 340 0 27 15 65 61 424 447 697 0 0 0 0 126 130 0 64 60 
301 131 119 0 74 74 0 79 64 344 0 25 15 74 60 391 448 522 0 0 0 0 178 130 0 64 60 
300 137 122 0 73 76 0 77 65 352 0 27 16 73 61 414 423 606 0 0 0 0 127 130 0 63 60 
300 123 124 0 71 82 0 75 66 354 0 27 17 68 56 420 443 666 0 0 0 0 188 130 0 62 60 
301 127 120 0 70 81 0 78 66 348 0 26 16 66 55 383 432 662 0 0 0 0 124 130 0 59 60 
302 131 117 0 72 82 0 81 65 342 0 26 18 71 59 385 392 687 0 0 0 0 144 130 0 56 60 
302 137 115 0 73 83 0 79 65 345 0 30 18 69 58 368 397 579 0 0 0 0 154 130 0 53 60 
302 132 112 0 74 85 0 78 64 345 0 24 17 83 60 405 452 618 0 0 0 0 181 130 0 50 60 
297 130 119 0 76 82 0 77 65 349 0 28 16 80 60 367 430 522 0 0 0 0 165 130 0 50 60 
300 137 122 0 77 81 0 83 66 347 0 26 16 69 59 365 458 578 0 0 0 0 122 130 0 50 60 
305 131 119 0 77 78 0 80 67 351 0 27 16 64 57 436 399 580 0 0 0 0 204 130 0 50 60 
299 129 115 0 78 80 0 78 65 351 0 27 17 90 56 416 450 622 0 0 0 0 162 130 0 52 60 
301 127 115 0 77 86 0 77 64 348 0 29 17 89 57 388 439 552 0 0 0 0 140 130 0 53 60 
301 129 119 0 78 94 0 76 64 349 0 27 17 67 57 404 448 624 0 0 0 0 185 130 0 54 60 
301 139 118 0 79 94 0 78 62 346 0 27 16 47 59 376 464 623 0 0 0 0 230 130 0 58 60 
303 129 121 0 79 92 0 75 64 335 0 30 15 78 59 398 443 550 0 0 0 0 142 130 0 60 60 
304 123 116 0 80 95 0 74 64 335 0 27 14 84 61 377 438 570 0 0 0 0 170 130 0 64 60 
304 132 118 0 79 100 0 83 65 343 0 29 14 83 59 375 405 604 0 0 0 0 202 130 0 66 60 
299 131 120 0 79 102 0 80 65 349 0 30 14 63 59 438 440 586 0 0 0 0 144 130 0 68 60 
298 132 119 0 79 91 0 76 66 342 0 31 15 56 57 348 414 488 0 0 0 0 153 130 0 69 60 
307 130 118 0 77 88 0 84 65 338 0 32 15 70 58 399 441 618 0 0 0 0 175 130 0 71 60 
306 125 115 0 76 87 0 74 65 340 0 36 14 75 57 409 413 578 0 0 0 0 205 130 0 71 60 
301 128 116 0 74 84 0 70 64 342 0 34 15 75 58 421 457 575 0 0 0 0 167 130 0 72 60 
308 129 120 0 74 77 0 74 66 347 0 30 15 68 62 401 406 595 0 0 0 0 171 130 0 72 60 
302 126 119 0 73 78 0 70 63 347 0 26 16 62 60 414 453 628 0 0 0 0 188 130 0 73 60 
299 136 123 0 73 81 0 84 65 345 0 30 14 59 59 388 444 562 0 0 0 0 203 130 0 73 60 
306 127 119 0 73 84 0 83 65 338 0 30 16 67 58 404 429 483 0 0 0 0 174 130 0 73 60 
304 130 116 0 74 84 0 75 65 342 0 34 16 65 59 391 415 638 0 0 0 0 184 130 0 73 60 
307 129 118 0 75 86 0 81 65 349 0 34 17 73 59 403 426 645 0 0 0 0 166 130 0 73 60 
301 130 120 0 75 90 0 81 64 350 0 39 16 64 58 418 479 614 0 0 0 0 161 130 0 73 60 
303 129 122 0 76 88 0 79 65 340 0 37 17 65 59 370 473 615 0 0 0 0 169 130 0 72 60 
302 129 121 0 77 88 0 77 64 342 0 38 17 84 57 351 387 618 0 0 0 0 214 130 0 71 60 
301 133 120 0 77 86 0 74 65 350 0 40 16 84 58 362 425 601 0 0 0 0 199 130 0 72 60 
301 129 115 0 78 85 0 76 66 355 0 39 18 69 57 377 454 582 0 0 0 0 142 130 0 73 60 
294 133 116 0 77 81 0 79 66 349 0 48 17 41 59 377 428 643 0 0 0 0 151 130 0 73 60 
303 129 121 0 77 79 0 74 64 346 0 46 19 44 58 370 411 593 0 0 0 0 154 130 0 72 60 
303 128 117 0 76 84 0 80 65 343 0 41 18 62 57 395 408 662 0 0 0 0 178 130 0 72 60 
300 129 121 0 77 87 0 81 66 347 0 46 17 70 58 405 427 629 0 0 0 0 182 130 0 72 60 
302 132 119 0 76 88 0 79 65 349 0 46 17 68 57 410 425 591 0 0 0 0 168 130 0 73 60 
302 130 120 0 76 88 0 79 65 343 0 45 17 66 57 389 439 634 0 0 0 0 161 130 0 73 60 
302 129 117 0 75 88 0 80 64 348 0 44 16 75 56 433 447 684 0 0 0 0 122 130 0 73 60 
304 133 116 0 74 87 0 76 64 348 0 45 16 71 58 390 402 661 0 0 0 0 161 130 0 75 60 
300 132 118 0 74 90 0 76 65 348 0 44 15 70 57 386 395 677 0 0 0 0 191 130 0 76 60 
302 140 119 0 73 94 0 81 65 347 0 42 17 65 58 391 425 647 0 0 0 0 183 130 0 77 60 
299 137 120 0 73 98 0 75 65 347 0 37 17 72 57 423 428 617 0 0 0 0 179 130 0 78 60 
305 121 121 0 74 93 0 79 66 340 0 37 16 69 58 407 440 633 0 0 0 0 160 130 0 78 60 
303 125 119 0 74 89 0 83 64 335 0 36 17 87 58 423 429 658 0 0 0 0 161 130 0 79 60 
302 127 120 0 75 84 0 74 65 344 0 28 16 75 59 386 435 643 0 0 0 0 176 130 0 78 60 
310 135 112 0 76 88 0 81 66 353 0 30 16 66 59 351 438 709 0 0 0 0 195 130 0 77 60 
302 131 120 0 77 90 0 75 64 349 0 28 15 65 57 440 395 603 0 0 0 0 213 130 0 75 60 
296 127 118 0 77 84 0 81 65 341 0 27 17 90 59 371 418 666 0 0 0 0 186 130 0 75 60 
305 130 118 0 76 78 0 75 65 342 0 29 16 87 60 374 447 504 0 0 0 0 179 130 0 74 60 
303 124 116 0 76 79 0 75 66 348 0 27 17 65 60 341 473 616 0 0 0 0 183 130 0 73 60 
301 130 119 0 74 76 0 79 65 351 0 28 15 49 58 367 463 672 0 0 0 0 156 130 0 73 60 
301 131 116 0 75 71 0 81 65 346 0 26 15 80 57 362 445 661 0 0 0 0 145 130 0 73 60 
307 132 120 0 75 74 0 80 64 345 0 25 16 83 58 384 391 656 0 0 0 0 193 130 0 72 60 
302 130 116 0 75 81 0 79 65 341 0 30 15 87 58 354 410 601 0 0 0 0 177 130 0 73 60 
302 128 118 0 75 81 0 76 65 342 0 27 15 61 59 385 468 663 0 0 0 0 158 130 0 72 60 
299 126 119 0 75 80 0 72 66 347 0 26 16 57 58 435 455 540 0 0 0 0 175 130 0 73 60 
303 125 119 0 75 82 0 75 66 350 0 29 16 71 58 401 442 636 0 0 0 0 169 130 0 72 60 
303 128 123 0 76 84 0 73 65 338 0 26 16 75 58 405 401 616 0 0 0 0 182 130 0 73 60 
300 134 118 0 76 82 0 79 65 341 0 26 16 75 57 390 422 589 0 0 0 0 171 130 0 73 60 
302 125 118 0 76 78 0 81 64 348 0 26 16 69 58 367 468 613 0 0 0 0 161 130 0 72 60 
301 123 116 0 74 80 0 78 64 352 0 24 16 63 56 345 393 649 0 0 0 0 186 130 0 72 60 
301 124 123 0 75 83 0 88 63 350 0 29 15 58 58 365 412 605 0 0 0 0 155 130 0 73 60 
301 131 121 0 74 86 0 79 65 343 0 24 17 68 57 372 409 570 0 0 0 0 160 130 0 72 60 
301 127 119 0 74 86 0 76 65 347 0 27 16 67 57 387 440 566 0 0 0 0 168 130 0 73 60 
297 129 120 0 73 108 0 77 66 344 0 27 17 73 57 408 442 565 0 0 0 0 194 130 0 73 60 
307 128 120 0 73 132 0 76 65 349 0 25 17 63 59 393 481 612 0 0 0 0 147 130 0 72 60 
298 134 120 0 74 149 0 75 66 345 0 26 16 69 59 387 462 560 0 0 0 0 186 130 0 70 60 
303 133 123 0 75 147 0 73 65 347 0 26 16 81 58 391 397 618 0 0 0 0 147 130 0 70 60 
298 129 121 0 76 134 0 76 62 353 0 26 15 82 58 402 473 637 0 0 0 0 161 130 0 70 60 
299 130 121 0 77 112 0 76 64 350 0 28 16 69 56 417 440 595 0 0 0 0 175 130 0 70 60 
304 133 121 0 77 89 0 73 65 347 0 25 16 42 57 421 412 640 0 0 0 0 200 130 0 69 60 
306 133 117 0 76 77 0 76 65 347 0 26 15 44 60 352 425 603 0 0 0 0 180 130 0 68 60 
303 132 114 0 76 76 0 81 65 340 0 28 17 60 59 425 426 586 0 0 0 0 185 130 0 68 60 
306 133 122 0 76 80 0 81 65 334 0 28 16 71 61 427 428 547 0 0 0 0 178 130 0 68 60 
302 130 122 0 77 86 0 81 64 340 0 28 16 68 62 342 431 676 0 0 0 0 178 130 0 68 60 
303 131 124 0 78 98 0 76 65 348 0 27 15 65 59 400 413 638 0 0 0 0 137 130 0 68 60 
306 132 120 0 79 97 0 74 66 347 0 28 15 77 57 434 452 638 0 0 0 0 159 130 0 68 60 
308 130 121 0 80 89 0 78 66 339 0 28 15 69 56 427 452 643 0 0 0 0 149 130 0 70 60 
298 129 118 0 81 80 0 76 66 339 0 29 16 71 58 389 433 659 0 0 0 0 158 130 0 70 60 
306 127 119 0 80 87 0 75 64 343 0 27 17 65 59 348 434 680 0 0 0 0 181 130 0 71 60 
303 130 122 0 80 92 0 79 63 350 0 28 15 69 58 377 439 543 0 0 0 0 190 130 0 72 60 
301 131 122 0 79 89 0 78 64 347 0 26 15 68 60 394 467 675 0 0 0 0 176 130 0 72 60 
303 135 121 0 77 86 0 76 64 344 0 28 15 85 60 375 437 646 0 0 0 0 177 130 0 73 60 
301 134 123 0 76 80 0 79 66 340 0 25 15 79 59 384 426 708 0 0 0 0 201 130 0 73 60 
306 123 122 0 75 76 0 81 64 343 0 28 15 68 58 358 438 675 0 0 0 0 177 130 0 72 60 
300 124 119 0 75 77 0 77 64 344 0 27 16 66 57 406 409 675 0 0 0 0 199 130 0 73 60 
304 126 116 0 74 78 0 76 66 349 0 28 18 89 57 413 412 680 0 0 0 0 216 130 0 73 60 
304 132 112 0 74 80 0 81 65 347 0 26 18 89 58 371 435 677 0 0 0 0 178 130 0 72 60 
304 136 123 0 75 86 0 75 65 341 0 26 19 68 59 423 440 689 0 0 0 0 168 130 0 72 60 
304 131 121 0 75 95 0 78 66 346 0 30 20 48 60 354 428 676 0 0 0 0 208 130 0 73 60 
299 130 122 0 75 90 0 78 65 356 0 31 20 76 59 367 437 666 0 0 0 0 140 130 0 73 60 
303 130 116 0 75 81 0 76 66 352 0 32 19 85 58 401 409 673 0 0 0 0 175 130 0 73 60 
302 129 118 0 74 83 0 85 66 344 0 37 20 84 59 395 455 620 0 0 0 0 143 130 0 73 60 
300 129 117 0 74 84 0 80 66 341 0 38 21 64 59 416 434 713 0 0 0 0 182 130 0 72 60 
297 131 118 0 75 85 0 79 65 346 0 39 20 53 60 380 428 676 0 0 0 0 184 130 0 71 60 
304 136 120 0 75 87 0 80 65 348 0 46 19 70 58 382 421 687 0 0 0 0 166 130 0 71 60 
302 127 117 0 75 89 0 75 65 344 0 45 18 75 58 412 428 622 0 0 0 0 215 130 0 70 60 
300 122 121 0 76 84 0 79 64 348 0 45 19 76 58 375 467 667 0 0 0 0 143 130 0 69 60 
301 125 119 0 76 83 0 76 64 350 0 45 18 69 57 402 379 599 0 0 0 0 146 130 0 69 60 
307 129 120 0 76 82 0 78 64 349 0 47 17 67 58 424 409 651 0 0 0 0 157 130 0 69 60 
300 125 118 0 76 81 0 81 65 347 0 52 17 58 58 426 445 635 0 0 0 0 138 130 0 69 60 
303 129 115 0 76 78 0 77 65 348 0 53 18 66 58 383 432 616 0 0 0 0 160 130 0 68 60 
305 126 118 0 75 75 0 73 65 342 0 51 17 64 58 377 462 658 0 0 0 0 221 130 0 69 60 
302 128 120 0 74 80 0 72 66 337 0 50 19 71 58 386 462 595 0 0 0 0 169 130 0 68 60 
297 136 118 0 73 82 0 76 66 342 0 44 18 66 58 418 439 647 0 0 0 0 202 130 0 69 60 
303 126 119 0 73 82 0 78 65 350 0 39 19 64 57 384 406 537 0 0 0 0 185 130 0 68 60 
301 135 115 0 74 87 0 80 66 347 0 34 16 83 58 423 460 650 0 0 0 0 135 130 0 68 60 
302 129 119 0 74 95 0 80 64 341 0 31 17 81 58 400 454 663 0 0 0 0 179 130 0 68 60 
304 134 120 0 74 91 0 79 65 339 0 32 18 73 58 384 443 598 0 0 0 0 159 130 0 68 60 
298 133 119 0 75 85 0 81 65 345 0 31 19 47 58 379 443 598 0 0 0 0 201 130 0 68 60 
302 124 118 0 75 84 0 80 64 352 0 30 18 42 59 404 413 648 0 0 0 0 147 130 0 68 60 
304 125 119 0 75 86 0 80 64 346 0 31 18 57 58 380 403 576 0 0 0 0 157 130 0 68 60 
303 126 118 0 75 86 0 76 65 343 0 32 18 72 60 363 410 520 0 0 0 0 206 130 0 68 60 
299 132 118 0 74 82 0 76 65 339 0 33 16 67 59 398 442 606 0 0 0 0 193 130 0 67 60 
302 130 118 0 73 86 0 76 65 342 0 37 17 64 58 390 413 627 0 0 0 0 142 130 0 67 60 
304 130 119 0 73 88 0 77 64 345 0 31 16 74 59 398 440 599 0 0 0 0 183 130 0 66 60 
300 137 122 0 74 84 0 75 64 348 0 34 18 71 59 366 443 571 0 0 0 0 158 130 0 66 60 
305 130 119 0 74 76 0 79 65 342 0 32 16 65 60 403 450 554 0 0 0 0 184 130 0 65 60 
301 131 116 0 75 74 0 81 65 339 0 31 17 69 60 399 416 612 0 0 0 0 193 130 0 66 60 
304 126 117 0 76 77 0 75 66 345 0 30 17 68 60 317 431 550 0 0 0 0 212 130 0 65 60 
304 130 116 0 78 92 0 80 67 356 0 28 16 67 59 421 414 615 0 0 0 0 138 130 0 65 60 
305 125 118 0 79 96 0 77 66 350 0 29 15 82 60 419 461 566 0 0 0 0 241 130 0 66 60 
301 132 119 0 78 102 0 80 65 347 0 26 16 82 59 387 460 602 0 0 0 0 155 130 0 66 60 
304 133 117 0 77 100 0 73 64 343 0 28 15 71 57 407 450 513 0 0 0 0 166 130 0 67 60 
303 130 117 0 74 97 0 73 63 345 0 27 16 64 59 395 404 611 0 0 0 0 178 130 0 67 60 
298 134 121 0 73 97 0 80 63 347 0 27 16 83 57 381 455 653 0 0 0 0 140 130 0 69 60 
304 134 120 0 70 98 0 83 64 346 0 26 14 96 57 401 412 636 0 0 0 0 166 130 0 68 60 
302 125 119 0 69 96 0 77 64 346 0 28 15 68 58 358 423 629 0 0 0 0 184 130 0 69 60 
304 129 115 0 70 92 0 77 65 352 0 27 14 50 58 380 399 618 0 0 0 0 163 130 0 69 60 
303 131 116 0 73 88 0 76 65 348 0 28 14 69 58 417 434 547 0 0 0 0 199 130 0 69 60 
302 135 117 0 74 82 0 82 64 349 0 26 14 83 58 379 382 553 0 0 0 0 193 130 0 69 60 
299 133 118 0 76 83 0 79 64 351 0 27 15 84 57 393 417 635 0 0 0 0 181 130 0 69 60 
303 128 117 0 76 77 0 76 65 345 0 26 14 67 57 404 442 628 0 0 0 0 171 130 0 68 60 
304 137 115 0 77 72 0 78 66 337 0 26 14 50 58 371 425 702 0 0 0 0 171 130 0 67 60 
303 126 112 0 78 75 0 74 66 345 0 27 14 65 59 401 438 582 0 0 0 0 159 130 0 67 60 
301 130 120 0 77 80 0 76 65 351 0 27 13 70 58 304 396 663 0 0 0 0 198 130 0 66 60 
300 131 116 0 77 77 0 79 65 345 0 25 14 76 57 416 432 615 0 0 0 0 123 130 0 67 60 
302 133 117 0 78 80 0 80 64 343 0 27 14 67 56 396 408 607 0 0 0 0 177 130 0 66 60 
303 125 115 0 80 86 0 85 64 342 0 27 15 70 57 374 430 682 0 0 0 0 187 130 0 67 60 
302 124 117 0 81 89 0 85 65 345 0 27 16 59 57 396 429 654 0 0 0 0 193 130 0 67 60 
305 121 116 0 81 87 0 74 65 348 0 26 15 63 59 385 380 625 0 0 0 0 155 130 0 67 60 
302 131 118 0 81 83 0 77 65 344 0 26 15 69 60 384 420 602 0 0 0 0 196 130 0 67 60 
301 124 118 0 80 83 0 78 65 342 0 27 15 73 60 401 452 698 0 0 0 0 169 130 0 67 60 
306 128 119 0 79 81 0 78 65 341 0 24 14 67 60 365 433 642 0 0 0 0 187 130 0 67 60 
300 134 122 0 77 84 0 79 65 339 0 26 15 63 58 386 438 651 0 0 0 0 128 130 0 67 60 
306 126 120 0 75 81 0 74 64 345 0 25 15 82 56 431 417 651 0 0 0 0 137 130 0 67 60 
305 126 120 0 74 83 0 78 64 348 0 26 15 81 56 379 470 603 0 0 0 0 174 130 0 67 60 
302 128 118 0 73 82 0 77 64 343 0 28 15 77 56 402 479 605 0 0 0 0 178 130 0 67 60 
302 129 121 0 74 84 0 76 65 340 0 26 15 52 58 401 438 523 0 0 0 0 186 130 0 67 60 
305 131 121 0 74 89 0 74 65 351 0 26 13 43 59 404 403 599 0 0 0 0 192 130 0 67 60 
306 129 123 0 74 98 0 82 65 355 0 25 14 54 62 396 407 683 0 0 0 0 156 130 0 66 60 
303 139 120 0 76 97 0 82 65 355 0 25 15 73 60 416 447 666 0 0 0 0 194 130 0 66 60 
306 131 120 0 76 90 0 73 65 346 0 26 16 69 60 390 449 643 0 0 0 0 155 130 0 66 60 
307 130 119 0 76 91 0 79 65 341 0 27 16 64 57 398 457 579 0 0 0 0 150 130 0 65 60 
305 130 117 0 77 96 0 78 65 347 0 24 15 72 56 439 437 653 0 0 0 0 201 130 0 66 60 
301 126 117 0 77 100 0 77 65 348 0 27 15 74 57 363 419 492 0 0 0 0 160 130 0 65 60 
302 132 122 0 77 93 0 79 64 347 0 25 15 66 58 379 388 541 0 0 0 0 138 130 0 66 60 
301 128 122 0 77 90 0 77 65 348 0 26 14 70 59 398 424 617 0 0 0 0 162 130 0 66 60 
304 135 122 0 77 86 0 78 64 349 0 27 14 68 57 402 421 600 0 0 0 0 165 130 0 66 60 
300 128 119 0 77 88 0 78 64 347 0 28 15 68 58 379 430 635 0 0 0 0 163 130 0 66 60 
299 128 123 0 78 93 0 72 65 346 0 26 15 78 59 414 443 595 0 0 0 0 247 130 0 66 60 
298 131 117 0 78 100 0 78 65 344 0 27 16 87 58 416 436 575 0 0 0 0 144 130 0 66 60 
299 128 121 0 78 96 0 81 67 337 0 25 17 71 60 425 425 556 0 0 0 0 190 130 0 65 60 
301 128 120 0 76 95 0 78 66 333 0 27 15 61 60 438 417 590 0 0 0 0 147 130 0 65 60 
300 128 123 0 76 88 0 87 66 345 0 26 16 77 60 395 426 621 0 0 0 0 180 130 0 65 60 
302 134 116 0 75 84 0 82 65 349 0 24 15 96 58 380 437 619 0 0 0 0 174 130 0 65 60 
305 131 125 0 74 80 0 80 63 345 0 27 16 72 59 379 427 489 0 0 0 0 215 130 0 65 60 
298 134 119 0 73 80 0 79 63 344 0 25 17 56 57 378 430 623 0 0 0 0 174 130 0 65 60 
302 127 118 0 73 76 0 76 64 343 0 28 17 63 58 389 413 607 0 0 0 0 223 130 0 65 60 
302 127 114 0 74 83 0 79 65 345 0 26 17 82 59 409 418 577 0 0 0 0 152 130 0 65 60 
304 126 113 0 75 91 0 72 66 350 0 29 17 82 57 377 402 609 0 0 0 0 182 130 0 66 60 
302 132 119 0 77 89 0 74 64 345 0 28 17 80 58 374 439 617 0 0 0 0 165 130 0 65 60 
301 134 121 0 77 88 0 78 65 341 0 27 17 52 58 465 461 584 0 0 0 0 171 130 0 65 60 
301 133 120 0 77 94 0 73 65 338 0 28 17 63 59 409 395 529 0 0 0 0 149 130 0 65 60 
304 128 115 0 77 93 0 75 64 341 0 31 19 73 61 341 415 637 0 0 0 0 132 130 0 65 60 
304 134 115 0 76 81 0 78 65 346 0 28 18 76 58 396 407 589 0 0 0 0 150 130 0 65 60 
304 130 121 0 76 74 0 82 67 346 0 30 18 69 58 415 409 629 0 0 0 0 228 130 0 66 60 
306 131 113 0 75 78 0 81 66 344 0 31 17 71 58 377 446 645 0 0 0 0 133 130 0 66 60 
305 128 119 0 75 81 0 79 65 340 0 28 16 60 57 383 395 607 0 0 0 0 161 130 0 67 60 
303 131 118 0 75 78 0 73 66 352 0 29 16 59 57 389 462 584 0 0 0 0 188 130 0 68 60 
305 131 118 0 75 80 0 77 63 355 0 30 15 65 55 420 472 566 0 0 0 0 156 130 0 68 60 
306 123 117 0 75 82 0 77 64 350 0 34 16 69 55 405 462 657 0 0 0 0 144 130 0 68 60 
303 125 118 0 77 79 0 76 65 344 0 36 16 72 58 355 386 643 0 0 0 0 158 130 0 67 60 
306 129 116 0 77 76 0 75 65 344 0 33 16 58 59 410 440 703 0 0 0 0 177 130 0 66 60 
303 128 118 0 76 76 0 83 64 349 0 34 15 74 54 383 445 643 0 0 0 0 216 130 0 66 60 
302 127 120 0 77 80 0 77 63 352 0 35 15 81 60 389 488 632 0 0 0 0 178 130 0 65 60 
307 131 120 0 76 80 0 76 65 344 0 29 16 82 59 398 427 634 0 0 0 0 154 130 0 66 60 
302 126 119 0 75 86 0 77 64 350 0 31 15 65 58 386 401 613 0 0 0 0 181 130 0 66 60 
300 128 120 0 74 92 0 76 66 349 0 29 17 43 57 373 459 676 0 0 0 0 158 130 0 66 60 
299 131 117 0 73 96 0 81 65 346 0 29 17 44 58 403 425 645 0 0 0 0 165 130 0 65 60 
303 129 117 0 73 94 0 76 66 346 0 30 16 63 59 390 421 700 0 0 0 0 192 130 0 68 60 
302 131 121 0 72 94 0 76 66 347 0 30 17 74 59 389 474 649 0 0 0 0 171 130 0 69 60 
302 127 123 0 73 93 0 79 65 337 0 33 17 67 59 414 413 677 0 0 0 0 152 130 0 71 60 
299 132 120 0 75 92 0 78 64 335 0 31 16 64 59 407 404 621 0 0 0 0 198 130 0 71 60 
298 130 118 0 76 85 0 77 64 345 0 32 16 80 59 409 420 628 0 0 0 0 167 130 0 72 60 
300 125 118 0 76 79 0 76 65 350 0 33 16 70 59 361 463 686 0 0 0 0 179 130 0 72 60 
304 127 115 0 76 80 0 79 64 345 0 35 16 68 58 402 407 671 0 0 0 0 221 130 0 71 60 
303 129 118 0 76 86 0 83 65 340 0 34 16 67 58 417 467 673 0 0 0 0 152 130 0 70 60 
303 128 116 0 75 89 0 77 65 343 0 38 15 71 57 422 467 550 0 0 0 0 196 130 0 70 60 
302 128 122 0 76 90 0 80 66 348 0 34 15 66 58 405 402 642 0 0 0 0 168 130 0 69 60 
299 131 119 0 76 93 0 83 65 348 0 36 16 85 59 367 413 635 0 0 0 0 140 130 0 68 60 
300 131 118 0 77 91 0 75 65 339 0 37 15 81 59 384 433 683 0 0 0 0 186 130 0 67 60 
302 126 120 0 79 93 0 78 64 341 0 40 15 68 61 409 447 685 0 0 0 0 133 130 0 67 60 
305 132 116 0 81 97 0 79 65 338 0 39 16 64 58 369 417 584 0 0 0 0 152 130 0 68 60 
293 131 117 0 81 105 0 73 65 339 0 41 17 90 58 396 468 665 0 0 0 0 153 130 0 69 60 
292 133 119 0 81 96 0 78 66 346 0 45 15 89 58 364 446 497 0 0 0 0 242 130 0 70 60 
298 125 121 0 81 82 0 76 67 349 0 43 14 66 56 368 389 599 0 0 0 0 137 130 0 71 60 
302 128 115 0 79 82 0 76 66 343 0 40 13 48 58 378 403 636 0 0 0 0 144 130 0 71 60 
296 141 120 0 78 87 0 81 66 344 0 43 13 74 59 376 428 648 0 0 0 0 207 130 0 72 60 
302 133 119 0 77 84 0 77 65 354 0 45 12 82 59 395 435 652 0 0 0 0 204 130 0 72 60 
303 124 120 0 75 83 0 79 64 355 0 44 13 84 60 360 448 552 0 0 0 0 144 130 0 72 60 
298 125 118 0 75 82 0 80 65 348 0 46 14 69 61 380 433 647 0 0 0 0 143 130 0 71 60 
303 126 114 0 75 83 0 80 65 344 0 49 13 51 58 421 419 556 0 0 0 0 185 130 0 70 60 
303 140 118 0 75 83 0 78 66 344 0 43 13 68 56 376 452 584 0 0 0 0 151 130 0 70 60 
303 133 118 0 75 81 0 77 65 346 0 41 13 70 56 412 448 573 0 0 0 0 190 130 0 69 60 
301 129 117 0 75 80 0 77 65 346 0 39 13 77 57 360 428 607 0 0 0 0 212 130 0 68 60 
301 127 115 0 75 81 0 79 65 347 0 41 13 65 58 357 411 542 0 0 0 0 142 130 0 67 60 
305 128 116 0 74 83 0 79 64 351 0 35 14 69 58 407 429 549 0 0 0 0 181 130 0 66 60 
303 128 114 0 74 79 0 73 65 350 0 37 14 59 62 382 423 615 0 0 0 0 189 130 0 66 60 
301 132 117 0 74 80 0 76 66 351 0 42 16 62 61 357 480 561 0 0 0 0 146 130 0 66 60 
300 127 117 0 74 83 0 80 66 348 0 40 16 65 60 420 478 600 0 0 0 0 199 130 0 66 60 
301 139 120 0 74 86 0 79 66 342 0 43 15 70 56 363 396 576 0 0 0 0 162 130 0 66 60 
303 125 118 0 75 84 0 78 65 335 0 45 16 69 56 385 429 555 0 0 0 0 125 130 0 66 60 
298 127 119 0 75 89 0 79 65 340 0 38 15 60 59 416 465 524 0 0 0 0 172 130 0 66 60 
301 121 117 0 76 87 0 78 65 349 0 37 15 79 60 382 452 622 0 0 0 0 162 130 0 66 60 
299 127 118 0 76 88 0 74 65 348 0 39 15 80 58 365 449 624 0 0 0 0 162 130 0 67 60 
300 126 119 0 77 85 0 73 65 343 0 36 19 75 58 394 415 554 0 0 0 0 171 130 0 67 60 
304 128 123 0 77 84 0 75 65 342 0 40 15 53 58 408 399 598 0 0 0 0 217 130 0 66 60 
300 128 119 0 76 86 0 77 65 345 0 43 16 44 60 372 444 592 0 0 0 0 150 130 0 67 60 
299 128 121 0 75 87 0 77 64 351 0 48 15 51 59 376 398 557 0 0 0 0 203 130 0 66 60 
298 126 115 0 74 84 0 82 65 347 0 46 14 69 60 430 436 534 0 0 0 0 198 130 0 66 60 
304 125 119 0 73 87 0 77 64 345 0 42 14 70 59 373 436 635 0 0 0 0 161 130 0 65 60 
302 131 123 0 73 91 0 75 64 340 0 44 14 66 59 375 463 638 0 0 0 0 149 130 0 66 60 
305 127 122 0 73 89 0 82 65 340 0 48 15 68 58 375 452 663 0 0 0 0 166 130 0 65 60 
301 131 122 0 74 91 0 77 65 348 0 48 15 77 58 377 416 625 0 0 0 0 154 130 0 66 60 
298 133 122 0 75 94 0 79 64 349 0 44 15 67 58 403 396 567 0 0 0 0 162 130 0 65 60 
304 129 122 0 76 93 0 75 64 344 0 49 14 68 58 407 424 589 0 0 0 0 222 130 0 66 60 
306 129 121 0 76 87 0 73 65 341 0 55 14 68 59 342 381 562 0 0 0 0 211 130 0 65 60 
301 132 122 0 75 87 0 82 64 347 0 53 14 70 58 394 443 658 0 0 0 0 177 130 0 65 60 
307 131 113 0 74 86 0 78 65 354 0 52 13 72 60 398 439 606 0 0 0 0 160 130 0 65 60 
300 130 123 0 73 86 0 77 65 351 0 52 14 87 62 413 408 673 0 0 0 0 140 130 0 65 60 
304 130 123 0 73 82 0 82 66 343 0 50 15 74 60 393 482 642 0 0 0 0 193 130 0 65 60 
302 131 122 0 72 84 0 78 64 341 0 51 14 59 58 386 492 634 0 0 0 0 225 130 0 65 60 
302 127 122 0 73 95 0 78 65 344 0 46 14 72 57 381 422 635 0 0 0 0 113 130 0 65 60 
307 128 119 0 75 95 0 80 63 349 0 43 14 99 58 369 384 637 0 0 0 0 200 130 0 66 60 
303 132 120 0 75 87 0 81 63 347 0 45 14 75 57 426 448 640 0 0 0 0 172 130 0 65 60 
302 133 124 0 77 81 0 78 64 352 0 42 14 58 58 365 447 591 0 0 0 0 167 130 0 66 60 
300 125 119 0 78 83 0 76 64 354 0 45 14 57 57 401 445 698 0 0 0 0 177 130 0 66 60 
301 131 120 0 77 90 0 72 66 353 0 47 15 82 58 408 424 635 0 0 0 0 144 130 0 66 60 
301 134 119 0 78 97 0 79 65 352 0 51 15 80 56 429 421 611 0 0 0 0 232 130 0 66 60 
297 136 120 0 77 104 0 80 67 349 0 51 14 83 58 387 437 641 0 0 0 0 204 130 0 66 60 
299 130 124 0 75 95 0 76 66 338 0 47 14 56 58 360 432 663 0 0 0 0 198 130 0 66 60 
301 125 119 0 74 82 0 79 65 334 0 45 15 60 58 374 394 669 0 0 0 0 141 130 0 67 60 
302 129 123 0 71 80 0 78 64 346 0 51 14 71 60 394 436 583 0 0 0 0 149 130 0 68 60 
302 130 112 0 71 78 0 78 64 353 0 48 15 77 58 367 425 623 0 0 0 0 135 130 0 69 60 
306 140 118 0 70 74 0 77 65 346 0 45 15 72 57 362 471 495 0 0 0 0 224 130 0 70 60 
301 132 121 0 71 71 0 76 65 342 0 44 17 68 57 392 405 594 0 0 0 0 172 130 0 70 60 
302 128 121 0 73 74 0 82 65 345 0 43 16 62 58 375 436 641 0 0 0 0 137 130 0 69 60 
301 127 118 0 74 78 0 76 63 351 0 40 15 60 58 415 426 660 0 0 0 0 170 130 0 70 60 
301 127 115 0 75 84 0 73 64 349 0 33 15 65 57 414 423 651 0 0 0 0 163 130 0 69 60 
298 127 114 0 76 88 0 79 65 346 0 40 16 68 58 370 361 608 0 0 0 0 172 130 0 68 60 
302 128 117 0 76 86 0 81 65 342 0 39 16 74 58 400 437 617 0 0 0 0 153 130 0 68 60 
302 131 122 0 77 91 0 76 65 340 0 35 17 60 58 396 466 550 0 0 0 0 138 130 0 67 60 
307 137 120 0 77 88 0 76 65 344 0 38 17 67 58 393 469 579 0 0 0 0 174 130 0 67 60 
304 131 117 0 77 84 0 80 65 349 0 43 19 83 59 408 434 590 0 0 0 0 199 130 0 67 60 
298 120 118 0 79 77 0 85 64 345 0 42 17 83 59 386 386 609 0 0 0 0 157 130 0 68 60 
306 127 114 0 80 83 0 83 65 341 0 43 17 68 58 401 379 564 0 0 0 0 191 130 0 68 60 
307 130 119 0 81 85 0 78 64 344 0 44 17 44 58 450 429 613 0 0 0 0 181 130 0 68 60 
305 126 119 0 81 89 0 87 65 352 0 45 17 46 59 343 457 636 0 0 0 0 207 130 0 69 60 
301 128 121 0 80 90 0 79 64 355 0 52 16 59 58 433 433 560 0 0 0 0 161 130 0 69 60 
302 129 121 0 79 90 0 74 64 346 0 57 16 72 60 358 457 635 0 0 0 0 187 130 0 69 60 
301 126 121 0 78 86 0 77 64 345 0 55 17 70 58 407 467 568 0 0 0 0 178 130 0 69 60 
302 129 116 0 75 83 0 76 63 342 0 56 15 64 57 388 414 564 0 0 0 0 184 130 0 68 60 
302 129 118 0 74 88 0 72 65 349 0 57 15 74 57 391 425 516 0 0 0 0 132 130 0 67 60 
301 133 117 0 73 93 0 78 64 348 0 57 14 72 57 384 448 614 0 0 0 0 171 130 0 67 60 
306 130 120 0 73 93 0 75 65 347 0 52 15 68 58 407 433 585 0 0 0 0 177 130 0 67 60 
303 129 122 0 73 86 0 73 65 351 0 51 14 65 60 382 451 613 0 0 0 0 178 130 0 66 60 
300 133 121 0 74 83 0 77 67 348 0 51 15 70 59 374 433 667 0 0 0 0 204 130 0 66 60 
299 132 117 0 75 83 0 76 66 344 0 48 16 67 60 427 428 614 0 0 0 0 197 130 0 67 60 
304 127 120 0 75 88 0 81 66 345 0 46 15 82 61 389 462 596 0 0 0 0 145 130 0 68 60 
297 128 117 0 76 85 0 79 65 342 0 42 16 82 60 414 428 566 0 0 0 0 161 130 0 68 60 
303 127 119 0 76 88 0 78 64 335 0 35 15 71 58 342 437 656 0 0 0 0 152 130 0 68 60 
303 124 117 0 76 89 0 75 65 333 0 29 15 63 57 414 431 614 0 0 0 0 162 130 0 68 60 
301 135 121 0 76 89 0 74 64 347 0 31 16 84 56 414 474 689 0 0 0 0 125 130 0 68 60 
301 132 118 0 76 92 0 77 65 351 0 32 16 95 58 451 424 676 0 0 0 0 133 130 0 68 60 
299 130 119 0 76 93 0 78 65 344 0 31 16 69 60 348 442 632 0 0 0 0 173 130 0 68 60 
302 129 117 0 77 94 0 76 65 342 0 37 18 49 62 415 468 622 0 0 0 0 188 130 0 68 60 
302 130 116 0 77 87 0 83 64 345 0 37 16 72 61 382 415 622 0 0 0 0 181 130 0 69 60 
303 131 120 0 77 90 0 76 64 353 0 41 15 84 59 405 422 623 0 0 0 0 180 130 0 69 60 
300 127 116 0 78 90 0 77 64 349 0 43 15 81 56 377 439 665 0 0 0 0 180 130 0 69 60 
305 131 120 0 78 88 0 80 64 347 0 44 14 72 57 399 463 660 0 0 0 0 156 130 0 69 60 
303 131 118 0 76 84 0 80 65 342 0 46 14 53 59 376 403 590 0 0 0 0 172 130 0 68 60 
302 133 119 0 75 89 0 79 66 342 0 42 15 68 59 412 434 650 0 0 0 0 205 130 0 68 60 
305 131 118 0 73 93 0 75 66 348 0 35 16 70 58 408 465 635 0 0 0 0 206 130 0 67 60 
305 128 120 0 72 92 0 76 65 349 0 35 15 79 58 433 412 661 0 0 0 0 178 130 0 67 60 
299 129 121 0 73 87 0 76 66 347 0 38 16 67 58 396 446 654 0 0 0 0 146 130 0 66 60 
301 132 116 0 73 80 0 79 64 343 0 33 14 68 59 413 482 668 0 0 0 0 171 130 0 66 60 
305 136 118 0 74 78 0 74 66 343 0 33 15 59 59 342 470 674 0 0 0 0 176 130 0 65 60 
301 134 117 0 75 77 0 79 65 352 0 34 14 63 59 404 405 657 0 0 0 0 170 130 0 65 60 
297 131 120 0 76 73 0 83 65 350 0 34 14 65 59 352 465 661 0 0 0 0 191 130 0 66 60 
302 133 117 0 77 71 0 78 65 343 0 39 15 69 59 412 486 652 0 0 0 0 198 130 0 67 60 
307 129 119 0 78 77 0 79 64 343 0 35 16 73 59 395 421 658 0 0 0 0 159 130 0 66 60 
296 127 114 0 76 82 0 79 65 341 0 36 16 58 59 378 419 663 0 0 0 0 181 130 0 67 60 
303 125 118 0 76 92 0 77 65 347 0 33 15 75 61 397 397 638 0 0 0 0 144 130 0 67 60 
301 130 117 0 75 101 0 79 65 342 0 33 15 81 64 405 430 667 0 0 0 0 216 130 0 67 60 
304 136 117 0 74 110 0 75 66 344 0 33 15 78 60 371 457 544 0 0 0 0 134 130 0 68 60 
301 127 118 0 74 103 0 77 65 348 0 34 16 55 59 360 427 599 0 0 0 0 146 130 0 68 60 
302 125 118 0 75 102 0 77 66 349 0 33 15 42 58 374 433 624 0 0 0 0 186 130 0 68 60 
304 126 118 0 76 94 0 72 65 348 0 35 16 50 58 366 473 703 0 0 0 0 139 130 0 67 60 
298 132 118 0 76 82 0 76 65 348 0 28 16 66 59 366 440 577 0 0 0 0 164 130 0 68 60 
297 127 120 0 77 73 0 78 65 344 0 29 15 69 59 409 460 592 0 0 0 0 167 130 0 68 60 
302 124 122 0 77 72 0 77 65 335 0 30 16 67 58 424 421 609 0 0 0 0 157 130 0 68 60 
297 128 120 0 76 80 0 81 65 336 0 27 15 66 58 387 436 545 0 0 0 0 169 130 0 68 60 
308 131 121 0 76 91 0 78 66 348 0 27 14 77 59 382 402 549 0 0 0 0 208 130 0 69 60 
304 126 118 0 75 102 0 82 65 348 0 29 14 67 59 399 433 595 0 0 0 0 164 130 0 69 60 
309 127 118 0 73 99 0 83 65 341 0 29 16 70 57 404 445 626 0 0 0 0 126 130 0 69 60 
306 136 119 0 73 96 0 76 65 340 0 30 15 65 58 382 413 560 0 0 0 0 179 130 0 70 60 
308 133 120 0 73 92 0 78 65 340 0 31 15 71 57 418 413 583 0 0 0 0 167 130 0 70 60 
308 130 122 0 73 81 0 78 64 349 0 29 13 74 58 432 461 616 0 0 0 0 137 130 0 69 60 
305 133 117 0 74 75 0 76 65 345 0 28 13 83 59 381 464 538 0 0 0 0 174 130 0 69 60 
289 129 120 0 74 75 0 78 65 342 0 27 13 74 57 411 463 546 0 0 0 0 210 130 0 69 60 
309 124 119 0 75 77 0 77 64 339 0 25 15 61 59 427 453 578 0 0 0 0 155 130 0 69 60 
303 124 120 0 76 79 0 77 64 337 0 29 14 68 60 413 437 542 0 0 0 0 176 130 0 69 60 
305 131 117 0 75 81 0 82 64 343 0 28 16 95 59 404 419 528 0 0 0 0 169 130 0 68 60 
311 130 117 0 75 83 0 75 65 347 0 31 14 76 57 407 440 587 0 0 0 0 168 130 0 68 60 
307 129 121 0 75 82 0 77 63 343 0 33 14 58 58 422 443 622 0 0 0 0 197 130 0 69 60 
313 130 122 0 75 82 0 78 65 342 0 32 14 57 57 387 462 542 0 0 0 0 159 130 0 69 60 
308 132 122 0 75 83 0 76 65 346 0 35 16 82 57 379 435 622 0 0 0 0 201 130 0 69 60 
302 128 121 0 77 84 0 70 65 356 0 37 15 80 57 373 438 640 0 0 0 0 148 130 0 70 60 
306 127 117 0 78 83 0 76 65 354 0 39 15 80 57 392 425 524 0 0 0 0 172 130 0 70 60 
302 134 120 0 80 81 0 74 64 346 0 42 14 54 57 367 450 530 0 0 0 0 192 130 0 70 60 
304 129 120 0 81 85 0 80 64 344 0 36 15 62 58 379 428 608 0 0 0 0 151 130 0 70 60 
307 131 123 0 81 87 0 83 63 345 0 35 14 70 59 391 402 599 0 0 0 0 165 130 0 69 60 
303 138 124 0 81 91 0 77 64 349 0 31 15 77 58 392 383 648 0 0 0 0 177 130 0 69 60 
304 130 117 0 80 87 0 80 64 347 0 31 14 71 57 377 447 629 0 0 0 0 171 130 0 68 60 
303 133 123 0 78 92 0 79 65 348 0 34 15 69 58 371 460 630 0 0 0 0 171 130 0 68 60 
302 124 116 0 76 100 0 81 65 352 0 32 15 61 57 396 418 626 0 0 0 0 159 130 0 67 60 
302 131 118 0 76 107 0 82 65 350 0 41 14 61 58 402 431 572 0 0 0 0 223 130 0 67 60 
300 132 117 0 75 108 0 78 65 351 0 47 14 67 58 406 454 625 0 0 0 0 202 130 0 67 60 
304 131 118 0 75 108 0 77 66 348 0 51 14 67 60 415 400 628 0 0 0 0 202 130 0 67 60 
299 137 118 0 75 99 0 76 65 343 0 50 13 75 57 348 426 682 0 0 0 0 168 130 0 67 60 
303 130 120 0 75 83 0 75 64 335 0 49 13 59 57 412 459 624 0 0 0 0 183 130 0 67 60 
302 131 118 0 75 80 0 78 64 345 0 48 14 71 59 425 419 629 0 0 0 0 178 130 0 67 60 
302 124 115 0 75 80 0 79 64 353 0 51 15 82 56 362 434 655 0 0 0 0 166 130 0 67 60 
302 136 117 0 74 81 0 83 64 347 0 51 15 82 59 359 429 680 0 0 0 0 202 130 0 67 60 
302 129 119 0 73 81 0 82 64 343 0 57 15 62 59 387 452 676 0 0 0 0 162 130 0 67 60 
303 127 121 0 73 82 0 77 64 342 0 52 14 41 59 397 449 668 0 0 0 0 172 130 0 68 60 
306 133 119 0 74 83 0 79 65 349 0 51 14 45 59 399 431 696 0 0 0 0 149 130 0 67 60 
305 132 122 0 74 78 0 78 65 350 0 54 15 64 61 393 440 626 0 0 0 0 171 130 0 67 60 
305 123 115 0 75 74 0 73 65 345 0 53 14 72 61 409 414 595 0 0 0 0 178 130 0 67 60 
300 124 117 0 76 73 0 75 65 342 0 52 14 67 58 422 404 648 0 0 0 0 151 130 0 67 60 
305 129 118 0 76 78 0 77 64 341 0 49 15 66 57 391 367 680 0 0 0 0 155 130 0 68 60 
301 125 118 0 77 85 0 81 65 341 0 46 14 77 56 353 469 673 0 0 0 0 148 130 0 69 60 
300 124 120 0 77 88 0 81 65 348 0 42 16 70 59 400 385 655 0 0 0 0 121 130 0 69 60 
302 122 116 0 76 88 0 74 66 347 0 39 15 71 58 384 400 665 0 0 0 0 222 130 0 69 60 
302 126 116 0 75 93 0 77 66 344 0 33 14 65 61 434 424 528 0 0 0 0 199 130 0 70 60 
303 121 119 0 74 92 0 78 65 342 0 31 14 73 61 400 403 620 0 0 0 0 167 130 0 69 60 
306 123 118 0 73 85 0 75 64 353 0 29 14 69 60 386 451 673 0 0 0 0 165 130 0 71 60 
298 128 119 0 72 78 0 78 64 357 0 28 15 85 60 442 453 638 0 0 0 0 162 130 0 71 60 
307 130 116 0 72 76 0 74 64 351 0 30 15 76 57 394 438 599 0 0 0 0 178 130 0 69 60 
302 129 119 0 73 81 0 79 63 346 0 28 14 63 60 365 425 666 0 0 0 0 225 130 0 68 60 
301 124 118 0 74 89 0 77 65 344 0 30 15 66 60 349 434 661 0 0 0 0 152 130 0 69 60 
304 128 121 0 75 94 0 75 65 344 0 30 15 91 61 349 440 560 0 0 0 0 168 130 0 68 60 
305 115 120 0 76 95 0 76 65 348 0 31 14 82 58 407 450 568 0 0 0 0 136 130 0 68 60 
305 127 119 0 76 93 0 82 66 341 0 30 14 64 58 381 463 597 0 0 0 0 219 130 0 67 60 
305 136 116 0 75 88 0 78 66 345 0 32 15 51 57 371 457 607 0 0 0 0 180 130 0 68 60 
303 131 120 0 74 84 0 70 66 349 0 33 15 80 58 410 417 593 0 0 0 0 145 130 0 68 60 
303 107 115 0 73 84 0 81 65 348 0 29 14 82 57 404 408 639 0 0 0 0 152 130 0 68 60 
297 132 122 0 73 79 0 84 65 350 0 35 14 85 58 407 428 615 0 0 0 0 187 130 0 68 60 
296 117 119 0 73 75 0 82 65 344 0 35 14 60 58 417 447 582 0 0 0 0 187 130 0 68 60 
297 129 120 0 74 76 0 80 65 338 0 35 13 55 57 417 416 593 0 0 0 0 133 130 0 67 60 
306 142 114 0 75 83 0 79 65 333 0 32 14 71 58 382 417 629 0 0 0 0 187 130 0 67 60 
308 137 118 0 76 88 0 83 66 344 0 30 15 74 59 372 445 571 0 0 0 0 222 130 0 66 60 
299 134 116 0 78 90 0 77 66 352 0 33 15 74 58 410 464 547 0 0 0 0 186 130 0 65 60 
302 129 121 0 78 94 0 75 64 347 0 33 15 69 60 365 477 588 0 0 0 0 145 130 0 66 60 
297 132 120 0 78 96 0 76 65 342 0 31 15 64 59 408 381 619 0 0 0 0 149 130 0 65 60 
302 137 118 0 78 95 0 83 64 346 0 35 14 59 60 397 430 599 0 0 0 0 172 130 0 65 60 
304 139 119 0 76 86 0 71 66 351 0 38 13 66 61 364 467 636 0 0 0 0 115 130 0 65 60 
304 126 118 0 75 86 0 75 65 352 0 39 13 66 60 394 447 582 0 0 0 0 149 130 0 66 60 
299 129 116 0 73 82 0 76 65 347 0 36 14 73 59 367 430 554 0 0 0 0 197 130 0 65 60 
301 127 121 0 72 83 0 77 65 346 0 38 15 63 58 428 411 531 0 0 0 0 158 130 0 65 60 
302 133 119 0 71 82 0 82 65 341 0 37 14 67 58 403 425 632 0 0 0 0 135 130 0 66 60 
303 140 117 0 72 88 0 77 66 342 0 41 15 84 60 379 417 607 0 0 0 0 199 130 0 66 60 
302 142 116 0 73 88 0 81 65 351 0 42 15 80 60 405 442 671 0 0 0 0 177 130 0 65 60 
304 126 117 0 74 84 0 83 66 349 0 43 15 69 58 388 449 630 0 0 0 0 173 130 0 66 60 
296 126 114 0 75 84 0 71 64 342 0 44 15 43 58 410 458 633 0 0 0 0 186 130 0 65 60 
301 131 118 0 76 87 0 75 63 341 0 40 15 44 57 353 482 593 0 0 0 0 197 130 0 66 60 
303 126 115 0 76 86 0 78 64 348 0 43 15 60 57 409 464 583 0 0 0 0 166 130 0 65 60 
300 132 122 0 76 81 0 78 64 354 0 44 15 72 57 360 442 621 0 0 0 0 168 130 0 67 60 
302 134 119 0 76 77 0 79 65 348 0 45 16 69 58 419 423 650 0 0 0 0 159 130 0 67 60 
300 127 119 0 77 75 0 78 65 341 0 48 15 65 59 392 417 693 0 0 0 0 144 130 0 66 60 
300 124 115 0 78 78 0 81 66 342 0 50 14 75 58 403 438 652 0 0 0 0 139 130 0 67 60 
302 121 117 0 80 75 0 76 65 343 0 52 13 72 58 333 442 662 0 0 0 0 190 130 0 66 60 
304 128 117 0 81 79 0 78 65 350 0 55 14 68 58 390 433 662 0 0 0 0 200 130 0 66 60 
305 128 118 0 81 82 0 78 65 342 0 60 15 68 58 403 427 661 0 0 0 0 141 130 0 66 60 
307 125 122 0 81 87 0 76 65 348 0 56 14 68 57 372 404 660 0 0 0 0 154 130 0 65 60 
303 123 120 0 80 88 0 75 65 348 0 56 14 68 59 389 433 618 0 0 0 0 179 130 0 66 60 
302 126 117 0 79 84 0 78 66 347 0 52 13 84 58 375 438 673 0 0 0 0 192 130 0 66 60 
303 128 116 0 76 84 0 78 66 347 0 53 14 81 57 429 405 625 0 0 0 0 181 130 0 66 60 
304 126 115 0 75 81 0 76 64 345 0 48 14 71 58 375 372 634 0 0 0 0 153 130 0 65 60 
298 133 119 0 73 83 0 81 64 335 0 47 13 65 57 379 402 639 0 0 0 0 206 130 0 67 60 
305 127 120 0 74 85 0 78 64 336 0 49 15 87 58 401 442 630 0 0 0 0 151 130 0 69 60 
303 128 122 0 73 90 0 80 64 345 0 53 14 95 58 407 464 641 0 0 0 0 164 130 0 70 60 
304 134 120 0 75 90 0 80 65 350 0 55 15 68 58 362 480 596 0 0 0 0 168 130 0 71 60 
302 138 122 0 75 93 0 78 65 341 0 49 13 50 57 431 446 684 0 0 0 0 186 130 0 72 60 
304 128 119 0 76 94 0 76 65 340 0 49 14 72 57 379 404 523 0 0 0 0 191 130 0 72 60 
300 127 120 0 76 101 0 86 65 344 0 50 14 83 59 389 452 568 0 0 0 0 153 130 0 72 60 
307 133 120 0 76 103 0 77 65 349 0 55 13 86 59 379 447 685 0 0 0 0 183 130 0 70 60 
304 129 115 0 76 101 0 75 64 352 0 57 12 70 58 367 415 642 0 0 0 0 176 130 0 68 60 
299 128 119 0 76 95 0 79 65 343 0 56 14 51 59 400 476 646 0 0 0 0 168 130 0 68 60 
301 124 121 0 76 93 0 71 64 344 0 58 13 68 57 403 420 628 0 0 0 0 148 130 0 67 60 
300 131 121 0 76 94 0 77 64 342 0 59 14 72 57 411 412 601 0 0 0 0 185 130 0 67 60 
299 122 121 0 77 97 0 75 64 344 0 51 13 77 58 384 411 512 0 0 0 0 202 130 0 66 60 
306 130 120 0 78 110 0 74 64 350 0 51 12 67 57 391 396 559 0 0 0 0 188 130 0 66 60 
307 134 120 0 78 109 0 81 65 347 0 49 13 69 57 396 412 645 0 0 0 0 196 130 0 66 60 
295 129 118 0 78 93 0 77 65 342 0 49 13 60 58 354 434 609 0 0 0 0 152 130 0 67 60 
301 130 122 0 78 80 0 78 65 345 0 50 13 63 59 404 437 526 0 0 0 0 124 130 0 67 60 
304 131 125 0 77 74 0 81 63 352 0 50 13 68 60 455 422 615 0 0 0 0 217 130 0 67 60 
304 133 115 0 76 69 0 77 63 354 0 53 14 71 61 358 421 593 0 0 0 0 185 130 0 68 60 
305 133 118 0 74 67 0 81 63 346 0 52 14 72 61 409 404 580 0 0 0 0 119 130 0 68 60 
306 125 122 0 73 71 0 76 64 343 0 55 15 59 59 412 399 598 0 0 0 0 146 130 0 69 60 
303 123 119 0 72 75 0 75 64 342 0 54 14 79 57 406 384 568 0 0 0 0 139 130 0 69 60 
299 131 126 0 72 79 0 81 65 346 0 52 16 79 59 374 441 619 0 0 0 0 144 130 0 68 60 
301 131 120 0 73 82 0 75 64 346 0 52 17 78 60 399 465 492 0 0 0 0 211 130 0 68 60 
305 134 114 0 75 87 0 75 64 341 0 52 18 56 58 388 428 628 0 0 0 0 184 130 0 68 60 
304 133 120 0 77 91 0 80 66 345 0 47 18 43 58 381 467 627 0 0 0 0 158 130 0 67 60 
304 129 121 0 77 88 0 80 67 347 0 46 17 50 60 356 426 557 0 0 0 0 206 130 0 67 60 
299 129 120 0 77 81 0 80 67 345 0 47 17 68 60 373 439 635 0 0 0 0 190 130 0 66 60 
302 125 118 0 76 81 0 75 65 344 0 44 16 69 58 379 398 644 0 0 0 0 148 130 0 66 60 
304 131 117 0 75 82 0 79 64 340 0 45 16 65 56 410 400 586 0 0 0 0 174 130 0 66 60 
302 124 121 0 74 87 0 74 64 333 0 45 14 66 56 388 402 539 0 0 0 0 235 130 0 66 60 
302 132 120 0 74 86 0 71 63 338 0 45 16 78 58 434 470 610 0 0 0 0 169 130 0 67 60 
298 128 120 0 74 87 0 74 64 348 0 45 15 67 58 350 378 671 0 0 0 0 137 130 0 67 60 
305 128 119 0 74 86 0 81 65 349 0 45 14 71 58 351 394 656 0 0 0 0 205 130 0 68 60 
301 122 119 0 76 83 0 81 65 343 0 47 13 66 58 389 447 636 0 0 0 0 153 130 0 67 60 
302 125 122 0 77 79 0 77 66 343 0 56 13 70 57 396 452 588 0 0 0 0 177 130 0 68 60 
302 130 121 0 77 85 0 77 64 346 0 53 14 73 59 370 439 644 0 0 0 0 138 130 0 68 60 
302 125 120 0 77 86 0 80 65 352 0 54 13 86 59 403 404 633 0 0 0 0 186 130 0 68 60 
297 127 115 0 77 83 0 82 66 347 0 52 14 73 58 416 404 659 0 0 0 0 198 130 0 67 60 
300 125 122 0 75 82 0 78 66 344 0 51 15 60 59 427 421 598 0 0 0 0 151 130 0 66 60 
301 126 119 0 75 86 0 76 66 340 0 51 14 69 58 386 421 651 0 0 0 0 168 130 0 66 60 
304 129 119 0 75 89 0 74 65 340 0 49 13 96 58 458 467 660 0 0 0 0 141 130 0 65 60 
302 125 118 0 73 88 0 76 66 345 0 48 14 76 59 412 468 695 0 0 0 0 215 130 0 65 60 
306 132 122 0 73 89 0 73 65 348 0 43 14 60 57 369 444 609 0 0 0 0 182 130 0 66 60 
303 128 117 0 74 94 0 78 65 343 0 40 14 55 57 406 430 633 0 0 0 0 131 130 0 66 60 
299 132 122 0 74 100 0 81 64 343 0 37 15 81 58 393 397 628 0 0 0 0 140 130 0 66 60 
303 134 119 0 75 97 0 81 64 345 0 40 15 81 58 403 395 640 0 0 0 0 148 130 0 66 60 
307 130 120 0 75 91 0 83 64 355 0 39 14 83 58 391 450 702 0 0 0 0 176 130 0 66 60 
301 128 118 0 76 86 0 76 63 352 0 39 14 55 59 408 396 586 0 0 0 0 198 130 0 66 60 
303 128 117 0 76 86 0 77 64 344 0 42 14 60 59 421 417 696 0 0 0 0 172 130 0 67 60 
309 139 120 0 75 93 0 81 64 343 0 43 13 73 59 413 452 658 0 0 0 0 182 130 0 68 60 
302 132 121 0 75 110 0 75 66 343 0 41 14 77 61 336 451 664 0 0 0 0 166 130 0 69 60 
304 132 121 0 76 132 0 80 66 349 0 47 14 70 76 399 392 685 0 0 0 0 190 130 0 70 60 
310 135 119 0 76 140 0 77 66 345 0 52 14 68 63 379 439 703 0 0 0 0 182 130 0 69 60 
307 137 119 0 77 139 0 75 66 350 0 46 14 62 57 416 442 641 0 0 0 0 159 130 0 68 60 
309 132 118 0 79 123 0 79 66 356 0 46 13 58 56 390 473 541 0 0 0 0 189 130 0 68 60 
304 128 120 0 80 107 0 78 65 350 0 45 13 66 54 376 422 601 0 0 0 0 223 130 0 67 60 
303 133 121 0 81 84 0 76 64 349 0 43 15 68 56 392 455 663 0 0 0 0 137 130 0 66 60 
302 131 121 0 81 77 0 76 65 349 0 49 14 75 57 377 442 717 0 0 0 0 168 130 0 66 60 
301 125 119 0 81 83 0 77 64 338 0 51 15 61 57 366 436 637 0 0 0 0 187 130 0 67 60 
302 134 117 0 79 85 0 80 65 338 0 52 16 70 57 416 431 590 0 0 0 0 170 130 0 67 60 
302 134 119 0 78 82 0 79 64 343 0 55 17 82 58 420 430 616 0 0 0 0 174 130 0 67 60 
303 131 116 0 77 81 0 75 65 351 0 54 17 82 57 360 447 518 0 0 0 0 152 130 0 66 60 
299 125 121 0 76 81 0 79 64 346 0 53 16 65 58 401 446 558 0 0 0 0 148 130 0 66 60 
299 127 122 0 76 83 0 80 65 343 0 54 16 42 57 388 423 549 0 0 0 0 160 130 0 65 60 
304 130 119 0 76 77 0 79 64 343 0 50 14 43 56 418 450 679 0 0 0 0 126 130 0 66 60 
299 132 115 0 76 79 0 78 64 348 0 48 16 61 58 413 408 605 0 0 0 0 134 130 0 65 60 
304 131 115 0 76 82 0 78 64 348 0 47 16 72 56 399 448 571 0 0 0 0 205 130 0 65 60 
298 130 117 0 76 87 0 74 65 344 0 45 17 67 57 366 392 563 0 0 0 0 159 130 0 66 60 
298 127 116 0 75 88 0 76 67 341 0 44 16 64 56 365 437 567 0 0 0 0 148 130 0 65 60 
299 124 118 0 74 87 0 79 67 338 0 44 16 78 57 377 442 618 0 0 0 0 194 130 0 65 60 
301 129 117 0 73 86 0 83 65 340 0 42 14 69 57 423 445 575 0 0 0 0 169 130 0 65 60 
300 132 118 0 73 88 0 86 65 345 0 45 14 69 59 383 435 595 0 0 0 0 149 130 0 65 60 
304 134 119 0 72 83 0 75 64 343 0 49 14 66 59 417 440 522 0 0 0 0 213 130 0 65 60 
298 133 116 0 72 76 0 80 64 337 0 52 14 73 56 429 454 569 0 0 0 0 194 130 0 65 60 
302 127 119 0 75 78 0 82 65 340 0 56 14 67 58 404 464 592 0 0 0 0 167 130 0 66 60 
300 125 117 0 76 78 0 77 66 349 0 54 16 87 58 381 409 560 0 0 0 0 195 130 0 66 60 
304 118 121 0 76 78 0 75 66 356 0 54 17 79 58 432 407 650 0 0 0 0 134 130 0 66 60 
302 128 120 0 76 78 0 73 66 348 0 58 15 65 58 383 399 563 0 0 0 0 184 130 0 65 60 
303 128 123 0 76 89 0 76 65 345 0 61 15 65 58 387 450 508 0 0 0 0 137 130 0 66 60 
305 128 118 0 77 91 0 78 64 343 0 64 16 89 58 385 387 495 0 0 0 0 176 130 0 66 60 
303 126 121 0 75 92 0 71 65 347 0 66 16 86 57 356 495 652 0 0 0 0 146 130 0 66 60 
304 127 122 0 74 91 0 74 65 348 0 65 16 66 59 418 465 622 0 0 0 0 192 130 0 66 60 
307 130 119 0 74 90 0 85 66 344 0 63 17 48 57 349 447 583 0 0 0 0 162 130 0 66 60 
304 126 121 0 73 88 0 79 66 350 0 61 17 76 56 394 438 609 0 0 0 0 193 130 0 65 60 
306 131 120 0 73 85 0 77 65 353 0 57 17 81 57 402 404 607 0 0 0 0 177 130 0 65 60 
300 131 122 0 73 84 0 79 64 348 0 52 16 83 59 387 428 633 0 0 0 0 162 130 0 66 60 
308 126 119 0 75 87 0 76 64 350 0 49 16 65 59 368 433 577 0 0 0 0 149 130 0 66 60 
304 130 120 0 76 91 0 79 65 341 0 48 16 53 62 354 466 597 0 0 0 0 183 130 0 65 60 
303 135 119 0 77 92 0 75 65 336 0 51 18 71 64 425 449 627 0 0 0 0 181 130 0 66 60 
301 130 119 0 76 93 0 79 64 341 0 53 17 73 62 383 423 710 0 0 0 0 121 130 0 67 60 
304 124 125 0 75 92 0 78 65 350 0 49 16 75 58 400 463 689 0 0 0 0 176 130 0 67 60 
306 132 120 0 73 92 0 76 65 351 0 49 17 67 56 413 447 668 0 0 0 0 149 130 0 68 60 
298 130 118 0 72 90 0 77 65 344 0 48 16 65 56 397 485 617 0 0 0 0 134 130 0 67 60 
301 129 119 0 73 94 0 80 64 343 0 48 17 59 56 399 453 624 0 0 0 0 183 130 0 67 60 
303 129 123 0 73 90 0 77 65 345 0 54 15 65 58 401 421 683 0 0 0 0 211 130 0 67 60 
297 130 123 0 73 89 0 77 65 350 0 52 16 67 59 418 386 663 0 0 0 0 161 130 0 66 60 
304 128 121 0 75 80 0 78 65 346 0 48 16 74 59 380 411 689 0 0 0 0 161 130 0 65 60 
301 129 119 0 76 77 0 77 64 342 0 40 15 65 58 409 423 617 0 0 0 0 186 130 0 65 60 
303 126 123 0 77 80 0 78 64 340 0 33 15 64 57 366 442 646 0 0 0 0 142 130 0 66 60 
299 134 122 0 77 82 0 76 66 339 0 32 15 86 58 416 404 692 0 0 0 0 179 130 0 66 60 
301 130 118 0 76 82 0 78 64 344 0 29 15 82 58 371 428 625 0 0 0 0 158 130 0 65 60 
299 127 123 0 77 84 0 81 65 349 0 28 15 73 58 389 471 733 0 0 0 0 157 130 0 65 60 
301 136 117 0 76 84 0 78 64 341 0 28 15 46 58 384 463 571 0 0 0 0 181 130 0 65 60 
303 137 120 0 75 81 0 79 65 339 0 28 16 42 57 411 418 705 0 0 0 0 160 130 0 65 60 
303 131 122 0 73 87 0 80 64 348 0 27 16 58 58 427 447 585 0 0 0 0 194 130 0 66 60 
303 125 118 0 71 92 0 79 64 352 0 28 19 73 59 386 468 666 0 0 0 0 185 130 0 65 60 
304 128 123 0 72 92 0 78 63 349 0 28 17 70 59 399 401 657 0 0 0 0 162 130 0 66 60 
300 131 119 0 71 89 0 78 63 343 0 28 17 64 59 410 415 654 0 0 0 0 156 130 0 65 60 
303 133 114 0 72 89 0 78 64 345 0 30 15 73 59 416 436 647 0 0 0 0 141 130 0 65 60 
304 138 116 0 74 86 0 77 64 347 0 33 15 73 58 391 440 617 0 0 0 0 176 130 0 66 60 
303 130 120 0 74 84 0 78 65 348 0 34 16 66 59 437 425 663 0 0 0 0 187 130 0 65 60 
303 136 119 0 75 78 0 73 65 346 0 40 15 68 59 379 451 486 0 0 0 0 173 130 0 65 60 
301 124 117 0 75 77 0 73 66 347 0 49 16 70 58 401 474 605 0 0 0 0 143 130 0 65 60 
303 130 119 0 76 85 0 77 66 352 0 49 16 66 59 392 407 682 0 0 0 0 164 130 0 66 60 
308 129 118 0 73 89 0 79 65 349 0 47 16 82 59 357 434 654 0 0 0 0 185 130 0 66 60 
299 138 114 0 77 93 0 81 64 350 0 45 16 84 59 379 404 578 0 0 0 0 148 130 0 66 60 
305 128 119 0 71 94 0 77 63 347 0 40 17 70 58 403 414 574 0 0 0 0 157 130 0 65 60 
302 127 117 0 80 99 0 77 64 339 0 41 16 63 58 402 444 614 0 0 0 0 122 130 0 65 60 
302 127 119 0 73 95 0 83 65 338 0 41 15 83 57 391 423 625 0 0 0 0 182 130 0 66 60 
300 124 119 0 74 95 0 78 65 350 0 45 16 97 58 377 433 563 0 0 0 0 176 130 0 67 60 
302 131 119 0 75 89 0 80 63 351 0 44 17 67 59 385 423 580 0 0 0 0 162 130 0 67 60 
303 128 115 0 80 88 0 78 64 347 0 45 16 49 59 422 418 592 0 0 0 0 208 130 0 68 60 
300 132 116 0 80 84 0 76 65 343 0 42 15 71 61 408 371 563 0 0 0 0 165 130 0 67 60 
301 120 118 0 79 84 0 81 64 344 0 39 15 84 58 370 464 570 0 0 0 0 193 130 0 66 60 
298 123 117 0 77 87 0 78 66 348 0 37 15 82 58 405 461 600 0 0 0 0 189 130 0 66 60 
300 129 119 0 76 89 0 75 66 348 0 44 15 73 57 412 419 578 0 0 0 0 171 130 0 66 60 
305 127 120 0 76 88 0 74 66 343 0 43 16 51 60 384 438 537 0 0 0 0 170 130 0 67 60 
296 124 121 0 76 87 0 73 65 341 0 41 16 68 58 348 426 618 0 0 0 0 120 130 0 68 60 
301 132 115 0 77 85 0 84 66 341 0 46 15 71 58 368 455 551 0 0 0 0 181 130 0 69 60 
299 128 121 0 77 86 0 81 65 341 0 46 15 80 58 389 415 534 0 0 0 0 168 130 0 70 60 
299 132 119 0 77 83 0 71 66 351 0 43 14 67 59 373 441 588 0 0 0 0 182 130 0 71 60 
303 131 118 0 77 81 0 78 65 344 0 39 15 70 59 374 434 583 0 0 0 0 176 130 0 71 60 
301 131 117 0 77 88 0 73 65 341 0 33 16 60 58 372 428 601 0 0 0 0 208 130 0 69 60 
310 126 118 0 76 87 0 73 64 344 0 35 15 63 58 385 391 673 0 0 0 0 166 130 0 68 60 
298 128 120 0 76 86 0 76 64 351 0 40 15 65 57 388 438 611 0 0 0 0 164 130 0 67 60 
306 130 118 0 77 87 0 75 65 352 0 41 15 70 58 396 396 588 0 0 0 0 174 130 0 66 60 
305 130 117 0 77 89 0 79 64 346 0 53 15 70 58 397 449 522 0 0 0 0 188 130 0 66 60 
303 128 119 0 78 86 0 81 66 344 0 53 15 58 58 430 462 635 0 0 0 0 187 130 0 66 60 
308 132 119 0 79 79 0 78 65 345 0 49 16 78 60 378 416 626 0 0 0 0 176 130 0 66 60 
307 131 116 0 79 74 0 78 66 348 0 42 14 81 62 402 428 609 0 0 0 0 161 130 0 66 60 
302 129 120 0 78 78 0 82 66 349 0 42 14 78 61 382 475 643 0 0 0 0 185 130 0 65 60 
301 128 120 0 78 84 0 78 66 344 0 39 15 54 58 396 452 660 0 0 0 0 150 130 0 65 60 
305 131 119 0 77 87 0 75 65 352 0 39 17 45 57 442 420 561 0 0 0 0 183 130 0 65 60 
307 135 120 0 75 88 0 76 64 351 0 34 15 51 57 397 423 568 0 0 0 0 156 130 0 65 60 
300 124 117 0 74 89 0 75 65 350 0 34 15 69 58 398 435 701 0 0 0 0 118 130 0 65 60 
304 126 118 0 73 87 0 75 64 348 0 30 15 71 58 407 433 651 0 0 0 0 153 130 0 66 60 
302 136 119 0 72 81 0 76 65 340 0 32 15 66 57 410 464 648 0 0 0 0 209 130 0 65 60 
298 129 121 0 73 79 0 78 65 333 0 37 15 68 58 381 407 670 0 0 0 0 155 130 0 65 60 
304 125 121 0 74 77 0 82 65 340 0 39 15 76 58 393 430 624 0 0 0 0 176 130 0 65 60 
296 129 121 0 76 80 0 78 65 348 0 45 16 66 57 370 450 651 0 0 0 0 176 130 0 66 60 
303 128 116 0 77 77 0 77 64 346 0 46 16 69 57 378 462 607 0 0 0 0 163 130 0 66 60 
301 136 115 0 77 83 0 82 64 339 0 41 16 65 58 376 430 640 0 0 0 0 168 130 0 65 60 
300 136 115 0 77 89 0 81 64 342 0 37 15 71 58 392 384 617 0 0 0 0 190 130 0 66 60 
301 131 115 0 76 98 0 75 65 347 0 35 15 73 56 361 449 623 0 0 0 0 174 130 0 66 60 
296 136 115 0 75 101 0 80 66 347 0 30 15 86 59 402 388 609 0 0 0 0 174 130 0 66 60 
304 121 118 0 73 95 0 76 67 345 0 29 17 72 60 400 439 657 0 0 0 0 173 130 0 67 60 
300 132 117 0 74 93 0 81 66 341 0 34 16 59 62 410 455 651 0 0 0 0 148 130 0 68 60 
302 129 114 0 74 86 0 74 66 341 0 38 18 71 62 391 433 635 0 0 0 0 185 130 0 67 60 
301 127 118 0 74 89 0 75 65 341 0 39 17 97 58 356 404 627 0 0 0 0 151 130 0 68 60 
297 128 117 0 77 99 0 82 65 348 0 43 17 75 57 394 393 592 0 0 0 0 147 130 0 68 60 
305 130 116 0 77 112 0 75 64 348 0 48 16 56 57 409 429 611 0 0 0 0 175 130 0 67 60 
296 126 115 0 77 103 0 76 64 341 0 46 17 58 57 397 382 513 0 0 0 0 197 130 0 67 60 
308 123 119 0 77 97 0 79 65 347 0 47 18 82 58 388 467 582 0 0 0 0 191 130 0 66 60 
303 128 121 0 77 90 0 78 65 354 0 50 16 80 58 388 422 622 0 0 0 0 159 130 0 66 60 
297 135 117 0 75 77 0 80 64 356 0 50 18 81 59 402 384 659 0 0 0 0 188 130 0 66 60 
305 124 119 0 75 65 0 76 64 348 0 56 17 54 62 401 477 597 0 0 0 0 160 130 0 66 60 
306 123 118 0 74 65 0 76 65 345 0 51 17 62 60 392 469 540 0 0 0 0 162 130 0 66 60 
310 128 120 0 74 72 0 82 65 344 0 58 16 71 59 413 415 604 0 0 0 0 157 130 0 65 60 
304 127 118 0 74 82 0 77 66 344 0 55 16 78 58 433 465 559 0 0 0 0 184 130 0 66 60 
305 126 120 0 74 81 0 77 65 346 0 54 14 71 58 391 458 522 0 0 0 0 200 130 0 66 60 
304 130 117 0 74 86 0 77 65 344 0 60 15 70 58 411 416 608 0 0 0 0 183 130 0 65 60 
301 131 121 0 74 88 0 80 65 348 0 61 14 61 58 349 435 579 0 0 0 0 144 130 0 65 60 
307 134 120 0 75 90 0 87 65 348 0 57 16 61 58 421 436 590 0 0 0 0 152 130 0 66 60 
307 134 121 0 75 88 0 88 64 348 0 61 15 66 58 373 407 591 0 0 0 0 196 130 0 66 60 
304 134 120 0 74 83 0 88 65 348 0 59 14 68 58 374 439 615 0 0 0 0 182 130 0 65 60 
299 131 119 0 73 88 0 87 65 344 0 58 13 75 58 394 448 575 0 0 0 0 171 130 0 65 60 
299 130 122 0 75 91 0 86 65 333 0 54 13 58 58 403 482 620 0 0 0 0 181 130 0 65 60 
304 125 120 0 75 90 0 82 66 342 0 54 14 73 61 340 463 599 0 0 0 0 150 130 0 66 60 
302 133 116 0 76 87 0 83 66 347 0 55 14 82 60 409 467 564 0 0 0 0 193 130 0 65 60 
298 126 115 0 77 87 0 82 66 345 0 56 15 82 60 373 420 522 0 0 0 0 190 130 0 64 60 
301 127 122 0 79 85 0 85 65 338 0 58 13 62 61 414 391 622 0 0 0 0 143 130 0 64 60 
304 129 120 0 81 87 0 86 65 340 0 61 13 42 62 362 424 586 0 0 0 0 152 130 0 64 60 
302 132 122 0 81 85 0 81 66 344 0 63 12 46 60 359 430 572 0 0 0 0 194 130 0 65 60 
299 131 123 0 81 89 0 85 65 348 0 58 13 63 62 374 409 678 0 0 0 0 140 130 0 65 60 
303 132 124 0 81 92 0 88 65 346 0 60 13 71 63 394 448 606 0 0 0 0 132 130 0 65 60 
298 128 123 0 79 101 0 91 64 342 0 56 14 69 61 385 424 583 0 0 0 0 162 130 0 65 60 
305 127 123 0 78 99 0 84 65 343 0 60 13 64 62 417 413 584 0 0 0 0 132 130 0 65 60 
307 129 124 0 77 93 0 87 64 343 0 57 14 79 62 384 433 610 0 0 0 0 169 130 0 66 60 
302 133 119 0 77 85 0 87 65 350 0 62 13 69 61 394 451 650 0 0 0 0 175 130 0 66 60 
304 143 117 0 76 75 0 85 65 348 0 59 12 68 61 388 492 721 0 0 0 0 147 130 0 65 60 
302 125 126 0 77 70 0 87 66 339 0 59 12 65 63 458 452 650 0 0 0 0 147 130 0 66 60 
300 123 120 0 77 71 0 86 65 342 0 56 14 72 62 397 433 619 0 0 0 0 137 130 0 65 60 
305 129 124 0 76 78 0 90 64 350 0 57 13 69 64 385 439 639 0 0 0 0 197 130 0 66 60 
303 133 117 0 76 78 0 84 64 355 0 57 13 84 64 399 430 643 0 0 0 0 199 130 0 66 60 
299 135 113 0 74 78 0 91 63 350 0 52 13 77 63 397 410 611 0 0 0 0 156 130 0 66 60 
301 137 117 0 73 82 0 90 64 342 0 49 13 65 63 404 451 697 0 0 0 0 189 130 0 65 60 
303 135 121 0 74 85 0 86 64 346 0 49 13 65 63 382 459 737 0 0 0 0 139 130 0 65 60 
303 130 122 0 73 87 0 89 65 346 0 48 13 93 63 405 480 640 0 0 0 0 171 130 0 66 60 
301 124 123 0 74 92 0 86 65 348 0 48 14 84 63 462 410 676 0 0 0 0 184 130 0 65 60 
303 130 117 0 75 96 0 87 66 345 0 47 14 66 65 365 435 672 0 0 0 0 135 130 0 66 60 
301 126 116 0 75 97 0 87 65 351 0 42 15 48 64 408 430 655 0 0 0 0 144 130 0 66 60 
302 131 117 0 76 94 0 90 65 350 0 40 16 79 63 399 433 663 0 0 0 0 211 130 0 66 60 
302 130 120 0 77 89 0 91 65 347 0 39 15 82 62 405 387 680 0 0 0 0 172 130 0 65 60 
302 129 122 0 77 87 0 92 64 347 0 29 15 84 61 388 484 685 0 0 0 0 140 130 0 66 60 
306 124 120 0 77 88 0 93 64 339 0 29 15 62 63 416 472 682 0 0 0 0 156 130 0 66 60 
300 126 119 0 76 90 0 88 65 334 0 30 16 55 63 419 446 659 0 0 0 0 149 130 0 66 60 
303 132 118 0 75 85 0 88 65 346 0 26 16 69 64 397 395 692 0 0 0 0 175 130 0 68 60 
298 132 119 0 74 82 0 89 64 350 0 31 16 74 63 401 452 655 0 0 0 0 171 130 0 68 60 
301 129 118 0 73 70 0 88 65 347 0 29 15 76 64 372 430 653 0 0 0 0 167 130 0 69 60 
296 125 120 0 73 65 0 84 65 338 0 28 18 67 63 391 421 635 0 0 0 0 154 130 0 69 60 
305 128 115 0 72 74 0 83 65 340 0 29 16 64 65 377 417 632 0 0 0 0 170 130 0 69 60 
302 127 115 0 72 78 0 89 65 346 0 28 15 59 64 383 432 553 0 0 0 0 174 130 0 69 60 
304 126 117 0 74 75 0 88 66 350 0 28 17 66 64 395 417 657 0 0 0 0 197 130 0 69 60 
299 137 120 0 75 76 0 89 66 344 0 28 16 65 63 359 441 630 0 0 0 0 127 130 0 68 60 
303 131 121 0 75 83 0 95 65 342 0 26 15 74 65 422 429 682 0 0 0 0 164 130 0 68 60 
301 133 118 0 75 87 0 90 66 342 0 29 17 65 65 434 451 563 0 0 0 0 178 130 0 66 60 
302 131 119 0 74 94 0 92 66 347 0 25 15 64 64 413 438 589 0 0 0 0 169 130 0 66 60 
304 131 118 0 73 93 0 87 65 349 0 29 17 81 64 355 454 644 0 0 0 0 240 130 0 66 60 
299 128 118 0 72 93 0 91 65 347 0 24 17 82 63 395 421 541 0 0 0 0 157 130 0 66 60 
303 125 118 0 72 83 0 87 64 340 0 28 16 72 61 402 452 610 0 0 0 0 179 130 0 66 60 
301 128 117 0 72 81 0 86 64 341 0 27 17 47 65 367 429 591 0 0 0 0 229 130 0 65 60 
306 130 117 0 74 84 0 89 64 355 0 28 17 43 66 411 411 625 0 0 0 0 165 130 0 65 60 
304 128 119 0 74 94 0 83 63 356 0 30 16 59 67 376 423 540 0 0 0 0 142 130 0 65 60 
303 129 120 0 76 89 0 92 64 348 0 27 15 71 67 356 434 618 0 0 0 0 122 130 0 65 60 
296 133 117 0 77 90 0 88 65 344 0 25 18 68 63 420 388 653 0 0 0 0 142 130 0 65 60 
304 128 117 0 78 90 0 89 65 345 0 28 16 64 62 364 387 574 0 0 0 0 114 130 0 65 60 
304 132 120 0 78 89 0 86 66 351 0 27 14 73 64 385 442 640 0 0 0 0 192 130 0 65 60 
302 130 119 0 77 84 0 84 65 349 0 25 14 73 64 392 428 582 0 0 0 0 216 130 0 65 60 
307 130 120 0 76 90 0 88 65 347 0 28 15 67 64 411 446 529 0 0 0 0 221 130 0 65 60 
300 124 117 0 75 93 0 83 65 347 0 25 14 66 66 412 450 543 0 0 0 0 169 130 0 65 60 
300 129 120 0 75 92 0 91 64 348 0 29 15 69 68 372 419 602 0 0 0 0 143 130 0 66 60 
304 134 116 0 74 89 0 88 64 347 0 28 15 66 66 410 397 624 0 0 0 0 179 130 0 66 60 
303 139 114 0 73 83 0 91 65 347 0 27 15 81 64 421 433 592 0 0 0 0 194 130 0 66 60 
307 131 119 0 72 87 0 90 65 339 0 26 14 84 63 432 410 643 0 0 0 0 192 130 0 67 60 
306 125 119 0 72 84 0 93 65 333 0 26 15 71 64 437 466 615 0 0 0 0 173 130 0 68 60 
300 125 121 0 71 84 0 90 65 343 0 28 15 64 65 409 386 525 0 0 0 0 164 130 0 68 60 
301 133 118 0 73 82 0 81 65 349 0 28 15 83 66 362 430 518 0 0 0 0 159 130 0 68 60 
300 133 113 0 74 84 0 88 64 346 0 29 15 95 66 362 413 649 0 0 0 0 177 130 0 68 60 
303 134 115 0 73 79 0 86 64 343 0 26 14 71 64 374 425 610 0 0 0 0 150 130 0 68 60 
300 134 113 0 74 76 0 85 65 342 0 28 15 49 66 384 405 665 0 0 0 0 208 130 0 68 60 
306 130 119 0 76 79 0 93 65 351 0 27 14 71 65 393 452 615 0 0 0 0 160 130 0 68 60 
301 127 117 0 76 81 0 91 65 352 0 27 14 82 64 377 455 645 0 0 0 0 175 130 0 68 60 
299 135 119 0 77 87 0 90 65 345 0 27 16 84 64 396 471 597 0 0 0 0 235 130 0 67 60 
301 135 114 0 79 86 0 89 65 344 0 26 15 70 65 378 415 553 0 0 0 0 129 130 0 67 60 
303 128 119 0 80 86 0 93 66 341 0 26 15 49 65 388 461 673 0 0 0 0 143 130 0 67 60 
307 128 117 0 81 86 0 87 65 345 0 28 15 69 66 388 421 585 0 0 0 0 171 130 0 67 60 
305 129 117 0 81 86 0 84 66 349 0 28 17 69 64 401 427 705 0 0 0 0 154 130 0 66 60 
303 121 117 0 81 80 0 90 64 348 0 27 14 76 65 386 455 583 0 0 0 0 173 130 0 65 60 
303 127 119 0 80 90 0 88 65 341 0 26 14 68 66 422 438 629 0 0 0 0 140 130 0 66 60 
302 131 119 0 77 94 0 89 64 343 0 29 15 68 64 364 442 612 0 0 0 0 147 130 0 66 60 
306 132 120 0 76 96 0 90 64 354 0 25 16 60 65 425 417 649 0 0 0 0 155 130 0 66 60 
303 126 120 0 76 90 0 90 65 354 0 27 15 62 65 382 435 704 0 0 0 0 164 130 0 65 60 
304 124 118 0 75 86 0 86 65 346 0 30 15 67 64 398 452 595 0 0 0 0 192 130 0 66 60 
298 128 121 0 75 84 0 86 66 346 0 27 14 72 65 416 426 707 0 0 0 0 178 130 0 67 60 
299 131 118 0 75 81 0 91 64 344 0 28 14 69 64 389 406 552 0 0 0 0 160 130 0 67 60 
307 132 121 0 75 79 0 87 66 347 0 27 14 60 64 387 467 577 0 0 0 0 192 130 0 67 60 
300 128 121 0 75 81 0 88 65 346 0 28 13 78 64 400 450 667 0 0 0 0 184 130 0 68 60 
302 130 120 0 74 88 0 88 64 348 0 29 14 80 64 397 426 705 0 0 0 0 157 130 0 67 60 
302 132 121 0 75 90 0 92 65 355 0 29 15 78 65 354 428 655 0 0 0 0 176 130 0 68 60 
301 132 120 0 73 94 0 88 65 353 0 30 15 53 64 383 447 566 0 0 0 0 163 130 0 67 60 
306 132 117 0 75 95 0 85 65 349 0 31 15 42 64 405 449 652 0 0 0 0 159 130 0 67 60 
301 131 122 0 76 94 0 94 64 349 0 31 15 53 67 391 425 503 0 0 0 0 163 130 0 67 60 
307 125 122 0 76 85 0 90 65 339 0 31 14 70 67 392 442 573 0 0 0 0 172 130 0 67 60 
301 132 121 0 77 83 0 95 64 335 0 29 13 70 65 399 427 690 0 0 0 0 158 130 0 67 60 
303 127 112 0 78 87 0 91 65 342 0 32 14 66 64 374 440 627 0 0 0 0 171 130 0 67 60 
305 133 121 0 78 95 0 87 65 349 0 31 14 70 64 462 441 601 0 0 0 0 193 130 0 66 60 
300 131 121 0 78 95 0 87 66 345 0 31 15 75 65 421 507 651 0 0 0 0 143 130 0 66 60 
305 130 122 0 78 92 0 88 66 342 0 29 15 67 64 440 434 604 0 0 0 0 127 130 0 66 60 
299 131 120 0 77 89 0 83 65 342 0 26 13 71 64 361 383 554 0 0 0 0 127 130 0 66 60 
302 132 121 0 76 85 0 82 65 347 0 28 13 65 64 422 418 585 0 0 0 0 223 130 0 65 60 
302 129 121 0 74 87 0 84 65 346 0 29 14 71 63 389 447 589 0 0 0 0 178 130 0 67 60 
299 137 121 0 74 90 0 86 65 343 0 31 13 76 65 402 439 594 0 0 0 0 177 130 0 68 60 
302 127 120 0 73 95 0 91 64 342 0 29 14 84 66 353 431 565 0 0 0 0 175 130 0 69 60 
303 133 120 0 72 85 0 97 64 341 0 32 15 72 64 413 476 603 0 0 0 0 163 130 0 68 60 
305 133 118 0 73 83 0 92 65 345 0 28 14 61 66 389 417 571 0 0 0 0 154 130 0 68 60 
302 135 124 0 74 79 0 87 65 348 0 32 13 73 65 371 455 534 0 0 0 0 184 130 0 67 60 
302 120 122 0 75 80 0 85 65 349 0 27 15 98 65 402 431 567 0 0 0 0 201 130 0 67 60 
304 127 120 0 76 90 0 87 65 342 0 29 15 72 66 375 418 611 0 0 0 10 178 130 0 66 60 
301 129 116 0 76 89 0 87 65 343 0 30 13 57 64 434 441 603 0 0 0 10 159 130 0 67 60 
305 138 114 0 75 87 0 88 64 352 0 28 13 61 64 384 448 562 0 0 0 0 206 130 0 68 60 
299 133 114 0 74 88 0 95 64 355 0 29 15 81 64 378 408 625 0 0 0 0 184 130 0 67 60 
305 135 120 0 74 84 0 87 63 350 0 28 14 81 62 423 460 578 0 0 0 0 143 130 0 68 60 
302 130 121 0 74 83 0 90 64 345 0 27 13 78 65 386 446 589 0 0 0 0 167 130 0 68 60 
296 125 116 0 74 85 0 89 64 345 0 27 15 52 64 367 424 641 0 0 0 0 185 130 0 68 60 
304 126 115 0 75 88 0 90 64 349 0 27 13 63 66 401 440 562 0 0 0 0 167 130 0 67 60 
303 130 117 0 76 89 0 85 64 347 0 27 14 70 68 401 465 593 0 0 0 0 147 130 0 66 60 
303 134 118 0 76 96 0 87 65 349 0 28 15 78 65 437 422 569 0 0 0 0 160 130 0 66 60 
304 129 117 0 77 108 0 91 65 348 0 30 14 68 62 394 415 617 0 0 0 0 179 130 0 66 60 
300 126 121 0 77 100 0 85 66 349 0 28 16 71 64 426 441 593 0 0 0 0 188 130 0 65 60 
302 124 119 0 76 84 0 91 65 347 0 25 16 59 63 422 413 666 0 0 0 0 219 130 0 65 60 
302 122 120 0 75 72 0 90 64 349 0 27 14 60 63 384 367 661 0 0 0 0 154 130 0 65 60 
307 125 120 0 75 79 0 92 62 344 0 28 14 67 66 419 436 598 0 0 0 0 152 130 0 66 60 
300 126 118 0 74 82 0 89 63 335 0 27 14 67 69 362 457 639 0 0 0 0 180 130 0 65 60 
305 134 120 0 73 85 0 90 63 340 0 27 13 73 67 440 424 592 0 0 0 0 222 130 0 66 60 
303 125 116 0 74 84 0 92 64 349 0 27 15 57 64 418 472 639 0 0 0 0 177 130 0 65 60 
305 129 116 0 74 83 0 87 64 347 0 28 15 75 62 390 458 665 0 0 0 0 110 130 0 66 60 
300 132 121 0 75 83 0 92 64 347 0 28 15 79 66 388 444 657 0 0 0 0 145 130 0 67 60 
304 129 120 0 74 80 0 85 64 343 0 28 14 81 67 362 406 645 0 0 0 0 184 130 0 68 60 
297 126 121 0 74 79 0 82 64 345 0 24 14 60 66 396 443 690 0 0 0 0 185 130 0 69 60 
302 135 115 0 75 89 0 86 64 350 0 30 13 42 66 384 404 613 0 0 0 0 152 130 0 68 60 
303 129 120 0 74 92 0 88 65 344 0 28 13 46 65 418 426 686 0 0 0 0 145 130 0 68 60 
305 128 116 0 74 93 0 89 66 343 0 26 13 66 65 388 429 665 0 0 0 0 213 130 0 67 60 
301 129 120 0 73 92 0 92 66 340 0 27 15 70 65 389 453 614 0 0 0 0 180 130 0 67 60 
303 130 121 0 74 93 0 91 67 342 0 27 15 68 66 387 432 692 0 0 0 0 168 130 0 67 60 
301 127 119 0 75 92 0 92 66 349 0 28 15 66 65 383 436 638 0 0 0 0 133 130 0 66 60 
302 129 116 0 76 85 0 88 65 350 0 29 14 80 64 356 442 638 0 0 0 0 177 130 0 66 60 
303 127 118 0 77 82 0 91 66 343 0 29 15 68 64 373 447 629 0 0 0 0 162 130 0 66 60 
294 125 119 0 79 79 0 89 64 342 0 29 14 71 64 393 448 652 0 0 0 0 142 130 0 66 60 
304 129 119 0 80 83 0 89 65 351 0 28 14 66 64 377 401 668 0 0 0 0 209 130 0 66 60 
300 131 118 0 80 85 0 86 64 354 0 28 15 70 64 401 417 612 0 0 0 0 141 130 0 65 60 
304 130 118 0 80 94 0 86 65 349 0 26 14 71 65 445 433 632 0 0 0 0 179 130 0 65 60 
307 133 121 0 80 103 0 92 64 342 0 27 15 85 63 375 413 543 0 0 0 0 154 130 0 65 60 
296 128 117 0 79 111 0 88 64 341 0 27 14 73 64 448 447 573 0 0 0 0 224 130 0 66 60 
302 126 117 0 78 116 0 90 65 345 0 27 15 62 64 382 469 670 0 0 0 0 190 130 0 66 60 
305 129 117 0 77 122 0 87 66 348 0 26 13 67 64 349 419 644 0 0 0 0 178 130 0 67 60 
304 139 117 0 77 115 0 86 66 346 0 29 13 95 65 416 380 602 0 0 0 0 162 130 0 68 60 
301 131 116 0 76 100 0 84 62 347 0 27 12 78 64 410 405 607 0 0 0 0 189 130 0 68 60 
305 133 118 0 77 88 0 85 65 352 0 27 14 61 64 428 438 592 0 0 0 0 179 130 0 68 60 
306 136 120 0 77 81 0 91 65 349 0 30 15 54 65 405 446 507 0 0 0 0 154 130 0 69 60 
298 120 117 0 76 95 0 91 61 348 0 27 14 79 64 398 423 623 0 0 0 0 161 130 0 70 60 
303 130 119 0 75 88 0 91 65 346 0 30 13 81 66 371 428 666 0 0 0 0 186 130 0 70 60 
303 130 115 0 75 80 0 86 65 336 0 30 13 84 64 361 462 608 0 0 0 0 145 130 0 71 60 
301 137 116 0 73 77 0 93 65 332 0 31 13 56 65 442 432 589 0 0 0 0 201 130 0 70 60 
301 138 120 0 73 93 0 89 66 347 0 31 13 58 67 400 416 625 0 0 0 0 153 130 0 71 60 
302 129 116 0 74 84 0 88 66 349 0 30 14 70 67 421 455 567 0 0 0 0 187 130 0 70 60 
307 133 118 0 74 85 0 85 66 344 0 30 13 77 64 400 426 588 0 0 0 0 209 130 0 69 60 
302 125 115 0 76 89 0 85 67 340 0 29 13 71 64 452 438 641 0 0 0 0 183 130 0 68 60 
301 128 116 0 77 95 0 88 66 343 0 30 14 68 66 365 441 596 0 0 0 0 130 130 0 68 60 
298 131 120 0 77 85 0 90 65 350 0 32 14 63 65 394 424 604 0 0 0 0 168 130 0 68 60 
302 131 115 0 77 80 0 93 66 347 0 26 13 58 66 399 463 489 0 0 0 0 158 130 0 68 60 
300 131 119 0 76 81 0 89 66 344 0 28 13 66 65 430 430 636 0 0 0 0 137 130 0 68 60 
302 131 114 0 76 75 0 87 67 341 0 32 13 68 66 384 428 586 0 0 0 0 147 130 0 68 60 
299 127 121 0 75 65 0 90 66 337 0 30 15 73 66 393 453 579 0 0 0 0 178 130 0 68 60 
302 126 118 0 74 63 0 91 66 343 0 32 15 59 65 408 445 615 0 0 0 0 165 130 0 68 60 
300 130 117 0 73 77 0 87 63 345 0 32 13 70 66 389 399 643 0 0 0 0 185 130 0 67 60 
303 133 118 0 74 82 0 84 63 342 0 28 13 83 66 350 455 616 0 0 0 0 157 130 0 66 60 
299 131 119 0 74 82 0 88 64 335 0 30 12 82 64 412 442 495 0 0 0 0 153 130 0 66 60 
304 125 120 0 74 80 0 88 64 347 0 29 13 65 65 362 408 715 0 0 0 0 168 130 0 66 60 
302 130 117 0 75 88 0 86 65 352 0 29 13 42 65 378 435 619 0 0 0 0 212 130 0 65 60 
300 128 121 0 76 97 0 89 65 349 0 29 13 43 66 359 468 697 0 0 0 0 162 130 0 65 60 
304 131 118 0 76 106 0 87 65 345 0 29 14 61 65 448 426 642 0 0 0 0 182 130 0 66 60 
305 128 120 0 75 109 0 89 63 341 0 30 14 72 64 403 408 624 0 0 0 0 160 130 0 66 60 
301 127 119 0 74 107 0 88 65 345 0 28 14 68 63 403 445 644 0 0 0 0 186 130 0 66 60 
297 130 123 0 73 105 0 90 64 345 0 29 12 65 63 375 447 591 0 0 0 0 196 130 0 65 60 
308 130 120 0 72 92 0 87 66 343 0 30 13 78 66 407 421 695 0 0 0 0 213 130 0 65 60 
306 129 120 0 73 82 0 89 65 345 0 29 13 69 66 413 433 641 0 0 0 0 177 130 0 66 60 
302 130 122 0 73 77 0 92 65 348 0 32 13 70 66 400 411 684 0 0 0 0 170 130 0 68 60 
303 136 120 0 73 74 0 86 65 349 0 33 15 65 68 372 390 648 0 0 0 0 183 130 0 68 60 
299 123 112 0 74 73 0 87 65 349 0 31 15 73 66 371 399 641 0 0 0 0 154 130 0 69 60 
300 135 119 0 76 80 0 91 65 347 0 29 14 68 64 397 458 649 0 0 0 0 167 130 0 70 60 
302 126 122 0 77 83 0 94 65 336 0 29 15 87 63 360 462 627 0 0 0 0 138 130 0 70 60 
308 129 125 0 77 82 0 94 66 333 0 27 14 78 63 430 464 675 0 0 0 0 203 130 0 70 60 
305 131 120 0 77 77 0 92 66 351 0 29 15 62 64 399 446 687 0 0 0 0 198 130 0 72 60 
302 128 123 0 76 83 0 93 66 355 0 25 16 66 66 443 405 709 0 0 0 0 169 130 0 70 60 
303 130 115 0 76 85 0 87 65 349 0 31 16 93 68 419 436 636 0 0 0 0 179 130 0 68 60 
304 134 123 0 76 91 0 86 65 347 0 27 15 82 66 396 387 614 0 0 0 0 177 130 0 67 60 
299 127 121 0 76 90 0 82 65 342 0 31 15 65 65 399 431 658 0 0 0 0 160 130 0 67 60 
298 132 121 0 75 90 0 86 65 348 0 33 15 50 64 382 444 662 0 0 0 0 200 130 0 68 60 
302 135 121 0 74 93 0 84 64 345 0 30 14 80 65 427 467 704 0 0 0 0 164 130 0 68 60 
304 129 124 0 73 100 0 85 65 342 0 30 15 80 65 406 462 627 0 0 0 0 185 130 0 68 60 
298 135 118 0 73 106 0 90 65 343 0 34 14 85 65 385 430 645 0 0 0 0 178 130 0 69 60 
299 138 120 0 72 103 0 90 65 341 0 32 15 65 64 405 457 553 0 0 0 0 150 130 0 70 60 
304 123 118 0 73 100 0 94 65 342 0 33 18 56 64 382 479 629 0 0 0 0 141 130 0 71 60 
299 131 115 0 73 89 0 88 65 342 0 34 16 71 65 403 440 648 0 0 0 0 162 130 0 71 60 
309 132 114 0 73 77 0 84 64 347 0 31 17 76 66 440 441 663 0 0 0 0 164 130 0 71 60 
299 131 122 0 75 71 0 88 65 342 0 32 17 73 66 421 438 627 0 0 0 0 183 130 0 70 60 
301 132 120 0 75 78 0 89 65 337 0 30 14 68 65 402 435 566 0 0 0 0 177 130 0 70 60 
301 130 121 0 78 78 0 90 64 354 0 32 14 62 64 390 447 631 0 0 0 0 179 130 0 70 60 
295 131 117 0 79 85 0 91 65 343 0 31 15 60 64 357 458 558 0 0 0 0 227 130 0 70 60 
303 128 119 0 81 91 0 93 63 345 0 33 16 64 65 424 401 598 0 0 0 0 173 130 0 70 60 
302 126 115 0 81 97 0 88 64 339 0 32 15 67 66 394 399 581 0 0 0 0 135 130 0 71 60 
304 126 118 0 82 87 0 86 64 347 0 30 15 76 66 392 442 574 0 0 0 0 187 130 0 71 60 
298 130 120 0 81 85 0 92 64 349 0 30 14 62 64 376 442 574 0 0 0 0 191 130 0 71 60 
303 133 123 0 80 85 0 90 66 350 0 30 14 68 65 409 453 538 0 0 0 0 169 130 0 71 60 
307 127 118 0 79 82 0 88 66 351 0 29 14 86 65 380 420 584 0 0 0 0 170 130 0 72 60 
300 122 119 0 78 77 0 87 66 353 0 30 13 82 66 392 400 617 0 0 0 0 175 130 0 72 60 
310 122 119 0 75 75 0 89 66 350 0 28 14 69 63 383 424 571 0 0 0 0 131 130 0 72 60 
304 125 116 0 76 80 0 87 64 352 0 29 14 43 65 397 408 605 0 0 0 0 151 130 0 72 60 
302 129 115 0 76 79 0 92 62 347 0 29 13 42 65 399 458 599 0 0 0 0 190 130 0 73 60 
305 130 120 0 75 80 0 94 64 339 0 27 12 60 64 387 454 492 0 0 0 0 216 130 0 71 60 
304 126 120 0 76 80 0 87 65 338 0 28 13 73 65 421 423 552 0 0 0 0 123 130 0 69 60 
306 131 123 0 75 90 0 91 65 348 0 27 11 69 65 384 437 612 0 0 0 0 173 130 0 68 60 
301 128 120 0 75 93 0 91 66 350 0 28 11 65 64 423 417 580 0 0 0 0 167 130 0 67 60 
306 129 118 0 74 93 0 92 64 346 0 29 13 78 64 393 441 589 0 0 0 0 191 130 0 68 60 
304 129 115 0 74 90 0 87 65 343 0 28 14 70 66 398 416 566 0 0 0 0 163 130 0 68 60 
305 135 120 0 74 92 0 86 64 347 0 26 12 68 68 402 442 558 0 0 0 0 202 130 0 68 60 
302 133 122 0 74 89 0 85 66 351 0 30 13 67 68 386 413 524 0 0 0 0 141 130 0 69 60 
301 127 120 0 76 86 0 82 66 347 0 31 13 72 67 410 452 619 0 0 0 0 153 130 0 70 60 
306 131 121 0 77 86 0 88 66 345 0 30 13 68 65 399 461 612 0 0 0 0 168 130 0 70 60 
302 127 117 0 78 87 0 88 65 344 0 29 13 86 64 443 480 627 0 0 0 0 163 130 0 71 60 
300 128 117 0 78 82 0 90 65 341 0 30 14 79 65 416 425 580 0 0 0 0 143 130 0 71 60 
306 129 116 0 78 73 0 92 65 349 0 31 15 67 64 407 451 557 0 0 0 0 189 130 0 72 60 
300 130 117 0 79 74 0 92 65 347 0 33 16 63 63 360 404 594 0 0 0 0 168 130 0 72 60 
304 135 121 0 77 77 0 90 65 343 0 29 16 91 64 426 428 556 0 0 0 0 138 130 0 72 60 
302 130 119 0 77 79 0 85 63 337 0 31 14 92 64 354 418 627 0 0 0 0 137 130 0 72 60 
301 130 120 0 75 77 0 87 64 344 0 31 15 65 65 428 433 661 0 0 0 0 146 130 0 71 60 
301 132 117 0 75 84 0 89 63 354 0 31 14 49 64 352 444 658 0 0 0 0 158 130 0 69 60 
300 127 121 0 74 87 0 85 62 348 0 30 13 75 64 411 451 610 0 0 0 0 139 130 0 69 60 
305 125 122 0 74 90 0 88 63 343 0 29 13 83 63 390 436 605 0 0 0 0 189 130 0 68 60 
297 130 116 0 74 90 0 90 63 343 0 30 15 85 64 360 405 582 0 0 0 0 185 130 0 69 60 
303 127 119 0 74 90 0 92 65 346 0 27 16 66 65 354 426 597 0 0 0 0 165 130 0 70 60 
299 131 120 0 75 88 0 87 64 350 0 28 14 52 65 373 450 634 0 0 0 0 188 130 0 71 60 
294 132 117 0 75 83 0 87 66 345 0 28 13 69 64 423 453 633 0 0 0 0 172 130 0 70 60 
307 135 121 0 76 75 0 87 65 349 0 26 13 74 65 406 440 651 0 0 0 0 159 130 0 70 60 
301 130 118 0 76 76 0 80 65 350 0 29 12 77 64 384 425 643 0 0 0 0 136 130 0 70 60 
304 127 115 0 76 78 0 89 64 349 0 26 12 67 63 413 460 611 0 0 0 0 131 130 0 70 60 
305 128 116 0 76 76 0 93 64 348 0 27 14 67 65 376 438 652 0 0 0 0 189 130 0 69 60 
303 135 123 0 74 81 0 91 64 349 0 27 14 60 67 413 404 697 0 0 0 0 168 130 0 67 60 
300 133 117 0 76 85 0 92 64 340 0 28 13 65 65 379 419 657 0 0 0 0 178 130 0 67 60 
305 128 119 0 76 91 0 91 65 335 0 28 13 65 66 354 422 563 0 0 0 0 185 130 0 66 60 
307 130 114 0 76 87 0 89 65 351 0 29 15 72 67 391 455 608 0 0 0 0 220 130 0 66 60 
301 132 116 0 76 89 0 86 66 350 0 26 15 67 64 412 457 559 0 0 0 0 202 130 0 67 60 
307 129 120 0 78 88 0 90 65 343 0 28 16 60 64 413 455 628 0 0 0 0 199 130 0 67 60 
302 130 119 0 77 88 0 83 65 340 0 27 18 82 62 398 410 671 0 0 0 0 204 130 0 70 60 
302 131 122 0 77 84 0 87 65 341 0 28 21 81 63 380 388 698 0 0 0 0 153 130 0 71 60 
304 130 119 0 76 87 0 88 65 347 0 30 21 74 66 445 398 622 0 0 0 0 152 130 0 71 60 
301 126 122 0 76 92 0 90 66 344 0 33 22 49 67 412 449 603 0 0 0 0 182 130 0 72 60 
305 123 117 0 75 84 0 88 66 343 0 34 19 43 68 382 478 605 0 0 0 0 198 130 0 72 60 
304 125 120 0 74 77 0 88 67 343 0 32 17 54 65 389 432 499 0 0 0 0 154 130 0 72 60 
302 124 116 0 75 80 0 90 66 338 0 31 14 70 62 360 425 565 0 0 0 0 122 130 0 72 60 
302 128 122 0 75 92 0 87 65 346 0 33 14 68 64 396 488 644 0 0 0 0 219 130 0 72 60 
297 128 124 0 76 89 0 91 64 347 0 31 13 65 64 387 429 653 0 0 0 0 162 130 0 73 60 
301 129 121 0 75 82 0 88 64 346 0 27 14 69 65 418 392 614 0 0 0 0 138 130 0 72 60 
298 125 120 0 75 80 0 86 63 340 0 30 13 76 65 379 454 620 0 0 0 0 173 130 0 73 60 
297 126 118 0 74 89 0 89 65 346 0 29 12 67 64 418 419 577 0 0 0 0 171 130 0 72 60 
303 128 117 0 73 88 0 88 66 357 0 29 13 68 65 372 429 581 0 0 0 0 154 130 0 72 60 
299 130 124 0 73 91 0 87 66 352 0 28 13 67 66 410 383 573 0 0 0 0 225 130 0 72 60 
300 130 122 0 73 94 0 88 65 344 0 29 15 68 65 391 443 654 0 0 0 0 239 130 0 72 60 
299 129 122 0 73 102 0 91 64 344 0 27 16 77 65 375 467 613 0 0 0 0 208 130 0 72 60 
304 133 121 0 75 98 0 90 65 343 0 29 19 84 64 352 425 519 0 0 0 0 131 130 0 71 60 
305 130 122 0 76 94 0 89 66 351 0 28 20 73 64 368 434 600 0 0 0 0 178 130 0 71 60 
298 128 116 0 77 94 0 91 66 345 0 28 20 61 65 395 398 617 0 0 0 0 125 130 0 71 60 
303 134 114 0 78 96 0 85 66 350 0 26 20 77 65 341 415 597 0 0 0 0 157 130 0 70 60 
303 127 120 0 79 93 0 87 66 353 0 27 20 99 64 396 440 602 0 0 0 0 155 130 0 70 60 
306 128 122 0 79 90 0 89 64 351 0 29 17 72 65 408 443 620 0 0 0 0 155 130 0 70 60 
300 127 124 0 79 94 0 88 65 348 0 27 17 52 64 374 478 593 0 0 0 0 150 130 0 70 60 
302 131 121 0 79 92 0 86 63 343 0 31 18 69 66 422 450 545 0 0 0 0 171 130 0 70 60 
304 132 120 0 78 90 0 93 65 340 0 28 17 83 65 397 420 691 0 0 0 0 153 130 0 70 60 
303 130 122 0 79 84 0 98 65 335 0 31 17 82 65 387 423 633 0 0 0 0 177 130 0 70 60 
306 133 124 0 79 85 0 90 65 347 0 30 16 75 63 353 464 592 0 0 0 0 203 130 0 70 60 
304 127 120 0 78 77 0 94 65 351 0 31 16 50 65 408 416 636 0 0 0 0 202 130 0 70 60 
304 131 124 0 78 76 0 90 65 343 0 32 14 67 64 376 423 651 0 0 0 0 188 130 0 71 60 
305 133 118 0 78 79 0 87 66 344 0 30 13 70 64 446 449 617 0 0 0 0 187 130 0 71 60 
304 132 124 0 77 82 0 85 65 342 0 27 13 78 64 354 405 602 0 0 0 0 133 130 0 72 60 
302 129 119 0 77 79 0 86 66 350 0 28 13 67 65 453 423 642 0 0 0 0 178 130 0 73 60 
304 134 118 0 76 77 0 91 65 348 0 28 12 67 64 366 451 668 0 0 0 0 186 130 0 73 60 
301 140 118 0 75 85 0 81 65 344 0 28 11 60 65 370 426 747 0 0 0 0 167 130 0 72 60 
303 125 115 0 74 91 0 86 64 343 0 26 12 62 65 404 413 661 0 0 0 0 136 130 0 72 60 
298 126 115 0 73 98 0 89 64 337 0 28 12 65 67 410 416 649 0 0 0 0 171 130 0 73 60 
296 127 116 0 73 96 0 93 65 347 0 28 11 69 65 388 472 646 0 0 0 0 173 130 0 72 60 
298 135 121 0 73 101 0 92 64 348 0 25 11 70 65 396 443 650 0 0 0 0 167 130 0 72 60 
300 133 118 0 74 96 0 87 65 345 0 28 13 58 64 362 434 727 0 0 0 0 161 130 0 71 60 
299 128 116 0 74 89 0 88 65 341 0 27 13 77 65 396 334 707 0 0 0 0 190 130 0 71 60 
300 131 116 0 76 79 0 84 65 344 0 27 13 81 64 453 483 648 0 0 0 0 174 130 0 71 60 
299 129 116 0 77 79 0 92 64 355 0 27 13 79 64 408 388 692 0 0 0 0 171 130 0 71 60 
297 126 117 0 77 77 0 87 65 352 0 25 12 54 65 392 454 688 0 0 0 0 133 130 0 71 60 
305 128 121 0 77 84 0 88 63 343 0 26 12 44 64 404 429 660 0 0 0 0 206 130 0 70 60 
299 133 120 0 75 84 0 93 63 342 0 28 13 52 64 362 408 669 0 0 0 0 177 130 0 71 60 
299 133 118 0 74 89 0 87 64 341 0 24 13 68 65 383 403 703 0 0 0 0 121 130 0 70 60 
310 128 118 0 75 91 0 90 64 348 0 29 13 69 64 384 413 651 0 0 0 0 170 130 0 70 60 
298 124 117 0 75 92 0 89 66 342 0 29 12 64 64 389 444 663 0 0 0 0 164 130 0 70 60 
303 129 115 0 75 91 0 89 65 347 0 27 12 67 63 377 428 568 0 0 0 0 178 130 0 70 60 
305 124 118 0 74 90 0 86 67 348 0 27 12 78 65 388 392 691 0 0 0 0 198 130 0 70 60 
306 125 119 0 75 93 0 86 65 349 0 23 12 67 65 405 387 657 0 0 0 0 134 130 0 70 60 
303 128 118 0 75 86 0 90 65 350 0 25 12 69 64 420 432 716 0 0 0 0 217 130 0 70 60 
309 130 120 0 74 97 0 87 64 348 0 26 12 65 63 412 448 628 0 0 0 0 156 130 0 71 60 
305 127 117 0 75 117 0 93 64 340 0 24 13 70 65 372 438 590 0 0 0 0 107 130 0 71 60 
304 129 117 0 76 127 0 91 66 337 0 27 13 75 63 420 425 697 0 0 0 0 219 130 0 71 60 
307 128 118 0 74 134 0 91 64 346 0 25 12 84 64 363 449 546 0 0 0 0 166 130 0 71 60 
303 133 118 0 74 125 0 86 65 351 0 27 12 74 66 360 424 629 0 0 0 0 133 130 0 71 60 
303 129 122 0 74 115 0 90 64 344 0 28 13 62 66 407 407 642 0 0 0 0 130 130 0 70 60 
306 135 121 0 72 109 0 93 64 342 0 26 13 75 67 404 462 639 0 0 0 0 156 130 0 71 60 
302 129 121 0 73 98 0 85 64 343 0 28 13 98 68 385 424 615 0 0 0 0 144 130 0 72 60 
305 127 114 0 74 79 0 90 64 349 0 29 15 76 66 413 400 644 0 0 0 0 162 130 0 72 60 
296 128 119 0 74 75 0 83 66 349 0 27 12 55 63 358 427 622 0 0 0 0 182 130 0 73 60 
301 129 116 0 75 76 0 87 65 343 0 26 13 64 64 404 437 578 0 0 0 0 166 130 0 73 60 
300 131 122 0 75 78 0 85 66 342 0 30 12 84 69 375 400 552 0 0 0 0 163 130 0 75 60 
304 127 120 0 76 79 0 90 64 339 0 29 13 82 68 395 435 623 0 0 0 0 118 130 0 75 60 
298 129 117 0 76 76 0 91 65 343 0 29 13 78 65 414 481 585 0 0 0 0 119 130 0 75 60 
300 133 116 0 76 74 0 87 65 346 0 27 13 53 68 405 429 538 0 0 0 0 112 130 0 76 60 
302 132 117 0 75 75 0 93 65 341 0 29 13 66 65 384 442 628 0 0 0 0 126 130 0 76 60 
294 128 117 0 76 78 0 91 64 340 0 29 14 70 62 411 438 572 0 0 0 0 227 130 0 76 60 
304 131 115 0 76 83 0 87 64 341 0 26 15 79 64 451 445 547 0 0 0 0 223 130 0 75 60 
304 127 118 0 76 78 0 88 64 354 0 29 13 70 64 378 425 621 0 0 0 0 143 130 0 75 60 
301 129 117 0 75 79 0 90 63 352 0 27 14 71 66 376 438 592 0 0 0 0 134 130 0 74 60 
302 128 117 0 75 80 0 87 64 345 0 29 13 59 64 406 425 485 0 0 0 0 159 130 0 73 60 
299 136 118 0 73 87 0 87 64 341 0 29 14 62 62 445 474 566 0 0 0 0 130 130 0 73 60 
301 132 118 0 72 85 0 91 65 344 0 29 13 66 66 404 445 604 0 0 0 0 152 130 0 73 60 
305 136 119 0 72 86 0 90 65 349 0 30 17 68 65 430 417 580 0 0 0 0 156 130 0 73 60 
303 134 116 0 72 88 0 86 65 342 0 30 12 73 64 360 457 619 0 0 0 0 198 130 0 72 60 
301 131 116 0 72 87 0 92 66 350 0 28 13 58 65 354 434 631 0 0 0 0 183 130 0 72 60 
300 123 114 0 73 85 0 83 65 348 0 30 13 74 63 409 421 590 0 0 0 0 179 130 0 73 60 
309 126 119 0 74 83 0 83 65 348 0 28 13 81 65 381 432 583 0 0 0 0 176 130 0 73 60 
305 137 117 0 76 84 0 85 64 347 0 28 14 80 65 427 453 591 0 0 0 0 183 130 0 72 60 
307 138 115 0 77 87 0 92 65 345 0 33 14 59 65 354 395 641 0 0 0 0 196 130 0 72 60 
308 130 113 0 79 86 0 90 65 337 0 28 16 42 65 413 425 611 0 0 0 0 177 130 0 72 60 
302 134 117 0 80 86 0 88 65 336 0 29 15 49 65 374 400 716 0 0 0 0 185 130 0 73 60 
304 128 115 0 80 94 0 91 66 346 0 29 16 66 65 390 442 638 0 0 0 0 181 130 0 73 60 
301 124 120 0 80 92 0 89 66 352 0 28 15 69 66 389 461 602 0 0 0 0 142 130 0 73 60 
306 127 116 0 80 89 0 91 65 347 0 28 16 68 64 407 416 626 0 0 0 0 174 130 0 72 60 
303 129 116 0 80 87 0 86 65 345 0 29 16 66 63 440 449 623 0 0 0 0 185 130 0 72 60 
300 132 116 0 79 91 0 87 65 345 0 27 16 76 63 390 420 635 0 0 0 0 181 130 0 74 60 
305 128 116 0 78 94 0 83 65 352 0 30 15 67 64 368 416 670 0 0 0 0 182 130 0 73 60 
296 123 117 0 78 95 0 89 65 347 0 28 17 70 65 364 448 753 0 0 0 0 182 130 0 73 60 
300 125 119 0 77 97 0 93 66 346 0 29 14 64 65 396 424 631 0 0 0 0 192 130 0 72 60 
300 133 121 0 76 102 0 88 67 345 0 27 14 71 64 382 479 623 0 0 0 0 179 130 0 72 60 
302 128 120 0 76 102 0 93 65 340 0 29 15 73 65 428 464 643 0 0 0 0 194 130 0 71 60 
305 125 120 0 75 90 0 89 66 349 0 27 13 85 65 392 375 683 0 0 0 0 182 130 0 72 60 
298 122 117 0 75 84 0 92 65 349 0 24 14 73 64 381 393 665 0 0 0 0 170 130 0 72 60 
304 126 120 0 74 83 0 88 65 343 0 29 16 62 65 387 399 638 0 0 0 0 138 130 0 72 60 
300 131 120 0 73 85 0 88 65 342 0 26 15 68 67 414 441 675 0 0 0 0 189 130 0 72 60 
301 131 121 0 74 88 0 85 65 350 0 28 14 94 65 421 433 577 0 0 0 0 137 130 0 73 60 
299 126 122 0 74 93 0 85 65 357 0 30 14 77 64 376 492 636 0 0 0 0 147 130 0 73 60 
300 129 121 0 74 87 0 89 65 349 0 27 14 62 64 429 425 668 0 0 0 0 124 130 0 73 60 
297 135 119 0 76 87 0 88 64 346 0 29 14 55 65 387 447 658 0 0 0 0 169 130 0 73 60 
296 128 120 0 77 83 0 87 65 342 0 30 13 80 63 386 450 684 0 0 0 0 169 130 0 73 60 
304 129 119 0 78 85 0 90 65 346 0 27 13 82 63 369 406 605 0 0 0 0 173 130 0 73 60 
303 128 114 0 78 81 0 89 65 349 0 30 14 82 62 401 451 627 0 0 0 0 139 130 0 73 60 
302 127 118 0 79 75 0 87 66 345 0 29 13 54 64 460 461 518 0 0 0 0 171 130 0 73 60 
302 127 124 0 77 76 0 89 65 349 0 30 13 61 64 378 430 622 0 0 0 0 170 130 0 72 60 
303 126 121 0 78 81 0 92 65 351 0 28 12 71 65 389 394 601 0 0 0 0 173 130 0 72 60 
308 124 121 0 76 87 0 86 65 346 0 29 13 76 65 396 443 658 0 0 0 0 196 130 0 71 60 
307 131 120 0 76 86 0 87 64 347 0 28 14 71 63 399 441 598 0 0 0 0 219 130 0 70 60 
305 132 121 0 75 88 0 89 65 341 0 28 13 69 65 378 409 592 0 0 0 0 193 130 0 70 60 
304 125 122 0 75 87 0 86 64 337 0 30 13 60 65 353 404 572 0 0 0 0 166 130 0 71 60 
305 132 120 0 75 86 0 93 65 336 0 26 13 58 65 396 433 594 0 0 0 0 158 130 0 71 60 
300 130 121 0 73 78 0 92 64 349 0 27 12 68 65 398 426 573 0 0 0 0 175 130 0 71 60 
304 131 119 0 74 79 0 95 64 349 0 26 12 66 64 387 457 609 0 0 0 0 138 130 0 70 60 
305 129 125 0 75 78 0 89 64 343 0 27 12 73 66 411 438 602 0 0 0 0 165 130 0 71 60 
303 132 120 0 75 83 0 91 65 346 0 27 12 61 65 398 424 546 0 0 0 0 158 130 0 70 60 
303 133 126 0 75 89 0 89 65 346 0 30 13 71 64 376 422 611 0 0 0 0 164 130 0 71 60 
304 132 117 0 76 97 0 84 64 353 0 25 12 80 66 386 388 611 0 0 0 0 133 130 0 72 60 
293 136 116 0 75 101 0 86 65 347 0 29 12 83 65 392 459 603 0 0 0 0 164 130 0 72 60 
302 124 118 0 75 101 0 86 64 343 0 32 12 64 66 379 444 602 0 0 0 0 228 130 0 73 60 
293 127 123 0 75 97 0 88 64 343 0 32 13 40 68 362 425 582 0 0 0 0 184 130 0 72 60 
299 125 120 0 75 91 0 80 63 339 0 31 12 45 66 372 420 552 0 0 0 0 202 130 0 73 60 
304 136 117 0 75 88 0 89 64 350 0 33 11 64 63 420 452 553 0 0 0 0 173 130 0 72 60 
298 137 116 0 76 86 0 93 64 348 0 36 11 71 63 378 478 645 0 0 0 0 164 130 0 72 60 
302 127 115 0 76 88 0 89 65 342 0 32 11 69 62 414 392 600 0 0 0 0 185 130 0 73 60 
299 138 119 0 76 92 0 90 65 342 0 33 12 66 66 390 401 596 0 0 0 0 172 130 0 72 60 
302 128 119 0 76 90 0 87 65 349 0 30 12 77 66 426 446 590 0 0 0 0 170 130 0 72 60 
302 125 122 0 76 76 0 89 66 357 0 30 12 69 68 433 463 607 0 0 0 0 133 130 0 72 60 
302 128 117 0 75 74 0 86 64 350 0 30 12 73 67 389 408 567 0 0 0 0 143 130 0 73 60 
301 130 117 0 75 71 0 92 64 342 0 28 11 64 65 416 436 552 0 0 0 0 139 130 0 73 60 
299 133 115 0 73 75 0 89 64 342 0 29 12 71 64 393 462 614 0 0 0 0 197 130 0 73 60 
302 130 121 0 75 74 0 87 64 342 0 27 12 69 65 384 418 646 0 0 0 0 153 130 0 73 60 
300 124 120 0 75 74 0 89 64 349 0 29 12 85 66 396 424 690 0 0 0 0 164 130 0 72 60 
303 129 120 0 75 76 0 88 65 344 0 29 12 75 66 402 407 660 0 0 0 0 188 130 0 72 60 
307 129 119 0 75 83 0 89 65 347 0 28 13 62 65 408 413 643 0 0 0 0 178 130 0 73 60 
298 127 120 0 75 88 0 90 65 350 0 29 12 69 67 374 452 605 0 0 0 0 183 130 0 73 60 
305 135 115 0 74 89 0 89 66 349 0 26 11 93 66 385 435 600 0 0 0 0 199 130 0 73 60 
305 130 121 0 73 94 0 86 65 350 0 28 13 80 67 407 449 673 0 0 0 0 181 130 0 73 60 
303 126 120 0 73 96 0 87 66 342 0 30 13 64 65 372 459 655 0 0 0 0 178 130 0 73 60 
307 132 121 0 73 90 0 90 66 336 0 29 13 51 65 358 427 701 0 0 0 0 152 130 0 72 60 
302 125 122 0 73 83 0 91 65 335 0 32 15 79 65 365 412 597 0 0 0 0 176 130 0 73 60 
304 129 119 0 73 82 0 92 64 351 0 29 14 81 65 391 454 601 0 0 0 0 184 130 0 72 60 
307 129 116 0 75 81 0 96 64 348 0 32 13 84 65 380 455 602 0 0 0 0 158 130 0 71 60 
307 133 115 0 75 86 0 86 64 343 0 31 15 56 64 394 463 702 0 0 0 0 192 130 0 71 60 
307 135 119 0 77 90 0 89 64 344 0 31 14 58 66 389 427 640 0 0 0 0 182 130 0 70 60 
303 135 118 0 78 92 0 90 65 347 0 33 15 71 64 406 447 627 0 0 0 0 148 130 0 67 60 
303 127 121 0 78 93 0 89 65 350 0 38 14 76 65 418 390 690 0 0 0 0 130 130 0 67 60 
301 133 119 0 79 86 0 86 66 347 0 35 14 69 65 409 380 626 0 0 0 0 175 130 0 67 60 
302 133 119 0 79 90 0 87 65 341 0 33 13 68 63 392 455 612 0 0 0 0 189 130 0 66 60 
299 131 117 0 79 95 0 88 65 343 0 30 13 59 64 342 406 653 0 0 0 0 198 130 0 67 60 
298 126 118 0 79 100 0 83 66 341 0 31 12 59 66 403 416 653 0 0 0 0 150 130 0 69 60 
300 133 117 0 79 100 0 90 65 349 0 31 10 67 66 394 422 638 0 0 0 0 160 130 0 70 60 
301 134 116 0 80 98 0 87 66 346 0 29 11 66 66 380 452 651 0 0 0 0 181 130 0 71 60 
298 128 120 0 79 92 0 90 67 343 0 29 11 73 66 414 400 640 0 0 0 0 188 130 0 72 60 
302 135 119 0 79 89 0 90 66 343 0 29 11 58 66 427 410 521 0 0 0 0 144 130 0 73 60 
301 132 121 0 79 83 0 95 65 349 0 28 12 70 69 438 441 595 0 0 0 0 181 130 0 72 60 
302 126 118 0 77 88 0 90 65 352 0 29 13 83 66 404 406 597 0 0 0 0 165 130 0 72 60 
307 129 118 0 78 90 0 85 64 349 0 28 12 82 66 404 440 673 0 0 0 0 191 130 0 70 60 
302 133 122 0 76 89 0 90 63 343 0 28 10 67 66 382 427 638 0 0 0 0 171 130 0 70 60 
303 135 119 0 75 86 0 85 63 343 0 28 11 41 66 379 440 627 0 0 0 0 190 130 0 70 60 
306 135 118 0 74 85 0 83 64 342 0 28 11 44 68 404 443 612 0 0 0 0 163 130 0 70 60 
301 131 116 0 73 90 0 91 65 346 0 31 12 65 63 365 446 563 0 0 0 0 179 130 0 70 60 
306 125 119 0 73 88 0 94 65 341 0 27 12 73 64 389 428 590 0 0 0 0 197 130 0 70 60 
306 131 116 0 74 92 0 87 65 347 0 28 11 68 66 421 448 612 0 0 0 0 159 130 0 71 60 
298 127 119 0 74 100 0 88 66 347 0 28 14 65 65 408 452 601 0 0 0 0 190 130 0 71 60 
305 140 115 0 76 94 0 83 66 345 0 29 11 80 69 413 413 584 0 0 0 0 178 130 0 72 60 
302 136 117 0 76 82 0 83 64 347 0 31 11 69 65 346 465 628 0 0 0 0 149 130 0 72 60 
305 132 121 0 77 85 0 83 64 340 0 33 12 71 64 386 455 610 0 0 0 0 206 130 0 72 60 
300 126 121 0 75 90 0 90 64 340 0 33 12 66 64 371 440 619 0 0 0 0 173 130 0 73 60 
302 131 118 0 76 88 0 90 64 344 0 36 13 71 62 336 401 629 0 0 0 0 138 130 0 73 60 
301 128 118 0 74 77 0 89 65 353 0 34 15 69 63 395 416 577 0 0 0 0 123 130 0 72 60 
304 131 114 0 75 75 0 92 64 349 0 33 13 87 64 393 439 576 0 0 0 0 211 130 0 73 60 
304 129 119 0 75 73 0 91 65 336 0 34 13 76 63 399 409 573 0 0 0 0 164 130 0 73 60 
300 133 120 0 74 71 0 88 64 341 0 29 11 63 64 354 431 621 0 0 0 0 160 130 0 74 60 
302 126 121 0 75 69 0 84 65 347 0 30 11 66 64 366 470 627 0 0 0 0 188 130 0 73 60 
301 126 122 0 76 80 0 88 65 351 0 30 12 94 64 434 465 651 0 0 0 0 172 130 0 72 60 
300 123 120 0 76 85 0 84 65 344 0 36 12 83 65 422 440 678 0 0 0 0 185 130 0 72 60 
302 125 118 0 76 80 0 88 65 343 0 41 12 65 64 403 437 612 0 0 0 0 176 130 0 73 60 
298 126 120 0 75 77 0 91 65 342 0 43 11 51 63 364 451 632 0 0 0 0 163 130 0 73 60 
301 130 121 0 75 80 0 93 65 346 0 46 11 78 63 389 408 578 0 0 0 0 218 130 0 73 60 
300 127 123 0 75 91 0 89 64 354 0 44 12 83 64 380 457 659 0 0 0 0 148 130 0 73 60 
301 126 121 0 75 94 0 89 66 351 0 40 11 86 66 385 442 674 0 0 0 0 153 130 0 74 60 
302 126 123 0 74 89 0 91 66 341 0 35 12 60 68 386 425 699 0 0 0 0 176 130 0 74 60 
302 131 121 0 74 86 0 85 66 344 0 31 13 56 64 384 436 654 0 0 0 0 168 130 0 74 60 
302 131 121 0 74 90 0 90 64 351 0 30 13 71 62 387 407 675 0 0 0 0 148 130 0 74 60 
299 130 123 0 74 87 0 91 64 354 0 29 12 75 62 401 410 613 0 0 0 0 165 130 0 73 60 
305 132 117 0 75 76 0 92 64 347 0 30 13 72 63 447 460 636 0 0 0 0 169 130 0 72 60 
301 135 119 0 75 72 0 86 63 342 0 30 12 68 65 396 419 663 0 0 0 0 156 130 0 72 60 
302 136 121 0 75 73 0 90 65 341 0 30 11 65 65 409 436 669 0 0 0 0 175 130 0 72 60 
305 126 122 0 75 80 0 89 65 347 0 31 11 58 68 412 445 765 0 0 0 0 215 130 0 72 60 
302 130 123 0 76 84 0 84 66 348 0 31 12 66 66 415 456 649 0 0 0 0 177 130 0 72 60 
309 126 121 0 76 90 0 89 64 344 0 28 13 69 68 392 396 666 0 0 0 0 186 130 0 73 60 
304 133 121 0 76 90 0 89 66 349 0 33 15 75 64 418 428 673 0 0 0 0 147 130 0 72 60 
300 124 124 0 76 93 0 88 65 346 0 31 14 62 67 382 429 693 0 0 0 0 125 130 0 72 60 
297 130 119 0 76 92 0 88 64 349 0 29 15 66 73 437 436 680 0 0 0 0 168 130 0 73 60 
302 131 125 0 77 96 0 87 65 344 0 34 15 86 70 375 447 665 0 0 0 0 135 130 0 73 60 
306 134 120 0 77 91 0 89 65 338 0 30 14 80 66 415 455 631 0 0 0 0 202 130 0 73 60 
304 125 120 0 76 81 0 88 65 334 0 28 15 70 64 392 407 574 0 0 0 0 183 130 0 72 60 
302 133 119 0 75 78 0 85 65 343 0 30 14 46 62 370 421 664 0 0 0 0 174 130 0 73 60 
301 131 120 0 74 86 0 92 65 351 0 28 13 42 64 424 416 700 0 0 0 0 127 130 0 74 60 
298 131 122 0 72 91 0 92 64 346 0 27 12 58 60 441 456 602 0 0 0 0 194 130 0 74 60 
303 131 116 0 71 94 0 98 65 341 0 29 12 74 63 400 456 716 0 0 0 0 167 130 0 75 60 
304 131 116 0 71 101 0 92 65 340 0 31 11 68 62 425 453 597 0 0 0 0 173 130 0 76 60 
301 133 119 0 72 105 0 91 66 348 0 32 11 64 63 401 436 691 0 0 0 0 129 130 0 77 60 
304 133 120 0 73 100 0 86 65 352 0 32 12 74 62 366 414 483 0 0 0 0 182 130 0 77 60 
301 127 120 0 74 86 0 87 66 342 0 33 11 71 62 363 433 602 0 0 0 0 126 130 0 78 60 
300 125 115 0 75 77 0 83 65 341 0 32 12 67 65 444 445 658 0 0 0 0 159 130 0 79 60 
301 130 117 0 77 81 0 85 65 340 0 28 13 68 65 396 454 650 0 0 0 0 148 130 0 79 60 
302 133 119 0 78 80 0 89 65 345 0 29 14 70 65 383 450 578 0 0 0 0 157 130 0 79 60 
301 133 118 0 79 77 0 83 65 349 0 32 11 65 64 400 446 623 0 0 0 0 158 130 0 79 60 
303 132 120 0 80 81 0 89 64 344 0 31 11 82 64 384 395 617 0 0 0 0 176 130 0 79 60 
300 126 119 0 80 81 0 93 65 340 0 35 11 83 64 378 385 553 0 0 0 0 170 130 0 80 60 
296 132 119 0 80 82 0 92 65 348 0 31 10 68 64 385 442 576 0 0 0 0 179 130 0 80 60 
306 128 119 0 79 80 0 84 66 352 0 33 12 64 65 376 402 599 0 0 0 0 186 130 0 80 60 
302 132 117 0 79 83 0 88 65 353 0 34 13 84 65 387 379 596 0 0 0 0 222 130 0 80 60 
302 127 119 0 78 84 0 89 64 347 0 33 11 95 64 364 452 521 0 0 0 0 185 120 0 80 60 
304 133 118 0 77 88 0 85 64 346 0 36 12 69 64 401 459 568 0 0 0 0 155 120 0 79 60 
301 129 119 0 77 88 0 90 64 345 0 37 12 50 64 399 459 640 0 0 0 0 184 120 0 78 60 
301 125 118 0 76 87 0 89 63 352 0 36 11 71 65 402 419 587 0 0 0 0 182 120 0 77 60 
299 122 119 0 76 88 0 89 64 345 0 41 11 82 65 382 442 584 0 0 0 0 186 120 0 77 60 
303 125 118 0 75 85 0 89 64 352 0 36 12 84 64 376 452 546 0 0 0 0 216 120 0 76 60 
301 131 121 0 74 82 0 90 65 351 0 33 12 72 66 428 452 538 0 0 0 0 142 120 0 76 60 
305 125 116 0 74 83 0 89 65 348 0 31 12 50 65 362 450 564 0 0 0 0 192 120 0 75 60 
297 130 121 0 73 84 0 90 66 349 0 30 11 68 65 423 425 606 0 0 0 0 154 120 0 75 60 
305 127 121 0 72 84 0 89 66 349 0 30 12 70 65 386 358 579 0 0 0 0 179 120 0 75 60 
306 127 122 0 73 88 0 88 67 338 0 27 11 78 66 454 402 629 0 0 0 0 165 120 0 76 60 
306 128 116 0 74 89 0 89 67 338 0 26 11 66 64 401 454 591 0 0 0 0 230 120 0 77 60 
306 128 117 0 75 94 0 90 66 347 0 28 11 70 65 416 435 612 0 0 0 0 183 120 0 78 60 
301 129 117 0 76 92 0 89 65 351 0 25 12 61 65 396 425 587 0 0 0 0 146 120 0 78 60 
303 127 117 0 78 85 0 91 64 341 0 32 13 62 66 410 464 558 0 0 0 0 130 120 0 78 60 
302 127 119 0 78 83 0 91 64 342 0 32 11 66 65 408 430 656 0 0 0 0 153 120 0 79 60 
306 137 120 0 78 82 0 91 64 343 0 35 13 71 65 401 447 574 0 0 0 0 173 120 0 79 60 
305 133 121 0 78 85 0 90 65 348 0 40 13 68 69 405 433 717 0 0 0 0 147 120 0 81 60 
301 124 117 0 77 93 0 89 65 345 0 43 12 59 68 409 445 642 0 0 0 0 179 120 0 81 60 
301 129 116 0 76 111 0 90 64 342 0 36 12 82 64 333 394 624 0 0 0 0 143 120 0 82 60 
301 129 120 0 76 119 0 86 65 343 0 31 13 80 63 394 457 590 0 0 0 0 128 120 0 82 60 
304 127 118 0 76 119 0 87 64 341 0 30 13 78 63 376 428 567 0 0 0 0 202 120 0 83 60 
302 133 119 0 76 102 0 84 65 346 0 26 12 54 65 398 394 675 0 0 0 0 145 120 0 83 60 
303 135 116 0 76 88 0 86 65 349 0 31 12 43 67 388 402 635 0 0 0 0 171 120 0 82 60 
305 128 117 0 76 78 0 87 66 341 0 28 12 50 65 383 450 655 0 0 0 0 167 120 0 81 60 
300 126 116 0 75 67 0 89 66 344 0 32 10 69 63 418 442 696 0 0 0 0 175 120 0 80 60 
298 133 118 0 74 66 0 94 65 350 0 33 12 71 61 323 430 646 0 0 0 0 189 120 0 79 60 
304 139 119 0 75 77 0 88 66 356 0 34 13 65 64 362 433 668 0 0 0 0 178 120 0 79 60 
300 127 119 0 75 81 0 91 64 349 0 37 12 69 65 385 417 627 0 0 0 0 159 120 0 78 60 
303 129 116 0 75 85 0 88 64 344 0 35 11 76 66 395 446 680 0 0 0 0 174 120 0 78 60 
302 127 115 0 76 84 0 89 63 342 0 31 11 66 66 399 445 690 0 0 0 0 191 120 0 77 60 
304 130 117 0 75 83 0 89 64 346 0 31 11 69 64 354 453 634 0 0 0 0 156 120 0 78 60 
300 136 115 0 76 84 0 86 64 349 0 27 10 66 61 392 453 600 0 0 0 0 145 120 0 78 60 
304 131 116 0 76 83 0 86 64 343 0 31 11 69 62 393 424 697 0 0 0 0 205 120 0 77 60 
302 128 115 0 75 84 0 87 65 350 0 29 12 74 63 427 461 648 0 0 0 0 180 120 0 76 60 
305 127 116 0 77 82 0 92 64 352 0 31 11 86 64 433 419 685 0 0 0 0 165 120 0 75 60 
305 130 115 0 77 80 0 89 65 348 0 34 11 73 65 385 445 610 0 0 0 0 176 120 0 76 60 
297 139 118 0 75 80 0 88 65 347 0 34 10 58 67 386 402 624 0 0 0 0 149 120 0 76 60 
303 132 120 0 76 94 0 83 66 341 0 36 11 75 65 425 429 664 0 0 0 0 194 120 0 77 60 
306 130 116 0 76 112 0 83 66 334 0 34 11 97 65 422 449 493 0 0 0 0 142 120 0 77 60 
304 125 115 0 76 118 0 86 65 339 0 34 10 74 63 392 454 606 0 0 0 0 168 120 0 77 60 
304 130 117 0 75 109 0 88 65 350 0 37 11 56 65 365 433 607 0 0 0 0 162 120 0 78 60 
302 127 118 0 74 93 0 92 65 349 0 31 12 63 65 395 370 656 0 0 0 0 202 120 0 79 60 
299 130 121 0 75 78 0 90 65 343 0 35 11 83 65 423 451 587 0 0 0 0 195 120 0 80 60 
303 132 119 0 75 68 0 87 63 341 0 30 11 79 65 395 495 631 0 0 0 0 179 120 0 80 60 
306 133 120 0 75 62 0 92 65 346 0 30 11 80 66 408 425 622 0 0 0 0 212 120 0 80 60 
303 127 118 0 75 71 0 89 64 351 0 31 12 54 64 392 431 600 0 0 0 0 200 120 0 79 60 
301 125 119 0 75 78 0 87 65 348 0 26 12 63 66 372 431 575 0 0 0 0 165 120 0 80 60 
305 121 120 0 74 77 0 83 65 343 0 28 12 72 65 331 427 582 0 0 0 0 178 120 0 79 60 
302 128 121 0 73 78 0 86 65 341 0 31 13 79 64 362 440 630 0 0 0 0 161 120 0 79 60 
302 131 120 0 73 83 0 88 64 344 0 28 13 70 66 408 413 521 0 0 0 0 177 120 0 80 60 
302 132 116 0 72 84 0 88 63 350 0 29 13 71 64 413 424 617 0 0 0 0 162 120 0 80 60 
302 127 124 0 73 79 0 95 65 346 0 29 12 62 63 362 404 642 0 0 0 0 164 120 0 80 60 
302 127 118 0 74 78 0 89 65 336 0 29 12 61 65 395 435 601 0 0 0 0 162 120 0 79 60 
298 130 122 0 75 77 0 89 66 340 0 31 11 66 66 398 435 646 0 0 0 0 171 120 0 77 60 
298 129 121 0 76 76 0 91 65 347 0 32 13 69 65 441 413 599 0 0 0 0 197 120 0 77 60 
301 133 120 0 77 79 0 90 65 353 0 36 11 75 65 412 461 623 0 0 0 0 146 120 0 76 60 
304 125 114 0 78 84 0 86 64 347 0 36 14 59 64 407 443 553 0 0 0 0 137 120 0 76 60 
303 131 121 0 78 89 0 89 64 344 0 38 13 75 65 389 411 634 0 0 0 0 163 120 0 75 60 
305 131 123 0 78 88 0 92 63 345 0 39 12 83 65 394 445 674 0 0 0 0 163 120 0 76 60 
304 135 121 0 78 82 0 85 64 347 0 36 13 82 65 418 411 633 0 0 0 0 174 120 0 76 60 
299 129 119 0 78 79 0 88 66 347 0 35 13 62 65 406 397 666 0 0 0 0 151 120 0 77 60 
303 133 118 0 79 83 0 86 66 345 0 39 13 42 64 382 427 641 0 0 0 0 204 120 0 77 60 
306 125 121 0 80 85 0 89 66 352 0 35 15 45 63 384 433 612 0 0 0 0 178 120 0 78 60 
304 129 123 0 80 90 0 88 66 351 0 38 13 63 65 395 459 611 0 0 0 0 150 120 0 78 60 
310 131 122 0 80 92 0 89 64 350 0 36 14 71 65 457 435 670 0 0 0 0 158 120 0 79 60 
293 132 120 0 80 101 0 90 65 350 0 38 12 67 66 367 445 647 0 0 0 0 196 120 0 81 60 
298 135 117 0 80 94 0 86 66 335 0 36 13 63 65 426 408 707 0 0 0 0 208 120 0 82 60 
305 125 124 0 79 107 0 89 66 337 0 37 13 79 67 415 424 670 0 0 0 0 188 120 0 83 60 
298 134 117 0 78 104 0 90 66 344 0 37 11 71 65 396 430 685 0 0 0 0 187 120 0 83 60 
303 130 126 0 77 110 0 88 65 351 0 35 13 69 65 355 465 611 0 0 0 0 177 120 0 84 60 
299 128 118 0 75 101 0 85 64 346 0 28 13 65 65 365 458 614 0 0 0 0 155 120 0 84 60 
303 129 118 0 73 90 0 94 63 342 0 27 13 73 64 396 464 702 0 0 0 0 158 120 0 85 60 
298 130 116 0 74 79 0 93 65 341 0 29 14 68 65 429 424 652 0 0 0 0 182 120 0 87 60 
304 132 117 0 73 78 0 96 65 347 0 30 12 86 65 394 377 740 0 0 0 0 172 120 0 89 60 
306 136 119 0 73 71 0 93 65 347 0 34 14 78 65 370 438 676 0 0 0 0 149 120 0 88 60 
303 135 119 0 74 69 0 91 66 344 0 37 14 66 65 372 443 645 0 0 0 0 189 120 0 89 60 
303 127 116 0 75 75 0 87 65 339 0 41 14 64 64 417 436 634 0 0 0 0 209 120 0 87 60 
305 129 121 0 76 82 0 87 65 341 0 49 15 92 65 349 456 697 0 0 0 0 158 120 0 86 60 
303 127 118 0 76 87 0 84 64 341 0 49 16 85 64 396 469 731 0 0 0 0 129 120 0 85 60 
303 135 121 0 76 87 0 86 65 349 0 44 16 64 65 393 464 635 0 0 0 0 154 120 0 84 60 
301 135 117 0 75 89 0 86 64 345 0 40 16 49 65 395 452 663 0 0 0 0 164 120 0 84 60 
303 135 118 0 75 87 0 85 65 341 0 37 16 79 63 394 425 600 0 0 0 0 195 120 0 83 60 
304 128 116 0 75 86 0 89 64 347 0 40 15 79 65 358 448 665 0 0 0 0 189 120 0 83 60 
301 131 120 0 75 83 0 90 64 356 0 36 15 85 64 392 434 676 0 0 0 0 188 120 0 83 60 
300 130 120 0 75 87 0 91 65 354 0 39 16 66 63 440 428 615 0 0 0 0 168 120 0 83 60 
301 126 117 0 76 86 0 86 64 347 0 40 14 55 64 388 391 662 0 0 0 0 170 120 0 83 60 
300 132 117 0 76 85 0 90 65 343 0 42 15 68 62 385 394 579 0 0 0 0 160 120 0 82 60 
302 132 118 0 76 79 0 89 65 348 0 46 14 73 63 402 430 636 0 0 0 0 177 120 0 81 60 
302 125 121 0 75 87 0 89 65 347 0 43 14 77 64 362 445 520 0 0 0 0 154 120 0 81 60 
