300 121 117 0 72 81 0 86 63 340 0 27 19 77 58 387 437 584 0 0 0 0 200 120 0 65 60 
299 126 116 0 72 85 0 88 63 344 0 25 20 75 59 410 425 586 0 0 0 0 170 120 0 65 60 
299 125 116 0 73 87 0 90 63 342 0 25 20 50 57 379 428 582 0 0 0 0 188 120 0 65 60 
300 123 116 0 74 89 0 91 65 343 0 26 20 40 60 334 425 553 0 0 0 0 139 120 0 66 60 
299 125 120 0 74 85 0 88 65 343 0 25 19 54 61 433 414 638 0 0 0 0 213 120 0 66 60 
298 132 118 0 75 86 0 87 64 333 0 25 21 71 60 365 458 571 0 0 0 0 173 120 0 65 60 
295 133 119 0 75 82 0 86 64 329 0 25 19 67 58 418 412 566 0 0 0 0 128 120 0 65 60 
299 129 116 0 74 81 0 88 63 338 0 26 19 64 60 398 392 524 0 0 0 0 150 120 0 65 60 
293 124 120 0 74 85 0 87 63 344 0 27 20 69 60 372 436 517 0 0 0 0 167 120 0 65 60 
299 126 119 0 74 84 0 86 64 339 0 26 20 73 59 372 417 590 0 0 0 0 161 120 0 65 60 
293 128 117 0 74 82 0 85 63 337 0 24 20 65 59 404 375 527 0 0 0 0 173 120 0 65 60 
293 125 119 0 73 83 0 89 63 336 0 25 20 70 59 400 404 584 0 0 0 0 153 120 0 66 60 
295 127 118 0 74 80 0 85 63 342 0 26 20 65 58 378 386 617 0 0 0 0 191 120 0 65 60 
291 135 119 0 73 80 0 88 62 341 0 25 20 67 61 346 439 522 0 0 0 0 222 120 0 66 60 
292 129 121 0 74 79 0 82 62 337 0 22 19 74 58 385 428 518 0 0 0 0 214 120 0 66 60 
294 132 110 0 73 77 0 80 63 333 0 26 20 85 61 371 447 620 0 0 0 0 181 120 0 66 60 
293 127 116 0 73 82 0 86 64 331 0 26 19 70 58 379 417 592 0 0 0 0 153 120 0 67 60 
297 133 119 0 73 85 0 86 63 332 0 26 19 59 59 358 420 613 0 0 0 0 147 120 0 67 60 
296 118 120 0 73 85 0 89 65 340 0 26 20 70 59 418 423 563 0 0 0 0 189 120 0 66 60 
290 121 119 0 73 79 0 88 64 336 0 26 19 94 57 362 426 592 0 0 0 0 143 120 0 66 60 
291 121 119 0 74 78 0 87 64 333 0 27 19 73 61 403 459 573 0 0 0 0 146 120 0 65 60 
300 131 121 0 74 79 0 86 63 335 0 29 20 58 58 384 414 540 0 0 0 0 192 120 0 65 60 
294 136 120 0 73 78 0 87 63 344 0 26 18 57 59 405 444 593 0 0 0 0 194 120 0 66 60 
297 130 120 0 72 80 0 89 63 350 0 27 19 78 60 390 441 588 0 0 0 0 153 120 0 66 60 
297 126 120 0 72 86 0 82 63 343 0 28 18 80 58 354 432 705 0 0 0 0 200 120 0 65 60 
293 128 119 0 73 89 0 81 64 340 0 26 20 81 60 355 390 627 0 0 0 0 175 120 0 65 60 
299 130 113 0 72 93 0 85 64 339 0 28 19 54 60 334 420 600 0 0 0 0 124 120 0 65 60 
298 123 121 0 73 93 0 87 64 340 0 30 19 60 58 384 438 565 0 0 0 0 159 120 0 65 60 
298 123 119 0 73 94 0 87 64 340 0 26 19 71 62 310 380 659 0 0 0 0 197 120 0 67 60 
300 124 118 0 74 92 0 86 63 339 0 26 19 74 62 385 414 615 0 0 0 0 182 120 0 68 60 
297 127 119 0 74 86 0 91 62 341 0 27 19 69 61 387 439 595 0 0 0 0 173 120 0 69 60 
297 129 111 0 74 84 0 84 63 342 0 28 19 68 57 385 447 580 0 0 0 0 174 120 0 70 60 
297 122 108 0 75 83 0 88 62 342 0 26 19 61 57 363 418 646 0 0 0 0 168 120 0 69 60 
296 124 120 0 75 82 0 88 65 344 0 26 21 56 59 379 392 602 0 0 0 0 141 120 0 67 60 
292 123 118 0 76 81 0 88 65 334 0 27 21 64 57 368 436 585 0 0 0 0 141 120 0 67 60 
302 130 118 0 76 82 0 86 64 329 0 26 20 65 61 407 460 630 0 0 0 0 186 120 0 66 60 
296 126 115 0 75 84 0 88 64 331 0 26 19 71 62 390 441 652 0 0 0 0 169 120 0 65 60 
290 125 115 0 74 88 0 90 63 341 0 27 18 59 60 390 420 578 0 0 0 0 137 120 0 66 60 
296 122 117 0 73 86 0 86 63 342 0 27 20 65 59 372 438 633 0 0 0 0 227 120 0 65 60 
297 135 115 0 71 84 0 89 62 338 0 28 20 79 58 394 375 587 0 0 0 0 137 120 0 65 60 
292 123 113 0 71 80 0 89 64 336 0 24 21 77 58 379 416 586 0 0 0 0 185 120 0 65 60 
294 131 116 0 70 77 0 89 63 338 0 26 20 69 59 396 410 609 0 0 0 0 202 120 0 65 60 
295 125 115 0 71 75 0 88 63 342 0 27 20 42 60 378 409 676 0 0 0 0 111 120 0 65 60 
293 129 116 0 71 76 0 93 63 341 0 27 19 41 61 339 403 628 0 0 0 0 157 120 0 65 60 
288 127 115 0 72 81 0 88 64 334 0 27 19 57 61 389 453 608 0 0 0 0 132 120 0 65 60 
292 140 114 0 74 84 0 85 63 334 0 26 20 74 63 364 392 632 0 0 0 0 170 120 0 65 60 
288 127 113 0 75 83 0 87 63 334 0 26 18 66 60 392 408 460 0 0 0 0 152 120 0 65 60 
302 130 117 0 76 85 0 87 64 341 0 25 20 61 59 373 441 617 0 0 0 0 202 120 0 64 60 
288 125 117 0 76 88 0 84 64 341 0 26 20 75 59 370 408 596 0 0 0 0 170 120 0 65 60 
300 123 117 0 76 86 0 84 63 336 0 27 18 68 58 389 400 632 0 0 0 0 178 120 0 65 60 
293 130 118 0 77 84 0 93 63 334 0 26 19 65 59 376 382 630 0 0 0 0 163 120 0 65 60 
293 126 115 0 77 83 0 92 64 344 0 24 19 67 60 397 373 639 0 0 0 0 171 120 0 65 60 
297 126 118 0 78 87 0 90 63 346 0 26 18 67 58 345 453 587 0 0 0 0 170 120 0 65 60 
299 123 118 0 78 90 0 86 64 344 0 26 19 64 61 336 411 544 0 0 0 0 182 120 0 65 60 
287 134 117 0 78 90 0 86 63 335 0 24 19 82 58 376 410 525 0 0 0 0 216 120 0 66 60 
303 133 116 0 78 94 0 87 63 338 0 27 19 81 60 361 423 617 0 0 0 0 208 120 0 65 60 
302 124 115 0 76 94 0 79 64 338 0 27 18 68 59 435 411 553 0 0 0 0 181 120 0 66 60 
287 122 116 0 75 83 0 84 63 339 0 26 20 62 59 367 441 527 0 0 0 0 169 120 0 65 60 
304 126 116 0 74 83 0 85 64 339 0 26 19 87 59 360 413 573 0 0 0 0 105 120 0 65 60 
281 125 114 0 73 83 0 89 63 341 0 24 19 89 57 373 447 624 0 0 0 0 214 120 0 66 60 
301 128 116 0 72 88 0 83 64 342 0 26 19 67 58 359 438 588 0 0 0 0 184 120 0 66 60 
299 126 116 0 71 89 0 82 63 338 0 25 20 48 60 382 449 543 0 0 0 0 125 120 0 66 60 
300 124 115 0 71 88 0 89 64 341 0 26 18 71 59 398 416 638 0 0 0 0 180 120 0 65 60 
298 125 117 0 71 92 0 86 64 338 0 26 20 81 60 416 408 560 0 0 0 0 171 120 0 66 60 
304 129 115 0 71 89 0 91 63 330 0 26 20 81 57 391 432 525 0 0 0 0 171 120 0 65 60 
297 129 115 0 72 85 0 87 64 330 0 26 19 71 60 385 385 613 0 0 0 0 168 120 0 65 60 
299 124 116 0 73 82 0 84 64 341 0 26 19 49 59 384 403 565 0 0 0 0 147 120 0 65 60 
296 125 115 0 73 83 0 87 65 345 0 24 19 67 59 402 409 570 0 0 0 0 179 120 0 65 60 
298 122 115 0 75 83 0 83 64 339 0 28 20 71 60 396 441 659 0 0 0 0 186 120 0 66 60 
292 128 113 0 76 83 0 84 65 332 0 25 19 75 61 389 388 575 0 0 0 0 158 120 0 65 60 
294 131 114 0 76 86 0 84 64 335 0 25 19 65 59 360 429 583 0 0 0 0 167 120 0 65 60 
298 130 116 0 76 88 0 88 63 341 0 25 19 70 60 436 446 548 0 0 0 0 176 120 0 66 60 
294 131 117 0 76 82 0 87 63 337 0 25 19 58 59 368 376 659 0 0 0 0 157 120 0 66 60 
297 125 117 0 75 79 0 83 62 334 0 25 20 61 60 399 425 618 0 0 0 0 164 120 0 68 60 
294 125 117 0 76 82 0 90 62 334 0 25 19 65 58 392 455 655 0 0 0 0 207 120 0 68 60 
295 130 117 0 76 86 0 88 63 331 0 23 19 69 60 362 429 624 0 0 0 0 164 120 0 69 60 
299 125 113 0 75 87 0 81 64 337 0 28 18 67 57 373 415 595 0 0 0 0 153 120 0 69 60 
292 126 113 0 75 86 0 85 64 337 0 26 19 58 59 378 417 618 0 0 0 0 200 120 0 69 60 
300 125 114 0 74 90 0 85 64 334 0 26 19 79 62 413 394 560 0 0 0 0 158 120 0 69 60 
296 130 115 0 73 91 0 86 64 331 0 27 19 76 60 386 384 652 0 0 0 0 140 120 0 69 60 
298 124 114 0 73 88 0 87 63 337 0 26 19 73 61 401 402 608 0 0 0 0 152 120 0 68 60 
296 122 114 0 73 85 0 90 63 347 0 26 18 55 61 366 458 711 0 0 0 0 149 120 0 67 60 
294 119 113 0 73 86 0 92 63 346 0 24 18 42 58 359 425 591 0 0 0 0 141 120 0 67 60 
296 130 113 0 72 87 0 84 63 339 0 27 18 49 59 366 461 652 0 0 0 0 140 120 0 66 60 
299 128 114 0 74 88 0 90 63 338 0 25 18 66 58 402 394 615 0 0 0 0 168 120 0 65 60 
299 122 113 0 74 89 0 88 63 340 0 22 19 70 60 412 418 634 0 0 0 0 201 120 0 65 60 
293 127 118 0 74 92 0 85 63 341 0 26 18 64 62 377 407 688 0 0 0 0 160 120 0 66 60 
301 122 116 0 75 89 0 86 63 340 0 27 19 66 58 416 390 612 0 0 0 0 152 120 0 66 60 
299 132 117 0 75 83 0 80 63 341 0 25 19 78 60 349 437 701 0 0 0 0 185 120 0 66 60 
297 122 114 0 74 79 0 85 64 345 0 25 18 65 57 381 414 574 0 0 0 0 168 120 0 65 60 
300 130 118 0 74 73 0 85 65 341 0 27 19 68 57 379 426 664 0 0 0 0 224 120 0 65 60 
294 127 118 0 74 82 0 87 64 342 0 27 18 65 59 375 412 680 0 0 0 0 166 120 0 65 60 
293 124 117 0 74 85 0 91 64 340 0 27 19 69 60 403 428 647 0 0 0 0 213 120 0 66 60 
294 124 119 0 74 87 0 85 64 333 0 28 19 68 59 428 450 651 0 0 0 0 220 120 0 66 60 
297 132 118 0 74 90 0 91 64 330 0 28 20 86 61 390 447 584 0 0 0 0 162 120 0 65 60 
293 130 117 0 75 87 0 85 65 339 0 27 19 73 62 412 406 610 0 0 0 0 159 120 0 65 60 
296 125 117 0 74 81 0 87 64 344 0 24 19 59 56 409 402 515 0 0 0 0 164 120 0 66 60 
299 123 118 0 74 79 0 86 64 340 0 25 19 69 57 337 418 598 0 0 0 0 156 120 0 65 60 
294 126 119 0 75 79 0 89 64 336 0 24 18 97 56 383 415 647 0 0 0 0 153 120 0 65 60 
297 129 119 0 75 79 0 89 62 335 0 26 19 76 59 384 418 591 0 0 0 0 143 120 0 65 60 
294 131 120 0 75 78 0 81 63 340 0 27 19 59 59 445 453 616 0 0 0 0 148 120 0 66 60 
293 127 117 0 75 79 0 88 63 338 0 25 19 54 60 379 468 621 0 0 0 0 166 120 0 65 60 
298 114 119 0 74 78 0 92 63 333 0 26 19 77 62 403 434 568 0 0 0 0 143 120 0 65 60 
293 109 119 0 74 78 0 84 64 334 0 25 18 78 59 401 459 513 0 0 0 0 137 120 0 65 60 
298 118 116 0 72 77 0 86 64 332 0 25 18 81 57 396 423 585 0 0 0 0 189 120 0 65 60 
295 109 111 0 72 78 0 86 64 336 0 27 18 57 60 335 405 522 0 0 0 0 182 120 0 65 60 
293 122 117 0 71 82 0 84 65 341 0 25 19 56 61 345 462 561 0 0 0 0 143 120 0 65 60 
299 134 119 0 71 84 0 80 64 340 0 25 18 70 65 372 401 552 0 0 0 0 210 120 0 64 60 
297 135 121 0 72 87 0 85 63 334 0 26 19 77 77 394 442 561 0 0 0 0 178 120 0 64 60 
293 129 117 0 72 87 0 88 63 339 0 25 19 72 61 372 483 587 0 0 0 0 172 120 0 64 60 
302 132 118 0 73 88 0 85 63 347 0 26 19 66 60 346 467 560 0 0 0 0 188 120 0 63 60 
294 133 119 0 73 85 0 89 64 346 0 25 19 64 59 326 413 581 0 0 0 0 151 120 0 63 60 
294 139 119 0 74 82 0 86 63 338 0 25 18 59 59 408 377 559 0 0 0 0 201 120 0 63 60 
297 131 120 0 75 82 0 90 64 338 0 27 18 65 57 361 425 549 0 0 0 0 147 120 0 63 60 
297 121 116 0 74 86 0 89 64 337 0 26 18 67 58 365 445 502 0 0 0 0 163 120 0 63 60 
294 128 117 0 75 82 0 87 63 341 0 24 18 74 58 382 445 585 0 0 0 0 168 120 0 63 60 
299 128 120 0 76 80 0 86 64 339 0 25 19 61 57 393 442 546 0 0 0 0 145 120 0 63 60 
297 134 124 0 76 84 0 80 64 339 0 25 18 65 59 386 363 565 0 0 0 0 195 120 0 64 60 
299 134 116 0 77 81 0 87 63 341 0 23 18 85 57 408 392 595 0 0 0 0 182 120 0 64 60 
296 131 119 0 78 85 0 90 64 340 0 23 18 80 58 361 408 530 0 0 0 0 194 120 0 64 60 
295 122 111 0 78 80 0 89 64 341 0 24 19 69 58 380 396 571 0 0 0 0 201 120 0 65 60 
299 131 109 0 78 82 0 92 64 342 0 26 19 46 57 338 435 526 0 0 0 0 164 120 0 65 60 
300 121 116 0 77 81 0 85 65 330 0 23 20 43 59 366 397 584 0 0 0 0 150 120 0 65 60 
295 128 121 0 76 80 0 91 64 326 0 24 19 56 58 384 463 610 0 0 0 0 119 120 0 64 60 
294 124 118 0 76 82 0 86 64 337 0 27 19 72 58 404 428 632 0 0 0 0 146 120 0 64 60 
296 130 117 0 75 84 0 85 64 343 0 25 18 68 57 409 463 580 0 0 0 0 181 120 0 65 60 
293 126 113 0 75 83 0 84 63 340 0 23 18 63 57 349 446 590 0 0 0 0 158 120 0 64 60 
294 127 118 0 74 82 0 87 63 334 0 22 18 69 60 361 414 604 0 0 0 0 191 120 0 65 60 
301 124 112 0 74 81 0 90 62 339 0 24 18 72 56 373 413 563 0 0 0 0 155 120 0 65 60 
295 122 115 0 73 85 0 86 63 342 0 26 19 65 59 406 398 605 0 0 0 0 148 120 0 66 60 
301 124 118 0 73 82 0 88 63 342 0 24 19 67 58 386 421 572 0 0 0 0 175 120 0 66 60 
292 125 117 0 73 82 0 83 64 337 0 24 20 68 59 414 457 646 0 0 0 0 177 120 0 66 60 
293 128 118 0 73 85 0 87 64 336 0 24 19 69 60 370 443 651 0 0 0 0 160 120 0 65 60 
297 123 115 0 73 88 0 89 64 333 0 25 18 73 58 401 436 626 0 0 0 0 154 120 0 66 60 
297 124 120 0 74 87 0 86 64 334 0 26 17 84 60 369 404 611 0 0 0 0 190 120 0 65 60 
290 129 116 0 74 89 0 88 63 337 0 25 20 72 60 373 428 635 0 0 0 0 201 120 0 65 60 
294 126 116 0 73 89 0 84 63 336 0 27 18 58 60 409 394 640 0 0 0 0 168 120 0 65 60 
303 126 119 0 74 87 0 87 64 332 0 26 20 72 60 398 405 651 0 0 0 0 179 120 0 65 60 
295 121 118 0 74 83 0 89 65 339 0 25 20 96 57 365 430 663 0 0 0 0 188 120 0 65 60 
296 129 117 0 73 77 0 85 63 345 0 27 20 75 59 361 424 648 0 0 0 0 165 120 0 66 60 
296 128 116 0 74 73 0 83 63 346 0 26 19 56 58 390 413 612 0 0 0 0 190 120 0 66 60 
296 123 120 0 74 74 0 85 64 340 0 26 18 56 59 356 459 605 0 0 0 0 191 120 0 66 60 
298 128 116 0 74 76 0 93 63 340 0 26 18 79 58 371 419 644 0 0 0 0 190 120 0 65 60 
297 128 116 0 74 75 0 93 63 339 0 27 20 77 58 395 425 650 0 0 0 0 205 120 0 65 60 
302 126 116 0 74 79 0 87 64 343 0 26 20 81 61 362 427 602 0 0 0 0 144 120 0 65 60 
301 129 116 0 74 82 0 90 64 338 0 28 19 56 60 431 373 672 0 0 0 0 150 120 0 65 60 
295 131 118 0 73 81 0 89 64 338 0 30 20 56 60 402 386 585 0 0 0 0 176 120 0 66 60 
297 127 119 0 73 82 0 84 64 341 0 34 19 70 61 374 403 579 0 0 0 0 168 120 0 65 60 
295 124 118 0 72 83 0 82 63 339 0 33 18 75 63 361 411 668 0 0 0 0 164 120 0 65 60 
297 126 119 0 72 85 0 85 64 341 0 37 19 73 90 377 443 631 0 0 0 0 178 120 0 65 60 
295 131 115 0 73 85 0 87 63 342 0 33 18 66 59 386 413 677 0 0 0 0 133 120 0 65 60 
296 128 117 0 73 88 0 80 63 330 0 31 18 62 58 364 384 592 0 0 0 0 161 120 0 65 60 
293 128 115 0 74 90 0 86 63 328 0 30 18 60 57 362 391 614 0 0 0 0 137 120 0 65 60 
297 129 117 0 73 88 0 87 63 339 0 31 19 63 56 367 435 521 0 0 0 0 140 120 0 65 60 
299 124 118 0 73 86 0 89 64 343 0 28 18 64 55 423 439 566 0 0 0 0 160 120 0 65 60 
293 129 117 0 72 85 0 91 64 336 0 33 18 75 57 418 427 640 0 0 0 0 187 120 0 65 60 
294 132 118 0 72 88 0 84 64 333 0 33 18 62 56 397 443 641 0 0 0 0 159 120 0 65 60 
294 123 116 0 73 86 0 88 64 333 0 34 19 61 56 383 366 585 0 0 0 0 127 120 0 65 60 
291 127 113 0 72 83 0 82 63 341 0 36 18 82 58 402 408 605 0 0 0 0 207 120 0 66 60 
298 132 120 0 72 84 0 89 62 341 0 34 19 78 59 377 407 568 0 0 0 0 187 120 0 66 60 
292 135 116 0 73 86 0 87 63 338 0 36 19 71 60 382 462 638 0 0 0 0 179 120 0 66 60 
297 127 116 0 74 88 0 85 63 333 0 36 20 47 62 403 404 575 0 0 0 0 178 120 0 65 60 
296 124 118 0 75 85 0 88 63 331 0 36 19 44 60 401 405 617 0 0 0 0 179 120 0 66 60 
296 124 118 0 75 86 0 86 64 336 0 35 18 54 58 383 396 601 0 0 0 0 145 120 0 66 60 
289 125 117 0 75 83 0 89 63 341 0 32 18 68 61 408 417 558 0 0 0 0 201 120 0 65 60 
298 126 112 0 75 81 0 86 64 339 0 30 19 70 75 367 442 583 0 0 0 0 197 120 0 66 60 
299 132 114 0 76 80 0 87 64 331 0 28 19 64 73 404 448 608 0 0 0 0 163 120 0 65 60 
296 127 114 0 75 77 0 88 65 338 0 26 18 65 60 429 431 561 0 0 0 0 170 120 0 66 60 
301 127 118 0 74 84 0 83 64 349 0 27 18 75 60 373 408 566 0 0 0 0 156 120 0 66 60 
299 129 116 0 72 81 0 87 64 348 0 27 19 66 60 404 422 560 0 0 0 0 157 120 0 67 60 
296 126 113 0 70 82 0 85 63 341 0 26 20 67 57 343 403 568 0 0 0 0 161 120 0 67 60 
298 128 114 0 69 86 0 87 62 338 0 27 19 63 54 360 366 507 0 0 0 0 138 120 0 67 60 
296 135 112 0 70 88 0 92 63 338 0 25 19 71 55 413 409 609 0 0 0 0 162 120 0 68 60 
296 123 117 0 70 81 0 90 62 342 0 28 20 71 56 379 437 572 0 0 0 0 135 120 0 68 60 
299 128 115 0 72 81 0 87 63 338 0 28 20 82 58 386 440 576 0 0 0 0 197 120 0 68 60 
298 127 119 0 73 84 0 90 64 339 0 27 19 73 60 372 444 638 0 0 0 0 163 120 0 67 60 
295 123 113 0 74 89 0 88 64 343 0 28 19 58 61 374 442 612 0 0 0 0 169 120 0 67 60 
301 122 114 0 75 88 0 88 63 341 0 30 17 66 57 361 396 622 0 0 0 0 148 120 0 67 60 
295 125 117 0 76 88 0 84 64 337 0 28 18 93 57 389 391 578 0 0 0 0 182 120 0 66 60 
294 131 114 0 76 93 0 84 64 339 0 30 19 76 57 404 446 641 0 0 0 0 159 120 0 66 60 
301 128 114 0 76 90 0 83 63 330 0 28 20 59 57 418 441 628 0 0 0 0 203 120 0 65 60 
295 123 115 0 77 90 0 83 65 326 0 29 19 50 57 370 447 675 0 0 0 0 198 120 0 65 60 
292 124 118 0 78 87 0 86 64 336 0 28 18 80 56 394 406 639 0 0 0 0 187 120 0 66 60 
298 130 115 0 78 87 0 89 65 342 0 27 18 80 57 370 448 593 0 0 0 0 156 120 0 65 60 
294 126 116 0 79 80 0 91 63 338 0 29 18 80 58 362 411 642 0 0 0 0 188 120 0 65 60 
296 123 116 0 79 77 0 87 63 337 0 22 19 59 58 415 434 597 0 0 0 0 178 120 0 66 60 
296 125 116 0 78 81 0 92 63 338 0 26 18 55 57 436 398 663 0 0 0 0 185 120 0 67 60 
299 138 118 0 78 83 0 87 62 343 0 26 21 68 59 387 403 590 0 0 0 0 158 120 0 67 60 
296 127 118 0 76 86 0 86 63 340 0 26 19 73 57 370 452 663 0 0 0 0 200 120 0 68 60 
298 120 117 0 75 91 0 89 62 337 0 27 19 75 58 327 419 612 0 0 0 0 174 120 0 68 60 
290 128 117 0 74 88 0 83 64 335 0 25 19 65 58 428 453 640 0 0 0 0 135 120 0 68 60 
296 133 117 0 73 85 0 89 63 333 0 26 20 64 57 398 421 624 0 0 0 0 181 120 0 68 60 
298 126 117 0 72 87 0 82 64 338 0 27 19 60 57 362 398 651 0 0 0 0 158 120 0 67 60 
294 126 117 0 72 79 0 90 63 343 0 25 19 65 57 404 406 625 0 0 0 0 175 120 0 67 60 
296 128 110 0 72 80 0 89 65 338 0 27 19 64 57 379 430 601 0 0 0 0 159 120 0 67 60 
298 127 114 0 72 84 0 83 64 335 0 27 20 71 58 386 413 603 0 0 0 0 132 120 0 67 60 
298 131 119 0 72 88 0 88 63 339 0 26 20 68 58 389 392 675 0 0 0 0 162 120 0 67 60 
299 126 120 0 73 81 0 84 63 346 0 26 20 60 58 389 392 627 0 0 0 0 177 120 0 67 60 
295 126 118 0 74 81 0 82 63 346 0 26 20 79 61 393 409 654 0 0 0 0 183 120 0 67 60 
297 124 117 0 74 83 0 83 64 337 0 24 20 80 60 387 384 630 0 0 0 0 181 120 0 67 60 
299 124 118 0 75 81 0 87 63 334 0 25 20 72 59 352 423 618 0 0 0 0 171 120 0 66 60 
301 125 116 0 75 82 0 89 64 338 0 24 19 50 58 370 419 608 0 0 0 0 181 120 0 66 60 
298 129 117 0 75 85 0 84 63 339 0 26 20 42 57 386 427 618 0 0 0 0 160 120 0 66 60 
298 127 116 0 76 88 0 86 63 338 0 27 18 52 60 358 407 530 0 0 0 0 174 120 0 65 60 
302 126 119 0 76 84 0 89 64 340 0 26 19 67 58 379 425 625 0 0 0 0 203 120 0 65 60 
295 128 116 0 75 80 0 88 63 344 0 26 19 68 59 384 403 591 0 0 0 0 155 120 0 65 60 
296 127 121 0 76 77 0 87 63 340 0 26 19 67 59 368 404 622 0 0 0 0 234 120 0 65 60 
295 124 115 0 75 80 0 86 63 339 0 27 18 64 58 378 404 654 0 0 0 0 136 120 0 65 60 
300 127 115 0 75 75 0 83 63 338 0 25 17 75 58 367 417 651 0 0 0 0 149 120 0 65 60 
294 131 118 0 74 86 0 85 64 330 0 26 17 68 57 392 443 610 0 0 0 0 129 120 0 65 60 
293 127 111 0 73 92 0 87 64 328 0 26 19 67 58 414 450 496 0 0 0 0 156 120 0 65 60 
295 120 111 0 72 96 0 89 65 343 0 26 18 62 59 432 427 631 0 0 0 0 150 120 0 65 60 
295 129 117 0 72 91 0 86 65 343 0 27 20 70 58 344 415 603 0 0 0 0 151 120 0 65 60 
296 128 115 0 71 90 0 92 63 338 0 28 20 71 58 374 442 556 0 0 0 0 172 120 0 66 60 
293 125 119 0 72 88 0 89 63 337 0 24 18 82 59 380 443 573 0 0 0 0 176 120 0 65 60 
293 140 112 0 72 87 0 85 62 340 0 25 18 72 58 374 437 582 0 0 0 0 168 120 0 66 60 
294 124 112 0 73 80 0 86 63 345 0 28 17 61 59 382 437 618 0 0 0 0 151 120 0 66 60 
291 125 114 0 73 76 0 82 63 340 0 28 18 64 58 392 396 626 0 0 0 0 137 120 0 67 60 
293 127 116 0 74 81 0 86 64 336 0 33 17 92 58 422 391 542 0 0 0 0 211 120 0 68 60 
291 126 119 0 74 82 0 83 64 333 0 38 19 81 59 408 443 582 0 0 0 0 167 120 0 68 60 
296 131 118 0 74 85 0 91 63 331 0 36 17 61 59 384 474 625 0 0 0 0 178 120 0 68 60 
299 121 115 0 74 81 0 86 63 335 0 37 19 48 59 353 433 506 0 0 0 0 153 120 0 68 60 
292 125 114 0 73 83 0 83 64 341 0 30 18 79 59 445 418 556 0 0 0 0 187 120 0 67 60 
296 131 118 0 73 79 0 90 65 335 0 29 16 81 58 361 408 629 0 0 0 0 197 120 0 66 60 
298 121 116 0 73 79 0 85 64 334 0 30 18 82 56 394 430 586 0 0 0 0 138 120 0 66 60 
294 120 116 0 73 79 0 88 64 340 0 31 18 61 60 374 417 588 0 0 0 0 155 120 0 65 60 
296 121 118 0 74 85 0 84 64 349 0 36 18 54 61 376 451 602 0 0 0 0 167 120 0 65 60 
296 126 114 0 74 85 0 88 63 345 0 39 20 68 62 390 411 548 0 0 0 0 160 120 0 66 60 
298 128 118 0 74 83 0 87 63 340 0 44 19 71 64 355 396 565 0 0 0 0 147 120 0 66 60 
297 124 118 0 74 80 0 86 63 338 0 38 19 76 58 342 444 623 0 0 0 0 180 120 0 66 60 
296 126 117 0 73 84 0 85 63 342 0 36 18 66 59 386 460 646 0 0 0 0 168 120 0 67 60 
295 126 116 0 74 83 0 83 63 344 0 36 18 63 58 348 414 622 0 0 0 0 196 120 0 67 60 
299 123 115 0 72 85 0 89 65 339 0 34 18 60 58 397 427 615 0 0 0 0 235 120 0 67 60 
297 128 118 0 71 90 0 91 64 341 0 36 19 65 60 347 440 617 0 0 0 0 185 120 0 68 60 
300 123 117 0 71 93 0 93 64 343 0 36 21 65 59 376 409 572 0 0 0 0 168 120 0 68 60 
299 127 116 0 72 85 0 87 64 340 0 37 20 70 62 364 432 609 0 0 0 0 225 120 0 68 60 
292 131 117 0 71 80 0 89 64 343 0 39 21 69 62 345 427 648 0 0 0 0 148 120 0 67 60 
300 127 114 0 69 81 0 88 63 339 0 34 19 59 61 346 368 643 0 0 0 0 156 120 0 66 60 
297 132 116 0 71 85 0 83 63 330 0 32 19 78 58 422 421 673 0 0 0 0 161 120 0 66 60 
294 128 116 0 70 87 0 82 63 327 0 32 19 80 59 373 421 680 0 0 0 0 160 120 0 66 60 
295 129 109 0 71 87 0 86 63 344 0 35 18 77 63 357 429 647 0 0 0 0 130 120 0 65 60 
298 125 118 0 71 88 0 84 64 344 0 39 18 52 76 405 450 641 0 0 0 0 154 120 0 65 60 
297 127 120 0 74 90 0 84 64 336 0 41 20 43 68 392 437 579 0 0 0 0 160 120 0 65 60 
295 125 118 0 74 91 0 87 64 333 0 46 19 50 60 360 431 668 0 0 0 0 153 120 0 65 60 
296 132 117 0 75 89 0 92 63 338 0 47 20 66 58 385 460 648 0 0 0 0 158 120 0 66 60 
292 127 116 0 76 91 0 89 63 343 0 48 17 69 57 336 408 662 0 0 0 0 193 120 0 66 60 
294 131 115 0 72 92 0 82 63 342 0 41 17 66 56 388 426 641 0 0 0 0 168 120 0 67 60 
297 130 115 0 76 84 0 88 63 339 0 41 17 64 58 389 428 677 0 0 0 0 206 120 0 68 60 
292 123 117 0 77 83 0 83 63 337 0 45 17 75 58 397 400 649 0 0 0 0 170 120 0 69 60 
296 125 118 0 77 85 0 87 63 336 0 46 17 66 58 424 454 659 0 0 0 0 192 120 0 69 60 
293 124 114 0 69 88 0 88 63 340 0 47 18 70 56 380 425 598 0 0 0 0 167 120 0 69 60 
289 126 118 0 70 87 0 88 63 343 0 45 17 62 58 376 423 622 0 0 0 0 153 120 0 69 60 
292 129 114 0 78 92 0 88 64 337 0 40 19 70 57 398 421 603 0 0 0 0 173 120 0 69 60 
297 129 116 0 79 94 0 85 64 335 0 38 17 69 58 426 432 518 0 0 0 0 152 120 0 69 60 
294 128 118 0 79 94 0 90 66 338 0 39 17 82 59 341 447 623 0 0 0 0 145 120 0 70 60 
299 133 111 0 78 90 0 84 65 349 0 44 18 75 57 391 425 617 0 0 0 0 168 120 0 68 60 
299 134 114 0 77 88 0 89 64 344 0 44 19 63 59 375 423 690 0 0 0 0 148 120 0 67 60 
297 124 114 0 77 88 0 87 62 338 0 39 18 65 56 365 454 596 0 0 0 0 197 120 0 67 60 
296 127 114 0 76 89 0 85 61 338 0 38 20 89 59 389 417 536 0 0 0 0 187 120 0 68 60 
303 120 111 0 76 89 0 88 63 342 0 40 20 83 58 431 438 618 0 0 0 0 141 120 0 67 60 
299 129 116 0 75 88 0 86 64 340 0 41 18 65 57 360 461 517 0 0 0 0 212 120 0 66 60 
299 127 114 0 75 89 0 89 64 338 0 38 18 46 59 425 421 542 0 0 0 0 160 120 0 66 60 
303 129 115 0 74 82 0 87 63 337 0 42 19 75 58 359 412 602 0 0 0 0 130 120 0 66 60 
298 139 118 0 74 79 0 90 63 341 0 42 17 82 58 362 414 560 0 0 0 0 156 120 0 66 60 
299 135 117 0 74 80 0 88 63 340 0 42 19 82 59 372 412 561 0 0 0 0 158 120 0 66 60 
290 130 115 0 74 86 0 86 62 342 0 45 19 64 59 373 436 590 0 0 0 0 187 120 0 66 60 
294 123 117 0 74 86 0 90 65 339 0 46 20 51 59 355 437 568 0 0 0 0 132 120 0 65 60 
297 124 118 0 75 84 0 89 64 328 0 47 20 68 58 423 404 556 0 0 0 0 147 120 0 65 60 
293 133 118 0 75 82 0 88 65 326 0 50 19 68 59 360 424 553 0 0 0 0 193 120 0 65 60 
294 125 115 0 75 81 0 81 63 340 0 46 19 75 60 387 460 553 0 0 0 0 144 120 0 65 60 
295 126 115 0 75 78 0 82 64 342 0 49 18 65 61 374 429 557 0 0 0 0 164 120 0 65 60 
293 128 116 0 75 76 0 88 64 335 0 45 18 65 58 367 418 527 0 0 0 0 198 120 0 66 60 
298 127 121 0 76 79 0 83 63 332 0 41 19 57 56 364 412 552 0 0 0 0 152 120 0 65 60 
297 119 117 0 76 87 0 86 63 336 0 42 19 63 58 385 440 565 0 0 0 0 166 120 0 65 60 
296 118 117 0 75 87 0 91 63 343 0 49 19 65 60 373 466 614 0 0 0 0 178 120 0 66 60 
295 121 116 0 74 86 0 90 63 342 0 50 19 68 59 377 428 571 0 0 0 0 141 120 0 65 60 
297 127 116 0 74 85 0 88 63 337 0 56 18 69 58 391 473 561 0 0 0 0 178 120 0 65 60 
295 128 117 0 73 81 0 88 63 336 0 55 19 59 59 343 426 544 0 0 0 0 189 120 0 65 60 
293 125 119 0 73 81 0 86 63 333 0 51 18 75 59 410 405 513 0 0 0 0 185 120 0 65 60 
299 124 121 0 72 81 0 85 64 337 0 48 18 78 59 400 432 626 0 0 0 0 157 120 0 65 60 
294 126 120 0 73 84 0 84 63 342 0 47 17 78 58 405 408 605 0 0 0 0 219 120 0 65 60 
296 126 121 0 73 85 0 90 64 337 0 50 19 55 61 385 449 615 0 0 0 0 133 120 0 66 60 
299 126 120 0 74 85 0 82 65 334 0 48 18 39 60 402 428 584 0 0 0 0 218 120 0 65 60 
296 128 118 0 73 84 0 87 64 336 0 44 18 48 58 379 443 641 0 0 0 0 162 120 0 66 60 
297 129 111 0 74 88 0 90 63 345 0 45 17 66 59 396 397 584 0 0 0 0 154 120 0 66 60 
294 126 121 0 73 91 0 85 63 346 0 41 16 68 59 377 441 519 0 0 0 0 182 120 0 65 60 
299 128 120 0 72 94 0 86 63 339 0 44 17 67 60 359 453 677 0 0 0 0 162 120 0 65 60 
298 129 123 0 72 94 0 82 63 336 0 42 18 66 59 427 433 636 0 0 0 0 208 120 0 64 60 
296 127 121 0 72 95 0 85 63 336 0 44 20 75 59 380 390 659 0 0 0 0 201 120 0 64 60 
300 133 117 0 72 92 0 84 63 340 0 46 18 66 58 384 407 629 0 0 0 0 114 120 0 65 60 
295 131 118 0 73 83 0 86 64 339 0 46 18 71 57 379 396 607 0 0 0 0 184 120 0 64 60 
296 126 118 0 73 78 0 93 64 341 0 51 17 63 59 385 393 568 0 0 0 0 178 120 0 65 60 
297 127 120 0 75 81 0 87 63 342 0 50 19 69 59 380 417 656 0 0 0 0 139 120 0 67 60 
299 124 118 0 75 78 0 88 62 340 0 49 18 68 61 362 442 692 0 0 0 0 171 120 0 68 60 
294 128 118 0 76 80 0 84 63 342 0 47 18 84 62 384 423 585 0 0 0 0 154 120 0 69 60 
296 128 116 0 76 84 0 89 63 341 0 44 19 74 59 370 468 699 0 0 0 0 157 120 0 69 60 
296 126 121 0 76 87 0 84 64 331 0 47 19 65 59 400 421 658 0 0 0 0 201 120 0 70 60 
294 132 117 0 76 84 0 84 65 328 0 52 18 64 57 393 423 632 0 0 0 0 181 120 0 69 60 
296 125 118 0 75 80 0 88 65 340 0 55 18 89 57 387 459 695 0 0 0 0 157 120 0 68 60 
294 128 115 0 73 82 0 84 65 342 0 53 18 84 60 375 433 670 0 0 0 0 170 120 0 67 60 
293 124 112 0 72 84 0 86 63 339 0 54 17 65 59 395 405 659 0 0 0 0 197 120 0 66 60 
295 123 115 0 71 87 0 90 63 333 0 50 18 46 61 357 416 651 0 0 0 0 185 120 0 66 60 
293 129 117 0 70 83 0 86 62 334 0 47 18 74 62 338 405 598 0 0 0 0 189 120 0 65 60 
297 130 117 0 71 84 0 87 63 338 0 42 20 81 61 395 417 558 0 0 0 0 182 120 0 66 60 
291 126 120 0 71 93 0 89 63 341 0 37 18 84 59 394 394 635 0 0 0 0 158 120 0 65 60 
298 134 113 0 72 89 0 88 64 334 0 34 19 62 58 377 427 735 0 0 0 0 141 120 0 66 60 
298 125 113 0 73 84 0 85 64 334 0 27 18 51 59 405 449 686 0 0 0 0 185 120 0 66 60 
295 121 116 0 75 81 0 84 63 332 0 28 18 70 61 368 450 665 0 0 0 0 198 120 0 66 60 
291 128 117 0 75 81 0 90 63 337 0 28 17 69 58 366 459 619 0 0 0 0 156 120 0 65 60 
292 121 116 0 75 78 0 84 63 341 0 26 18 74 59 326 450 616 0 0 0 0 150 120 0 65 60 
295 133 119 0 76 83 0 85 64 339 0 28 19 65 59 353 431 551 0 0 0 0 187 120 0 65 60 
299 132 117 0 76 85 0 84 64 334 0 28 19 65 60 442 411 655 0 0 0 0 153 120 0 65 60 
292 128 117 0 77 89 0 86 64 337 0 28 20 57 59 399 428 643 0 0 0 0 120 120 0 66 60 
302 127 114 0 78 86 0 89 65 348 0 33 19 62 58 396 379 649 0 0 0 0 181 120 0 65 60 
299 120 115 0 78 86 0 86 63 349 0 37 18 67 60 365 436 596 0 0 0 0 147 120 0 65 60 
293 128 115 0 79 89 0 91 63 344 0 40 19 69 59 349 413 627 0 0 0 0 153 120 0 65 60 
302 125 112 0 78 86 0 84 63 340 0 46 19 66 59 430 418 646 0 0 0 0 149 120 0 65 60 
301 125 116 0 77 85 0 84 64 337 0 52 19 61 59 395 407 587 0 0 0 0 211 120 0 65 60 
300 124 118 0 76 78 0 84 62 341 0 50 19 78 57 398 436 612 0 0 0 0 162 120 0 65 60 
299 127 116 0 75 77 0 87 64 338 0 41 19 77 59 418 434 639 0 0 0 0 144 120 0 65 60 
294 130 117 0 73 78 0 88 64 339 0 36 18 75 60 395 401 572 0 0 0 0 155 120 0 65 60 
300 123 114 0 72 81 0 83 64 345 0 28 17 52 59 383 412 543 0 0 0 0 184 120 0 64 60 
298 125 116 0 72 84 0 92 64 342 0 28 17 41 58 352 428 583 0 0 0 0 197 120 0 64 60 
294 126 117 0 72 91 0 86 63 344 0 30 18 50 58 373 411 669 0 0 0 0 183 120 0 64 60 
293 127 118 0 72 91 0 93 64 340 0 30 17 68 60 395 399 620 0 0 0 0 188 120 0 65 60 
297 129 117 0 72 86 0 89 63 333 0 33 18 68 58 377 407 605 0 0 0 0 161 120 0 64 60 
296 128 116 0 73 83 0 87 64 326 0 36 19 65 60 416 407 574 0 0 0 0 173 120 0 64 60 
295 125 116 0 73 88 0 89 63 336 0 36 20 68 59 391 415 576 0 0 0 0 164 120 0 64 60 
293 124 114 0 74 88 0 86 64 345 0 46 18 75 58 383 396 474 0 0 0 0 176 120 0 65 60 
297 123 116 0 75 90 0 86 63 338 0 44 20 65 59 395 395 566 0 0 0 0 137 120 0 65 60 
293 123 113 0 75 90 0 83 63 336 0 40 19 71 59 373 447 611 0 0 0 0 177 120 0 65 60 
296 127 115 0 76 89 0 84 64 337 0 39 16 65 58 352 417 634 0 0 0 0 205 120 0 65 60 
294 136 117 0 76 88 0 85 63 339 0 40 18 68 59 398 437 612 0 0 0 0 117 120 0 66 60 
291 128 117 0 75 82 0 84 63 344 0 40 19 72 59 378 399 625 0 0 0 0 151 120 0 66 60 
298 127 115 0 76 76 0 86 63 338 0 38 18 85 60 376 451 542 0 0 0 0 152 120 0 66 60 
297 131 113 0 75 77 0 91 63 339 0 42 18 72 62 373 390 568 0 0 0 0 154 120 0 65 60 
297 129 112 0 76 82 0 90 62 333 0 40 19 59 61 336 439 657 0 0 0 0 192 120 0 66 60 
296 127 115 0 76 87 0 86 62 334 0 37 19 67 60 399 435 582 0 0 0 0 210 120 0 65 60 
298 128 116 0 75 94 0 83 62 339 0 37 20 92 59 358 409 648 0 0 0 0 177 120 0 65 60 
302 126 115 0 74 94 0 86 63 338 0 42 20 78 57 344 438 646 0 0 0 0 186 120 0 65 60 
296 126 114 0 73 91 0 85 64 333 0 41 21 62 59 409 437 567 0 0 0 0 171 120 0 65 60 
300 126 113 0 72 90 0 87 64 332 0 46 19 48 58 399 458 615 0 0 0 0 166 120 0 66 60 
299 130 116 0 71 95 0 89 64 342 0 46 19 77 59 388 412 610 0 0 0 0 166 120 0 66 60 
298 126 117 0 71 96 0 84 64 347 0 43 18 79 59 428 423 694 0 0 0 0 174 120 0 65 60 
297 128 115 0 71 85 0 88 63 341 0 40 18 83 59 400 388 654 0 0 0 0 154 120 0 65 60 
297 130 115 0 72 78 0 88 62 336 0 40 18 58 60 359 412 653 0 0 0 0 162 120 0 66 60 
299 133 112 0 72 78 0 88 62 339 0 39 17 52 60 412 421 602 0 0 0 0 155 120 0 66 60 
298 130 111 0 74 76 0 84 63 343 0 34 18 70 59 403 440 630 0 0 0 0 166 120 0 65 60 
297 130 115 0 74 77 0 86 63 344 0 33 19 71 59 372 475 584 0 0 0 0 148 120 0 66 60 
297 128 110 0 74 83 0 88 63 339 0 35 19 72 58 389 455 588 0 0 0 0 173 120 0 65 60 
299 127 116 0 74 90 0 83 63 344 0 39 19 67 59 413 419 639 0 0 0 0 160 120 0 65 60 
296 124 111 0 73 91 0 88 63 342 0 39 23 65 61 377 400 627 0 0 0 0 178 120 0 65 60 
294 125 113 0 73 87 0 87 63 343 0 39 18 57 59 324 453 693 0 0 0 0 172 120 0 66 60 
298 134 116 0 72 85 0 90 64 340 0 34 17 63 60 377 407 685 0 0 0 0 162 120 0 65 60 
295 130 114 0 73 85 0 92 64 336 0 30 19 67 59 373 429 574 0 0 0 0 182 120 0 65 60 
293 117 117 0 72 83 0 86 64 328 0 31 18 72 58 395 436 638 0 0 0 0 152 120 0 66 60 
296 122 112 0 74 81 0 89 64 333 0 29 19 65 58 353 386 682 0 0 0 0 157 120 0 65 60 
294 122 117 0 74 84 0 85 64 344 0 30 20 61 60 382 383 633 0 0 0 0 183 120 0 65 60 
293 135 113 0 75 87 0 87 64 343 0 27 19 82 61 337 380 571 0 0 0 0 145 120 0 64 60 
290 126 116 0 76 84 0 87 63 336 0 28 21 77 61 370 462 625 0 0 0 0 171 120 0 64 60 
296 128 113 0 75 79 0 84 64 335 0 29 21 74 61 371 440 521 0 0 0 0 150 120 0 64 60 
296 127 116 0 75 81 0 82 62 335 0 28 20 52 61 360 422 582 0 0 0 0 147 120 0 64 60 
293 127 117 0 75 83 0 85 64 340 0 33 20 41 57 418 446 660 0 0 0 0 163 120 0 64 60 
295 127 117 0 74 84 0 87 62 336 0 36 20 51 58 427 428 692 0 0 0 0 127 120 0 63 60 
292 122 116 0 73 87 0 88 61 333 0 39 21 70 58 398 396 615 0 0 0 0 150 120 0 63 60 
295 124 114 0 72 89 0 89 63 333 0 42 20 69 58 393 396 557 0 0 0 0 214 120 0 64 60 
291 125 116 0 73 91 0 93 62 333 0 43 21 63 60 354 400 589 0 0 0 0 169 120 0 64 60 
294 130 118 0 71 83 0 86 63 340 0 46 20 68 63 375 414 462 0 0 0 0 186 120 0 64 60 
298 122 118 0 72 78 0 85 64 341 0 45 19 77 62 367 412 570 0 0 0 0 175 120 0 65 60 
297 132 119 0 73 78 0 89 64 335 0 42 20 63 59 370 425 521 0 0 0 0 185 120 0 65 60 
293 115 120 0 73 80 0 86 64 336 0 42 20 70 58 401 384 642 0 0 0 10 197 120 0 65 60 
292 121 118 0 73 79 0 86 64 342 0 47 20 64 59 352 432 596 0 0 0 0 188 120 0 65 60 
298 127 117 0 74 80 0 84 63 349 0 48 20 68 60 427 433 567 0 0 0 0 198 120 0 66 60 
299 125 119 0 73 84 0 85 62 344 0 48 19 69 60 403 432 600 0 0 0 0 201 120 0 65 60 
298 126 112 0 74 87 0 86 62 337 0 47 19 83 61 402 459 566 0 0 0 0 179 120 0 65 60 
301 130 118 0 75 88 0 86 63 337 0 48 19 72 59 398 421 591 0 0 0 0 139 120 0 66 60 
295 119 118 0 75 83 0 88 63 337 0 48 18 58 59 406 398 535 0 0 0 0 208 120 0 65 60 
296 125 123 0 76 86 0 84 64 340 0 43 19 66 60 381 396 527 0 0 0 0 192 120 0 65 60 
296 127 117 0 77 89 0 84 64 338 0 47 20 93 60 392 412 528 0 0 0 0 195 120 0 65 60 
298 123 117 0 78 93 0 82 63 342 0 43 20 77 60 405 440 588 0 0 0 0 133 120 0 65 60 
294 133 118 0 79 91 0 86 63 345 0 42 19 63 60 370 391 575 0 0 0 0 159 120 0 65 60 
298 129 117 0 79 92 0 87 63 341 0 42 19 50 60 420 477 516 0 0 0 0 138 120 0 66 60 
296 125 121 0 79 86 0 87 64 339 0 43 19 74 59 367 420 617 0 0 0 0 173 120 0 65 60 
298 128 118 0 78 77 0 91 64 337 0 44 18 79 59 360 408 570 0 0 0 0 179 120 0 65 60 
293 126 119 0 77 74 0 82 65 327 0 49 17 84 61 373 379 552 0 0 0 0 188 120 0 65 60 
292 137 113 0 76 79 0 93 64 329 0 46 19 60 59 396 451 476 0 0 0 0 154 120 0 65 60 
297 125 121 0 76 78 0 88 65 340 0 47 20 51 58 357 418 602 0 0 0 0 187 120 0 66 60 
296 123 114 0 75 78 0 87 64 344 0 40 19 69 58 398 383 633 0 0 0 0 179 120 0 66 60 
295 124 120 0 74 82 0 82 63 336 0 36 18 72 58 367 402 595 0 0 0 0 193 120 0 65 60 
296 127 117 0 74 87 0 82 63 332 0 38 18 73 58 399 452 640 0 0 0 0 167 120 0 65 60 
294 129 111 0 74 86 0 88 64 333 0 36 18 65 59 402 412 568 0 0 0 0 123 120 0 65 60 
293 132 112 0 74 80 0 82 64 340 0 36 18 65 58 415 388 587 0 0 0 0 141 120 0 66 60 
291 130 119 0 73 79 0 89 63 340 0 40 16 57 59 392 420 585 0 0 0 0 225 120 0 66 60 
292 122 118 0 72 81 0 84 63 336 0 44 17 62 59 371 450 629 0 0 0 0 126 120 0 65 60 
297 128 117 0 72 82 0 87 63 334 0 37 17 65 59 450 449 585 0 0 0 0 162 120 0 66 60 
296 124 115 0 73 80 0 89 64 332 0 32 17 70 60 377 399 675 0 0 0 0 160 120 0 65 60 
294 125 115 0 72 83 0 89 63 338 0 35 19 67 60 363 437 663 0 0 0 0 188 120 0 65 60 
297 128 118 0 72 84 0 90 64 343 0 37 18 58 60 412 384 612 0 0 0 0 167 120 0 65 60 
302 129 114 0 72 78 0 83 65 336 0 36 19 81 61 361 395 598 0 0 0 0 158 120 0 64 60 
296 125 115 0 73 76 0 83 64 333 0 41 19 77 65 400 455 557 0 0 0 0 170 120 0 64 60 
301 128 117 0 74 79 0 88 63 338 0 40 20 71 65 349 442 684 0 0 0 0 244 120 0 64 60 
298 133 113 0 74 86 0 81 62 348 0 40 19 51 60 404 414 626 0 0 0 0 178 120 0 63 60 
296 134 118 0 74 83 0 87 63 346 0 34 19 42 59 335 449 704 0 0 0 0 129 120 0 63 60 
294 122 117 0 75 84 0 88 63 340 0 31 19 49 58 386 465 616 0 0 0 0 148 120 0 62 60 
296 121 114 0 74 83 0 91 64 338 0 31 17 67 58 355 447 619 0 0 0 0 149 120 0 62 60 
301 121 118 0 74 89 0 89 63 337 0 29 18 67 59 384 421 666 0 0 0 0 126 120 0 61 60 
301 126 115 0 73 91 0 87 63 341 0 30 17 62 58 375 409 666 0 0 0 0 177 120 0 62 60 
299 128 118 0 72 92 0 90 63 337 0 28 18 67 59 392 409 659 0 0 0 0 151 120 0 63 60 
299 126 116 0 72 89 0 80 63 340 0 28 17 75 56 392 456 568 0 0 0 0 146 120 0 64 60 
296 129 119 0 72 86 0 88 63 344 0 29 17 64 59 384 404 628 0 0 0 0 222 120 0 65 60 
295 127 114 0 72 79 0 88 64 339 0 29 18 68 59 387 361 619 0 0 0 0 208 120 0 65 60 
294 123 119 0 73 77 0 84 64 342 0 29 20 66 60 356 403 656 0 0 0 0 177 120 0 65 60 
296 131 118 0 74 81 0 85 63 341 0 28 18 67 59 421 421 614 0 0 0 0 148 120 0 65 60 
295 125 119 0 73 81 0 89 63 331 0 28 18 71 58 440 443 627 0 0 0 0 165 120 0 65 60 
294 119 118 0 74 81 0 95 63 329 0 29 18 86 58 371 480 685 0 0 0 0 119 120 0 65 60 
299 125 115 0 73 83 0 87 63 340 0 31 18 71 56 385 455 588 0 0 0 0 145 120 0 66 60 
295 127 113 0 71 87 0 94 62 348 0 33 19 58 59 378 428 630 0 0 0 0 140 120 0 65 60 
294 129 115 0 72 87 0 88 63 339 0 31 19 70 60 389 439 502 0 0 0 0 135 120 0 66 60 
295 132 118 0 71 85 0 83 63 337 0 33 19 95 58 338 406 599 0 0 0 0 168 120 0 66 60 
292 117 115 0 71 84 0 86 63 336 0 31 20 73 60 418 444 690 0 0 0 0 190 120 0 65 60 
296 120 117 0 72 87 0 83 64 341 0 29 19 58 58 351 474 633 0 0 0 0 145 120 0 66 60 
296 125 116 0 73 86 0 87 63 340 0 29 19 56 58 391 383 594 0 0 0 0 140 120 0 66 60 
294 124 116 0 74 87 0 81 62 337 0 28 19 79 60 356 373 590 0 0 0 0 177 120 0 65 60 
296 125 114 0 75 86 0 85 61 333 0 30 19 79 60 393 399 610 0 0 0 0 158 120 0 65 60 
297 125 116 0 76 88 0 86 62 332 0 31 18 84 61 342 409 590 0 0 0 0 183 120 0 65 60 
293 132 119 0 76 87 0 85 61 335 0 31 19 55 62 399 419 636 0 0 0 0 190 120 0 65 60 
298 128 117 0 76 86 0 93 62 341 0 30 21 58 63 375 456 591 0 0 0 0 159 120 0 65 60 
299 125 119 0 75 87 0 86 64 333 0 28 21 70 56 417 466 615 0 0 0 0 179 120 0 65 60 
294 131 118 0 75 92 0 84 64 331 0 29 20 76 60 387 432 543 0 0 0 0 187 120 0 66 60 
301 133 116 0 73 90 0 85 64 337 0 27 18 72 57 387 399 609 0 0 0 0 192 120 0 65 60 
297 128 116 0 72 85 0 85 63 348 0 26 19 67 59 349 432 562 0 0 0 0 171 120 0 65 60 
294 132 118 0 70 83 0 85 64 349 0 27 18 63 61 386 381 619 0 0 0 0 180 120 0 65 60 
299 126 118 0 70 80 0 86 63 339 0 29 19 59 61 382 406 556 0 0 0 0 220 120 0 65 60 
304 127 120 0 70 78 0 88 63 338 0 27 19 65 62 382 450 571 0 0 0 0 167 120 0 66 60 
301 127 115 0 71 79 0 85 63 337 0 27 18 68 59 402 452 602 0 0 0 0 147 120 0 65 60 
301 122 110 0 72 86 0 86 63 341 0 26 18 73 57 384 459 525 0 0 0 0 173 120 0 65 60 
297 125 114 0 72 90 0 92 63 340 0 32 18 60 59 366 408 618 0 0 0 0 142 120 0 65 60 
296 131 113 0 74 85 0 87 62 342 0 29 18 65 60 407 419 560 0 0 0 0 187 120 0 65 60 
298 127 110 0 74 79 0 86 62 349 0 30 18 82 63 405 418 542 0 0 0 0 177 120 0 65 60 
290 134 110 0 75 82 0 84 64 344 0 31 19 78 68 393 442 627 0 0 0 0 176 120 0 65 60 
296 125 107 0 76 83 0 85 65 342 0 31 18 67 72 364 438 626 0 0 0 0 184 120 0 66 60 
294 132 106 0 77 84 0 87 64 340 0 31 20 43 60 397 439 576 0 0 0 0 190 120 0 65 60 
292 124 110 0 78 82 0 86 65 330 0 29 18 42 58 387 460 505 0 0 0 0 154 120 0 66 60 
295 126 110 0 79 85 0 93 61 328 0 26 18 54 60 403 413 640 0 0 0 0 159 120 0 67 60 
292 125 110 0 79 86 0 90 64 338 0 26 17 71 58 363 405 617 0 0 0 0 194 120 0 67 60 
295 131 107 0 79 85 0 90 64 344 0 26 17 68 59 465 400 643 0 0 0 0 162 120 0 66 60 
295 125 109 0 79 83 0 87 66 336 0 26 17 62 57 403 377 611 0 0 0 0 149 120 0 67 60 
296 125 105 0 77 89 0 87 65 334 0 27 17 73 56 401 458 587 0 0 0 0 167 120 0 67 60 
293 132 107 0 75 90 0 90 58 336 0 26 19 72 58 396 427 578 0 0 0 0 126 120 0 66 60 
293 136 110 0 75 87 0 83 63 342 0 28 18 66 57 364 426 548 0 0 0 0 171 120 0 65 60 
294 130 112 0 74 87 0 87 61 342 0 28 19 66 58 387 411 629 0 0 0 0 203 120 0 65 60 
293 128 107 0 72 85 0 81 61 336 0 30 18 68 58 357 419 625 0 0 0 0 176 120 0 66 60 
296 118 107 0 71 85 0 83 62 333 0 31 18 65 58 378 411 699 0 0 0 0 169 120 0 65 60 
299 125 106 0 72 83 0 86 64 332 0 27 18 76 60 351 443 648 0 0 0 0 196 120 0 65 60 
292 133 106 0 72 87 0 85 64 338 0 30 18 84 65 373 454 618 0 0 0 0 155 120 0 65 60 
301 128 107 0 73 88 0 87 65 343 0 30 19 71 60 358 397 567 0 0 0 0 162 120 0 65 60 
296 130 106 0 74 92 0 88 65 340 0 26 19 57 57 394 431 564 0 0 0 0 138 120 0 65 60 
299 125 105 0 74 84 0 91 65 337 0 26 19 76 57 411 419 653 0 0 0 0 137 120 0 65 60 
297 121 109 0 74 87 0 88 64 338 0 29 19 95 56 378 466 607 0 0 0 0 201 120 0 65 60 
294 121 110 0 74 89 0 86 63 347 0 25 19 70 59 371 450 699 0 0 0 0 156 120 0 66 60 
299 124 109 0 74 82 0 89 64 344 0 27 19 53 62 397 429 586 0 0 0 0 149 120 0 66 60 
295 126 105 0 75 81 0 85 63 339 0 26 18 62 68 355 416 614 0 0 0 0 150 120 0 65 60 
302 127 108 0 76 84 0 84 65 336 0 27 18 82 62 366 400 600 0 0 0 0 154 120 0 65 60 
296 131 108 0 76 87 0 85 64 337 0 28 19 78 58 365 404 617 0 0 0 0 152 120 0 66 60 
297 125 106 0 76 85 0 88 64 339 0 27 18 77 58 376 394 681 0 0 0 0 215 120 0 67 60 
301 123 103 0 76 83 0 89 63 337 0 30 18 52 58 401 420 570 0 0 0 0 176 120 0 68 60 
300 124 107 0 76 83 0 83 63 335 0 30 18 60 57 401 407 640 0 0 0 0 177 120 0 68 60 
299 123 108 0 76 91 0 87 63 341 0 27 18 69 58 427 402 509 0 0 0 0 155 120 0 69 60 
294 132 107 0 75 90 0 82 64 341 0 28 18 77 58 363 436 625 0 0 0 0 172 120 0 68 60 
296 128 107 0 75 87 0 81 63 343 0 28 18 69 56 391 452 635 0 0 0 0 172 120 0 67 60 
294 129 107 0 74 87 0 86 63 339 0 32 19 68 57 351 413 595 0 0 0 0 164 120 0 67 60 
292 119 107 0 73 84 0 83 64 332 0 30 18 59 57 380 420 670 0 0 0 0 137 120 0 66 60 
294 124 106 0 73 77 0 90 64 330 0 34 20 60 58 401 447 561 0 0 0 0 156 120 0 66 60 
296 122 108 0 72 75 0 87 65 335 0 35 19 64 59 357 457 581 0 0 0 0 191 120 0 65 60 
291 125 106 0 72 77 0 87 65 345 0 35 19 66 60 398 431 488 0 0 0 0 176 120 0 65 60 
294 119 108 0 73 81 0 88 64 341 0 36 18 75 58 408 398 524 0 0 0 0 191 120 0 66 60 
294 126 104 0 74 82 0 89 64 336 0 36 17 57 59 351 423 521 0 0 0 0 151 120 0 65 60 
292 126 107 0 75 85 0 89 63 338 0 34 18 67 60 379 388 647 0 0 0 0 171 120 0 65 60 
294 128 109 0 76 88 0 80 63 339 0 34 18 81 58 365 387 581 0 0 0 0 145 120 0 65 60 
294 132 104 0 75 86 0 86 63 343 0 31 18 80 59 389 411 527 0 0 0 0 185 120 0 66 60 
294 126 112 0 74 83 0 86 64 339 0 31 18 64 58 383 402 572 0 0 0 0 204 120 0 67 60 
298 127 103 0 73 77 0 87 64 333 0 30 20 40 58 392 444 537 0 0 0 0 190 120 0 67 60 
297 128 100 0 74 86 0 90 64 333 0 26 17 42 60 374 385 566 0 0 0 0 161 120 0 67 60 
295 122 102 0 73 88 0 89 64 332 0 30 19 59 58 385 428 538 0 0 0 0 176 120 0 68 60 
299 128 106 0 74 88 0 90 64 341 0 30 18 69 59 398 421 591 0 0 0 0 198 120 0 68 60 
297 129 107 0 74 83 0 87 64 339 0 31 20 67 58 337 439 480 0 0 0 0 174 120 0 68 60 
298 126 106 0 75 87 0 90 63 332 0 32 18 62 58 398 424 583 0 0 0 0 170 120 0 67 60 
301 127 102 0 76 86 0 88 63 337 0 33 19 74 56 415 402 594 0 0 0 0 82 120 0 67 60 
299 125 106 0 75 85 0 85 64 345 0 34 17 71 57 389 445 533 0 0 0 0 159 120 0 66 60 
297 127 106 0 74 85 0 86 63 345 0 32 18 65 59 362 378 586 0 0 0 0 155 120 0 67 60 
304 127 105 0 75 85 0 88 64 336 0 31 18 64 60 362 455 571 0 0 0 0 174 120 0 65 60 
295 124 105 0 75 85 0 88 63 336 0 35 18 69 60 372 444 479 0 0 0 0 183 120 0 65 60 
301 125 106 0 73 79 0 84 62 340 0 35 18 65 61 426 436 520 0 0 0 0 165 120 0 65 60 
298 126 105 0 73 76 0 88 63 335 0 37 18 80 60 353 423 600 0 0 0 0 189 120 0 65 60 
299 126 107 0 73 81 0 88 63 340 0 38 19 77 58 384 454 563 0 0 0 0 192 120 0 65 60 
296 130 106 0 72 83 0 85 64 335 0 38 19 66 57 362 421 544 0 0 0 0 186 120 0 65 60 
296 128 103 0 72 83 0 89 63 340 0 37 17 61 58 363 404 622 0 0 0 0 188 120 0 65 60 
297 130 104 0 72 86 0 87 64 341 0 35 18 87 59 424 422 580 0 0 0 0 142 120 0 65 60 
296 129 104 0 72 87 0 83 63 340 0 41 18 90 60 337 407 578 0 0 0 0 163 120 0 65 60 
295 126 106 0 72 86 0 85 64 328 0 41 17 65 62 406 403 575 0 0 0 0 151 120 0 65 60 
297 121 108 0 73 83 0 89 63 331 0 40 17 47 61 385 414 599 0 0 0 0 143 120 0 65 60 
295 126 104 0 73 88 0 86 62 331 0 39 18 77 60 406 412 616 0 0 0 0 138 120 0 65 60 
298 127 105 0 74 94 0 81 63 339 0 41 20 82 56 363 418 666 0 0 0 0 189 120 0 65 60 
290 132 105 0 74 96 0 94 63 345 0 33 18 84 58 376 400 619 0 0 0 0 173 120 0 65 60 
295 129 107 0 74 94 0 89 64 342 0 31 19 64 58 385 392 606 0 0 0 0 181 120 0 66 60 
294 134 107 0 75 92 0 92 64 336 0 31 20 51 59 367 434 574 0 0 0 0 135 120 0 66 60 
297 128 104 0 75 87 0 89 64 339 0 34 18 66 60 399 437 537 0 0 0 0 161 120 0 66 60 
293 119 107 0 76 80 0 91 65 341 0 38 19 71 58 362 423 599 0 0 0 0 211 120 0 66 60 
296 126 107 0 76 77 0 90 63 342 0 45 18 76 58 360 474 643 0 0 0 0 157 120 0 65 60 
294 134 104 0 78 81 0 80 63 337 0 47 19 65 60 411 442 649 0 0 0 0 161 120 0 66 60 
292 125 110 0 78 84 0 86 62 333 0 50 18 64 60 389 402 596 0 0 0 0 178 120 0 65 60 
295 131 102 0 78 80 0 88 63 333 0 46 18 59 60 358 396 619 0 0 0 0 219 120 0 65 60 
294 123 103 0 78 81 0 82 63 336 0 44 18 65 60 384 460 577 0 0 0 0 202 120 0 65 60 
295 126 107 0 77 74 0 83 64 341 0 42 17 65 59 397 445 665 0 0 0 0 165 120 0 65 60 
299 121 104 0 75 83 0 84 63 338 0 40 17 72 60 375 391 632 0 0 0 0 163 120 0 66 60 
302 120 109 0 76 82 0 89 64 335 0 36 18 68 59 360 406 557 0 0 0 0 213 120 0 65 60 
300 130 104 0 75 88 0 89 63 336 0 34 18 61 59 412 390 665 0 0 0 0 197 120 0 66 60 
295 126 105 0 75 87 0 87 65 347 0 37 19 82 60 381 428 646 0 0 0 0 158 120 0 66 60 
295 130 105 0 75 80 0 86 65 348 0 32 18 83 59 388 410 603 0 0 0 0 159 120 0 65 60 
299 124 103 0 73 76 0 83 64 343 0 33 19 74 59 373 401 635 0 0 0 0 178 120 0 65 60 
302 121 107 0 73 75 0 88 62 336 0 34 18 46 59 351 432 659 0 0 0 0 185 120 0 65 60 
299 123 106 0 73 77 0 86 61 339 0 31 17 43 60 388 405 660 0 0 0 0 188 120 0 66 60 
299 123 106 0 73 79 0 86 63 341 0 35 17 55 58 394 424 623 0 0 0 0 184 120 0 66 60 
294 122 102 0 72 81 0 89 63 339 0 40 16 69 59 389 444 655 0 0 0 0 153 120 0 66 60 
298 128 107 0 71 83 0 89 63 338 0 49 17 67 58 387 435 460 0 0 0 0 170 120 0 65 60 
297 126 105 0 72 91 0 85 64 340 0 54 18 64 59 392 454 585 0 0 0 0 167 120 0 66 60 
297 130 103 0 72 89 0 86 64 340 0 55 17 69 59 342 394 660 0 0 0 0 160 120 0 65 60 
296 128 106 0 72 86 0 87 63 342 0 56 16 74 59 336 402 653 0 0 0 0 143 120 0 66 60 
297 132 105 0 73 89 0 87 63 341 0 52 18 67 59 362 421 639 0 0 0 0 145 120 0 65 60 
294 126 109 0 74 92 0 83 64 332 0 43 17 68 58 410 435 579 0 0 0 0 172 120 0 66 60 
293 127 104 0 74 89 0 88 63 327 0 38 17 65 59 395 407 572 0 0 0 0 221 120 0 66 60 
295 121 104 0 74 87 0 86 65 336 0 36 17 67 60 341 434 559 0 0 0 0 144 120 0 66 60 
292 127 104 0 74 85 0 85 64 343 0 37 18 78 61 435 451 611 0 0 0 0 159 120 0 65 60 
292 130 104 0 75 87 0 89 64 341 0 39 18 84 60 339 440 603 0 0 0 0 172 120 0 65 60 
296 127 106 0 75 93 0 88 64 332 0 43 20 72 56 350 412 612 0 0 0 0 154 120 0 65 60 
292 128 102 0 73 93 0 91 64 336 0 47 17 61 58 426 433 563 0 0 0 0 245 120 0 65 60 
292 133 104 0 73 96 0 84 63 339 0 48 17 74 59 360 408 599 0 0 0 0 156 120 0 65 60 
294 128 102 0 72 91 0 91 62 343 0 45 17 97 58 375 395 578 0 0 0 0 157 120 0 66 60 
293 125 103 0 72 88 0 90 62 339 0 41 17 72 59 402 431 586 0 0 0 0 173 120 0 66 60 
298 126 104 0 72 81 0 86 62 336 0 38 17 51 59 349 451 582 0 0 0 0 142 120 0 66 60 
296 125 107 0 73 77 0 87 63 336 0 36 18 60 58 394 421 605 0 0 0 0 119 120 0 66 60 
293 129 102 0 74 75 0 79 63 337 0 40 18 82 60 376 452 596 0 0 0 0 223 120 0 67 60 
295 125 105 0 74 72 0 84 64 342 0 41 18 80 60 421 370 527 0 0 0 0 173 120 0 67 60 
299 127 106 0 74 78 0 83 64 339 0 48 18 75 61 359 380 585 0 0 0 0 145 120 0 67 60 
296 134 103 0 74 82 0 88 63 333 0 47 18 51 58 350 434 613 0 0 0 0 177 120 0 67 60 
301 130 105 0 73 81 0 92 63 335 0 41 18 65 59 341 424 589 0 0 0 0 142 120 0 67 60 
297 127 106 0 72 82 0 90 63 343 0 39 18 68 58 381 425 600 0 0 0 0 212 120 0 66 60 
302 124 106 0 71 77 0 90 63 349 0 40 18 77 58 423 433 584 0 0 0 0 179 120 0 66 60 
298 130 106 0 71 80 0 86 63 339 0 41 19 68 60 416 443 591 0 0 0 0 163 120 0 66 60 
303 124 106 0 71 82 0 86 64 335 0 41 20 68 60 362 413 593 0 0 0 0 196 120 0 65 60 
299 133 103 0 73 79 0 85 63 338 0 36 18 58 60 431 452 585 0 0 0 0 175 120 0 65 60 
297 129 108 0 73 81 0 88 63 339 0 33 17 59 60 379 414 668 0 0 0 0 196 120 0 65 60 
299 135 109 0 75 83 0 85 62 339 0 35 18 64 60 379 445 672 0 0 0 0 176 120 0 66 60 
293 130 108 0 75 83 0 85 63 337 0 32 18 67 60 392 453 622 0 0 0 0 195 120 0 67 60 
299 139 108 0 76 80 0 88 64 341 0 33 19 73 59 354 446 635 0 0 0 0 169 120 0 68 60 
293 119 109 0 76 82 0 88 65 342 0 30 20 58 61 378 355 624 0 0 0 0 130 120 0 68 60 
296 123 109 0 76 84 0 85 64 341 0 29 19 71 62 406 412 593 0 0 0 0 141 120 0 68 60 
290 126 106 0 74 86 0 91 63 339 0 31 18 79 62 336 426 655 0 0 0 0 156 120 0 67 60 
296 126 107 0 74 83 0 85 63 335 0 34 17 81 63 362 424 702 0 0 0 0 140 120 0 67 60 
294 128 108 0 73 85 0 80 63 327 0 34 17 61 57 392 384 694 0 0 0 0 191 120 0 66 60 
296 132 109 0 71 87 0 80 64 338 0 37 17 39 57 368 404 655 0 0 0 0 154 120 0 66 60 
298 121 104 0 71 86 0 86 65 342 0 43 18 45 55 402 414 682 0 0 0 0 163 120 0 65 60 
294 117 102 0 70 85 0 91 65 342 0 44 19 63 56 415 422 668 0 0 0 0 168 120 0 66 60 
294 121 105 0 71 87 0 83 64 336 0 45 18 70 59 354 402 641 0 0 0 0 190 120 0 65 60 
292 125 109 0 72 88 0 88 63 335 0 45 20 67 60 373 441 708 0 0 0 0 204 120 0 65 60 
293 128 109 0 73 84 0 86 62 338 0 38 18 64 63 391 416 653 0 0 0 0 121 120 0 65 60 
298 126 108 0 73 82 0 89 63 341 0 35 16 76 59 386 393 635 0 0 0 0 149 120 0 65 60 
296 121 109 0 74 81 0 86 64 334 0 36 18 67 59 390 423 633 0 0 0 0 160 120 0 65 60 
301 134 108 0 74 84 0 84 64 334 0 38 17 68 59 396 427 646 0 0 0 0 177 120 0 64 60 
289 127 107 0 75 83 0 88 64 330 0 46 19 64 60 416 434 648 0 0 0 0 152 120 0 64 60 
295 125 104 0 75 87 0 82 64 334 0 52 19 70 61 348 421 723 0 0 0 0 193 120 0 64 60 
301 121 108 0 77 85 0 89 63 339 0 51 19 67 59 372 442 673 0 0 0 0 163 120 0 64 60 
297 132 110 0 77 88 0 88 64 338 0 51 19 83 60 409 437 614 0 0 0 0 169 120 0 64 60 
295 126 106 0 78 85 0 87 65 333 0 45 19 78 58 411 427 648 0 0 0 0 130 120 0 64 60 
298 127 111 0 79 84 0 88 64 337 0 41 18 67 59 393 418 566 0 0 0 0 181 120 0 65 60 
297 134 108 0 78 85 0 86 64 343 0 38 19 64 59 396 408 634 0 0 0 0 142 120 0 65 60 
294 128 107 0 76 85 0 88 64 348 0 39 20 87 60 365 430 645 0 0 0 0 191 120 0 65 60 
297 133 109 0 76 85 0 86 64 342 0 42 20 86 59 375 421 675 0 0 0 0 176 120 0 65 60 
299 123 102 0 75 86 0 87 63 338 0 49 19 66 60 376 452 607 0 0 0 0 211 120 0 65 60 
301 121 104 0 75 87 0 87 63 336 0 52 19 46 59 382 467 589 0 0 0 0 182 120 0 65 60 
301 125 102 0 74 80 0 87 62 342 0 49 19 74 60 401 418 648 0 0 0 0 183 120 0 65 60 
296 132 110 0 73 82 0 89 63 340 0 45 18 82 60 351 383 573 0 0 0 0 162 120 0 65 60 
302 126 107 0 73 81 0 83 64 338 0 45 18 83 60 400 421 600 0 0 0 0 188 120 0 65 60 
300 126 107 0 73 88 0 87 64 344 0 44 17 66 60 348 439 578 0 0 0 0 154 120 0 65 60 
297 126 106 0 73 82 0 87 64 342 0 41 19 50 58 377 416 668 0 0 0 0 211 120 0 64 60 
293 137 102 0 73 75 0 90 63 341 0 43 17 68 59 321 385 584 0 0 0 0 157 120 0 65 60 
293 126 106 0 73 76 0 85 63 342 0 48 18 69 59 339 438 620 0 0 0 0 167 120 0 65 60 
292 121 104 0 72 82 0 87 62 333 0 48 17 77 58 355 423 586 0 0 0 0 158 120 0 65 60 
296 129 106 0 72 82 0 88 63 328 0 52 16 67 59 384 438 576 0 0 0 0 139 120 0 65 60 
292 127 108 0 74 86 0 82 64 336 0 53 17 67 59 397 452 592 0 0 0 0 153 120 0 65 60 
293 129 106 0 75 91 0 84 63 341 0 51 17 57 58 401 403 563 0 0 0 0 243 120 0 65 60 
290 124 107 0 75 89 0 89 65 338 0 50 18 64 57 377 445 566 0 0 0 0 151 120 0 66 60 
296 128 105 0 75 81 0 84 64 335 0 46 19 66 59 382 445 472 0 0 0 0 164 120 0 65 60 
292 131 106 0 76 74 0 89 63 335 0 47 16 67 59 393 411 609 0 0 0 0 175 120 0 65 60 
294 126 106 0 76 80 0 92 63 341 0 51 17 69 59 377 397 594 0 0 0 0 189 120 0 65 60 
295 120 106 0 76 83 0 94 64 342 0 48 17 58 58 338 424 613 0 0 0 0 114 120 0 65 60 
298 127 104 0 75 87 0 90 63 339 0 46 16 75 58 359 367 621 0 0 0 0 187 120 0 65 60 
300 125 102 0 75 83 0 89 64 334 0 45 16 77 60 409 399 619 0 0 0 0 152 120 0 66 60 
292 130 110 0 74 89 0 91 64 334 0 43 17 78 61 361 450 554 0 0 0 0 168 120 0 66 60 
298 132 109 0 74 89 0 83 62 334 0 40 18 56 61 432 399 520 0 0 0 0 217 120 0 66 60 
299 132 109 0 73 91 0 85 63 340 0 37 16 40 59 312 411 639 0 0 0 0 123 120 0 65 60 
299 129 106 0 72 87 0 85 62 338 0 36 18 49 58 371 457 590 0 0 0 0 139 120 0 65 60 
292 122 106 0 72 88 0 86 64 331 0 36 18 66 60 400 450 629 0 0 0 0 218 120 0 66 60 
302 122 108 0 72 84 0 84 64 338 0 37 16 69 59 386 433 648 0 0 0 0 171 120 0 66 60 
297 124 103 0 73 84 0 83 66 347 0 36 16 66 58 360 391 641 0 0 0 0 176 120 0 65 60 
298 130 105 0 75 83 0 91 65 345 0 37 17 67 57 358 421 588 0 0 0 0 166 120 0 66 60 
301 126 109 0 74 86 0 87 64 339 0 33 18 75 59 348 412 528 0 0 0 0 175 120 0 65 60 
299 132 105 0 75 89 0 90 63 337 0 35 18 66 60 391 432 580 0 0 0 0 144 120 0 66 60 
298 122 108 0 76 85 0 84 61 336 0 31 18 70 60 377 420 654 0 0 0 0 207 120 0 66 60 
298 125 105 0 75 85 0 84 62 340 0 32 18 65 59 324 407 682 0 0 0 0 154 120 0 66 60 
293 121 103 0 74 85 0 84 64 338 0 32 17 69 59 425 437 556 0 0 0 0 165 120 0 66 60 
298 126 106 0 74 86 0 85 64 340 0 32 18 70 58 363 434 625 0 0 0 0 176 120 0 66 60 
296 126 105 0 74 81 0 90 63 341 0 30 17 85 60 390 438 596 0 0 0 0 158 120 0 66 60 
292 131 108 0 74 80 0 84 63 342 0 28 16 72 58 350 429 617 0 0 0 0 154 120 0 66 60 
296 123 107 0 74 83 0 88 64 339 0 29 17 61 59 391 397 607 0 0 0 0 170 120 0 66 60 
295 126 103 0 75 87 0 88 63 342 0 28 17 66 61 388 430 656 0 0 0 0 145 120 0 66 60 
290 121 106 0 76 86 0 84 64 333 0 25 16 91 58 399 417 718 0 0 0 0 232 120 0 65 60 
294 126 104 0 75 87 0 88 65 328 0 26 16 82 61 416 399 614 0 0 0 0 200 120 0 65 60 
292 128 103 0 74 88 0 88 65 338 0 29 15 64 66 377 418 615 0 0 0 0 156 120 0 65 60 
293 124 103 0 75 87 0 87 65 345 0 27 16 47 73 370 442 670 0 0 0 0 136 120 0 65 60 
295 129 103 0 73 84 0 86 64 339 0 29 17 76 60 363 430 641 0 0 0 0 176 120 0 65 60 
295 126 104 0 73 84 0 84 64 337 0 27 16 79 59 385 406 615 0 0 0 0 180 120 0 66 60 
289 125 105 0 73 85 0 90 64 335 0 28 15 84 59 358 365 620 0 0 0 0 162 120 0 65 60 
292 124 106 0 73 85 0 86 62 344 0 28 16 61 60 408 450 605 0 0 0 0 159 120 0 65 60 
295 131 104 0 72 83 0 89 64 341 0 26 15 53 61 386 430 558 0 0 0 0 171 120 0 65 60 
298 130 108 0 72 84 0 95 63 336 0 27 16 71 58 435 401 571 0 0 0 0 156 120 0 65 60 
297 125 103 0 73 89 0 85 63 332 0 28 17 70 57 378 425 638 0 0 0 0 160 120 0 66 60 
293 125 102 0 73 88 0 89 62 334 0 26 18 74 56 403 427 661 0 0 0 0 160 120 0 66 60 
294 132 104 0 73 88 0 89 63 337 0 29 17 66 55 387 424 633 0 0 0 0 168 120 0 66 60 
301 125 105 0 73 85 0 88 64 340 0 28 17 64 59 361 414 592 0 0 0 0 178 120 0 65 60 
300 126 105 0 73 86 0 82 64 337 0 26 17 57 60 397 416 625 0 0 0 0 193 120 0 66 60 
298 127 101 0 73 80 0 81 64 331 0 29 16 61 62 348 459 532 0 0 0 0 178 120 0 65 60 
299 130 105 0 74 82 0 85 65 338 0 27 17 66 62 377 418 643 0 0 0 0 195 120 0 65 60 
294 127 104 0 74 86 0 83 65 348 0 31 16 70 58 391 453 603 0 0 0 0 164 120 0 64 60 
299 128 100 0 75 90 0 86 64 346 0 28 17 65 58 401 461 598 0 0 0 0 180 120 0 64 60 
302 123 104 0 76 88 0 88 64 341 0 28 17 61 59 381 409 571 0 0 0 0 160 120 0 65 60 
298 127 105 0 77 83 0 89 62 333 0 28 18 79 60 355 424 605 0 0 0 0 163 120 0 65 60 
299 126 104 0 77 84 0 87 63 339 0 27 17 77 61 336 374 559 0 0 0 0 155 120 0 65 60 
296 127 102 0 77 81 0 87 63 341 0 29 17 75 60 377 443 592 0 0 0 0 160 120 0 66 60 
299 130 105 0 78 85 0 89 63 342 0 29 18 50 60 385 425 558 0 0 0 0 195 120 0 66 60 
294 132 106 0 78 88 0 82 65 341 0 28 18 41 58 388 413 565 0 0 0 0 140 120 0 66 60 
295 131 104 0 78 95 0 88 63 343 0 30 16 50 59 399 414 568 0 0 0 0 163 120 0 65 60 
295 117 104 0 78 90 0 91 64 340 0 28 18 69 59 400 455 555 0 0 0 0 188 120 0 65 60 
296 124 105 0 77 85 0 84 62 340 0 27 19 67 58 397 403 586 0 0 0 0 189 120 0 65 60 
295 124 103 0 77 81 0 85 62 339 0 28 19 62 59 372 425 599 0 0 0 0 176 120 0 66 60 
292 130 109 0 76 82 0 88 62 328 0 26 17 67 58 357 439 575 0 0 0 0 163 120 0 65 60 
294 132 105 0 76 85 0 90 64 327 0 27 17 73 58 367 416 576 0 0 0 0 148 120 0 65 60 
295 123 106 0 76 82 0 85 65 341 0 27 16 64 58 415 421 545 0 0 0 0 174 120 0 66 60 
298 130 108 0 74 77 0 88 65 343 0 27 17 69 58 343 397 600 0 0 0 0 163 120 0 66 60 
299 130 106 0 74 80 0 84 64 342 0 27 19 63 59 358 421 515 0 0 0 0 186 120 0 66 60 
293 119 105 0 73 85 0 80 63 336 0 28 19 68 59 362 416 597 0 0 0 0 183 120 0 65 60 
293 122 104 0 72 82 0 83 62 341 0 26 19 71 60 417 417 586 0 0 0 0 139 120 0 65 60 
296 128 107 0 72 83 0 89 62 343 0 28 18 85 57 360 466 577 0 0 0 0 214 120 0 65 60 
297 128 108 0 71 87 0 93 64 337 0 28 18 71 59 406 434 685 0 0 0 0 163 120 0 66 60 
296 127 107 0 72 89 0 83 64 333 0 28 18 58 58 376 420 576 0 0 0 0 165 120 0 66 60 
300 125 108 0 72 85 0 86 63 334 0 27 17 70 58 415 408 573 0 0 0 0 170 120 0 66 60 
291 121 106 0 71 84 0 96 62 335 0 27 19 95 58 376 395 535 0 0 0 0 198 120 0 66 60 
297 119 108 0 73 82 0 84 63 339 0 29 19 76 60 411 380 650 0 0 0 0 160 120 0 66 60 
302 122 97 0 74 80 0 84 64 341 0 30 17 60 64 342 413 606 0 0 0 0 181 120 0 66 60 
296 126 106 0 73 78 0 88 63 337 0 29 18 52 60 384 423 676 0 0 0 0 139 120 0 65 60 
303 125 107 0 74 83 0 85 63 333 0 28 19 78 59 336 428 621 0 0 0 0 147 120 0 65 60 
297 130 110 0 74 86 0 88 63 344 0 28 18 79 58 399 448 638 0 0 0 0 202 120 0 65 60 
299 126 109 0 73 85 0 83 64 349 0 28 18 83 57 439 410 593 0 0 0 0 140 120 0 65 60 
301 123 106 0 74 84 0 88 63 345 0 26 17 55 59 365 420 600 0 0 0 0 138 120 0 66 60 
298 123 108 0 74 88 0 85 63 340 0 26 18 56 58 385 399 633 0 0 0 0 181 120 0 65 60 
301 123 107 0 73 91 0 86 62 338 0 27 18 70 60 358 416 623 0 0 0 0 154 120 0 64 60 
298 123 105 0 73 88 0 91 63 339 0 26 18 74 58 389 449 714 0 0 0 0 177 120 0 63 60 
302 130 105 0 72 85 0 85 63 341 0 27 17 69 58 384 455 674 0 0 0 0 160 120 0 63 60 
296 125 108 0 73 83 0 90 63 338 0 28 18 67 57 378 422 616 0 0 0 0 155 120 0 64 60 
295 129 107 0 73 84 0 83 63 338 0 28 18 62 58 369 396 640 0 0 0 0 163 120 0 64 60 
293 127 107 0 74 79 0 84 65 342 0 30 18 57 58 374 416 656 0 0 0 0 189 120 0 64 60 
291 136 105 0 74 78 0 86 63 341 0 29 20 65 57 399 458 649 0 0 0 0 167 120 0 64 60 
298 132 105 0 74 80 0 87 63 340 0 34 19 64 58 391 421 680 0 0 0 0 205 120 0 64 60 
292 128 109 0 73 83 0 92 63 335 0 33 19 72 59 375 396 687 0 0 0 0 177 120 0 64 60 
296 126 102 0 73 81 0 84 63 326 0 32 19 60 58 406 447 707 0 0 0 0 174 120 0 65 60 
293 127 102 0 73 79 0 89 64 332 0 31 20 65 60 348 437 620 0 0 0 0 165 120 0 64 60 
292 126 101 0 72 82 0 88 64 341 0 31 18 82 60 373 402 654 0 0 0 0 182 120 0 65 60 
292 132 107 0 73 89 0 87 63 339 0 30 18 80 60 375 432 670 0 0 0 0 177 120 0 65 60 
298 123 105 0 73 87 0 83 64 333 0 33 18 71 59 394 425 641 0 0 0 0 165 120 0 65 60 
295 125 110 0 73 85 0 85 63 331 0 31 19 44 60 365 439 648 0 0 0 0 136 120 0 65 60 
293 130 104 0 74 87 0 88 63 337 0 31 19 42 61 329 391 630 0 0 0 0 185 120 0 65 60 
295 129 102 0 74 85 0 85 63 342 0 31 20 57 60 370 420 536 0 0 0 0 155 120 0 65 60 
294 126 103 0 75 83 0 86 65 338 0 33 20 72 67 342 439 689 0 0 0 0 147 120 0 66 60 
295 132 106 0 75 83 0 84 64 338 0 39 18 67 67 375 421 636 0 0 0 0 192 120 0 66 60 
294 127 106 0 75 83 0 88 64 334 0 43 19 63 62 412 416 654 0 0 0 0 161 120 0 65 60 
293 130 105 0 75 82 0 89 63 332 0 48 18 72 63 413 425 593 0 0 0 0 150 120 0 65 60 
301 126 107 0 75 84 0 92 63 337 0 46 19 70 66 403 447 668 0 0 0 0 219 120 0 66 60 
302 130 106 0 74 85 0 89 62 338 0 44 18 64 60 380 404 581 0 0 0 0 170 120 0 66 60 
301 131 107 0 73 85 0 88 62 334 0 40 18 68 58 399 417 514 0 0 0 0 227 120 0 66 60 
296 129 106 0 71 82 0 86 64 334 0 35 18 67 59 357 401 590 0 0 0 0 161 120 0 65 60 
297 121 104 0 71 77 0 88 65 344 0 38 19 66 60 359 442 632 0 0 0 0 182 120 0 65 60 
296 125 107 0 70 85 0 81 65 349 0 40 18 80 60 425 418 627 0 0 0 0 153 120 0 65 60 
300 128 104 0 71 86 0 85 64 344 0 44 18 84 56 324 426 627 0 0 0 0 173 120 0 66 60 
300 133 105 0 71 88 0 88 64 339 0 44 19 68 56 419 425 641 0 0 0 0 131 120 0 65 60 
299 131 109 0 72 85 0 80 63 338 0 44 18 60 57 379 423 620 0 0 0 0 174 120 0 65 60 
297 127 108 0 73 86 0 87 62 340 0 44 19 79 56 387 403 597 0 0 0 0 156 120 0 66 60 
295 127 105 0 72 86 0 87 63 340 0 48 18 96 59 398 409 572 0 0 0 0 169 120 0 65 60 
297 125 106 0 75 86 0 92 63 340 0 44 18 66 58 372 404 597 0 0 0 0 158 120 0 65 60 
299 122 106 0 76 83 0 86 64 343 0 45 19 50 61 351 440 592 0 0 0 0 143 120 0 65 60 
292 128 108 0 76 83 0 85 62 344 0 49 19 67 60 386 434 527 0 0 0 0 152 120 0 64 60 
299 130 105 0 77 82 0 88 63 341 0 45 17 80 58 402 405 625 0 0 0 0 191 120 0 63 60 
296 132 108 0 79 81 0 82 62 341 0 45 18 82 57 375 405 578 0 0 0 0 226 120 0 63 60 
295 128 107 0 79 79 0 87 63 336 0 46 17 74 59 343 426 576 0 0 0 0 149 120 0 63 60 
290 120 108 0 78 83 0 84 64 327 0 49 19 50 59 378 428 645 0 0 0 0 167 120 0 64 60 
290 126 108 0 77 84 0 89 65 338 0 50 18 64 58 423 400 612 0 0 0 0 164 120 0 63 60 
291 123 104 0 76 83 0 85 65 346 0 45 19 71 60 365 408 551 0 0 0 0 152 120 0 64 60 
294 125 108 0 76 85 0 88 63 344 0 46 18 76 57 387 397 548 0 0 0 0 167 120 0 64 60 
295 124 107 0 75 89 0 89 64 335 0 45 17 66 59 368 474 571 0 0 0 0 177 120 0 65 60 
294 128 106 0 74 93 0 86 63 336 0 44 19 70 58 375 462 639 0 0 0 0 175 120 0 65 60 
296 126 109 0 73 90 0 87 64 342 0 49 18 60 59 415 411 645 0 0 0 0 143 120 0 65 60 
294 121 107 0 73 90 0 84 63 340 0 50 19 60 60 333 413 620 0 0 0 0 152 120 0 66 60 
299 124 106 0 73 88 0 88 63 337 0 43 19 65 58 383 421 662 0 0 0 0 131 120 0 66 60 
302 125 106 0 73 87 0 86 63 335 0 44 20 69 59 384 426 607 0 0 0 0 176 120 0 66 60 
290 130 107 0 73 82 0 87 63 335 0 45 20 71 61 432 386 560 0 0 0 0 181 120 0 66 60 
300 127 109 0 72 86 0 90 62 336 0 45 19 56 59 355 408 615 0 0 0 0 177 120 0 65 60 
296 126 107 0 73 92 0 88 63 341 0 48 19 75 58 442 427 629 0 0 0 0 166 120 0 65 60 
298 135 107 0 73 92 0 90 63 337 0 49 19 79 60 375 422 700 0 0 0 0 195 120 0 66 60 
300 129 105 0 73 89 0 87 64 333 0 49 19 77 59 386 388 605 0 0 0 0 152 120 0 65 60 
298 128 106 0 74 88 0 87 64 335 0 48 21 59 61 401 486 678 0 0 0 0 177 120 0 66 60 
297 129 107 0 75 86 0 88 65 345 0 48 21 42 58 396 443 612 0 0 0 0 205 120 0 65 60 
301 125 107 0 76 84 0 87 65 349 0 53 20 46 58 357 410 599 0 0 0 0 152 120 0 65 60 
300 124 110 0 76 85 0 85 64 344 0 52 20 65 59 388 455 632 0 0 0 0 167 120 0 65 60 
302 127 108 0 76 85 0 85 63 337 0 52 19 70 58 403 446 642 0 0 0 0 156 120 0 65 60 
301 126 107 0 76 88 0 85 63 338 0 53 20 66 59 383 435 726 0 0 0 0 170 120 0 65 60 
299 130 102 0 76 82 0 84 63 340 0 54 20 65 59 391 426 613 0 0 0 0 181 120 0 65 60 
296 129 108 0 75 76 0 84 64 337 0 51 20 78 58 416 431 609 0 0 0 0 150 120 0 66 60 
297 126 104 0 74 76 0 91 64 337 0 46 20 66 60 354 397 613 0 0 0 0 160 120 0 66 60 
296 130 102 0 74 81 0 89 64 341 0 44 20 68 57 401 436 657 0 0 0 0 211 120 0 65 60 
291 125 106 0 73 81 0 87 63 341 0 43 21 64 58 367 411 638 0 0 0 0 187 120 0 65 60 
294 126 105 0 72 83 0 89 62 343 0 41 19 72 59 359 412 636 0 0 0 0 172 120 0 65 60 
296 128 103 0 72 86 0 87 62 343 0 37 19 67 60 372 411 660 0 0 0 0 171 120 0 65 60 
293 127 108 0 72 89 0 91 63 334 0 35 19 86 60 325 449 589 0 0 0 0 196 120 0 66 60 
291 131 101 0 72 86 0 84 63 329 0 36 17 75 60 385 401 566 0 0 0 0 183 120 0 65 60 
291 125 107 0 73 83 0 89 65 336 0 38 20 63 60 370 406 634 0 0 0 0 153 120 0 65 60 
296 130 106 0 74 87 0 83 65 343 0 40 19 65 61 387 411 669 0 0 0 0 128 120 0 66 60 
294 133 104 0 74 89 0 84 65 338 0 40 20 93 61 403 383 616 0 0 0 0 181 120 0 65 60 
292 125 108 0 74 89 0 90 64 332 0 49 20 81 61 406 407 589 0 0 0 0 142 120 0 65 60 
292 123 106 0 74 86 0 86 64 332 0 49 19 62 59 373 440 608 0 0 0 0 190 120 0 65 60 
295 130 107 0 74 88 0 86 63 338 0 45 20 49 59 358 438 479 0 0 0 0 165 120 0 65 60 
294 128 106 0 73 86 0 82 63 342 0 47 18 78 60 360 436 584 0 0 0 0 161 120 0 66 60 
298 132 106 0 73 86 0 83 64 338 0 44 19 80 60 411 452 621 0 0 0 0 189 120 0 65 60 
295 134 113 0 73 81 0 83 63 337 0 43 20 84 59 406 428 594 0 0 0 0 200 120 0 66 60 
298 125 106 0 74 84 0 82 63 336 0 40 21 62 60 383 360 545 0 0 0 0 145 120 0 66 60 
295 126 108 0 74 80 0 91 62 338 0 40 19 52 59 354 403 635 0 0 0 0 168 120 0 65 60 
305 121 107 0 75 80 0 87 63 339 0 43 19 69 56 383 466 598 0 0 0 0 174 120 0 65 60 
293 123 104 0 75 78 0 87 64 340 0 43 19 73 57 403 441 534 0 0 0 0 169 120 0 66 60 
302 128 104 0 74 85 0 87 63 333 0 46 19 76 63 374 387 557 0 0 0 0 196 120 0 65 60 
300 127 107 0 74 87 0 89 65 335 0 47 20 66 58 395 452 568 0 0 0 0 129 120 0 66 60 
297 127 109 0 73 88 0 87 65 345 0 51 19 65 60 415 401 576 0 0 0 0 161 120 0 65 60 
300 125 109 0 73 85 0 84 64 347 0 50 20 59 60 378 451 502 0 0 0 0 156 120 0 65 60 
295 123 108 0 74 84 0 84 64 342 0 48 19 63 62 389 378 583 0 0 0 0 156 120 0 65 60 
299 129 110 0 73 82 0 86 63 337 0 47 20 65 69 338 429 569 0 0 0 0 198 120 0 66 60 
298 126 107 0 73 79 0 84 63 335 0 44 20 71 60 346 436 527 0 0 0 0 181 120 0 66 60 
301 124 107 0 73 84 0 90 63 344 0 42 19 66 57 387 399 591 0 0 0 0 172 120 0 66 60 
296 126 100 0 73 86 0 88 64 340 0 41 18 58 56 360 406 559 0 0 0 0 190 120 0 66 60 
293 138 101 0 73 87 0 88 63 341 0 44 19 80 58 401 454 525 0 0 0 0 226 120 0 66 60 
291 121 109 0 73 84 0 87 64 341 0 42 19 79 60 386 341 477 0 0 0 0 146 120 0 66 60 
296 121 109 0 72 84 0 87 63 339 0 36 20 76 61 376 421 532 0 0 0 0 150 120 0 66 60 
300 123 108 0 72 85 0 86 63 341 0 35 19 52 59 411 383 602 0 0 0 0 153 120 0 66 60 
294 132 107 0 72 86 0 82 63 340 0 35 19 42 58 373 442 556 0 0 0 0 201 120 0 66 60 
289 121 107 0 73 83 0 89 64 335 0 34 18 49 54 389 389 581 0 0 0 0 217 120 0 65 60 
291 125 108 0 73 86 0 86 63 328 0 35 18 65 57 358 417 598 0 0 0 0 153 120 0 66 60 
290 127 105 0 74 84 0 86 64 335 0 32 18 69 57 352 448 528 0 0 0 0 156 120 0 65 60 
294 124 106 0 75 85 0 85 63 342 0 35 17 64 58 364 404 560 0 0 0 0 172 120 0 66 60 
295 137 107 0 76 85 0 88 62 341 0 37 18 64 60 375 394 614 0 0 0 0 158 120 0 65 60 
294 129 108 0 77 89 0 87 63 338 0 39 18 76 62 370 446 557 0 0 0 0 148 120 0 66 60 
297 128 104 0 77 94 0 83 63 336 0 41 18 65 60 412 416 642 0 0 0 0 187 120 0 65 60 
294 126 109 0 78 90 0 90 63 339 0 43 17 66 59 349 379 650 0 0 0 0 145 120 0 65 60 
298 125 108 0 78 87 0 84 64 343 0 39 18 63 57 382 445 588 0 0 0 0 166 120 0 65 60 
293 125 104 0 78 83 0 87 65 338 0 39 17 70 58 396 416 637 0 0 0 0 183 120 0 66 60 
296 127 105 0 78 83 0 86 64 339 0 44 17 70 60 411 441 627 0 0 0 0 208 120 0 66 60 
292 130 103 0 78 82 0 85 63 334 0 45 18 82 60 363 430 643 0 0 0 0 165 120 0 66 60 
300 128 102 0 78 83 0 89 62 339 0 45 19 74 60 381 452 632 0 0 0 0 153 120 0 66 60 
296 132 101 0 77 85 0 84 62 341 0 43 18 58 58 382 428 663 0 0 0 0 150 120 0 66 60 
298 122 108 0 77 86 0 91 63 339 0 44 17 65 59 387 426 618 0 0 0 0 179 120 0 66 60 
302 125 106 0 76 82 0 89 63 332 0 43 18 93 59 368 415 612 0 0 0 0 156 120 0 66 60 
299 127 108 0 75 80 0 97 64 332 0 41 18 79 59 384 427 604 0 0 0 0 168 120 0 67 60 
297 124 102 0 75 81 0 91 64 340 0 40 19 61 60 365 435 631 0 0 0 0 169 120 0 67 60 
299 125 103 0 73 84 0 87 64 347 0 45 17 50 66 414 456 670 0 0 0 0 137 120 0 67 60 
296 128 104 0 72 91 0 87 63 342 0 44 19 79 82 383 446 642 0 0 0 0 145 120 0 67 60 
301 128 100 0 72 94 0 87 65 340 0 45 18 80 69 360 414 612 0 0 0 0 207 120 0 67 60 
297 124 108 0 71 95 0 84 65 339 0 48 18 82 67 363 378 608 0 0 0 0 196 120 0 66 60 
302 133 105 0 72 86 0 83 64 343 0 51 18 61 58 367 418 594 0 0 0 0 198 120 0 66 60 
295 135 106 0 72 77 0 85 63 342 0 50 16 54 58 365 391 676 0 0 0 0 141 120 0 66 60 
296 125 105 0 73 75 0 83 63 338 0 50 18 68 58 402 451 616 0 0 0 0 186 120 0 65 60 
292 121 104 0 74 80 0 82 63 344 0 50 17 74 57 385 396 653 0 0 0 0 182 120 0 66 60 
294 127 105 0 74 82 0 87 63 342 0 50 18 73 57 368 404 635 0 0 0 0 206 120 0 66 60 
296 129 102 0 74 81 0 95 63 342 0 48 19 67 57 420 431 662 0 0 0 0 160 120 0 66 60 
294 140 106 0 73 78 0 89 63 341 0 49 18 63 55 367 408 510 0 0 0 0 130 120 0 65 60 
294 124 103 0 73 82 0 88 64 334 0 48 18 58 56 360 419 601 0 0 0 0 150 120 0 66 60 
295 128 103 0 74 76 0 84 63 327 0 45 17 65 57 389 398 668 0 0 0 0 233 120 0 66 60 
295 131 108 0 73 75 0 85 64 333 0 41 18 63 57 386 416 647 0 0 0 0 151 120 0 66 60 
294 121 105 0 73 78 0 83 63 343 0 41 18 72 57 402 412 656 0 0 0 0 147 120 0 65 60 
293 119 106 0 73 84 0 86 64 340 0 41 18 65 56 376 439 620 0 0 0 0 157 120 0 65 60 
296 126 104 0 73 85 0 92 65 334 0 42 18 62 58 388 410 620 0 0 0 0 154 120 0 65 60 
293 131 108 0 73 82 0 84 63 335 0 44 17 83 58 394 420 461 0 0 0 0 189 120 0 64 60 
296 130 108 0 72 87 0 88 65 334 0 43 17 79 60 413 359 613 0 0 0 0 210 120 0 63 60 
292 124 106 0 72 90 0 87 63 341 0 40 17 71 58 375 418 630 0 0 0 0 211 120 0 64 60 
301 122 107 0 73 94 0 87 64 336 0 45 16 46 58 393 413 635 0 0 0 0 206 120 0 64 60 
293 121 107 0 72 89 0 85 63 338 0 45 17 43 59 336 442 586 0 0 0 0 150 120 0 64 60 
294 127 106 0 73 92 0 87 63 334 0 47 17 54 58 387 414 608 0 0 0 0 175 120 0 64 60 
301 123 104 0 73 89 0 88 62 332 0 50 16 69 59 375 439 563 0 0 0 0 150 120 0 65 60 
295 129 105 0 72 88 0 83 62 342 0 47 19 68 58 418 442 616 0 0 0 0 183 120 0 65 60 
301 125 104 0 73 83 0 88 63 342 0 43 17 63 57 419 449 605 0 0 0 0 161 120 0 65 60 
301 126 105 0 72 85 0 90 64 337 0 42 17 68 58 402 421 590 0 0 0 0 180 120 0 65 60 
297 126 106 0 73 85 0 89 64 333 0 44 17 73 58 385 431 629 0 0 0 0 165 120 0 66 60 
301 120 108 0 72 82 0 88 65 340 0 43 16 66 58 363 452 503 0 0 0 0 169 120 0 67 60 
295 128 105 0 72 80 0 88 64 352 0 40 17 67 58 355 451 644 0 0 0 0 139 120 0 67 60 
300 124 103 0 74 82 0 89 63 341 0 41 17 64 59 344 417 640 0 0 0 0 122 120 0 68 60 
298 125 106 0 75 81 0 87 63 340 0 44 17 69 58 397 429 642 0 0 0 0 150 120 0 67 60 
304 126 105 0 75 79 0 87 63 334 0 42 18 73 58 400 443 660 0 0 0 0 133 120 0 67 60 
297 123 106 0 75 84 0 86 64 340 0 44 17 81 58 353 446 587 0 0 0 0 195 120 0 66 60 
295 134 103 0 74 89 0 80 64 340 0 46 17 70 57 413 432 572 0 0 0 0 176 120 0 66 60 
295 125 105 0 75 89 0 82 64 339 0 41 17 58 59 402 442 547 0 0 0 0 151 120 0 65 60 
291 135 106 0 76 85 0 87 63 340 0 42 17 67 59 409 397 612 0 0 0 0 188 120 0 65 60 
296 127 103 0 75 86 0 86 63 340 0 41 16 94 58 382 382 624 0 0 0 0 188 120 0 65 60 
297 129 107 0 75 87 0 87 63 337 0 41 16 74 58 399 382 629 0 0 0 0 159 120 0 66 60 
293 123 107 0 73 85 0 88 63 338 0 42 18 56 58 370 442 668 0 0 0 0 207 120 0 65 60 
295 131 107 0 72 81 0 93 64 335 0 43 17 55 57 372 462 605 0 0 0 0 153 120 0 65 60 
289 122 106 0 71 81 0 86 64 327 0 45 16 79 60 363 459 628 0 0 0 0 160 120 0 66 60 
298 130 108 0 69 82 0 89 63 329 0 47 16 79 57 411 393 559 0 0 0 0 158 120 0 66 60 
295 127 104 0 69 83 0 89 63 343 0 46 18 79 56 412 416 605 0 0 0 0 168 120 0 65 60 
297 126 101 0 71 79 0 83 64 342 0 46 18 53 58 372 420 654 0 0 0 0 194 120 0 65 60 
292 124 104 0 72 83 0 88 64 335 0 47 18 60 59 358 387 717 0 0 0 0 233 120 0 65 60 
295 126 109 0 72 85 0 83 65 336 0 46 18 70 63 384 420 652 0 0 0 0 167 120 0 66 60 
294 127 105 0 74 87 0 86 64 336 0 46 17 76 63 414 435 632 0 0 0 0 172 120 0 66 60 
297 125 107 0 75 86 0 88 64 345 0 42 16 72 59 355 440 612 0 0 0 0 155 120 0 65 60 
302 125 103 0 76 85 0 87 63 340 0 40 16 67 58 379 448 635 0 0 0 0 142 120 0 65 60 
294 125 103 0 77 85 0 90 62 336 0 39 16 60 57 399 446 706 0 0 0 0 152 120 0 65 60 
296 127 103 0 78 82 0 82 63 336 0 41 17 59 57 354 408 642 0 0 0 0 190 120 0 66 60 
294 126 106 0 79 82 0 85 63 333 0 37 16 66 58 391 378 648 0 0 0 0 141 120 0 65 60 
297 135 108 0 79 83 0 81 64 341 0 36 16 66 59 370 421 668 0 0 0 0 179 120 0 66 60 
297 127 104 0 78 84 0 84 64 344 0 32 16 72 61 365 417 653 0 0 0 0 195 120 0 65 60 
298 124 110 0 78 81 0 90 64 340 0 31 16 60 63 355 459 614 0 0 0 0 177 120 0 65 60 
297 120 105 0 77 83 0 91 63 335 0 27 16 67 62 367 420 609 0 0 0 10 182 120 0 65 60 
299 123 102 0 76 86 0 87 64 342 0 29 16 81 61 397 407 695 0 0 0 0 137 120 0 66 60 
298 135 110 0 75 88 0 85 63 349 0 29 16 82 59 383 404 593 0 0 0 0 146 120 0 66 60 
300 129 103 0 75 84 0 92 63 342 0 31 17 66 60 396 394 655 0 0 0 0 192 120 0 66 60 
301 132 107 0 74 81 0 88 63 342 0 28 18 42 59 371 406 578 0 0 0 0 137 120 0 65 60 
300 128 110 0 73 75 0 85 63 339 0 30 17 43 59 340 473 600 0 0 0 0 150 120 0 65 60 
297 125 107 0 73 82 0 80 64 340 0 31 16 59 58 405 420 655 0 0 0 0 142 120 0 66 60 
298 130 109 0 73 83 0 85 64 342 0 29 15 71 60 372 441 633 0 0 0 0 168 120 0 66 60 
292 131 106 0 73 81 0 88 64 338 0 30 15 67 59 370 439 653 0 0 0 0 153 120 0 65 60 
295 123 106 0 72 85 0 85 63 341 0 33 17 63 60 404 452 551 0 0 0 0 172 120 0 66 60 
296 127 109 0 72 81 0 87 63 344 0 30 16 74 58 361 413 607 0 0 0 0 164 120 0 65 60 
289 127 108 0 73 82 0 88 64 342 0 30 17 70 58 401 385 536 0 0 0 0 194 120 0 65 60 
293 126 110 0 74 80 0 83 65 342 0 31 17 67 58 386 408 593 0 0 0 0 202 120 0 65 60 
290 118 108 0 74 85 0 90 64 339 0 31 17 66 59 373 461 661 0 0 0 0 149 120 0 64 60 
297 128 109 0 76 83 0 89 64 333 0 30 16 68 60 375 390 635 0 0 0 0 210 120 0 64 60 
295 123 109 0 76 82 0 87 64 327 0 29 16 65 59 417 415 583 0 0 0 0 154 120 0 64 60 
295 127 108 0 77 82 0 85 63 340 0 29 18 78 62 360 428 610 0 0 0 0 176 120 0 64 60 
292 125 109 0 76 84 0 84 63 340 0 28 17 80 60 401 430 579 0 0 0 0 190 120 0 64 60 
292 127 103 0 77 85 0 87 63 334 0 27 17 72 58 413 439 576 0 0 0 0 152 120 0 64 60 
295 122 104 0 76 84 0 84 64 335 0 26 17 62 58 401 423 626 0 0 0 0 173 120 0 64 60 
292 126 111 0 76 86 0 87 64 336 0 27 18 81 58 360 428 598 0 0 0 0 133 120 0 64 60 
298 125 109 0 76 89 0 86 64 342 0 25 16 93 58 362 433 595 0 0 0 0 152 120 0 64 60 
299 129 109 0 75 86 0 87 64 340 0 27 18 70 58 342 427 542 0 0 0 0 192 120 0 64 60 
292 125 108 0 74 83 0 88 63 339 0 26 16 49 59 336 455 602 0 0 0 0 148 120 0 64 60 
296 127 110 0 73 85 0 86 62 336 0 27 17 65 60 336 430 611 0 0 0 0 158 120 0 64 60 
295 130 107 0 73 87 0 88 63 331 0 27 18 82 59 400 472 578 0 0 0 0 168 120 0 64 60 
298 128 107 0 73 84 0 83 63 337 0 27 17 80 58 425 442 620 0 0 0 0 171 120 0 64 60 
298 130 108 0 72 77 0 87 63 342 0 25 17 73 59 377 438 574 0 0 0 0 161 120 0 64 60 
299 135 110 0 73 79 0 87 63 337 0 28 17 50 60 406 373 555 0 0 0 0 153 120 0 64 60 
300 128 109 0 73 80 0 84 63 334 0 26 16 65 57 341 382 506 0 0 0 0 176 120 0 63 60 
293 129 105 0 73 78 0 89 64 339 0 25 17 69 62 367 407 571 0 0 0 0 179 120 0 63 60 
294 130 109 0 74 78 0 92 63 351 0 27 19 75 58 391 403 663 0 0 0 0 183 120 0 64 60 
298 130 108 0 74 83 0 94 64 345 0 26 19 67 60 366 423 672 0 0 0 0 185 120 0 64 60 
300 125 105 0 75 86 0 91 65 340 0 28 20 68 61 381 438 637 0 0 0 0 182 120 0 64 60 
290 129 108 0 74 82 0 91 65 339 0 25 18 57 58 403 454 571 0 0 0 0 183 120 0 65 60 
282 132 104 0 74 84 0 85 64 340 0 27 18 61 60 388 450 625 0 0 0 0 165 120 0 65 60 
299 125 102 0 74 89 0 82 63 343 0 25 18 65 57 387 415 587 0 0 0 0 182 120 0 65 60 
279 124 104 0 74 96 0 86 61 342 0 29 18 65 60 451 440 654 0 0 0 0 149 120 0 65 60 
287 126 107 0 74 92 0 82 63 339 0 32 18 73 59 366 443 643 0 0 0 0 161 120 0 66 60 
279 133 110 0 75 90 0 84 64 346 0 34 19 57 59 400 416 701 0 0 0 0 147 120 0 65 60 
282 138 108 0 75 89 0 86 63 342 0 38 19 71 60 386 452 607 0 0 0 0 191 120 0 64 60 
294 126 105 0 74 87 0 84 64 341 0 44 19 78 57 398 384 638 0 0 0 0 175 120 0 65 60 
298 125 105 0 75 87 0 85 64 338 0 40 18 81 59 335 415 663 0 0 0 0 158 120 0 64 60 
293 130 101 0 74 86 0 88 63 330 0 39 18 62 59 406 379 600 0 0 0 0 159 120 0 65 60 
298 127 105 0 74 83 0 92 64 326 0 37 18 39 60 388 455 642 0 0 0 0 180 120 0 65 60 
299 125 109 0 74 83 0 86 64 335 0 36 18 45 59 350 431 638 0 0 0 0 193 120 0 65 60 
293 128 108 0 74 80 0 82 64 343 0 37 19 63 62 463 408 722 0 0 0 10 155 120 0 65 60 
299 125 110 0 73 83 0 89 63 338 0 40 18 70 64 391 410 654 0 0 0 0 197 120 0 66 60 
296 126 105 0 73 84 0 85 65 333 0 42 17 67 59 380 411 668 0 0 0 0 205 120 0 66 60 
299 125 103 0 73 86 0 87 64 333 0 43 18 63 58 385 438 675 0 0 0 0 145 120 0 66 60 
299 119 104 0 73 82 0 86 64 339 0 43 16 77 59 349 404 670 0 0 0 0 161 120 0 65 60 
299 128 107 0 72 83 0 86 63 342 0 42 17 68 58 374 440 749 0 0 0 0 152 120 0 65 60 
294 129 107 0 72 81 0 87 63 337 0 37 19 68 59 295 418 640 0 0 0 0 155 120 0 65 60 
300 122 108 0 72 83 0 87 62 336 0 34 18 64 57 388 394 649 0 0 0 0 182 120 0 66 60 
302 127 104 0 72 87 0 91 62 334 0 34 19 70 58 367 404 638 0 0 0 0 183 120 0 65 60 
298 126 106 0 73 88 0 84 63 333 0 32 19 69 61 416 358 655 0 0 0 0 158 120 0 66 60 
304 126 107 0 74 90 0 86 63 342 0 32 18 85 60 396 453 682 0 0 0 0 164 120 0 66 60 
296 125 108 0 74 87 0 86 64 338 0 33 18 76 62 367 493 625 0 0 0 0 182 120 0 65 60 
297 124 104 0 75 89 0 85 64 334 0 35 18 66 60 370 427 689 0 0 0 0 206 120 0 66 60 
300 129 106 0 76 88 0 84 64 333 0 37 17 64 61 410 420 639 0 0 0 0 161 120 0 66 60 
294 126 104 0 76 93 0 88 64 344 0 37 18 89 58 406 409 669 0 0 0 0 173 120 0 65 60 
295 125 109 0 76 94 0 94 64 348 0 40 20 88 59 321 383 491 0 0 0 0 147 120 0 65 60 
300 123 106 0 77 88 0 90 64 341 0 46 18 66 58 403 406 655 0 0 0 0 148 120 0 66 60 
294 127 107 0 77 90 0 87 63 337 0 43 18 47 58 394 427 653 0 0 0 0 162 120 0 66 60 
297 124 107 0 78 88 0 91 63 337 0 42 17 73 62 399 446 602 0 0 0 0 192 120 0 65 60 
293 126 104 0 78 87 0 90 63 340 0 42 19 82 61 338 431 651 0 0 0 0 188 120 0 66 60 
295 125 104 0 78 87 0 86 63 343 0 40 20 84 65 379 442 637 0 0 0 0 178 120 0 65 60 
294 137 107 0 78 91 0 85 63 334 0 40 19 66 68 346 433 612 0 0 0 0 200 120 0 66 60 
296 126 104 0 77 88 0 84 64 343 0 32 19 52 74 387 384 542 0 0 0 0 168 120 0 66 60 
290 120 107 0 76 82 0 82 64 342 0 35 20 69 58 389 450 646 0 0 0 0 171 120 0 65 60 
293 121 109 0 76 75 0 84 64 342 0 34 19 70 57 391 433 578 0 0 0 0 184 120 0 66 60 
296 127 105 0 76 76 0 89 63 341 0 36 18 75 57 378 438 615 0 0 0 0 194 120 0 66 60 
293 130 106 0 75 75 0 87 62 336 0 38 19 66 57 355 443 570 0 0 0 0 161 120 0 66 60 
296 133 105 0 73 78 0 87 63 330 0 40 18 69 56 365 460 630 0 0 0 0 178 120 0 65 60 
296 119 106 0 73 80 0 91 63 330 0 41 19 58 56 389 463 588 0 0 0 0 189 120 0 65 60 
297 126 105 0 71 83 0 87 64 343 0 48 18 63 57 390 411 574 0 0 0 0 121 120 0 65 60 
290 124 103 0 71 81 0 85 66 342 0 44 21 66 58 370 424 567 0 0 0 0 159 120 0 66 60 
294 123 106 0 72 78 0 87 65 333 0 47 19 69 56 416 427 575 0 0 0 0 213 120 0 65 60 
293 126 104 0 72 76 0 88 64 332 0 47 18 69 59 366 416 563 0 0 0 0 161 120 0 65 60 
300 127 103 0 73 80 0 85 63 335 0 47 18 58 58 400 436 492 0 0 0 0 143 120 0 65 60 
296 124 105 0 74 76 0 85 62 340 0 42 19 75 58 370 472 612 0 0 0 0 198 120 0 66 60 
292 115 105 0 74 75 0 89 63 338 0 38 20 79 57 356 393 581 0 0 0 0 187 120 0 65 60 
297 125 104 0 73 78 0 87 63 334 0 37 19 78 57 421 393 608 0 0 0 0 161 120 0 65 60 
298 107 103 0 74 83 0 86 63 333 0 38 20 58 57 350 409 588 0 0 0 0 170 120 0 64 60 
296 115 107 0 73 86 0 86 64 329 0 36 20 40 58 372 422 563 0 0 0 0 163 120 0 64 60 
304 127 103 0 73 85 0 87 64 341 0 37 20 46 59 379 446 573 0 0 0 0 181 120 0 64 60 
298 128 104 0 73 87 0 82 64 342 0 39 19 65 57 319 407 480 0 0 0 0 161 120 0 63 60 
298 130 102 0 73 91 0 80 63 335 0 42 19 69 58 375 406 648 0 0 0 0 165 120 0 63 60 
293 135 105 0 73 96 0 89 65 335 0 45 19 65 59 412 447 614 0 0 0 0 145 120 0 63 60 
301 126 103 0 73 97 0 86 63 343 0 46 21 66 59 405 411 639 0 0 0 0 158 120 0 64 60 
296 131 102 0 74 101 0 91 63 349 0 45 20 76 58 377 423 621 0 0 0 0 143 120 0 65 60 
296 132 101 0 74 100 0 85 64 347 0 45 22 66 59 338 376 549 0 0 0 0 177 120 0 65 60 
298 128 101 0 73 94 0 85 64 336 0 47 20 70 58 399 402 613 0 0 0 0 122 120 0 65 60 
296 131 100 0 73 88 0 89 64 337 0 46 20 63 58 425 388 583 0 0 0 0 189 120 0 65 60 
297 138 106 0 73 86 0 89 63 339 0 44 20 71 58 345 387 600 0 0 0 0 139 120 0 66 60 
290 122 104 0 73 89 0 86 63 342 0 48 20 67 59 355 428 622 0 0 0 0 121 120 0 65 60 
295 127 105 0 73 86 0 82 63 338 0 51 21 87 60 390 416 653 0 0 0 0 160 120 0 65 60 
297 125 105 0 73 87 0 87 64 343 0 47 21 75 59 388 459 611 0 0 0 0 158 120 0 66 60 
291 128 102 0 73 88 0 84 63 344 0 49 21 62 59 330 430 609 0 0 0 0 202 120 0 64 60 
295 137 100 0 73 84 0 86 65 342 0 43 19 67 59 366 379 636 0 0 0 0 195 120 0 63 60 
296 133 104 0 72 79 0 88 64 341 0 46 20 91 61 368 413 606 0 0 0 0 155 120 0 63 60 
295 123 106 0 73 81 0 88 64 338 0 45 19 86 60 373 449 670 0 0 0 0 181 120 0 62 60 
290 125 107 0 73 78 0 90 63 331 0 42 19 64 58 364 439 604 0 0 0 0 162 120 0 62 60 
297 125 106 0 73 81 0 88 62 328 0 42 20 48 57 411 440 632 0 0 0 0 168 120 0 62 60 
293 128 106 0 73 73 0 86 62 342 0 39 20 75 59 386 439 629 0 0 0 0 147 120 0 63 60 
292 130 105 0 74 75 0 88 64 344 0 36 20 80 59 390 423 602 0 0 0 0 177 120 0 63 60 
301 125 106 0 75 80 0 84 64 334 0 40 21 84 58 375 426 638 0 0 0 0 157 120 0 64 60 
292 131 105 0 74 82 0 87 64 336 0 38 21 66 60 342 425 684 0 0 0 0 196 120 0 65 60 
296 130 104 0 75 82 0 87 63 333 0 39 21 50 58 349 428 671 0 0 0 0 180 120 0 64 60 
294 126 106 0 75 84 0 85 64 342 0 41 19 68 60 445 442 585 0 0 0 0 204 120 0 65 60 
293 126 108 0 76 86 0 85 63 339 0 44 20 71 60 430 419 597 0 0 0 0 163 120 0 65 60 
301 122 107 0 76 83 0 86 63 336 0 45 21 75 60 343 474 505 0 0 0 0 135 120 0 65 60 
295 125 107 0 76 81 0 88 64 334 0 49 19 67 59 377 428 617 0 0 0 0 169 120 0 65 60 
300 127 107 0 74 81 0 85 63 332 0 49 22 68 58 376 410 684 0 0 0 0 185 120 0 64 60 
299 128 106 0 72 83 0 91 63 340 0 51 21 59 59 381 417 626 0 0 0 0 184 120 0 64 60 
297 123 104 0 71 82 0 88 62 342 0 46 21 63 58 410 415 603 0 0 0 0 176 120 0 64 60 
295 121 107 0 69 84 0 84 62 336 0 47 20 66 60 398 365 619 0 0 0 0 131 120 0 64 60 
299 125 104 0 69 85 0 87 64 332 0 46 21 71 58 401 395 651 0 0 0 0 199 120 0 65 60 
302 130 102 0 70 91 0 86 63 338 0 39 21 69 59 355 416 528 0 0 0 0 228 120 0 64 60 
298 131 107 0 71 90 0 90 66 348 0 38 20 57 60 424 446 560 0 0 0 0 146 120 0 65 60 
300 129 109 0 73 94 0 82 64 346 0 35 20 74 59 381 426 656 0 0 0 0 144 120 0 65 60 
293 130 109 0 74 96 0 91 64 337 0 34 20 78 63 413 404 617 0 0 0 0 195 120 0 65 60 
299 130 107 0 75 93 0 92 63 338 0 33 20 79 60 358 418 550 0 0 0 0 134 120 0 65 60 
295 129 104 0 76 89 0 88 62 336 0 32 20 61 61 359 447 590 0 0 0 0 137 120 0 64 60 
290 131 107 0 77 81 0 91 63 342 0 35 20 41 60 346 448 599 0 0 0 0 137 120 0 63 60 
297 122 105 0 77 79 0 85 62 338 0 38 19 45 62 380 407 572 0 0 0 0 158 120 0 63 60 
292 125 106 0 77 82 0 89 63 338 0 40 20 65 62 385 409 612 0 0 0 0 155 120 0 63 60 
294 130 107 0 78 81 0 81 63 341 0 45 19 71 57 395 453 611 0 0 0 0 165 120 0 64 60 
293 125 104 0 77 82 0 82 63 339 0 47 20 66 57 372 407 595 0 0 0 0 167 120 0 63 60 
293 135 105 0 78 85 0 88 63 340 0 48 20 65 58 345 403 496 0 0 0 0 191 120 0 64 60 
295 124 110 0 78 81 0 82 63 338 0 49 20 78 58 367 438 620 0 0 0 0 208 120 0 65 60 
296 128 107 0 77 82 0 83 63 329 0 44 19 68 59 362 409 618 0 0 0 0 199 120 0 65 60 
301 130 104 0 76 83 0 85 64 330 0 44 19 68 61 361 412 623 0 0 0 0 203 120 0 65 60 
293 122 100 0 76 85 0 86 64 337 0 48 20 65 63 442 411 578 0 0 0 0 135 120 0 65 60 
293 123 106 0 75 83 0 89 63 343 0 45 19 70 61 362 419 540 0 0 0 0 204 120 0 66 60 
293 128 105 0 74 79 0 89 64 336 0 39 19 65 59 399 462 560 0 0 0 0 147 120 0 65 60 
300 134 102 0 73 79 0 89 64 336 0 42 19 83 58 361 402 520 0 0 0 0 137 120 0 66 60 
301 127 103 0 73 82 0 84 63 339 0 41 20 82 58 339 437 693 0 0 0 0 125 120 0 65 60 
291 125 108 0 72 83 0 88 62 343 0 45 20 68 59 394 411 670 0 0 0 0 127 120 0 66 60 
299 131 108 0 71 76 0 87 63 343 0 44 21 62 60 421 395 629 0 0 0 0 205 120 0 65 60 
298 128 102 0 72 79 0 85 63 338 0 48 21 83 59 363 432 627 0 0 0 0 201 120 0 65 60 
301 126 104 0 72 79 0 91 63 334 0 50 18 94 60 382 385 600 0 0 0 0 160 120 0 66 60 
298 127 101 0 73 82 0 85 63 333 0 46 19 67 58 416 460 671 0 0 0 0 164 120 0 66 60 
295 123 106 0 74 79 0 86 63 337 0 48 20 50 60 388 447 610 0 0 0 0 136 120 0 66 60 
300 124 107 0 75 82 0 88 63 342 0 47 20 66 61 383 458 646 0 0 0 0 145 120 0 65 60 
299 127 106 0 76 83 0 87 63 337 0 47 21 80 61 382 449 692 0 0 0 0 173 120 0 66 60 
294 120 107 0 76 83 0 88 64 336 0 48 18 79 60 379 425 747 0 0 0 0 164 120 0 66 60 
297 132 102 0 76 80 0 82 64 340 0 49 20 75 57 347 423 684 0 0 0 0 147 120 0 66 60 
297 136 104 0 76 82 0 88 65 349 0 48 19 51 60 398 425 663 0 0 0 0 183 120 0 66 60 
293 128 106 0 76 82 0 84 63 347 0 44 18 60 60 339 401 632 0 0 0 0 140 120 0 66 60 
292 124 106 0 75 84 0 86 63 339 0 47 19 69 61 397 382 665 0 0 0 0 170 120 0 66 60 
295 127 108 0 75 85 0 91 62 336 0 46 20 77 66 349 425 645 0 0 0 0 165 120 0 66 60 
295 126 106 0 75 83 0 90 62 336 0 46 21 68 84 337 439 632 0 0 0 0 161 120 0 65 60 
294 125 105 0 74 86 0 93 63 343 0 43 19 68 67 365 433 695 0 0 0 0 244 120 0 65 60 
294 124 108 0 73 83 0 85 64 338 0 46 19 60 60 379 426 620 0 0 0 0 204 120 0 65 60 
295 125 106 0 73 83 0 92 64 339 0 45 19 58 59 371 445 664 0 0 0 0 154 120 0 66 60 
295 137 107 0 73 83 0 88 63 342 0 46 18 65 57 400 369 648 0 0 0 0 137 120 0 66 60 
293 121 107 0 72 79 0 85 63 341 0 46 19 66 56 341 438 640 0 0 0 0 147 120 0 67 60 
295 125 106 0 72 79 0 86 62 341 0 45 20 74 56 415 433 669 0 0 0 0 187 120 0 67 60 
293 130 109 0 72 78 0 82 62 340 0 43 20 60 57 380 438 666 0 0 0 0 174 120 0 67 60 
300 125 108 0 72 83 0 86 64 331 0 43 19 65 56 383 394 696 0 0 0 0 162 120 0 66 60 
293 127 106 0 73 92 0 83 64 329 0 45 19 83 58 390 410 570 0 0 0 0 188 120 0 67 60 
297 127 110 0 74 92 0 88 64 339 0 50 19 80 57 404 420 691 0 0 0 0 194 120 0 66 60 
297 125 107 0 74 89 0 90 65 346 0 47 19 69 56 396 405 659 0 0 0 0 167 120 0 66 60 
296 123 105 0 74 88 0 86 64 336 0 45 19 45 58 383 429 664 0 0 0 0 180 120 0 66 60 
302 122 107 0 74 87 0 91 63 334 0 45 18 42 57 374 429 678 0 0 0 0 169 120 0 66 60 
301 125 106 0 74 87 0 88 62 335 0 43 19 56 58 384 418 645 0 0 0 0 182 120 0 66 60 
295 126 106 0 74 85 0 85 63 340 0 45 19 70 61 393 428 593 0 0 0 0 171 120 0 65 60 
297 125 106 0 74 89 0 89 64 341 0 45 18 68 59 366 442 496 0 0 0 0 139 120 0 65 60 
294 128 107 0 74 89 0 87 64 336 0 48 17 63 58 403 454 584 0 0 0 0 193 120 0 65 60 
303 123 111 0 74 89 0 85 64 333 0 45 18 67 57 401 446 578 0 0 0 0 207 120 0 66 60 
298 132 109 0 74 86 0 83 64 332 0 48 18 73 58 365 412 637 0 0 0 0 149 120 0 65 60 
297 131 103 0 74 90 0 86 64 336 0 49 19 65 59 416 405 630 0 0 0 0 178 120 0 65 60 
291 129 108 0 74 90 0 92 63 343 0 48 19 67 57 376 406 630 0 0 0 0 188 120 0 65 60 
295 124 106 0 74 90 0 82 65 336 0 44 19 64 59 378 428 586 0 0 0 0 136 120 0 65 60 
300 124 105 0 74 86 0 89 64 335 0 49 18 69 57 371 424 557 0 0 0 0 193 120 0 65 60 
296 128 109 0 74 86 0 85 65 337 0 45 18 71 59 351 444 614 0 0 0 0 197 120 0 65 60 
300 128 106 0 74 84 0 81 64 348 0 42 19 83 58 391 467 616 0 0 0 0 158 120 0 65 60 
292 129 106 0 74 84 0 84 63 350 0 44 19 70 58 338 435 585 0 0 0 0 179 120 0 65 60 
301 132 107 0 74 85 0 84 63 341 0 43 17 58 58 415 418 529 0 0 0 0 164 120 0 64 60 
299 125 104 0 73 86 0 89 63 340 0 47 18 65 58 350 400 610 0 0 0 0 192 120 0 64 60 
290 130 106 0 72 89 0 83 63 339 0 49 17 95 59 417 394 569 0 0 0 0 149 120 0 64 60 
294 128 106 0 72 88 0 88 64 342 0 49 18 79 59 353 409 609 0 0 0 10 142 120 0 64 60 
293 131 107 0 71 88 0 89 65 340 0 49 17 60 63 348 447 592 0 0 0 10 147 120 0 64 60 
297 128 110 0 72 85 0 87 64 338 0 52 18 51 68 393 448 582 0 0 0 0 178 120 0 64 60 
295 123 103 0 71 85 0 90 65 341 0 49 18 77 64 355 442 544 0 0 0 0 142 120 0 65 60 
296 125 105 0 74 82 0 80 64 342 0 49 18 79 59 368 427 496 0 0 0 10 176 120 0 64 60 
292 128 106 0 74 84 0 86 64 341 0 51 18 83 57 375 459 600 0 0 0 10 156 120 0 65 60 
293 131 103 0 73 84 0 83 63 341 0 49 19 61 57 353 418 573 0 0 0 0 165 120 0 65 60 
293 128 102 0 75 83 0 91 63 329 0 48 20 53 57 391 401 635 0 0 0 0 233 120 0 65 60 
293 131 104 0 75 81 0 88 65 328 0 49 19 68 60 403 436 622 0 0 0 0 160 120 0 65 60 
297 125 104 0 76 82 0 90 64 334 0 50 18 72 64 362 429 574 0 0 0 0 167 120 0 65 60 
295 126 106 0 76 83 0 89 64 342 0 49 18 75 66 383 407 552 0 0 0 0 170 120 0 65 60 
294 127 104 0 77 82 0 85 63 339 0 48 17 65 61 401 439 500 0 0 0 0 167 120 0 65 60 
296 124 105 0 77 81 0 88 63 332 0 48 18 64 57 377 464 675 0 0 0 0 182 120 0 65 60 
301 127 107 0 77 82 0 86 63 335 0 49 19 58 55 383 392 598 0 0 0 0 237 120 0 64 60 
299 137 102 0 78 86 0 88 64 338 0 50 19 63 55 396 390 702 0 0 0 0 182 120 0 65 60 
298 128 104 0 78 86 0 84 64 342 0 50 18 64 55 395 449 608 0 0 0 0 149 120 0 64 60 
301 132 104 0 78 86 0 85 63 340 0 50 17 69 56 389 439 569 0 0 0 0 130 120 0 64 60 
297 120 104 0 77 86 0 89 62 337 0 51 18 66 58 397 420 576 0 0 0 0 146 120 0 64 60 
304 125 107 0 77 86 0 83 62 333 0 49 18 58 59 390 447 574 0 0 0 0 193 120 0 64 60 
293 127 108 0 76 82 0 87 62 331 0 47 18 78 59 401 397 648 0 0 0 0 182 120 0 62 60 
292 124 106 0 75 81 0 89 62 339 0 46 20 78 60 425 392 576 0 0 0 0 160 120 0 63 60 
296 128 108 0 74 81 0 86 64 339 0 46 19 73 57 388 435 717 0 0 0 0 204 120 0 64 60 
299 126 104 0 73 80 0 88 64 332 0 47 20 50 56 359 404 631 0 0 0 0 169 120 0 64 60 
297 124 103 0 72 81 0 87 65 333 0 46 19 42 59 333 446 603 0 0 0 0 154 120 0 64 60 
295 121 105 0 72 83 0 88 64 341 0 45 17 50 58 378 427 593 0 0 0 0 178 120 0 64 60 
296 120 108 0 72 84 0 85 64 348 0 42 17 65 58 375 457 659 0 0 0 0 153 120 0 65 60 
294 125 108 0 72 83 0 84 64 340 0 41 18 68 57 362 433 656 0 0 0 0 203 120 0 65 60 
293 124 105 0 73 80 0 91 63 335 0 45 19 65 58 385 425 596 0 0 0 0 163 120 0 64 60 
291 129 109 0 72 79 0 80 63 335 0 42 20 64 58 360 436 653 0 0 0 0 169 120 0 64 60 
293 127 110 0 74 83 0 84 63 336 0 41 19 76 58 396 389 598 0 0 0 0 176 120 0 64 60 
299 130 105 0 73 82 0 91 64 338 0 41 19 65 60 362 419 608 0 0 0 0 130 120 0 64 60 
292 122 107 0 74 84 0 91 63 337 0 36 18 68 60 392 408 639 0 0 0 0 171 120 0 63 60 
294 126 106 0 73 84 0 91 63 341 0 36 16 63 58 412 430 627 0 0 0 0 175 120 0 63 60 
296 126 105 0 73 90 0 88 63 344 0 33 18 69 58 441 425 652 0 0 0 0 170 120 0 64 60 
292 132 101 0 73 85 0 90 64 342 0 34 17 70 59 370 393 577 0 0 0 0 133 120 0 64 60 
298 125 106 0 72 85 0 85 63 343 0 36 17 84 59 360 459 606 0 0 0 0 207 120 0 64 60 
297 128 110 0 73 88 0 82 63 334 0 36 18 72 59 393 445 478 0 0 0 0 163 120 0 64 60 
297 131 112 0 72 90 0 85 64 330 0 40 19 58 60 387 412 565 0 0 0 0 205 120 0 64 60 
295 135 107 0 74 91 0 84 65 334 0 40 17 66 58 378 418 652 0 0 0 0 130 120 0 65 60 
294 125 108 0 72 92 0 83 64 342 0 37 17 92 58 377 404 668 0 0 0 0 161 120 0 65 60 
300 125 106 0 74 90 0 85 63 342 0 37 20 81 59 402 468 605 0 0 0 0 165 120 0 65 60 
299 126 107 0 73 87 0 92 65 335 0 36 18 60 57 397 418 644 0 0 0 0 168 120 0 65 60 
296 128 109 0 73 85 0 88 63 334 0 34 19 51 59 391 451 622 0 0 0 0 146 120 0 65 60 
294 124 107 0 73 83 0 89 64 339 0 34 20 80 57 374 456 530 0 0 0 0 168 120 0 66 60 
303 124 108 0 67 90 0 85 64 342 0 34 19 79 59 371 398 513 0 0 0 0 203 120 0 65 60 
304 132 107 0 66 89 0 85 64 341 0 32 20 82 60 409 481 642 0 0 0 0 167 120 0 65 60 
296 128 107 0 74 87 0 85 63 334 0 32 18 59 60 355 459 608 0 0 0 0 149 120 0 65 60 
302 128 104 0 63 83 0 87 62 335 0 34 19 55 59 362 413 535 0 0 0 0 125 120 0 64 60 
293 128 102 0 72 87 0 87 63 335 0 36 18 69 59 390 372 627 0 0 0 0 183 120 0 64 60 
296 131 107 0 73 86 0 87 64 342 0 39 20 75 61 383 405 590 0 0 0 0 152 120 0 63 60 
295 128 107 0 74 87 0 87 65 340 0 43 19 73 62 438 420 584 0 0 0 0 208 120 0 63 60 
301 125 103 0 75 84 0 87 64 333 0 39 19 65 65 356 454 585 0 0 0 0 157 120 0 64 60 
296 129 102 0 75 85 0 86 66 334 0 40 19 62 63 409 416 575 0 0 0 0 159 120 0 63 60 
299 125 102 0 74 84 0 86 65 344 0 40 17 59 61 360 457 615 0 0 0 0 167 120 0 63 60 
296 129 104 0 75 81 0 90 63 348 0 37 18 66 60 380 417 499 0 0 0 0 188 120 0 63 60 
296 128 105 0 75 81 0 86 63 344 0 33 18 65 57 363 440 577 0 0 0 0 195 120 0 63 60 
295 131 105 0 76 82 0 86 62 338 0 32 18 73 58 372 428 587 0 0 0 0 154 120 0 63 60 
294 126 104 0 76 80 0 86 64 340 0 31 18 65 59 368 469 595 0 0 0 0 167 120 0 64 60 
297 124 104 0 77 75 0 87 64 339 0 29 19 61 57 377 435 630 0 0 0 0 157 120 0 64 60 
296 124 105 0 77 79 0 87 64 343 0 30 18 82 59 388 417 509 0 0 0 0 151 120 0 64 60 
299 126 104 0 76 84 0 91 63 340 0 30 18 80 57 356 385 619 0 0 0 0 195 120 0 65 60 
295 127 105 0 76 86 0 92 63 344 0 29 17 72 58 407 465 544 0 0 0 0 185 120 0 65 60 
292 133 104 0 74 83 0 85 62 342 0 31 17 49 58 370 404 626 0 0 0 0 173 120 0 65 60 
298 130 103 0 72 84 0 90 63 338 0 29 17 43 59 367 450 650 0 0 0 0 186 120 0 65 60 
298 124 104 0 71 84 0 89 63 341 0 29 19 54 58 439 437 668 0 0 0 0 199 120 0 65 60 
298 126 107 0 70 81 0 87 64 334 0 29 19 69 58 358 402 653 0 0 0 0 152 120 0 65 60 
291 129 107 0 70 82 0 83 63 326 0 27 18 68 59 368 432 600 0 0 0 0 193 120 0 65 60 
295 126 106 0 71 85 0 83 64 331 0 29 18 65 58 350 431 591 0 0 0 0 153 120 0 65 60 
297 125 104 0 74 87 0 85 63 341 0 27 18 65 59 434 459 641 0 0 0 0 200 120 0 64 60 
296 128 105 0 74 88 0 82 64 345 0 30 17 74 58 358 428 663 0 0 0 0 164 120 0 65 60 
302 127 102 0 76 92 0 90 63 336 0 30 18 65 59 366 395 621 0 0 0 0 176 120 0 64 60 
293 122 106 0 77 95 0 91 63 332 0 31 18 67 59 396 450 684 0 0 0 0 174 120 0 63 60 
299 119 106 0 78 96 0 89 63 336 0 33 17 65 57 352 442 636 0 0 0 0 182 120 0 64 60 
298 124 106 0 77 89 0 89 63 341 0 39 20 67 59 312 448 740 0 0 0 0 176 120 0 63 60 
299 126 106 0 77 86 0 89 63 341 0 38 18 72 57 392 411 562 0 0 0 0 149 120 0 64 60 
299 126 106 0 77 88 0 87 63 335 0 41 19 82 60 417 396 658 0 0 0 0 139 120 0 65 60 
297 133 106 0 77 88 0 83 63 335 0 39 20 71 58 381 402 645 0 0 0 0 179 120 0 65 60 
299 127 106 0 77 86 0 86 63 337 0 40 18 58 60 401 391 710 0 0 0 0 188 120 0 65 60 
296 126 108 0 78 84 0 87 63 343 0 32 19 66 63 394 400 684 0 0 0 0 206 120 0 65 60 
299 125 106 0 77 85 0 84 64 341 0 29 18 95 60 345 406 688 0 0 0 0 119 120 0 65 60 
299 125 104 0 77 83 0 86 64 334 0 29 18 74 58 368 436 608 0 0 0 0 158 120 0 65 60 
295 124 106 0 76 81 0 91 64 333 0 25 19 58 58 409 413 670 0 0 0 0 193 120 0 66 60 
295 126 104 0 74 81 0 87 64 342 0 29 18 52 57 440 428 743 0 0 0 0 141 120 0 66 60 
294 128 105 0 74 85 0 85 64 345 0 29 17 79 59 375 457 698 0 0 0 0 200 120 0 66 60 
296 125 106 0 73 83 0 85 63 344 0 28 17 80 60 387 396 610 0 0 0 0 203 120 0 66 60 
291 125 106 0 71 81 0 81 63 335 0 27 17 81 61 410 418 657 0 0 0 0 106 120 0 65 60 
296 131 107 0 71 81 0 82 64 338 0 24 17 55 61 407 384 586 0 0 0 0 185 120 0 66 60 
297 135 104 0 71 84 0 87 63 338 0 26 18 58 61 352 396 627 0 0 0 0 172 120 0 66 60 
295 129 104 0 71 82 0 89 64 340 0 24 20 70 58 417 353 697 0 0 0 0 139 120 0 66 60 
295 126 105 0 72 83 0 88 63 339 0 26 18 76 57 393 403 654 0 0 0 0 172 120 0 65 60 
294 126 103 0 72 81 0 87 63 344 0 28 18 71 60 367 428 650 0 0 0 0 186 120 0 66 60 
293 125 104 0 73 86 0 86 63 342 0 26 19 67 58 365 418 643 0 0 0 0 119 120 0 66 60 
294 126 106 0 75 86 0 95 63 340 0 26 17 61 60 367 429 614 0 0 0 0 175 120 0 66 60 
296 129 106 0 75 85 0 84 64 339 0 25 17 57 59 350 418 564 0 0 0 0 143 120 0 66 60 
295 133 105 0 76 85 0 86 64 335 0 25 18 65 59 372 408 595 0 0 0 0 189 120 0 66 60 
294 124 105 0 76 81 0 88 64 326 0 27 18 65 61 424 440 602 0 0 0 0 154 120 0 65 60 
301 124 103 0 75 78 0 82 63 331 0 25 17 70 60 406 475 608 0 0 0 0 161 120 0 66 60 
297 126 106 0 74 82 0 86 62 342 0 25 19 62 61 374 421 612 0 0 0 0 192 120 0 66 60 
301 130 106 0 75 82 0 87 62 343 0 27 17 65 60 352 390 618 0 0 0 0 160 120 0 65 60 
296 126 106 0 75 86 0 89 63 335 0 26 17 81 59 375 411 692 0 0 0 0 149 120 0 65 60 
295 121 107 0 75 90 0 85 64 336 0 24 18 80 60 395 447 572 0 0 0 0 153 120 0 66 60 
302 130 105 0 75 89 0 90 64 339 0 29 17 69 59 363 420 572 0 0 0 0 218 120 0 66 60 
297 127 104 0 74 90 0 89 64 343 0 27 18 42 60 362 456 593 0 0 0 0 144 120 0 66 60 
299 129 103 0 74 86 0 83 63 339 0 26 19 43 60 391 438 554 0 0 0 0 179 120 0 66 60 
300 129 104 0 74 85 0 88 63 333 0 28 20 57 60 403 425 516 0 0 0 0 162 120 0 65 60 
300 130 104 0 72 81 0 82 62 332 0 27 18 71 58 362 427 590 0 0 0 0 115 120 0 66 60 
294 125 103 0 72 85 0 86 62 333 0 28 17 66 59 408 413 603 0 0 0 0 208 120 0 65 60 
296 124 106 0 72 85 0 85 63 337 0 27 18 63 60 406 412 590 0 0 0 0 179 120 0 66 60 
300 128 104 0 72 85 0 88 63 339 0 27 17 71 58 426 394 582 0 0 0 0 151 120 0 65 60 
297 129 104 0 73 83 0 88 64 334 0 25 18 71 58 382 399 603 0 0 0 0 162 120 0 66 60 
303 133 103 0 74 83 0 85 64 337 0 26 21 67 58 392 416 581 0 0 0 0 188 120 0 66 60 
293 127 106 0 75 85 0 89 64 344 0 27 18 68 58 358 361 512 0 0 0 0 193 120 0 66 60 
292 128 103 0 75 87 0 86 63 344 0 31 19 66 60 359 419 614 0 0 0 0 128 120 0 65 60 
295 126 106 0 75 92 0 85 65 345 0 30 17 66 58 439 409 613 0 0 0 0 168 120 0 66 60 
290 127 105 0 75 91 0 87 64 335 0 29 18 78 62 399 439 626 0 0 0 0 223 120 0 65 60 
292 130 108 0 74 89 0 88 63 337 0 27 19 81 60 420 406 663 0 0 0 0 151 120 0 65 60 
295 123 108 0 75 86 0 87 62 339 0 27 17 69 61 363 466 586 0 0 0 0 169 120 0 65 60 
291 128 102 0 74 84 0 85 63 341 0 28 19 61 58 330 439 601 0 0 0 0 203 120 0 65 60 
295 131 108 0 74 81 0 84 63 338 0 29 18 75 59 358 371 588 0 0 0 0 142 120 0 65 60 
300 121 108 0 73 79 0 87 63 342 0 30 19 96 62 396 416 597 0 0 0 0 138 120 0 66 60 
294 120 106 0 74 77 0 89 63 344 0 29 18 73 61 389 363 662 0 0 0 0 173 120 0 65 60 
292 118 108 0 74 78 0 96 63 342 0 30 19 54 59 388 430 654 0 0 0 0 171 120 0 65 60 
298 125 105 0 74 81 0 88 63 341 0 30 19 64 59 396 438 600 0 0 0 0 146 120 0 65 60 
293 131 108 0 74 80 0 89 64 335 0 30 18 82 58 341 489 633 0 0 0 0 210 120 0 65 60 
294 127 106 0 73 80 0 90 64 325 0 28 18 81 61 384 441 596 0 0 0 0 131 120 0 65 60 
292 123 108 0 74 85 0 86 64 332 0 31 18 76 61 390 387 570 0 0 0 0 184 120 0 66 60 
293 126 110 0 74 87 0 84 63 341 0 28 19 50 59 378 382 714 0 0 0 0 162 120 0 65 60 
301 126 109 0 73 88 0 79 64 341 0 28 20 62 60 393 433 696 0 0 0 0 177 120 0 65 60 
293 134 106 0 73 90 0 91 65 336 0 28 19 69 61 357 405 627 0 0 0 0 187 120 0 65 60 
298 126 108 0 72 92 0 82 64 334 0 29 18 76 61 376 442 614 0 0 0 0 167 120 0 65 60 
298 122 107 0 71 93 0 82 65 339 0 28 19 69 59 351 402 600 0 0 0 0 175 120 0 66 60 
299 128 111 0 71 87 0 89 63 340 0 28 17 69 60 392 422 609 0 0 0 0 164 120 0 66 60 
295 127 104 0 72 81 0 88 63 335 0 26 18 59 59 385 441 666 0 0 0 0 176 120 0 65 60 
297 128 102 0 73 79 0 90 62 334 0 28 18 59 58 366 385 604 0 0 0 0 165 120 0 65 60 
296 130 111 0 74 82 0 84 62 332 0 26 19 66 59 371 384 638 0 0 0 0 195 120 0 64 60 
295 130 108 0 74 83 0 90 63 333 0 30 18 66 61 363 426 614 0 0 0 0 147 120 0 64 60 
298 120 110 0 74 86 0 83 63 336 0 27 19 73 63 399 402 576 0 0 0 0 174 120 0 64 60 
296 130 105 0 75 86 0 83 64 339 0 29 18 59 67 421 440 610 0 0 0 0 177 120 0 65 60 
301 127 107 0 75 84 0 89 65 334 0 29 18 69 106 396 438 684 0 0 0 0 170 120 0 65 60 
296 125 109 0 75 81 0 86 64 333 0 29 18 81 62 386 391 598 0 0 0 0 158 120 0 65 60 
294 126 109 0 75 79 0 88 64 341 0 30 19 82 57 385 396 648 0 0 0 0 140 120 0 66 60 
296 134 109 0 76 80 0 85 63 348 0 29 18 69 55 367 416 577 0 0 0 0 158 120 0 65 60 
290 127 108 0 77 81 0 87 62 343 0 32 19 41 57 412 447 595 0 0 0 0 168 120 0 65 60 
297 126 105 0 78 83 0 87 63 336 0 32 19 42 57 387 428 503 0 0 0 0 154 120 0 66 60 
294 123 106 0 79 81 0 87 64 336 0 31 19 61 57 417 421 559 0 0 0 0 185 120 0 66 60 
297 131 107 0 79 85 0 87 63 340 0 31 18 71 59 386 410 577 0 0 0 0 164 120 0 66 60 
292 130 108 0 78 86 0 84 63 343 0 31 18 67 57 359 461 615 0 0 0 0 201 120 0 65 60 
291 127 108 0 77 92 0 85 63 340 0 29 19 63 55 382 461 586 0 0 0 0 170 120 0 66 60 
293 124 108 0 77 92 0 89 63 342 0 28 18 73 55 370 403 553 0 0 0 0 177 120 0 66 60 
293 126 103 0 75 94 0 86 63 342 0 30 19 70 55 381 443 598 0 0 0 0 148 120 0 66 60 
295 130 105 0 75 89 0 90 63 343 0 29 18 67 58 355 404 480 0 0 0 0 178 120 0 65 60 
295 128 99 0 73 88 0 89 64 343 0 29 19 67 63 352 389 568 0 0 0 0 193 120 0 66 60 
293 131 107 0 73 83 0 88 64 339 0 28 20 68 61 380 464 576 0 0 0 0 135 120 0 65 60 
296 130 107 0 72 88 0 89 64 328 0 29 19 66 61 359 445 575 0 0 0 10 189 120 0 65 60 
296 122 108 0 73 86 0 87 63 336 0 25 19 79 58 377 411 574 0 0 0 0 158 120 0 65 60 
301 121 103 0 72 79 0 91 64 342 0 28 18 82 57 416 438 574 0 0 0 0 121 120 0 65 60 
301 121 107 0 72 78 0 84 65 343 0 28 18 69 55 443 454 635 0 0 0 0 136 120 0 65 60 
297 138 104 0 73 81 0 82 65 338 0 28 19 61 57 387 443 561 0 0 0 0 142 120 0 65 60 
293 131 103 0 73 84 0 81 63 337 0 27 19 80 57 388 404 615 0 0 0 0 174 120 0 65 60 
300 128 105 0 74 86 0 84 64 340 0 29 19 94 58 345 421 559 0 0 0 0 179 120 0 66 60 
300 130 107 0 74 87 0 87 62 342 0 29 19 72 57 401 438 554 0 0 0 0 191 120 0 66 60 
296 124 106 0 73 88 0 86 63 338 0 30 19 55 57 409 385 523 0 0 0 0 200 120 0 66 60 
296 124 105 0 73 84 0 94 63 334 0 30 17 63 57 364 360 582 0 0 0 0 155 120 0 66 60 
301 126 108 0 72 85 0 86 63 332 0 31 17 83 58 421 479 567 0 0 0 0 178 120 0 65 60 
298 123 109 0 73 85 0 88 64 334 0 29 19 81 59 397 401 613 0 0 0 0 204 120 0 64 60 
296 126 104 0 73 87 0 87 64 339 0 26 18 75 60 364 410 659 0 0 0 0 197 120 0 64 60 
295 126 107 0 74 82 0 86 64 342 0 28 20 52 59 369 408 564 0 0 0 0 169 120 0 64 60 
302 125 105 0 74 81 0 87 63 332 0 27 20 62 60 396 444 571 0 0 0 0 173 120 0 65 60 
292 123 105 0 73 83 0 88 64 335 0 26 20 70 67 338 423 523 0 0 0 0 144 120 0 65 60 
298 124 104 0 72 87 0 86 63 344 0 28 19 75 60 379 419 604 0 0 0 0 152 120 0 64 60 
292 122 106 0 73 91 0 85 63 348 0 26 18 67 59 399 408 653 0 0 0 0 187 120 0 63 60 
296 128 106 0 72 91 0 88 63 344 0 27 18 69 59 405 415 709 0 0 0 0 159 120 0 63 60 
293 128 104 0 72 96 0 88 64 339 0 28 19 60 57 359 456 604 0 0 0 0 192 120 0 64 60 
301 130 106 0 72 95 0 83 63 339 0 25 19 58 57 367 382 580 0 0 0 0 184 120 0 64 60 
294 120 107 0 72 86 0 86 63 341 0 30 19 66 57 353 393 604 0 0 0 0 181 120 0 64 60 
293 120 108 0 72 82 0 83 64 341 0 27 20 65 59 420 407 632 0 0 0 0 174 120 0 64 60 
299 128 108 0 73 81 0 83 62 339 0 28 18 71 58 407 443 630 0 0 0 0 146 120 0 64 60 
293 124 103 0 73 85 0 85 62 342 0 30 19 61 61 413 426 617 0 0 0 0 172 120 0 65 60 
296 129 105 0 73 83 0 87 63 345 0 29 18 66 60 379 425 750 0 0 0 0 213 120 0 65 60 
298 137 103 0 73 86 0 92 64 341 0 26 18 81 58 390 446 685 0 0 0 0 138 120 0 65 60 
295 123 107 0 73 84 0 84 65 342 0 30 19 81 59 371 405 639 0 0 0 0 126 120 0 65 60 
293 128 106 0 72 90 0 85 64 339 0 29 20 71 57 374 391 618 0 0 0 0 137 120 0 65 60 
296 128 108 0 72 90 0 90 64 326 0 28 20 46 57 344 413 571 0 0 0 0 149 120 0 65 60 
300 133 106 0 73 87 0 86 63 334 0 31 20 42 56 407 407 712 0 0 0 0 185 120 0 65 60 
