315 137 115 0 83 88 68 65 49 215 0 0 0 73 81 251 416 624 245 0 0 0 142 130 0 65 60 
316 136 114 0 84 84 69 65 51 222 0 0 0 75 84 195 413 621 253 0 0 0 130 130 0 64 60 
310 138 117 0 83 83 69 63 50 229 0 0 0 60 80 220 437 543 241 0 0 0 171 130 0 65 60 
318 140 107 0 83 84 68 69 51 230 0 0 0 38 77 211 461 616 295 0 0 0 138 130 0 65 60 
315 130 109 0 83 90 68 65 51 226 0 0 0 41 78 181 455 637 247 0 0 0 166 130 0 65 60 
315 132 115 0 82 91 68 63 50 226 0 0 0 56 77 202 439 646 239 0 0 0 139 130 0 65 60 
314 131 113 0 81 90 68 65 50 223 0 0 0 67 79 257 441 602 250 0 0 0 145 130 0 65 60 
311 142 113 0 81 90 69 67 49 222 0 0 0 63 81 205 473 637 224 0 0 0 144 130 0 65 60 
314 139 114 0 80 89 69 62 48 222 0 0 0 61 82 193 444 629 232 0 0 0 160 130 0 65 60 
312 132 114 0 81 90 69 67 49 227 0 0 0 61 78 217 452 542 234 0 0 0 204 130 0 65 60 
313 139 111 0 80 98 69 67 49 228 0 0 0 71 79 204 455 672 238 0 0 0 193 130 0 65 60 
320 133 112 0 79 108 69 68 49 223 0 0 0 61 79 250 464 665 236 0 0 0 216 130 0 65 60 
316 132 116 0 78 106 68 70 50 226 0 0 0 64 78 224 455 676 227 0 0 0 151 130 0 65 60 
317 136 112 0 76 95 69 73 50 223 0 0 0 62 79 192 470 650 215 0 0 0 166 130 0 65 60 
313 138 115 0 76 88 68 65 48 225 0 0 0 62 79 243 440 643 205 0 0 0 188 130 0 65 60 
315 130 116 0 75 93 69 62 50 219 0 0 0 63 79 178 474 623 199 0 0 0 169 130 0 65 60 
314 133 114 0 77 100 68 69 49 222 0 0 0 71 79 188 411 618 226 0 0 0 129 130 0 64 60 
315 134 114 0 78 106 69 66 49 226 0 0 0 75 81 198 486 667 238 0 0 0 173 130 0 64 60 
315 132 106 0 79 110 68 62 49 228 0 0 0 68 80 200 474 699 247 0 0 0 168 130 0 64 60 
312 134 106 0 79 102 68 65 50 223 0 0 0 57 78 173 437 695 234 0 0 0 213 130 0 65 60 
319 139 113 0 79 94 68 62 50 225 0 0 0 59 81 213 474 613 275 0 0 0 180 130 0 64 60 
316 129 115 0 79 83 69 63 50 225 0 0 0 81 84 250 435 685 283 0 0 0 128 130 0 64 60 
315 137 114 0 79 82 69 68 50 220 0 0 0 84 84 239 450 622 287 0 0 0 147 130 0 64 60 
318 132 111 0 78 87 68 63 49 225 0 0 0 63 78 185 446 746 273 0 0 0 175 130 0 65 60 
315 141 109 0 77 95 69 60 50 230 0 0 0 50 77 204 436 708 264 0 0 0 165 130 0 64 60 
311 137 110 0 77 96 69 62 49 231 0 0 0 53 77 155 429 663 267 0 0 0 144 130 0 65 60 
312 140 111 0 77 102 69 66 48 228 0 0 0 72 78 202 449 693 283 0 0 0 155 130 0 64 60 
315 138 113 0 77 96 69 65 50 228 0 0 0 76 78 183 467 676 263 0 0 0 116 130 0 64 60 
320 133 114 0 77 83 68 67 50 225 0 0 0 77 77 186 464 660 218 0 0 0 118 130 0 64 60 
313 135 113 0 78 75 69 68 50 225 0 0 0 60 79 196 478 699 241 0 0 0 143 130 0 64 60 
318 135 112 0 78 75 69 66 50 223 0 0 0 48 78 173 433 741 246 0 0 0 149 130 0 63 60 
309 132 109 0 78 77 69 65 49 226 0 0 0 62 79 180 417 636 261 0 0 0 111 130 0 62 60 
313 141 111 0 78 80 68 66 50 226 0 0 0 64 80 195 483 654 277 0 0 0 238 130 0 62 60 
315 138 112 0 77 82 69 62 50 226 0 0 0 69 81 248 465 724 247 0 0 0 182 130 0 62 60 
311 131 112 0 76 82 68 62 50 222 0 0 0 62 78 198 446 580 239 0 0 0 179 130 0 62 60 
318 134 114 0 75 83 69 66 49 223 0 0 0 63 78 220 440 666 264 0 0 0 156 130 0 63 60 
313 139 112 0 76 80 69 66 49 228 0 0 0 58 78 198 443 730 232 0 0 0 166 130 0 64 60 
313 131 113 0 76 83 68 66 50 228 0 0 0 53 78 221 467 675 235 0 0 0 143 130 0 64 60 
315 134 112 0 77 85 68 65 50 226 0 0 0 60 78 190 471 641 247 0 0 0 187 130 0 65 60 
314 137 114 0 79 93 68 64 50 226 0 0 0 61 78 178 448 680 217 0 0 0 139 130 0 64 60 
314 142 114 0 79 95 68 67 50 229 0 0 0 61 79 215 435 665 226 0 0 0 169 130 0 64 60 
312 144 114 0 80 99 68 64 48 224 0 0 0 65 79 196 387 543 258 0 0 0 163 130 0 64 60 
315 127 117 0 80 96 69 66 49 224 0 0 0 54 80 235 460 682 235 0 0 0 165 130 0 65 60 
319 132 112 0 79 87 69 65 49 218 0 0 0 63 80 200 445 670 204 0 0 0 208 130 0 65 60 
310 137 118 0 80 83 68 64 49 217 0 0 0 75 78 185 488 673 219 0 0 0 121 130 0 65 60 
321 145 112 0 81 88 69 64 50 215 0 0 0 72 79 181 441 602 228 0 0 0 169 130 0 65 60 
316 135 113 0 80 96 68 64 50 225 0 0 0 67 79 197 463 704 233 0 0 0 185 130 0 65 60 
314 137 116 0 79 94 68 63 50 228 0 0 0 46 78 205 484 615 250 0 0 0 151 130 0 65 60 
317 131 114 0 78 91 68 64 49 227 0 0 0 40 77 179 451 665 248 0 0 0 150 130 0 65 60 
313 136 112 0 76 81 69 70 50 224 0 0 0 45 77 198 462 707 248 0 0 0 183 130 0 65 60 
316 131 114 0 75 83 69 65 49 224 0 0 0 62 78 194 465 622 280 0 0 0 119 130 0 65 60 
314 139 118 0 75 84 69 64 50 224 0 0 0 66 81 226 414 581 280 0 0 0 170 130 0 65 60 
319 131 112 0 75 91 69 69 48 225 0 0 0 61 81 193 435 549 276 0 0 0 139 130 0 65 60 
317 126 112 0 76 101 68 70 49 224 0 0 0 59 79 243 470 690 273 0 0 0 143 130 0 65 60 
316 128 113 0 77 117 68 64 49 229 0 0 0 67 76 192 468 659 280 0 0 0 162 130 0 65 60 
314 136 108 0 78 118 68 66 49 227 0 0 0 65 76 215 462 653 264 0 0 0 192 130 0 65 60 
310 132 112 0 79 106 69 68 49 226 0 0 0 60 78 183 451 674 271 0 0 0 113 130 0 64 60 
315 132 112 0 79 94 68 61 50 225 0 0 0 63 80 183 433 709 273 0 0 0 149 130 0 64 60 
315 131 111 0 82 88 69 67 50 225 0 0 0 60 83 240 434 624 267 0 0 0 155 130 0 64 60 
311 130 115 0 82 83 69 70 50 222 0 0 0 63 79 191 458 628 283 0 0 0 168 130 0 64 60 
315 134 111 0 83 83 69 64 50 220 0 0 0 63 77 232 441 710 278 0 0 0 157 130 0 64 60 
313 139 105 0 84 81 68 63 50 225 0 0 0 78 79 169 477 680 288 0 0 0 159 130 0 65 60 
316 133 109 0 83 82 68 62 50 227 0 0 0 70 78 205 459 748 247 0 0 0 155 130 0 64 60 
312 135 113 0 82 84 69 62 50 224 0 0 0 61 79 158 485 699 228 0 0 0 204 130 0 64 60 
316 137 110 0 82 83 69 62 50 225 0 0 0 58 78 221 478 636 266 0 0 0 169 130 0 65 60 
317 132 112 0 80 85 68 64 49 224 0 0 0 75 79 218 467 689 255 0 0 0 199 130 0 65 60 
316 141 107 0 80 84 69 61 48 221 0 0 0 87 79 202 452 752 220 0 0 0 173 130 0 66 60 
315 132 107 0 80 88 69 65 49 221 0 0 0 65 81 209 425 739 229 0 0 0 175 130 0 65 60 
316 137 108 0 78 90 68 69 50 229 0 0 0 54 80 185 415 687 222 0 0 0 156 130 0 64 60 
313 134 110 0 78 95 68 68 50 231 0 0 0 49 78 200 442 788 241 0 0 0 201 130 0 64 60 
316 143 113 0 77 103 68 65 49 229 0 0 0 71 78 172 466 750 232 0 0 0 213 130 0 63 60 
313 134 109 0 77 107 69 68 49 229 0 0 0 73 79 211 482 742 216 0 0 0 124 130 0 62 60 
317 133 112 0 77 100 69 68 48 223 0 0 0 79 77 194 458 699 198 0 0 0 123 130 0 61 60 
315 138 110 0 76 92 68 64 50 224 0 0 0 63 77 189 427 753 217 0 0 0 177 130 0 61 60 
315 138 115 0 78 86 68 64 50 222 0 0 0 46 78 213 399 764 223 0 0 0 190 130 0 61 60 
315 133 113 0 78 87 68 64 50 224 0 0 0 60 77 129 483 708 245 0 0 0 123 130 0 62 60 
308 137 114 0 79 92 68 66 51 226 0 0 0 65 78 72 505 727 251 0 0 0 150 130 0 64 60 
318 138 116 0 80 100 68 65 50 229 0 0 0 70 78 210 473 721 238 0 0 0 153 130 0 64 60 
313 140 115 0 81 99 68 63 50 223 0 0 0 62 78 168 450 687 257 0 0 0 178 130 0 64 60 
315 130 114 0 81 88 68 64 49 224 0 0 0 61 80 217 409 752 286 0 0 0 170 130 0 64 60 
315 133 113 0 81 80 68 64 49 228 0 0 0 58 78 242 416 746 270 0 0 0 193 130 0 64 60 
312 132 115 0 81 75 68 67 50 229 0 0 0 53 78 217 451 766 266 0 0 0 167 130 0 64 60 
316 144 114 0 80 75 68 69 50 226 0 0 0 59 80 202 464 665 274 0 0 0 112 130 0 64 60 
316 140 114 0 79 77 68 63 50 226 0 0 0 62 84 229 444 735 280 0 0 0 179 130 0 63 60 
319 139 113 0 79 87 68 61 50 229 0 0 0 67 80 167 452 592 274 0 0 0 165 130 0 64 60 
313 137 116 0 78 94 68 66 50 223 0 0 0 63 76 190 415 717 264 0 0 0 146 130 0 64 60 
311 136 115 0 78 98 68 64 50 225 0 0 0 54 77 202 484 725 255 0 0 0 137 130 0 64 60 
326 136 110 0 76 95 69 59 49 220 0 0 0 67 80 229 481 712 244 0 0 0 185 130 0 64 60 
316 138 110 0 77 96 69 63 48 221 0 0 0 75 77 166 452 715 291 0 0 0 150 130 0 64 60 
314 135 115 0 78 98 69 66 48 215 0 0 0 75 78 212 425 653 258 0 0 0 189 130 0 65 60 
311 132 113 0 77 98 69 65 49 224 0 0 0 65 78 236 447 739 243 0 0 0 154 130 0 65 60 
313 130 116 0 79 91 69 72 50 228 0 0 0 41 79 199 430 619 258 0 0 0 206 130 0 65 60 
315 132 117 0 79 85 69 69 48 230 0 0 0 40 80 211 451 645 237 0 0 0 164 130 0 66 60 
315 136 114 0 79 84 69 62 51 223 0 0 0 50 78 200 449 630 219 0 0 0 132 130 0 67 60 
320 133 115 0 79 80 68 65 50 224 0 0 0 66 78 211 474 670 262 0 0 0 172 130 0 66 60 
313 132 116 0 79 77 68 69 49 223 0 0 0 66 78 193 491 675 238 0 0 0 143 130 0 66 60 
314 133 115 0 79 77 68 66 51 224 0 0 0 61 79 185 435 660 247 0 0 0 118 130 0 64 60 
319 132 114 0 79 81 69 62 50 222 0 0 0 60 78 236 441 669 249 0 0 0 147 130 0 65 60 
313 131 113 0 79 83 69 70 49 227 0 0 0 74 78 222 474 640 224 0 0 0 142 130 0 65 60 
315 135 116 0 80 87 68 63 50 229 0 0 0 64 76 197 422 699 228 0 0 0 141 130 0 65 60 
311 133 115 0 80 88 69 63 49 225 0 0 0 62 78 219 430 619 209 0 0 0 188 130 0 65 60 
314 144 116 0 80 90 68 67 49 223 0 0 0 63 80 209 445 653 188 0 0 0 131 130 0 65 60 
321 138 109 0 79 86 69 62 49 227 0 0 0 62 83 185 444 533 204 0 0 0 142 130 0 65 60 
315 135 107 0 78 89 69 62 49 224 0 0 0 62 81 218 459 631 235 0 0 0 163 130 0 65 60 
318 133 113 0 78 93 68 69 49 221 0 0 0 68 77 178 441 682 260 0 0 0 164 130 0 65 60 
314 135 114 0 77 97 69 67 50 222 0 0 0 80 77 218 450 665 247 0 0 0 153 130 0 65 60 
316 132 117 0 77 96 68 64 49 227 0 0 0 69 79 171 476 706 201 0 0 0 176 130 0 65 60 
316 142 109 0 77 92 68 65 49 225 0 0 0 56 79 206 456 652 248 0 0 0 168 130 0 65 60 
318 139 111 0 78 88 69 68 49 224 0 0 0 62 83 213 468 673 238 0 0 0 166 130 0 65 60 
316 135 111 0 76 84 69 63 48 225 0 0 0 83 79 205 422 572 243 0 0 0 162 130 0 65 60 
315 139 113 0 76 87 69 64 49 223 0 0 0 83 78 198 445 671 261 0 0 0 162 130 0 65 60 
310 137 114 0 77 90 68 67 50 221 0 0 0 62 77 218 439 704 301 0 0 0 146 130 0 65 60 
313 134 114 0 76 94 68 66 49 225 0 0 0 48 78 209 472 763 297 0 0 0 140 130 0 65 60 
311 132 113 0 77 90 69 64 49 229 0 0 0 57 78 213 397 654 293 0 0 0 147 130 0 65 60 
321 134 111 0 77 88 69 66 51 234 0 0 0 73 79 214 448 690 280 0 0 0 208 130 0 65 60 
312 139 112 0 77 86 68 67 49 229 0 0 0 72 78 238 455 657 264 0 0 0 171 130 0 65 60 
313 137 110 0 78 95 69 64 50 224 0 0 0 78 80 216 454 672 255 0 0 0 190 130 0 65 60 
316 128 112 0 79 101 69 63 50 225 0 0 0 57 78 164 496 735 273 0 0 0 179 130 0 65 60 
313 132 110 0 80 104 69 66 50 225 0 0 0 46 79 208 422 703 298 0 0 0 190 130 0 65 60 
315 138 113 0 80 103 69 65 51 222 0 0 0 64 79 207 424 724 255 0 0 0 166 130 0 65 60 
315 144 115 0 81 98 68 65 50 225 0 0 0 66 79 217 465 654 273 0 0 0 161 130 0 65 60 
315 137 111 0 82 94 69 65 49 227 0 0 0 69 78 205 439 689 252 0 0 0 116 130 0 65 60 
318 135 113 0 82 84 69 69 50 224 0 0 0 60 80 252 465 710 245 0 0 0 146 130 0 65 60 
317 134 113 0 82 78 68 64 49 222 0 0 0 64 80 212 443 710 253 0 0 0 163 130 0 65 60 
321 133 114 0 82 78 68 67 49 226 0 0 0 55 84 161 409 685 242 0 0 0 166 130 0 65 60 
315 131 113 0 83 80 68 64 49 230 0 0 0 54 91 216 385 686 201 0 0 0 170 130 0 65 60 
317 136 113 0 82 83 69 65 48 225 0 0 0 60 77 192 507 741 260 0 0 0 154 130 0 65 60 
317 134 115 0 82 88 68 63 49 226 0 0 0 61 77 229 482 665 231 0 0 0 159 130 0 65 60 
319 129 113 0 82 90 69 65 49 229 0 0 0 67 78 213 449 634 223 0 0 0 148 130 0 65 60 
316 135 112 0 81 90 68 64 49 227 0 0 0 63 78 176 427 672 236 0 0 0 159 130 0 65 60 
314 133 111 0 80 86 68 63 50 226 0 0 0 53 76 164 480 725 217 0 0 0 172 130 0 65 60 
317 131 112 0 79 92 68 67 49 222 0 0 0 71 78 214 460 729 207 0 0 0 183 130 0 65 60 
315 135 114 0 78 95 68 63 50 221 0 0 0 73 77 200 452 677 237 0 0 0 157 130 0 65 60 
314 132 112 0 76 97 69 66 50 218 0 0 0 75 79 211 467 661 289 0 0 0 190 130 0 65 60 
314 132 112 0 76 97 68 70 49 220 0 0 0 59 80 170 447 544 229 0 0 0 177 130 0 65 60 
314 134 110 0 77 98 69 69 49 228 0 0 0 40 79 253 498 630 259 0 0 0 148 130 0 65 60 
319 135 112 0 77 98 69 67 49 232 0 0 0 39 77 178 439 744 273 0 0 0 175 130 0 65 60 
312 128 109 0 77 93 68 68 49 227 0 0 0 52 77 194 442 667 258 0 0 0 148 130 0 65 60 
318 135 112 0 78 89 69 68 50 225 0 0 0 65 76 249 467 663 280 0 0 0 142 130 0 65 60 
310 139 113 0 79 89 69 62 49 223 0 0 0 64 77 218 453 656 249 0 0 0 178 130 0 65 60 
310 132 112 0 78 90 68 66 50 224 0 0 0 58 77 189 390 626 279 0 0 0 160 130 0 65 60 
311 134 112 0 78 81 69 69 49 221 0 0 0 60 77 236 430 598 274 0 0 0 180 130 0 65 60 
312 132 114 0 78 83 69 61 49 224 0 0 0 71 77 213 480 601 290 0 0 0 187 130 0 65 60 
313 135 109 0 78 89 68 61 49 230 0 0 0 63 77 208 442 634 269 0 0 0 132 130 0 65 60 
319 134 109 0 78 95 68 68 48 227 0 0 0 61 79 212 449 657 260 0 0 0 177 130 0 65 60 
312 138 110 0 78 94 69 68 49 223 0 0 0 61 78 222 457 604 265 0 0 0 113 130 0 65 60 
314 135 112 0 77 98 69 60 49 223 0 0 0 63 79 170 469 626 251 0 0 0 158 130 0 65 60 
313 135 111 0 78 104 68 64 50 223 0 0 0 59 81 262 461 645 295 0 0 0 199 130 0 66 60 
318 133 110 0 78 102 68 65 50 222 0 0 0 70 80 175 465 670 270 0 0 0 186 130 0 65 60 
316 134 107 0 78 93 69 64 49 223 0 0 0 77 78 209 488 563 259 0 0 0 138 130 0 65 60 
318 135 108 0 78 83 69 69 49 224 0 0 0 67 75 188 469 607 304 0 0 0 168 130 0 65 60 
319 140 110 0 78 80 68 69 50 228 0 0 0 53 78 205 447 596 258 0 0 0 174 130 0 65 60 
314 144 109 0 78 78 68 64 50 226 0 0 0 61 80 219 468 592 272 0 0 0 156 130 0 65 60 
314 137 112 0 78 80 68 64 49 225 0 0 0 85 83 191 422 627 241 0 0 0 193 130 0 65 60 
319 131 108 0 78 87 68 66 49 223 0 0 0 76 82 205 417 635 222 0 0 0 170 130 0 65 60 
315 135 110 0 76 91 69 64 49 224 0 0 0 58 77 189 459 633 276 0 0 0 195 130 0 65 60 
316 139 109 0 77 91 68 61 50 222 0 0 0 45 77 199 488 641 267 0 0 0 153 130 0 65 60 
315 140 113 0 78 90 69 65 51 228 0 0 0 65 78 157 492 629 217 0 0 0 156 130 0 65 60 
319 136 111 0 78 94 68 64 49 233 0 0 0 73 79 182 428 607 220 0 0 0 168 130 0 65 60 
313 133 114 0 79 97 68 65 50 229 0 0 0 74 83 182 412 559 215 0 0 0 128 130 0 65 60 
314 133 110 0 79 90 68 67 50 228 0 0 0 74 81 231 458 640 220 0 0 0 195 130 0 65 60 
316 131 115 0 79 85 69 66 50 222 0 0 0 50 77 154 520 633 237 0 0 0 194 130 0 65 60 
314 135 113 0 79 89 68 64 50 227 0 0 0 51 78 211 414 678 236 0 0 0 150 130 0 62 60 
319 136 112 0 78 97 68 65 49 222 0 0 0 62 78 191 416 670 230 0 0 0 170 130 0 62 60 
313 132 113 0 80 99 69 66 49 223 0 0 0 69 77 186 421 622 251 0 0 0 135 130 0 63 60 
310 127 114 0 80 90 69 66 49 227 0 0 0 69 78 175 467 604 263 0 0 0 163 130 0 63 60 
314 132 115 0 80 87 69 63 49 228 0 0 0 58 78 198 496 657 257 0 0 0 125 130 0 64 60 
310 133 115 0 79 84 69 67 48 223 0 0 0 62 79 168 449 663 275 0 0 0 127 130 0 64 60 
314 134 115 0 77 81 68 68 50 225 0 0 0 50 78 223 431 641 266 0 0 0 167 130 0 64 60 
315 137 115 0 76 80 69 62 49 228 0 0 0 53 77 234 446 682 292 0 0 0 174 130 0 64 60 
313 136 112 0 75 85 68 66 49 227 0 0 0 55 77 197 430 688 303 0 0 0 138 130 0 65 60 
317 133 108 0 75 88 69 64 49 227 0 0 0 63 78 199 468 669 308 0 0 0 140 130 0 65 60 
312 136 114 0 75 92 69 64 49 226 0 0 0 66 78 215 452 573 276 0 0 0 192 130 0 65 60 
316 137 115 0 76 93 68 67 50 226 0 0 0 54 77 254 436 635 268 0 0 0 161 130 0 65 60 
312 137 113 0 77 93 69 69 51 227 0 0 0 60 77 233 480 716 254 0 0 0 208 130 0 65 60 
314 141 115 0 78 94 69 66 50 225 0 0 0 79 80 215 424 655 241 0 0 0 156 130 0 65 60 
312 134 113 0 80 98 68 67 50 217 0 0 0 75 79 177 456 707 252 0 0 0 194 130 0 65 60 
315 133 115 0 81 97 69 70 51 219 0 0 0 67 78 213 466 676 259 0 0 0 158 130 0 65 60 
322 133 112 0 81 93 68 64 48 216 0 0 0 47 78 166 472 592 259 0 0 0 120 130 0 65 60 
313 136 115 0 83 89 69 65 48 226 0 0 0 41 79 225 418 701 313 0 0 0 138 130 0 64 60 
318 133 116 0 83 83 68 66 50 227 0 0 0 45 78 213 446 729 263 0 0 0 125 130 0 63 60 
315 139 118 0 84 88 68 66 49 228 0 0 0 61 80 183 433 665 255 0 0 0 122 130 0 62 60 
315 133 113 0 84 92 68 63 48 224 0 0 0 67 80 215 437 711 241 0 0 0 144 130 0 62 60 
316 129 111 0 84 100 69 65 50 223 0 0 0 63 79 198 493 603 231 0 0 0 199 130 0 60 60 
316 138 115 0 83 103 69 64 49 224 0 0 0 60 80 232 461 524 259 0 0 0 178 130 0 60 60 
315 133 109 0 82 106 68 58 49 223 0 0 0 70 81 178 435 684 257 0 0 0 143 130 0 60 60 
320 134 109 0 81 102 68 64 51 221 0 0 0 67 79 203 489 675 241 0 0 0 154 130 0 60 60 
314 133 112 0 80 85 69 65 49 229 0 0 0 63 78 198 462 644 238 0 0 0 182 130 0 59 60 
316 140 117 0 78 74 68 63 50 226 0 0 0 62 79 189 463 658 235 0 0 0 176 130 0 60 60 
315 141 109 0 77 75 68 65 50 223 0 0 0 62 79 194 473 634 224 0 0 0 173 130 0 61 60 
313 127 111 0 76 82 69 66 50 224 0 0 0 65 78 178 446 670 211 0 0 0 138 130 0 61 60 
312 134 110 0 76 89 68 66 50 224 0 0 0 66 78 207 455 612 226 0 0 0 172 130 0 62 60 
315 140 111 0 76 87 68 67 50 224 0 0 0 77 78 227 487 634 206 0 0 0 160 130 0 63 60 
318 144 113 0 76 83 68 69 50 220 0 0 0 70 78 174 476 620 265 0 0 0 188 130 0 64 60 
313 140 115 0 76 84 68 66 51 223 0 0 0 75 77 246 447 661 248 0 0 0 180 130 0 64 60 
315 137 111 0 77 83 68 64 51 228 0 0 0 73 78 170 422 564 276 0 0 0 136 130 0 64 60 
313 132 110 0 79 83 69 66 50 227 0 0 0 69 76 204 459 650 239 0 0 0 172 130 0 64 60 
313 133 112 0 80 84 69 65 49 224 0 0 0 46 76 196 470 608 244 0 0 0 140 130 0 65 60 
318 136 113 0 81 87 68 63 50 222 0 0 0 56 79 217 407 624 283 0 0 0 176 130 0 64 60 
314 135 114 0 81 85 68 65 49 223 0 0 0 62 80 151 422 646 281 0 0 0 187 130 0 63 60 
314 137 113 0 81 82 68 65 49 223 0 0 0 69 82 255 464 643 309 0 0 0 142 130 0 64 60 
313 130 111 0 81 82 68 63 49 224 0 0 0 69 78 210 478 586 318 0 0 0 158 130 0 64 60 
314 129 113 0 81 86 68 62 48 225 0 0 0 61 76 220 467 476 285 0 0 0 167 130 0 64 60 
316 134 110 0 79 90 68 66 50 224 0 0 0 61 77 201 413 637 300 0 0 0 155 130 0 64 60 
315 132 113 0 79 94 68 66 49 228 0 0 0 55 81 178 428 668 288 0 0 0 149 130 0 64 60 
316 133 113 0 79 99 68 72 49 228 0 0 0 58 80 171 481 644 268 0 0 0 166 130 0 64 60 
313 131 113 0 78 94 68 64 50 225 0 0 0 60 81 228 436 673 285 0 0 0 141 130 0 64 60 
314 134 115 0 78 92 68 67 50 226 0 0 0 61 79 257 459 594 269 0 0 0 165 130 0 63 60 
323 131 110 0 77 103 68 67 51 226 0 0 0 70 77 154 459 633 290 0 0 0 175 130 0 63 60 
314 135 112 0 79 96 68 63 51 224 0 0 0 56 79 246 437 555 300 0 0 0 133 130 0 62 60 
321 136 110 0 80 96 68 62 50 218 0 0 0 59 78 207 398 648 242 0 0 0 139 130 0 62 60 
310 134 113 0 78 97 68 62 49 218 0 0 0 76 79 216 436 695 232 0 0 0 111 130 0 62 60 
315 146 112 0 79 104 69 68 49 221 0 0 0 74 78 217 469 720 245 0 0 0 177 130 0 62 60 
321 138 113 0 77 110 68 62 48 226 0 0 0 70 78 171 447 683 243 0 0 0 212 130 0 62 60 
314 137 113 0 77 114 68 65 49 229 0 0 0 49 77 188 460 688 254 0 0 0 163 130 0 63 60 
320 137 115 0 76 110 68 66 49 228 0 0 0 39 79 171 515 626 235 0 0 0 192 130 0 64 60 
320 129 112 0 77 98 68 65 49 226 0 0 0 44 79 199 414 659 215 0 0 0 144 130 0 64 60 
314 136 114 0 77 79 68 64 49 224 0 0 0 59 78 178 438 687 243 0 0 0 139 130 0 64 60 
313 130 115 0 78 69 68 66 50 223 0 0 0 66 77 202 465 684 219 0 0 0 198 130 0 64 60 
314 139 111 0 79 67 68 65 50 221 0 0 0 63 78 169 478 748 219 0 0 0 144 130 0 64 60 
315 139 107 0 80 65 68 62 51 226 0 0 0 58 79 220 395 647 208 0 0 0 145 130 0 64 60 
312 134 115 0 80 66 68 69 51 229 0 0 0 64 78 183 444 709 215 0 0 0 135 130 0 65 60 
318 137 115 0 80 70 68 65 49 224 0 0 0 68 77 182 474 709 229 0 0 0 172 130 0 64 60 
315 135 115 0 80 76 68 63 49 225 0 0 0 61 79 181 446 666 255 0 0 0 163 130 0 64 60 
309 137 116 0 79 69 68 64 50 226 0 0 0 63 79 188 429 741 272 0 0 0 175 130 0 64 60 
312 138 113 0 79 74 68 67 50 221 0 0 0 58 80 211 454 649 252 0 0 0 143 130 0 64 60 
309 139 114 0 78 79 69 64 47 222 0 0 0 66 78 177 488 710 272 0 0 0 146 130 0 64 60 
314 143 113 0 77 87 68 65 50 223 0 0 0 63 77 203 509 676 283 0 0 0 119 130 0 64 60 
312 138 115 0 76 95 68 68 49 224 0 0 0 78 78 204 470 678 250 0 0 0 136 130 0 65 60 
314 133 113 0 75 106 68 64 50 226 0 0 0 73 79 200 466 723 268 0 0 0 152 130 0 65 60 
314 135 112 0 75 109 68 69 50 228 0 0 0 66 79 212 434 738 269 0 0 0 145 130 0 65 60 
311 149 114 0 75 105 68 70 47 227 0 0 0 55 80 214 450 739 267 0 0 0 149 130 0 66 60 
319 134 112 0 76 104 68 66 49 223 0 0 0 67 81 237 451 685 256 0 0 0 164 130 0 67 60 
317 135 115 0 77 99 68 63 50 222 0 0 0 90 79 191 443 726 239 0 0 0 169 130 0 66 60 
320 138 108 0 77 102 68 70 50 221 0 0 0 71 78 196 437 646 251 0 0 0 210 130 0 66 60 
314 136 108 0 78 95 68 65 51 226 0 0 0 56 78 232 440 642 291 0 0 0 173 130 0 66 60 
314 135 112 0 80 88 68 64 50 232 0 0 0 43 77 170 470 730 282 0 0 0 183 130 0 66 60 
321 142 114 0 81 80 68 68 49 229 0 0 0 69 78 193 450 672 287 0 0 0 199 130 0 65 60 
314 138 115 0 83 73 68 63 50 230 0 0 0 76 79 217 438 723 272 0 0 0 142 130 0 65 60 
316 131 109 0 84 67 68 62 48 225 0 0 0 75 78 222 430 678 252 0 0 0 150 130 0 65 60 
320 130 110 0 84 69 68 63 49 224 0 0 0 67 78 209 434 680 266 0 0 0 170 130 0 65 60 
315 128 110 0 85 71 68 64 49 223 0 0 0 48 78 154 468 598 285 0 0 0 178 130 0 65 60 
319 134 112 0 84 76 68 61 48 225 0 0 0 58 79 207 428 652 255 0 0 0 147 130 0 65 60 
312 136 113 0 82 80 68 64 49 227 0 0 0 63 78 182 448 675 260 0 0 0 143 130 0 65 60 
315 134 113 0 81 85 69 67 50 225 0 0 0 70 78 224 469 628 307 0 0 0 165 130 0 64 60 
316 131 115 0 79 88 68 67 50 225 0 0 0 68 79 200 513 678 281 0 0 0 124 130 0 64 60 
314 131 112 0 79 90 68 67 50 225 0 0 0 62 79 205 435 621 244 0 0 0 165 130 0 64 60 
314 134 115 0 78 88 68 67 51 225 0 0 0 61 79 203 420 646 236 0 0 0 175 130 0 64 60 
314 133 109 0 79 87 68 68 50 226 0 0 0 54 78 234 436 583 214 0 0 0 149 130 0 65 60 
316 134 113 0 78 93 68 66 51 227 0 0 0 58 81 230 454 696 216 0 0 0 191 130 0 65 60 
309 136 110 0 77 93 68 65 50 227 0 0 0 63 82 181 489 678 293 0 0 0 192 130 0 65 60 
310 134 116 0 78 92 69 65 49 228 0 0 0 60 81 211 486 637 258 0 0 0 138 130 0 65 60 
316 135 113 0 78 85 68 64 48 225 0 0 0 68 78 223 445 556 235 0 0 0 148 130 0 65 60 
313 134 115 0 78 92 68 65 48 224 0 0 0 57 77 224 458 642 227 0 0 0 135 130 0 66 60 
315 133 108 0 77 98 68 68 48 219 0 0 0 59 78 188 448 651 237 0 0 0 151 130 0 66 60 
314 141 115 0 78 109 68 69 50 219 0 0 0 74 80 226 425 615 216 0 0 0 210 130 0 66 60 
313 133 116 0 79 106 68 59 50 215 0 0 0 74 81 184 467 651 209 0 0 0 137 130 0 66 60 
315 138 114 0 80 100 68 63 50 223 0 0 0 71 81 221 417 630 205 0 0 0 149 130 0 65 60 
312 138 112 0 80 88 69 68 49 226 0 0 0 52 79 189 470 646 243 0 0 0 160 130 0 65 60 
319 135 111 0 80 80 69 66 49 229 0 0 0 39 77 224 472 540 264 0 0 0 188 130 0 65 60 
315 133 112 0 80 78 68 64 49 226 0 0 0 44 78 241 457 643 258 0 0 0 146 130 0 65 60 
318 131 114 0 80 88 68 65 49 227 0 0 0 60 79 134 412 632 239 0 0 0 150 130 0 65 60 
315 135 112 0 79 98 69 64 49 223 0 0 0 67 79 161 449 726 233 0 0 0 164 130 0 65 60 
318 139 113 0 78 98 68 62 50 220 0 0 0 62 78 220 455 715 258 0 0 0 239 130 0 65 60 
321 136 115 0 77 103 68 62 50 224 0 0 0 60 78 208 462 666 260 0 0 0 169 130 0 65 60 
312 139 112 0 77 96 68 61 51 228 0 0 0 63 79 196 457 618 292 0 0 0 134 130 0 66 60 
317 135 111 0 77 89 69 63 51 226 0 0 0 67 78 179 382 623 282 0 0 0 144 130 0 66 60 
316 127 113 0 76 80 69 69 50 224 0 0 0 63 78 198 445 689 284 0 0 0 162 130 0 66 60 
315 132 112 0 78 82 69 68 49 224 0 0 0 66 79 199 459 677 265 0 0 0 166 130 0 66 60 
315 145 112 0 78 84 68 66 50 225 0 0 0 60 78 163 467 794 272 0 0 0 178 130 0 66 60 
316 142 113 0 79 85 68 68 49 223 0 0 0 66 79 247 465 656 252 0 0 0 157 130 0 66 60 
315 135 111 0 80 83 69 65 49 216 0 0 0 62 77 249 465 630 261 0 0 0 194 130 0 66 60 
315 135 112 0 78 87 68 63 50 215 0 0 0 76 78 256 412 663 261 0 0 0 145 130 0 65 60 
315 134 113 0 79 88 68 68 49 226 0 0 0 76 78 172 484 685 288 0 0 0 173 130 0 65 60 
316 135 116 0 79 86 68 67 48 223 0 0 0 65 78 194 443 746 286 0 0 0 189 130 0 65 60 
313 134 114 0 78 84 69 64 49 223 0 0 0 56 78 230 449 662 264 0 0 0 125 130 0 65 60 
316 137 109 0 78 85 69 66 48 224 0 0 0 63 77 193 446 703 221 0 0 0 163 130 0 65 60 
315 136 111 0 79 87 68 65 48 221 0 0 0 84 78 239 485 663 238 0 0 0 217 130 0 65 60 
316 129 110 0 80 86 68 61 48 220 0 0 0 75 77 231 475 668 235 0 0 0 177 130 0 65 60 
318 128 113 0 79 89 68 65 48 225 0 0 0 60 79 165 439 714 237 0 0 0 141 130 0 65 60 
313 133 110 0 80 96 68 67 50 234 0 0 0 43 79 231 469 696 237 0 0 0 142 130 0 65 60 
316 132 112 0 80 108 69 64 51 228 0 0 0 67 78 185 436 697 205 0 0 0 124 130 0 66 60 
314 135 106 0 78 119 69 68 50 233 0 0 0 76 82 197 433 672 226 0 0 0 199 130 0 66 60 
316 131 113 0 78 126 68 69 50 232 0 0 0 73 81 210 458 632 214 0 0 0 200 130 0 66 60 
312 130 108 0 78 117 68 63 51 226 0 0 0 73 78 206 429 501 223 0 0 0 122 130 0 66 60 
311 136 112 0 78 95 68 66 50 225 0 0 0 50 79 237 470 693 223 0 0 0 174 130 0 65 60 
318 136 113 0 77 80 68 69 50 227 0 0 0 51 78 173 421 668 213 0 0 0 165 130 0 64 60 
315 137 115 0 76 73 68 65 50 227 0 0 0 63 79 195 445 627 248 0 0 0 138 130 0 64 60 
316 136 114 0 77 73 68 64 49 229 0 0 0 66 79 223 526 655 279 0 0 0 158 130 0 63 60 
316 136 112 0 78 75 69 65 49 225 0 0 0 69 79 210 426 656 264 0 0 0 145 130 0 64 60 
312 137 113 0 76 83 69 65 49 226 0 0 0 63 79 243 450 577 238 0 0 0 196 130 0 64 60 
319 132 113 0 77 90 69 66 50 227 0 0 0 63 79 157 452 576 239 0 0 0 152 130 0 65 60 
314 131 115 0 77 96 69 64 50 230 0 0 0 52 77 208 474 635 246 0 0 0 164 130 0 64 60 
320 133 114 0 77 90 68 64 50 227 0 0 0 55 78 213 435 595 265 0 0 0 158 130 0 64 60 
319 138 115 0 78 86 69 66 49 226 0 0 0 61 80 197 450 615 289 0 0 0 173 130 0 64 60 
311 136 113 0 78 83 69 63 49 227 0 0 0 61 80 158 417 523 282 0 0 0 136 130 0 65 60 
317 130 116 0 79 86 68 68 50 225 0 0 0 66 78 199 450 670 285 0 0 0 149 130 0 65 60 
315 139 113 0 80 83 68 65 49 225 0 0 0 61 78 211 497 661 307 0 0 0 141 130 0 65 60 
318 136 114 0 81 84 69 65 50 222 0 0 0 57 76 204 458 611 276 0 0 0 152 130 0 65 60 
318 132 114 0 82 86 68 65 48 222 0 0 0 71 81 203 482 635 249 0 0 0 129 130 0 65 60 
315 137 115 0 83 88 68 65 49 215 0 0 0 73 81 251 416 624 245 0 0 0 142 130 0 65 60 
316 136 114 0 84 84 69 65 51 222 0 0 0 75 84 195 413 621 253 0 0 0 130 130 0 64 60 
310 138 117 0 83 83 69 63 50 229 0 0 0 60 80 220 437 543 241 0 0 0 171 130 0 65 60 
318 140 107 0 83 84 68 69 51 230 0 0 0 38 77 211 461 616 295 0 0 0 138 130 0 65 60 
315 130 109 0 83 90 68 65 51 226 0 0 0 41 78 181 455 637 247 0 0 0 166 130 0 65 60 
315 132 115 0 82 91 68 63 50 226 0 0 0 56 77 202 439 646 239 0 0 0 139 130 0 65 60 
314 131 113 0 81 90 68 65 50 223 0 0 0 67 79 257 441 602 250 0 0 0 145 130 0 65 60 
311 142 113 0 81 90 69 67 49 222 0 0 0 63 81 205 473 637 224 0 0 0 144 130 0 65 60 
314 139 114 0 80 89 69 62 48 222 0 0 0 61 82 193 444 629 232 0 0 0 160 130 0 65 60 
312 132 114 0 81 90 69 67 49 227 0 0 0 61 78 217 452 542 234 0 0 0 204 130 0 65 60 
313 139 111 0 80 98 69 67 49 228 0 0 0 71 79 204 455 672 238 0 0 0 193 130 0 65 60 
320 133 112 0 79 108 69 68 49 223 0 0 0 61 79 250 464 665 236 0 0 0 216 130 0 65 60 
316 132 116 0 78 106 68 70 50 226 0 0 0 64 78 224 455 676 227 0 0 0 151 130 0 65 60 
317 136 112 0 76 95 69 73 50 223 0 0 0 62 79 192 470 650 215 0 0 0 166 130 0 65 60 
313 138 115 0 76 88 68 65 48 225 0 0 0 62 79 243 440 643 205 0 0 0 188 130 0 65 60 
315 130 116 0 75 93 69 62 50 219 0 0 0 63 79 178 474 623 199 0 0 0 169 130 0 65 60 
314 133 114 0 77 100 68 69 49 222 0 0 0 71 79 188 411 618 226 0 0 0 129 130 0 64 60 
315 134 114 0 78 106 69 66 49 226 0 0 0 75 81 198 486 667 238 0 0 0 173 130 0 64 60 
315 132 106 0 79 110 68 62 49 228 0 0 0 68 80 200 474 699 247 0 0 0 168 130 0 64 60 
312 134 106 0 79 102 68 65 50 223 0 0 0 57 78 173 437 695 234 0 0 0 213 130 0 65 60 
319 139 113 0 79 94 68 62 50 225 0 0 0 59 81 213 474 613 275 0 0 0 180 130 0 64 60 
316 129 115 0 79 83 69 63 50 225 0 0 0 81 84 250 435 685 283 0 0 0 128 130 0 64 60 
315 137 114 0 79 82 69 68 50 220 0 0 0 84 84 239 450 622 287 0 0 0 147 130 0 64 60 
318 132 111 0 78 87 68 63 49 225 0 0 0 63 78 185 446 746 273 0 0 0 175 130 0 65 60 
315 141 109 0 77 95 69 60 50 230 0 0 0 50 77 204 436 708 264 0 0 0 165 130 0 64 60 
311 137 110 0 77 96 69 62 49 231 0 0 0 53 77 155 429 663 267 0 0 0 144 130 0 65 60 
312 140 111 0 77 102 69 66 48 228 0 0 0 72 78 202 449 693 283 0 0 0 155 130 0 64 60 
315 138 113 0 77 96 69 65 50 228 0 0 0 76 78 183 467 676 263 0 0 0 116 130 0 64 60 
320 133 114 0 77 83 68 67 50 225 0 0 0 77 77 186 464 660 218 0 0 0 118 130 0 64 60 
313 135 113 0 78 75 69 68 50 225 0 0 0 60 79 196 478 699 241 0 0 0 143 130 0 64 60 
318 135 112 0 78 75 69 66 50 223 0 0 0 48 78 173 433 741 246 0 0 0 149 130 0 63 60 
309 132 109 0 78 77 69 65 49 226 0 0 0 62 79 180 417 636 261 0 0 0 111 130 0 62 60 
313 141 111 0 78 80 68 66 50 226 0 0 0 64 80 195 483 654 277 0 0 0 238 130 0 62 60 
315 138 112 0 77 82 69 62 50 226 0 0 0 69 81 248 465 724 247 0 0 0 182 130 0 62 60 
311 131 112 0 76 82 68 62 50 222 0 0 0 62 78 198 446 580 239 0 0 0 179 130 0 62 60 
318 134 114 0 75 83 69 66 49 223 0 0 0 63 78 220 440 666 264 0 0 0 156 130 0 63 60 
313 139 112 0 76 80 69 66 49 228 0 0 0 58 78 198 443 730 232 0 0 0 166 130 0 64 60 
313 131 113 0 76 83 68 66 50 228 0 0 0 53 78 221 467 675 235 0 0 0 143 130 0 64 60 
315 134 112 0 77 85 68 65 50 226 0 0 0 60 78 190 471 641 247 0 0 0 187 130 0 65 60 
314 137 114 0 79 93 68 64 50 226 0 0 0 61 78 178 448 680 217 0 0 0 139 130 0 64 60 
314 142 114 0 79 95 68 67 50 229 0 0 0 61 79 215 435 665 226 0 0 0 169 130 0 64 60 
312 144 114 0 80 99 68 64 48 224 0 0 0 65 79 196 387 543 258 0 0 0 163 130 0 64 60 
315 127 117 0 80 96 69 66 49 224 0 0 0 54 80 235 460 682 235 0 0 0 165 130 0 65 60 
319 132 112 0 79 87 69 65 49 218 0 0 0 63 80 200 445 670 204 0 0 0 208 130 0 65 60 
310 137 118 0 80 83 68 64 49 217 0 0 0 75 78 185 488 673 219 0 0 0 121 130 0 65 60 
321 145 112 0 81 88 69 64 50 215 0 0 0 72 79 181 441 602 228 0 0 0 169 130 0 65 60 
316 135 113 0 80 96 68 64 50 225 0 0 0 67 79 197 463 704 233 0 0 0 185 130 0 65 60 
314 137 116 0 79 94 68 63 50 228 0 0 0 46 78 205 484 615 250 0 0 0 151 130 0 65 60 
317 131 114 0 78 91 68 64 49 227 0 0 0 40 77 179 451 665 248 0 0 0 150 130 0 65 60 
313 136 112 0 76 81 69 70 50 224 0 0 0 45 77 198 462 707 248 0 0 0 183 130 0 65 60 
316 131 114 0 75 83 69 65 49 224 0 0 0 62 78 194 465 622 280 0 0 0 119 130 0 65 60 
314 139 118 0 75 84 69 64 50 224 0 0 0 66 81 226 414 581 280 0 0 0 170 130 0 65 60 
319 131 112 0 75 91 69 69 48 225 0 0 0 61 81 193 435 549 276 0 0 0 139 130 0 65 60 
317 126 112 0 76 101 68 70 49 224 0 0 0 59 79 243 470 690 273 0 0 0 143 130 0 65 60 
316 128 113 0 77 117 68 64 49 229 0 0 0 67 76 192 468 659 280 0 0 0 162 130 0 65 60 
314 136 108 0 78 118 68 66 49 227 0 0 0 65 76 215 462 653 264 0 0 0 192 130 0 65 60 
310 132 112 0 79 106 69 68 49 226 0 0 0 60 78 183 451 674 271 0 0 0 113 130 0 64 60 
315 132 112 0 79 94 68 61 50 225 0 0 0 63 80 183 433 709 273 0 0 0 149 130 0 64 60 
315 131 111 0 82 88 69 67 50 225 0 0 0 60 83 240 434 624 267 0 0 0 155 130 0 64 60 
311 130 115 0 82 83 69 70 50 222 0 0 0 63 79 191 458 628 283 0 0 0 168 130 0 64 60 
315 134 111 0 83 83 69 64 50 220 0 0 0 63 77 232 441 710 278 0 0 0 157 130 0 64 60 
313 139 105 0 84 81 68 63 50 225 0 0 0 78 79 169 477 680 288 0 0 0 159 130 0 65 60 
316 133 109 0 83 82 68 62 50 227 0 0 0 70 78 205 459 748 247 0 0 0 155 130 0 64 60 
312 135 113 0 82 84 69 62 50 224 0 0 0 61 79 158 485 699 228 0 0 0 204 130 0 64 60 
316 137 110 0 82 83 69 62 50 225 0 0 0 58 78 221 478 636 266 0 0 0 169 130 0 65 60 
317 132 112 0 80 85 68 64 49 224 0 0 0 75 79 218 467 689 255 0 0 0 199 130 0 65 60 
316 141 107 0 80 84 69 61 48 221 0 0 0 87 79 202 452 752 220 0 0 0 173 130 0 66 60 
315 132 107 0 80 88 69 65 49 221 0 0 0 65 81 209 425 739 229 0 0 0 175 130 0 65 60 
316 137 108 0 78 90 68 69 50 229 0 0 0 54 80 185 415 687 222 0 0 0 156 130 0 64 60 
313 134 110 0 78 95 68 68 50 231 0 0 0 49 78 200 442 788 241 0 0 0 201 130 0 64 60 
316 143 113 0 77 103 68 65 49 229 0 0 0 71 78 172 466 750 232 0 0 0 213 130 0 63 60 
313 134 109 0 77 107 69 68 49 229 0 0 0 73 79 211 482 742 216 0 0 0 124 130 0 62 60 
317 133 112 0 77 100 69 68 48 223 0 0 0 79 77 194 458 699 198 0 0 0 123 130 0 61 60 
315 138 110 0 76 92 68 64 50 224 0 0 0 63 77 189 427 753 217 0 0 0 177 130 0 61 60 
315 138 115 0 78 86 68 64 50 222 0 0 0 46 78 213 399 764 223 0 0 0 190 130 0 61 60 
315 133 113 0 78 87 68 64 50 224 0 0 0 60 77 129 483 708 245 0 0 0 123 130 0 62 60 
308 137 114 0 79 92 68 66 51 226 0 0 0 65 78 72 505 727 251 0 0 0 150 130 0 64 60 
318 138 116 0 80 100 68 65 50 229 0 0 0 70 78 210 473 721 238 0 0 0 153 130 0 64 60 
313 140 115 0 81 99 68 63 50 223 0 0 0 62 78 168 450 687 257 0 0 0 178 130 0 64 60 
315 130 114 0 81 88 68 64 49 224 0 0 0 61 80 217 409 752 286 0 0 0 170 130 0 64 60 
315 133 113 0 81 80 68 64 49 228 0 0 0 58 78 242 416 746 270 0 0 0 193 130 0 64 60 
312 132 115 0 81 75 68 67 50 229 0 0 0 53 78 217 451 766 266 0 0 0 167 130 0 64 60 
316 144 114 0 80 75 68 69 50 226 0 0 0 59 80 202 464 665 274 0 0 0 112 130 0 64 60 
316 140 114 0 79 77 68 63 50 226 0 0 0 62 84 229 444 735 280 0 0 0 179 130 0 63 60 
319 139 113 0 79 87 68 61 50 229 0 0 0 67 80 167 452 592 274 0 0 0 165 130 0 64 60 
313 137 116 0 78 94 68 66 50 223 0 0 0 63 76 190 415 717 264 0 0 0 146 130 0 64 60 
311 136 115 0 78 98 68 64 50 225 0 0 0 54 77 202 484 725 255 0 0 0 137 130 0 64 60 
326 136 110 0 76 95 69 59 49 220 0 0 0 67 80 229 481 712 244 0 0 0 185 130 0 64 60 
316 138 110 0 77 96 69 63 48 221 0 0 0 75 77 166 452 715 291 0 0 0 150 130 0 64 60 
314 135 115 0 78 98 69 66 48 215 0 0 0 75 78 212 425 653 258 0 0 0 189 130 0 65 60 
311 132 113 0 77 98 69 65 49 224 0 0 0 65 78 236 447 739 243 0 0 0 154 130 0 65 60 
313 130 116 0 79 91 69 72 50 228 0 0 0 41 79 199 430 619 258 0 0 0 206 130 0 65 60 
315 132 117 0 79 85 69 69 48 230 0 0 0 40 80 211 451 645 237 0 0 0 164 130 0 66 60 
315 136 114 0 79 84 69 62 51 223 0 0 0 50 78 200 449 630 219 0 0 0 132 130 0 67 60 
320 133 115 0 79 80 68 65 50 224 0 0 0 66 78 211 474 670 262 0 0 0 172 130 0 66 60 
313 132 116 0 79 77 68 69 49 223 0 0 0 66 78 193 491 675 238 0 0 0 143 130 0 66 60 
314 133 115 0 79 77 68 66 51 224 0 0 0 61 79 185 435 660 247 0 0 0 118 130 0 64 60 
319 132 114 0 79 81 69 62 50 222 0 0 0 60 78 236 441 669 249 0 0 0 147 130 0 65 60 
313 131 113 0 79 83 69 70 49 227 0 0 0 74 78 222 474 640 224 0 0 0 142 130 0 65 60 
315 135 116 0 80 87 68 63 50 229 0 0 0 64 76 197 422 699 228 0 0 0 141 130 0 65 60 
311 133 115 0 80 88 69 63 49 225 0 0 0 62 78 219 430 619 209 0 0 0 188 130 0 65 60 
314 144 116 0 80 90 68 67 49 223 0 0 0 63 80 209 445 653 188 0 0 0 131 130 0 65 60 
321 138 109 0 79 86 69 62 49 227 0 0 0 62 83 185 444 533 204 0 0 0 142 130 0 65 60 
315 135 107 0 78 89 69 62 49 224 0 0 0 62 81 218 459 631 235 0 0 0 163 130 0 65 60 
318 133 113 0 78 93 68 69 49 221 0 0 0 68 77 178 441 682 260 0 0 0 164 130 0 65 60 
314 135 114 0 77 97 69 67 50 222 0 0 0 80 77 218 450 665 247 0 0 0 153 130 0 65 60 
316 132 117 0 77 96 68 64 49 227 0 0 0 69 79 171 476 706 201 0 0 0 176 130 0 65 60 
316 142 109 0 77 92 68 65 49 225 0 0 0 56 79 206 456 652 248 0 0 0 168 130 0 65 60 
318 139 111 0 78 88 69 68 49 224 0 0 0 62 83 213 468 673 238 0 0 0 166 130 0 65 60 
316 135 111 0 76 84 69 63 48 225 0 0 0 83 79 205 422 572 243 0 0 0 162 130 0 65 60 
315 139 113 0 76 87 69 64 49 223 0 0 0 83 78 198 445 671 261 0 0 0 162 130 0 65 60 
310 137 114 0 77 90 68 67 50 221 0 0 0 62 77 218 439 704 301 0 0 0 146 130 0 65 60 
313 134 114 0 76 94 68 66 49 225 0 0 0 48 78 209 472 763 297 0 0 0 140 130 0 65 60 
311 132 113 0 77 90 69 64 49 229 0 0 0 57 78 213 397 654 293 0 0 0 147 130 0 65 60 
321 134 111 0 77 88 69 66 51 234 0 0 0 73 79 214 448 690 280 0 0 0 208 130 0 65 60 
312 139 112 0 77 86 68 67 49 229 0 0 0 72 78 238 455 657 264 0 0 0 171 130 0 65 60 
313 137 110 0 78 95 69 64 50 224 0 0 0 78 80 216 454 672 255 0 0 0 190 130 0 65 60 
316 128 112 0 79 101 69 63 50 225 0 0 0 57 78 164 496 735 273 0 0 0 179 130 0 65 60 
313 132 110 0 80 104 69 66 50 225 0 0 0 46 79 208 422 703 298 0 0 0 190 130 0 65 60 
315 138 113 0 80 103 69 65 51 222 0 0 0 64 79 207 424 724 255 0 0 0 166 130 0 65 60 
315 144 115 0 81 98 68 65 50 225 0 0 0 66 79 217 465 654 273 0 0 0 161 130 0 65 60 
315 137 111 0 82 94 69 65 49 227 0 0 0 69 78 205 439 689 252 0 0 0 116 130 0 65 60 
318 135 113 0 82 84 69 69 50 224 0 0 0 60 80 252 465 710 245 0 0 0 146 130 0 65 60 
317 134 113 0 82 78 68 64 49 222 0 0 0 64 80 212 443 710 253 0 0 0 163 130 0 65 60 
321 133 114 0 82 78 68 67 49 226 0 0 0 55 84 161 409 685 242 0 0 0 166 130 0 65 60 
315 131 113 0 83 80 68 64 49 230 0 0 0 54 91 216 385 686 201 0 0 0 170 130 0 65 60 
317 136 113 0 82 83 69 65 48 225 0 0 0 60 77 192 507 741 260 0 0 0 154 130 0 65 60 
317 134 115 0 82 88 68 63 49 226 0 0 0 61 77 229 482 665 231 0 0 0 159 130 0 65 60 
319 129 113 0 82 90 69 65 49 229 0 0 0 67 78 213 449 634 223 0 0 0 148 130 0 65 60 
316 135 112 0 81 90 68 64 49 227 0 0 0 63 78 176 427 672 236 0 0 0 159 130 0 65 60 
314 133 111 0 80 86 68 63 50 226 0 0 0 53 76 164 480 725 217 0 0 0 172 130 0 65 60 
317 131 112 0 79 92 68 67 49 222 0 0 0 71 78 214 460 729 207 0 0 0 183 130 0 65 60 
315 135 114 0 78 95 68 63 50 221 0 0 0 73 77 200 452 677 237 0 0 0 157 130 0 65 60 
314 132 112 0 76 97 69 66 50 218 0 0 0 75 79 211 467 661 289 0 0 0 190 130 0 65 60 
314 132 112 0 76 97 68 70 49 220 0 0 0 59 80 170 447 544 229 0 0 0 177 130 0 65 60 
314 134 110 0 77 98 69 69 49 228 0 0 0 40 79 253 498 630 259 0 0 0 148 130 0 65 60 
319 135 112 0 77 98 69 67 49 232 0 0 0 39 77 178 439 744 273 0 0 0 175 130 0 65 60 
312 128 109 0 77 93 68 68 49 227 0 0 0 52 77 194 442 667 258 0 0 0 148 130 0 65 60 
318 135 112 0 78 89 69 68 50 225 0 0 0 65 76 249 467 663 280 0 0 0 142 130 0 65 60 
310 139 113 0 79 89 69 62 49 223 0 0 0 64 77 218 453 656 249 0 0 0 178 130 0 65 60 
310 132 112 0 78 90 68 66 50 224 0 0 0 58 77 189 390 626 279 0 0 0 160 130 0 65 60 
311 134 112 0 78 81 69 69 49 221 0 0 0 60 77 236 430 598 274 0 0 0 180 130 0 65 60 
312 132 114 0 78 83 69 61 49 224 0 0 0 71 77 213 480 601 290 0 0 0 187 130 0 65 60 
313 135 109 0 78 89 68 61 49 230 0 0 0 63 77 208 442 634 269 0 0 0 132 130 0 65 60 
319 134 109 0 78 95 68 68 48 227 0 0 0 61 79 212 449 657 260 0 0 0 177 130 0 65 60 
312 138 110 0 78 94 69 68 49 223 0 0 0 61 78 222 457 604 265 0 0 0 113 130 0 65 60 
314 135 112 0 77 98 69 60 49 223 0 0 0 63 79 170 469 626 251 0 0 0 158 130 0 65 60 
313 135 111 0 78 104 68 64 50 223 0 0 0 59 81 262 461 645 295 0 0 0 199 130 0 66 60 
318 133 110 0 78 102 68 65 50 222 0 0 0 70 80 175 465 670 270 0 0 0 186 130 0 65 60 
316 134 107 0 78 93 69 64 49 223 0 0 0 77 78 209 488 563 259 0 0 0 138 130 0 65 60 
318 135 108 0 78 83 69 69 49 224 0 0 0 67 75 188 469 607 304 0 0 0 168 130 0 65 60 
319 140 110 0 78 80 68 69 50 228 0 0 0 53 78 205 447 596 258 0 0 0 174 130 0 65 60 
314 144 109 0 78 78 68 64 50 226 0 0 0 61 80 219 468 592 272 0 0 0 156 130 0 65 60 
314 137 112 0 78 80 68 64 49 225 0 0 0 85 83 191 422 627 241 0 0 0 193 130 0 65 60 
319 131 108 0 78 87 68 66 49 223 0 0 0 76 82 205 417 635 222 0 0 0 170 130 0 65 60 
315 135 110 0 76 91 69 64 49 224 0 0 0 58 77 189 459 633 276 0 0 0 195 130 0 65 60 
316 139 109 0 77 91 68 61 50 222 0 0 0 45 77 199 488 641 267 0 0 0 153 130 0 65 60 
315 140 113 0 78 90 69 65 51 228 0 0 0 65 78 157 492 629 217 0 0 0 156 130 0 65 60 
319 136 111 0 78 94 68 64 49 233 0 0 0 73 79 182 428 607 220 0 0 0 168 130 0 65 60 
313 133 114 0 79 97 68 65 50 229 0 0 0 74 83 182 412 559 215 0 0 0 128 130 0 65 60 
314 133 110 0 79 90 68 67 50 228 0 0 0 74 81 231 458 640 220 0 0 0 195 130 0 65 60 
316 131 115 0 79 85 69 66 50 222 0 0 0 50 77 154 520 633 237 0 0 0 194 130 0 65 60 
314 135 113 0 79 89 68 64 50 227 0 0 0 51 78 211 414 678 236 0 0 0 150 130 0 62 60 
319 136 112 0 78 97 68 65 49 222 0 0 0 62 78 191 416 670 230 0 0 0 170 130 0 62 60 
313 132 113 0 80 99 69 66 49 223 0 0 0 69 77 186 421 622 251 0 0 0 135 130 0 63 60 
310 127 114 0 80 90 69 66 49 227 0 0 0 69 78 175 467 604 263 0 0 0 163 130 0 63 60 
314 132 115 0 80 87 69 63 49 228 0 0 0 58 78 198 496 657 257 0 0 0 125 130 0 64 60 
310 133 115 0 79 84 69 67 48 223 0 0 0 62 79 168 449 663 275 0 0 0 127 130 0 64 60 
314 134 115 0 77 81 68 68 50 225 0 0 0 50 78 223 431 641 266 0 0 0 167 130 0 64 60 
315 137 115 0 76 80 69 62 49 228 0 0 0 53 77 234 446 682 292 0 0 0 174 130 0 64 60 
313 136 112 0 75 85 68 66 49 227 0 0 0 55 77 197 430 688 303 0 0 0 138 130 0 65 60 
317 133 108 0 75 88 69 64 49 227 0 0 0 63 78 199 468 669 308 0 0 0 140 130 0 65 60 
312 136 114 0 75 92 69 64 49 226 0 0 0 66 78 215 452 573 276 0 0 0 192 130 0 65 60 
316 137 115 0 76 93 68 67 50 226 0 0 0 54 77 254 436 635 268 0 0 0 161 130 0 65 60 
312 137 113 0 77 93 69 69 51 227 0 0 0 60 77 233 480 716 254 0 0 0 208 130 0 65 60 
314 141 115 0 78 94 69 66 50 225 0 0 0 79 80 215 424 655 241 0 0 0 156 130 0 65 60 
312 134 113 0 80 98 68 67 50 217 0 0 0 75 79 177 456 707 252 0 0 0 194 130 0 65 60 
315 133 115 0 81 97 69 70 51 219 0 0 0 67 78 213 466 676 259 0 0 0 158 130 0 65 60 
322 133 112 0 81 93 68 64 48 216 0 0 0 47 78 166 472 592 259 0 0 0 120 130 0 65 60 
313 136 115 0 83 89 69 65 48 226 0 0 0 41 79 225 418 701 313 0 0 0 138 130 0 64 60 
318 133 116 0 83 83 68 66 50 227 0 0 0 45 78 213 446 729 263 0 0 0 125 130 0 63 60 
315 139 118 0 84 88 68 66 49 228 0 0 0 61 80 183 433 665 255 0 0 0 122 130 0 62 60 
315 133 113 0 84 92 68 63 48 224 0 0 0 67 80 215 437 711 241 0 0 0 144 130 0 62 60 
316 129 111 0 84 100 69 65 50 223 0 0 0 63 79 198 493 603 231 0 0 0 199 130 0 60 60 
316 138 115 0 83 103 69 64 49 224 0 0 0 60 80 232 461 524 259 0 0 0 178 130 0 60 60 
315 133 109 0 82 106 68 58 49 223 0 0 0 70 81 178 435 684 257 0 0 0 143 130 0 60 60 
320 134 109 0 81 102 68 64 51 221 0 0 0 67 79 203 489 675 241 0 0 0 154 130 0 60 60 
314 133 112 0 80 85 69 65 49 229 0 0 0 63 78 198 462 644 238 0 0 0 182 130 0 59 60 
316 140 117 0 78 74 68 63 50 226 0 0 0 62 79 189 463 658 235 0 0 0 176 130 0 60 60 
315 141 109 0 77 75 68 65 50 223 0 0 0 62 79 194 473 634 224 0 0 0 173 130 0 61 60 
313 127 111 0 76 82 69 66 50 224 0 0 0 65 78 178 446 670 211 0 0 0 138 130 0 61 60 
312 134 110 0 76 89 68 66 50 224 0 0 0 66 78 207 455 612 226 0 0 0 172 130 0 62 60 
315 140 111 0 76 87 68 67 50 224 0 0 0 77 78 227 487 634 206 0 0 0 160 130 0 63 60 
318 144 113 0 76 83 68 69 50 220 0 0 0 70 78 174 476 620 265 0 0 0 188 130 0 64 60 
313 140 115 0 76 84 68 66 51 223 0 0 0 75 77 246 447 661 248 0 0 0 180 130 0 64 60 
315 137 111 0 77 83 68 64 51 228 0 0 0 73 78 170 422 564 276 0 0 0 136 130 0 64 60 
313 132 110 0 79 83 69 66 50 227 0 0 0 69 76 204 459 650 239 0 0 0 172 130 0 64 60 
313 133 112 0 80 84 69 65 49 224 0 0 0 46 76 196 470 608 244 0 0 0 140 130 0 65 60 
318 136 113 0 81 87 68 63 50 222 0 0 0 56 79 217 407 624 283 0 0 0 176 130 0 64 60 
314 135 114 0 81 85 68 65 49 223 0 0 0 62 80 151 422 646 281 0 0 0 187 130 0 63 60 
314 137 113 0 81 82 68 65 49 223 0 0 0 69 82 255 464 643 309 0 0 0 142 130 0 64 60 
313 130 111 0 81 82 68 63 49 224 0 0 0 69 78 210 478 586 318 0 0 0 158 130 0 64 60 
314 129 113 0 81 86 68 62 48 225 0 0 0 61 76 220 467 476 285 0 0 0 167 130 0 64 60 
316 134 110 0 79 90 68 66 50 224 0 0 0 61 77 201 413 637 300 0 0 0 155 130 0 64 60 
315 132 113 0 79 94 68 66 49 228 0 0 0 55 81 178 428 668 288 0 0 0 149 130 0 64 60 
316 133 113 0 79 99 68 72 49 228 0 0 0 58 80 171 481 644 268 0 0 0 166 130 0 64 60 
313 131 113 0 78 94 68 64 50 225 0 0 0 60 81 228 436 673 285 0 0 0 141 130 0 64 60 
314 134 115 0 78 92 68 67 50 226 0 0 0 61 79 257 459 594 269 0 0 0 165 130 0 63 60 
323 131 110 0 77 103 68 67 51 226 0 0 0 70 77 154 459 633 290 0 0 0 175 130 0 63 60 
314 135 112 0 79 96 68 63 51 224 0 0 0 56 79 246 437 555 300 0 0 0 133 130 0 62 60 
321 136 110 0 80 96 68 62 50 218 0 0 0 59 78 207 398 648 242 0 0 0 139 130 0 62 60 
310 134 113 0 78 97 68 62 49 218 0 0 0 76 79 216 436 695 232 0 0 0 111 130 0 62 60 
315 146 112 0 79 104 69 68 49 221 0 0 0 74 78 217 469 720 245 0 0 0 177 130 0 62 60 
321 138 113 0 77 110 68 62 48 226 0 0 0 70 78 171 447 683 243 0 0 0 212 130 0 62 60 
314 137 113 0 77 114 68 65 49 229 0 0 0 49 77 188 460 688 254 0 0 0 163 130 0 63 60 
320 137 115 0 76 110 68 66 49 228 0 0 0 39 79 171 515 626 235 0 0 0 192 130 0 64 60 
320 129 112 0 77 98 68 65 49 226 0 0 0 44 79 199 414 659 215 0 0 0 144 130 0 64 60 
314 136 114 0 77 79 68 64 49 224 0 0 0 59 78 178 438 687 243 0 0 0 139 130 0 64 60 
313 130 115 0 78 69 68 66 50 223 0 0 0 66 77 202 465 684 219 0 0 0 198 130 0 64 60 
314 139 111 0 79 67 68 65 50 221 0 0 0 63 78 169 478 748 219 0 0 0 144 130 0 64 60 
315 139 107 0 80 65 68 62 51 226 0 0 0 58 79 220 395 647 208 0 0 0 145 130 0 64 60 
312 134 115 0 80 66 68 69 51 229 0 0 0 64 78 183 444 709 215 0 0 0 135 130 0 65 60 
318 137 115 0 80 70 68 65 49 224 0 0 0 68 77 182 474 709 229 0 0 0 172 130 0 64 60 
315 135 115 0 80 76 68 63 49 225 0 0 0 61 79 181 446 666 255 0 0 0 163 130 0 64 60 
309 137 116 0 79 69 68 64 50 226 0 0 0 63 79 188 429 741 272 0 0 0 175 130 0 64 60 
312 138 113 0 79 74 68 67 50 221 0 0 0 58 80 211 454 649 252 0 0 0 143 130 0 64 60 
309 139 114 0 78 79 69 64 47 222 0 0 0 66 78 177 488 710 272 0 0 0 146 130 0 64 60 
314 143 113 0 77 87 68 65 50 223 0 0 0 63 77 203 509 676 283 0 0 0 119 130 0 0 60 
312 138 115 0 76 95 68 68 49 224 0 0 0 78 78 204 470 678 250 0 0 0 136 130 0 0 60 
314 133 113 0 75 106 68 64 50 226 0 0 0 73 79 200 466 723 268 0 0 0 152 130 0 0 60 
314 135 112 0 75 109 68 69 50 228 0 0 0 66 79 212 434 738 269 0 0 0 145 130 0 0 60 
311 149 114 0 75 105 68 70 47 227 0 0 0 55 80 214 450 739 267 0 0 0 149 130 0 0 60 
319 134 112 0 76 104 68 66 49 223 0 0 0 67 81 237 451 685 256 0 0 0 164 130 0 0 60 
317 135 115 0 77 99 68 63 50 222 0 0 0 90 79 191 443 726 239 0 0 0 169 130 0 0 60 
320 138 108 0 77 102 68 70 50 221 0 0 0 71 78 196 437 646 251 0 0 0 210 130 0 0 60 
314 136 108 0 78 95 68 65 51 226 0 0 0 56 78 232 440 642 291 0 0 0 173 130 0 0 60 
314 135 112 0 80 88 68 64 50 232 0 0 0 43 77 170 470 730 282 0 0 0 183 130 0 0 60 
321 142 114 0 81 80 68 68 49 229 0 0 0 69 78 193 450 672 287 0 0 0 199 130 0 0 60 
314 138 115 0 83 73 68 63 50 230 0 0 0 76 79 217 438 723 272 0 0 0 142 130 0 0 60 
316 131 109 0 84 67 68 62 48 225 0 0 0 75 78 222 430 678 252 0 0 0 150 130 0 0 60 
320 130 110 0 84 69 68 63 49 224 0 0 0 67 78 209 434 680 266 0 0 0 170 130 0 0 60 
315 128 110 0 85 71 68 64 49 223 0 0 0 48 78 154 468 598 285 0 0 0 178 130 0 0 60 
319 134 112 0 84 76 68 61 48 225 0 0 0 58 79 207 428 652 255 0 0 0 147 130 0 0 60 
312 136 113 0 82 80 68 64 49 227 0 0 0 63 78 182 448 675 260 0 0 0 143 130 0 0 60 
315 134 113 0 81 85 69 67 50 225 0 0 0 70 78 224 469 628 307 0 0 0 165 130 0 0 60 
316 131 115 0 79 88 68 67 50 225 0 0 0 68 79 200 513 678 281 0 0 0 124 130 0 0 60 
314 131 112 0 79 90 68 67 50 225 0 0 0 62 79 205 435 621 244 0 0 0 165 130 0 0 60 
314 134 115 0 78 88 68 67 51 225 0 0 0 61 79 203 420 646 236 0 0 0 175 130 0 0 60 
314 133 109 0 79 87 68 68 50 226 0 0 0 54 78 234 436 583 214 0 0 0 149 130 0 0 60 
316 134 113 0 78 93 68 66 51 227 0 0 0 58 81 230 454 696 216 0 0 0 191 130 0 0 60 
309 136 110 0 77 93 68 65 50 227 0 0 0 63 82 181 489 678 293 0 0 0 192 130 0 0 60 
310 134 116 0 78 92 69 65 49 228 0 0 0 60 81 211 486 637 258 0 0 0 138 130 0 0 60 
316 135 113 0 78 85 68 64 48 225 0 0 0 68 78 223 445 556 235 0 0 0 148 130 0 0 60 
313 134 115 0 78 92 68 65 48 224 0 0 0 57 77 224 458 642 227 0 0 0 135 130 0 0 60 
315 133 108 0 77 98 68 68 48 219 0 0 0 59 78 188 448 651 237 0 0 0 151 130 0 0 60 
314 141 115 0 78 109 68 69 50 219 0 0 0 74 80 226 425 615 216 0 0 0 210 130 0 0 60 
313 133 116 0 79 106 68 59 50 215 0 0 0 74 81 184 467 651 209 0 0 0 137 130 0 0 60 
315 138 114 0 80 100 68 63 50 223 0 0 0 71 81 221 417 630 205 0 0 0 149 130 0 0 60 
312 138 112 0 80 88 69 68 49 226 0 0 0 52 79 189 470 646 243 0 0 0 160 130 0 0 60 
319 135 111 0 80 80 69 66 49 229 0 0 0 64 79 224 472 540 264 0 0 0 188 130 0 0 60 
315 133 112 0 80 78 68 64 49 226 0 0 0 64 79 241 457 643 258 0 0 0 146 130 0 0 60 
318 131 114 0 80 88 68 65 49 227 0 0 0 64 79 134 412 632 239 0 0 0 150 130 0 0 60 
315 135 112 0 79 98 69 64 49 223 0 0 0 64 79 161 449 726 233 0 0 0 164 130 0 0 60 
318 139 113 0 78 98 68 62 50 220 0 0 0 64 79 220 455 715 258 0 0 0 239 130 0 0 60 
321 136 115 0 77 103 68 62 50 224 0 0 0 64 79 208 462 666 260 0 0 0 169 130 0 0 60 
312 139 112 0 77 96 68 61 51 228 0 0 0 64 79 196 457 618 292 0 0 0 134 130 0 0 60 
317 135 111 0 77 89 69 63 51 225 0 0 0 64 79 179 382 623 282 0 0 0 144 130 0 0 60 
316 127 113 0 76 80 69 69 50 225 0 0 0 64 0 198 445 689 284 0 0 0 162 130 0 0 60 
315 132 112 0 78 82 69 68 49 225 0 0 0 0 0 199 459 677 265 0 0 0 166 130 0 0 60 
315 145 112 0 78 84 68 69 49 225 0 0 0 0 0 163 467 794 272 0 0 0 178 130 0 0 60 
316 142 113 0 79 85 68 69 49 225 0 0 0 0 0 247 465 656 252 0 0 0 157 130 0 0 60 
315 135 111 0 80 83 69 69 49 225 0 0 0 0 0 249 465 630 261 0 0 0 194 130 0 0 60 
315 135 112 0 78 87 69 69 49 225 0 0 0 0 0 256 412 663 261 0 0 0 145 130 0 0 60 
315 134 113 0 79 90 69 69 49 225 0 0 0 0 0 172 484 685 288 0 0 0 173 130 0 0 60 
316 135 116 0 78 90 69 69 49 225 0 0 0 0 0 194 443 746 286 0 0 0 189 130 0 0 60 
313 134 114 0 78 90 69 69 49 0 0 0 0 0 0 230 449 662 264 0 0 0 125 130 0 0 60 
316 137 109 0 78 90 69 69 49 0 0 0 0 0 0 193 446 703 221 0 0 0 163 130 0 0 60 
315 136 111 0 78 90 69 69 0 0 0 0 0 0 0 239 485 663 238 0 0 0 217 130 0 0 60 
316 129 108 0 78 90 69 0 0 0 0 0 0 0 0 231 475 668 235 0 0 0 177 130 0 0 60 
318 132 108 0 78 90 69 0 0 0 0 0 0 0 0 165 439 714 237 0 0 0 141 130 0 0 60 
313 132 108 0 78 90 69 0 0 0 0 0 0 0 0 231 469 696 237 0 0 0 142 130 0 0 60 
316 132 108 0 78 90 68 0 0 0 0 0 0 0 0 185 436 697 205 0 0 0 124 130 0 0 60 
314 132 108 0 78 72 68 0 0 0 0 0 0 0 0 197 433 672 226 0 0 0 199 130 0 0 60 
316 132 108 0 0 76 68 0 0 0 0 0 0 0 0 210 458 632 214 0 0 0 200 130 0 0 60 
312 132 108 0 0 71 69 0 0 0 0 0 0 0 0 206 429 501 223 0 0 0 122 130 0 0 60 
317 132 108 0 0 71 69 0 0 0 0 0 0 0 0 237 470 693 223 0 0 0 174 130 0 0 60 
317 132 108 0 0 74 68 0 0 0 0 0 0 0 0 173 421 668 213 0 0 0 149 130 0 0 60 
317 132 0 0 0 77 68 0 0 0 0 0 0 0 0 195 445 627 248 0 0 0 149 130 0 0 60 
317 0 0 0 0 70 67 0 0 0 0 0 0 0 0 223 526 655 279 0 0 0 149 130 0 0 60 
317 0 0 0 0 70 68 0 0 0 0 0 0 0 0 210 426 656 264 0 0 0 149 130 0 0 60 
317 0 0 0 0 78 68 0 0 0 0 0 0 0 0 243 450 577 238 0 0 0 149 130 0 0 60 
317 0 0 0 0 74 69 0 0 0 0 0 0 0 0 157 452 576 239 0 0 0 149 130 0 0 60 
317 0 0 0 0 73 69 0 0 0 0 0 0 0 0 208 474 635 246 0 0 0 149 130 0 0 60 
317 0 0 0 0 73 68 0 0 0 0 0 0 0 0 213 435 595 299 0 0 0 149 130 0 0 60 
0 0 0 0 0 76 68 0 0 0 0 0 0 0 0 197 450 615 299 0 0 0 149 130 0 0 60 
0 0 0 0 0 75 68 0 0 0 0 0 0 0 0 158 417 668 299 0 0 0 105 130 0 0 60 
0 0 0 0 0 73 68 0 0 0 0 0 0 0 0 199 426 668 299 0 0 0 104 130 0 0 60 
0 0 0 0 0 75 69 0 0 0 0 0 0 0 0 211 426 668 299 0 0 0 104 130 0 0 60 
0 0 0 0 0 77 68 0 0 0 0 0 0 0 0 238 426 668 299 0 0 0 103 130 0 0 60 
0 0 0 0 0 76 68 0 0 0 0 0 0 0 0 238 426 668 299 0 0 0 104 130 0 0 60 
0 0 0 0 0 73 68 0 0 0 0 0 0 0 0 238 426 668 299 0 0 0 104 130 0 0 60 
0 0 0 0 0 73 68 0 0 0 0 0 0 0 0 238 426 668 299 0 0 0 105 130 0 0 60 
0 0 0 0 0 77 68 0 0 0 0 0 0 0 0 238 426 668 148 0 0 0 104 130 0 0 60 
0 0 0 0 0 74 68 0 0 0 0 0 0 0 0 238 426 668 150 0 0 0 104 130 0 0 60 
0 0 0 0 0 72 68 0 0 0 0 0 0 0 0 238 426 540 150 0 0 0 104 130 0 0 60 
0 0 0 0 0 74 68 0 0 0 0 0 0 0 0 238 434 547 147 0 0 0 105 130 0 0 60 
0 0 0 0 0 77 69 0 0 0 0 0 0 0 0 238 427 547 142 0 0 0 104 130 0 0 60 
0 0 0 0 0 73 68 0 0 0 0 0 0 0 0 168 438 553 141 0 0 0 104 130 0 0 60 
0 0 0 0 0 71 68 0 0 0 0 0 0 0 0 178 437 552 140 0 0 0 104 130 0 0 60 
0 0 0 0 0 75 69 0 0 0 0 0 0 0 0 166 427 547 144 0 0 0 104 130 0 0 60 
0 0 0 0 0 76 68 0 0 0 0 0 0 0 0 170 430 545 143 0 0 0 104 130 0 0 60 
0 0 0 0 0 73 68 0 0 0 0 0 0 0 0 167 425 550 137 0 0 0 103 130 0 0 60 
0 0 0 0 0 72 68 0 0 0 0 0 0 0 0 178 440 541 149 0 0 0 104 130 0 0 60 
0 0 0 0 0 74 69 0 0 0 0 0 0 0 0 178 426 537 144 0 0 0 103 130 0 0 60 
0 0 0 0 0 74 68 0 0 0 0 0 0 0 0 181 425 546 141 0 0 0 104 130 0 0 60 
0 0 0 0 0 72 68 0 0 0 0 0 0 0 0 172 437 548 143 0 0 0 104 130 0 0 60 
0 0 0 0 0 76 69 0 0 0 0 0 0 0 0 185 431 552 148 0 0 0 104 130 0 0 60 
0 0 0 0 0 80 69 0 0 0 0 0 0 0 0 167 436 534 147 0 0 0 104 130 0 0 60 
0 0 0 0 0 80 68 0 0 0 0 0 0 0 0 181 426 541 139 0 0 0 104 130 0 0 60 
0 0 0 0 0 78 68 0 0 0 0 0 0 0 0 169 432 541 143 0 0 0 104 130 0 0 60 
0 0 0 0 0 77 68 0 0 0 0 0 0 0 0 173 426 537 139 0 0 0 104 130 0 0 60 
0 0 0 0 0 80 67 0 0 0 0 0 0 0 0 179 425 535 149 0 0 0 104 130 0 0 60 
0 0 0 0 0 80 67 0 0 0 0 0 0 0 0 167 436 544 145 0 0 0 104 130 0 0 60 
0 0 0 0 0 78 68 0 0 0 0 0 0 0 0 175 440 552 141 0 0 0 104 130 0 0 60 
0 0 0 0 0 77 67 0 0 0 0 0 0 0 0 182 430 542 140 0 0 0 104 130 0 0 60 
0 0 0 0 0 80 68 0 0 0 0 0 0 0 0 182 428 541 139 0 0 0 104 130 0 0 60 
0 0 0 0 0 80 68 0 0 0 0 0 0 0 0 178 428 549 148 0 0 0 105 130 0 0 60 
0 0 0 0 0 77 68 0 0 0 0 0 0 0 0 179 440 551 142 0 0 0 104 130 0 0 60 
0 0 0 0 0 78 66 0 0 0 0 0 0 0 0 184 432 537 141 0 0 0 104 130 0 0 60 
0 0 0 0 0 80 65 0 0 0 0 0 0 0 0 180 438 542 149 0 0 0 104 130 0 0 60 
0 0 0 0 0 79 68 0 0 0 0 0 0 0 0 176 441 541 140 0 0 0 104 130 0 0 60 
0 0 0 0 0 76 67 0 0 0 0 0 0 0 0 178 426 537 139 0 0 0 104 130 0 0 60 
0 0 0 0 0 78 67 0 0 0 0 0 0 0 0 182 434 534 144 0 0 0 104 130 0 0 60 
0 0 0 0 0 75 67 0 0 0 0 0 0 0 0 182 430 547 140 0 0 0 104 130 0 0 60 
0 0 0 0 0 72 68 0 0 0 0 0 0 0 0 169 427 535 145 0 0 0 104 130 0 0 60 
0 0 0 0 0 69 68 0 0 0 0 0 0 0 0 170 438 546 147 0 0 0 104 130 0 0 60 
0 0 0 0 0 78 68 0 0 0 0 0 0 0 0 181 425 547 141 0 0 0 103 130 0 0 60 
0 0 0 0 0 79 68 0 0 0 0 0 0 0 0 177 437 543 146 0 0 0 104 130 0 0 60 
0 0 0 0 0 74 68 0 0 0 0 0 0 0 0 182 436 548 149 0 0 0 104 130 0 0 60 
0 0 0 0 0 73 68 0 0 0 0 0 0 0 0 178 438 547 150 0 0 0 104 130 0 0 60 
0 0 0 0 0 75 69 0 0 0 0 0 0 0 0 170 438 534 147 0 0 0 104 130 0 0 60 
0 0 0 0 0 77 68 0 0 0 0 0 0 0 0 173 428 549 142 0 0 0 104 130 0 0 60 
0 0 0 0 0 75 68 0 0 0 0 0 0 0 0 173 429 538 146 0 0 0 103 130 0 0 60 
0 0 0 0 0 73 69 0 0 0 0 0 0 0 0 183 441 550 148 0 0 0 104 130 0 0 60 
0 0 0 0 0 75 68 0 0 0 0 0 0 0 0 179 437 545 142 0 0 0 102 130 0 0 60 
0 0 0 0 0 78 68 0 0 0 0 0 0 0 0 178 427 534 147 0 0 0 103 130 0 0 60 
0 0 0 0 0 75 68 0 0 0 0 0 0 0 0 166 439 542 141 0 0 0 104 130 0 0 60 
0 0 0 0 0 75 69 0 0 0 0 0 0 0 0 172 435 534 148 0 0 0 104 130 0 0 60 
0 0 0 0 0 76 68 0 0 0 0 0 0 0 0 174 440 541 146 0 0 0 104 130 0 0 60 
0 0 0 0 0 78 68 0 0 0 0 0 0 0 0 173 424 534 150 0 0 0 104 130 0 0 60 
0 0 0 0 0 77 68 0 0 0 0 0 0 0 0 169 427 537 147 0 0 0 104 130 0 0 60 
0 0 0 0 0 77 68 0 0 0 0 0 0 0 0 180 432 544 148 0 0 0 104 130 0 0 60 
0 0 0 0 0 80 68 0 0 0 0 0 0 0 0 169 441 539 145 0 0 0 104 130 0 0 60 
0 0 0 0 0 80 69 0 0 0 0 0 0 0 0 181 433 550 146 0 0 0 104 130 0 0 60 
0 0 0 0 0 77 68 0 0 0 0 0 0 0 0 177 429 548 140 0 0 0 104 130 0 0 60 
0 0 0 0 0 78 68 0 0 0 0 0 0 0 0 175 440 550 143 0 0 0 104 130 0 0 60 
0 0 0 0 0 79 68 0 0 0 0 0 0 0 0 182 436 537 139 0 0 0 104 130 0 0 60 
0 0 0 0 0 80 68 0 0 0 0 0 0 0 0 176 437 536 150 0 0 0 104 130 0 0 60 
0 0 0 0 0 77 68 0 0 0 0 0 0 0 0 167 439 544 142 0 0 0 103 130 0 0 60 
0 0 0 0 0 77 69 0 0 0 0 0 0 0 0 168 435 549 149 0 0 0 104 130 0 0 60 
0 0 0 0 0 80 68 0 0 0 0 0 0 0 0 168 432 545 145 0 0 0 104 130 0 0 60 
0 0 0 0 0 78 68 0 0 0 0 0 0 0 0 167 438 539 140 0 0 0 104 130 0 0 60 
0 0 0 0 0 76 69 0 0 0 0 0 0 0 0 171 431 533 147 0 0 0 104 130 0 0 60 
0 0 0 0 0 78 68 0 0 0 0 0 0 0 0 171 441 552 146 0 0 0 104 130 0 0 60 
0 0 0 0 0 80 68 0 0 0 0 0 0 0 0 167 440 543 139 0 0 0 104 130 0 0 60 
0 0 0 0 0 78 68 0 0 0 0 0 0 0 0 168 435 537 141 0 0 0 104 130 0 0 60 
0 0 0 0 0 76 68 0 0 0 0 0 0 0 0 169 440 538 139 0 0 0 104 130 0 0 60 
0 0 0 0 0 78 68 0 0 0 0 0 0 0 0 167 427 542 147 0 0 0 104 130 0 0 60 
0 0 0 0 0 79 69 0 0 0 0 0 0 0 0 178 436 537 139 0 0 0 104 130 0 0 60 
0 0 0 0 0 77 69 0 0 0 0 0 0 0 0 173 433 551 144 0 0 0 104 130 0 0 60 
0 0 0 0 0 76 68 0 0 0 0 0 0 0 0 181 424 551 145 0 0 0 103 130 0 0 60 
0 0 0 0 0 77 68 0 0 0 0 0 0 0 0 167 433 545 145 0 0 0 103 130 0 0 60 
0 0 0 0 0 79 68 0 0 0 0 0 0 0 0 170 441 549 148 0 0 0 104 130 0 0 60 
0 0 0 0 0 76 68 0 0 0 0 0 0 0 0 179 428 540 143 0 0 0 103 130 0 0 60 
0 0 0 0 0 76 69 0 0 0 0 0 0 0 0 184 426 545 146 0 0 0 104 130 0 0 60 
0 0 0 0 0 77 68 0 0 0 0 0 0 0 0 174 428 545 139 0 0 0 104 130 0 0 60 
0 0 0 0 0 79 68 0 0 0 0 0 0 0 0 176 439 534 140 0 0 0 103 130 0 0 60 
0 0 0 0 0 77 69 0 0 0 0 0 0 0 0 182 440 542 149 0 0 0 104 130 0 0 60 
0 0 0 0 0 76 68 0 0 0 0 0 0 0 0 182 436 541 142 0 0 0 104 130 0 0 60 
0 0 0 0 0 78 69 0 0 0 0 0 0 0 0 167 425 552 146 0 0 0 104 130 0 0 60 
0 0 0 0 0 78 68 0 0 0 0 0 0 0 0 170 439 538 145 0 0 0 103 130 0 0 60 
0 0 0 0 0 76 68 0 0 0 0 0 0 0 0 167 427 534 141 0 0 0 104 130 0 0 60 
0 0 0 0 0 76 68 0 0 0 0 0 0 0 0 178 434 535 144 0 0 0 104 130 0 0 60 
0 0 0 0 0 78 68 0 0 0 0 0 0 0 0 182 426 551 147 0 0 0 104 130 0 0 60 
0 0 0 0 0 78 68 0 0 0 0 0 0 0 0 169 436 551 144 0 0 0 104 130 0 0 60 
0 0 0 0 0 75 68 0 0 0 0 0 0 0 0 182 428 540 140 0 0 0 104 130 0 0 60 
0 0 0 0 0 76 68 0 0 0 0 0 0 0 0 173 435 534 149 0 0 0 104 130 0 0 60 
0 0 0 0 0 78 68 0 0 0 0 0 0 0 0 167 433 533 149 0 0 0 104 130 0 0 60 
0 0 0 0 0 77 68 0 0 0 0 0 0 0 0 170 427 552 143 0 0 0 104 130 0 0 60 
0 0 0 0 0 74 68 0 0 0 0 0 0 0 0 167 436 549 139 0 0 0 104 130 0 0 60 
0 0 0 0 0 74 68 0 0 0 0 0 0 0 0 181 430 536 140 0 0 0 104 130 0 0 60 
0 0 0 0 0 77 68 0 0 0 0 0 0 0 0 166 432 542 146 0 0 0 103 130 0 0 60 
0 0 0 0 0 77 68 0 0 0 0 0 0 0 0 183 428 540 148 0 0 0 104 130 0 0 60 
0 0 0 0 0 76 68 0 0 0 0 0 0 0 0 177 429 535 144 0 0 0 104 130 0 0 60 
0 0 0 0 0 76 68 0 0 0 0 0 0 0 0 169 437 535 149 0 0 0 104 130 0 0 60 
0 0 0 0 0 79 68 0 0 0 0 0 0 0 0 182 425 548 148 0 0 0 103 130 0 0 60 
0 0 0 0 0 77 69 0 0 0 0 0 0 0 0 172 434 538 142 0 0 0 104 130 0 0 60 
0 0 0 0 0 76 68 0 0 0 0 0 0 0 0 180 436 550 140 0 0 0 104 130 0 0 60 
0 0 0 0 0 77 68 0 0 0 0 0 0 0 0 183 425 540 145 0 0 0 104 130 0 0 60 
0 0 0 0 0 79 69 0 0 0 0 0 0 0 0 183 433 538 142 0 0 0 104 130 0 0 60 
0 0 0 0 0 77 68 0 0 0 0 0 0 0 0 182 438 545 148 0 0 0 104 130 0 0 60 
0 11 0 0 0 75 69 0 0 0 0 0 0 0 0 168 428 552 138 0 0 0 104 130 0 0 60 
0 0 0 0 0 77 68 0 0 0 0 0 0 0 0 177 426 549 147 0 0 0 103 130 0 0 60 
0 0 0 0 0 79 68 0 0 0 0 0 0 0 0 178 442 552 150 0 0 0 104 130 0 0 60 
0 0 0 0 0 77 68 0 0 0 0 0 0 0 0 172 432 542 147 0 0 0 105 130 0 0 60 
0 0 0 0 0 75 69 0 0 0 0 0 0 0 0 177 426 543 146 0 0 0 104 130 0 0 60 
0 11 0 0 0 77 68 0 0 0 0 0 0 0 0 177 437 535 146 0 0 0 104 130 0 0 60 
0 63 0 0 0 79 68 0 0 0 0 0 0 0 0 172 425 534 149 0 0 0 103 130 0 0 60 
0 31 0 0 0 77 68 0 0 0 0 0 0 0 0 173 440 538 147 0 0 0 103 130 0 0 60 
0 79 0 0 0 75 68 0 0 0 0 0 0 0 0 174 432 536 139 0 0 0 104 130 0 0 60 
0 71 0 0 0 77 69 0 0 0 0 0 0 0 0 169 426 537 139 0 0 0 104 130 0 0 60 
0 73 0 0 0 78 68 0 0 0 0 0 0 0 0 171 427 533 139 0 0 0 104 130 0 0 60 
0 58 0 0 0 76 68 0 0 0 0 0 0 0 0 174 438 532 149 0 0 0 103 130 0 0 60 
0 56 0 0 0 75 69 0 0 0 0 0 0 0 0 179 425 534 140 0 0 0 104 130 0 20 60 
0 134 0 0 0 78 68 0 0 0 0 0 0 0 0 176 438 552 147 0 0 0 104 130 0 35 60 
0 111 0 0 0 78 68 0 0 0 0 0 0 0 0 170 440 549 142 0 0 0 104 130 0 47 60 
0 157 0 0 0 76 69 0 0 0 0 0 0 0 0 167 441 542 138 0 0 0 104 130 0 53 60 
0 235 0 0 0 73 68 0 0 0 0 0 0 0 0 178 425 552 146 0 0 0 104 130 0 59 60 
0 231 0 0 0 77 68 0 0 0 0 0 0 0 0 183 439 539 149 0 0 0 104 130 0 62 60 
0 233 0 0 0 78 68 0 0 0 0 0 0 0 0 183 433 547 149 0 0 0 103 130 0 63 60 
0 225 0 0 0 75 69 0 0 0 0 0 0 0 0 169 434 542 141 0 0 0 104 130 0 64 60 
0 254 0 0 0 76 68 0 0 0 0 0 0 0 0 182 434 545 149 0 0 0 104 130 0 64 60 
0 252 0 0 0 77 68 0 0 0 0 0 0 0 0 167 435 532 139 0 0 0 104 130 0 64 60 
0 268 0 0 0 78 68 0 0 0 0 0 0 0 0 181 428 534 144 0 0 0 103 130 0 64 60 
0 261 0 0 0 75 68 0 0 0 0 0 0 0 0 181 436 549 148 0 0 0 104 130 0 64 60 
0 284 0 0 0 75 68 0 0 0 0 0 0 0 0 177 429 551 145 0 0 0 104 130 0 67 60 
0 259 0 0 0 77 68 0 0 0 0 0 0 0 0 183 432 551 141 0 0 0 104 130 0 68 60 
0 362 0 0 0 77 68 0 0 0 0 0 0 0 0 184 436 549 143 0 0 0 104 130 0 69 60 
0 392 0 0 0 75 68 0 0 0 0 0 0 0 0 178 438 551 149 0 0 0 104 130 0 68 60 
0 383 0 0 0 74 68 0 0 0 0 0 0 0 0 166 439 550 141 0 0 0 104 130 0 68 60 
0 368 0 0 0 76 68 0 0 0 0 0 0 0 0 168 428 534 146 0 0 0 104 130 0 68 60 
0 424 0 0 0 76 68 0 0 0 0 0 0 0 0 176 439 535 149 0 0 0 104 130 0 68 60 
0 404 0 0 0 73 68 0 0 0 0 0 0 0 0 185 432 535 148 0 0 0 104 130 0 67 60 
0 391 0 0 0 75 69 0 0 0 0 0 0 0 0 179 437 549 141 0 0 0 104 130 0 67 60 
0 390 0 0 0 78 68 0 0 0 0 0 0 0 0 169 436 552 139 0 0 0 104 130 0 67 60 
0 377 0 0 0 77 69 0 0 0 0 0 0 0 0 170 429 545 147 0 0 0 104 130 0 66 60 
0 429 0 0 0 74 68 0 0 0 0 0 0 0 0 182 438 548 147 0 0 0 104 130 0 66 60 
0 440 0 0 0 76 68 0 0 0 0 0 0 0 0 178 426 537 141 0 0 0 104 130 0 67 60 
0 478 0 0 0 78 68 0 0 0 0 0 0 0 0 167 442 549 140 0 0 0 104 130 0 67 60 
0 580 0 0 0 76 68 0 0 0 0 0 0 0 0 170 441 550 144 0 0 0 103 130 0 68 60 
0 565 0 0 0 73 69 0 0 0 0 0 0 0 0 173 426 541 141 0 0 0 104 130 0 69 60 
0 600 0 0 0 75 68 0 0 0 0 0 0 0 0 183 430 535 141 0 0 0 104 130 0 70 60 
0 600 0 0 0 77 68 0 0 0 0 0 0 0 0 176 439 533 139 0 0 0 104 130 0 70 60 
0 600 0 0 0 75 68 0 0 0 0 0 0 0 0 171 427 550 146 0 0 0 104 130 0 71 60 
0 561 0 0 0 71 68 0 0 0 0 0 0 0 0 178 426 541 147 0 0 0 104 130 0 70 60 
0 581 0 0 0 74 68 0 0 0 0 0 0 0 0 185 430 535 148 0 0 0 104 130 0 70 60 
0 600 0 0 0 74 68 0 0 0 0 0 0 0 0 180 441 545 148 0 0 0 104 130 0 70 60 
0 600 0 0 0 72 68 0 0 0 0 0 0 0 0 172 436 546 138 0 0 0 104 130 0 68 60 
0 600 0 0 0 72 68 0 0 0 0 0 0 0 0 173 439 552 150 0 0 0 103 130 0 69 60 
0 600 0 0 0 74 68 0 0 0 0 0 0 0 0 172 432 551 140 0 0 0 104 130 0 67 60 
0 600 0 0 0 75 68 0 0 0 0 0 0 0 0 176 438 535 149 0 0 0 103 130 0 67 60 
0 555 0 0 0 72 68 0 0 0 0 0 0 0 0 184 426 541 149 0 0 0 104 130 0 66 60 
0 600 0 0 0 72 69 0 0 0 0 0 0 0 0 170 428 533 140 0 0 0 104 130 0 66 60 
0 599 0 0 0 71 68 0 0 0 0 0 0 0 0 181 438 547 150 0 0 0 104 130 0 66 60 
0 566 0 0 0 74 69 0 0 0 0 0 0 0 0 171 432 550 149 0 0 0 104 130 0 66 60 
0 529 0 0 0 72 69 0 0 0 0 0 0 0 0 182 431 550 146 0 0 0 104 130 0 66 60 
0 442 0 0 0 72 68 0 0 0 0 0 0 0 0 175 436 533 148 0 0 0 103 130 0 65 60 
0 0 0 0 0 77 68 0 0 0 0 0 0 0 0 170 429 553 149 0 0 0 103 130 0 65 60 
0 0 0 0 0 75 68 0 0 0 0 0 0 0 0 180 438 533 148 0 0 0 104 130 0 65 60 
0 0 0 0 0 73 69 0 0 0 0 0 0 0 0 178 424 552 149 0 0 0 103 130 0 65 60 
0 0 0 0 0 73 68 0 0 0 0 0 0 0 0 171 440 533 149 0 0 0 104 130 0 65 60 
0 0 0 0 0 75 68 0 0 0 0 0 0 0 0 182 441 534 145 0 0 0 104 130 0 65 60 
0 0 0 0 0 74 68 0 0 0 0 0 0 0 0 171 441 548 143 0 0 0 103 130 0 65 60 
0 0 0 0 0 73 68 0 0 0 0 0 0 0 0 181 430 536 139 0 0 0 104 130 0 65 60 
0 0 0 0 0 73 68 0 0 0 0 0 0 0 0 182 433 552 149 0 0 0 104 130 0 65 60 
0 0 0 0 0 75 68 0 0 0 0 0 0 0 0 183 435 534 142 0 0 0 103 130 0 65 60 
0 0 0 0 0 74 68 0 0 0 0 0 0 0 0 182 435 549 141 0 0 0 104 130 0 65 60 
0 0 0 0 0 70 68 0 0 0 0 0 0 0 0 176 427 534 146 0 0 0 103 130 0 65 60 
0 0 0 0 0 74 68 0 0 0 0 0 0 0 0 176 427 533 139 0 0 0 103 130 0 65 60 
0 0 0 0 0 76 68 0 0 0 0 0 0 0 0 168 440 538 139 0 0 0 104 130 0 65 60 
0 0 0 0 0 74 68 0 0 0 0 0 0 0 0 169 435 532 144 0 0 0 104 130 0 65 60 
0 0 0 0 0 72 68 0 0 0 0 0 0 0 0 171 440 534 143 0 0 0 104 130 0 65 60 
0 0 0 0 0 73 68 0 0 0 0 0 0 0 0 181 436 543 148 0 0 0 104 130 0 65 60 
0 0 0 0 0 74 68 0 0 0 0 0 0 0 0 172 426 534 141 0 0 0 103 130 0 65 60 
0 0 0 0 0 72 68 0 0 0 0 0 0 0 0 177 433 548 141 0 0 0 104 130 0 65 60 
0 0 0 0 0 72 68 0 0 0 0 0 0 0 0 183 437 535 149 0 0 0 104 130 0 65 60 
0 0 0 0 0 73 68 0 0 0 0 0 0 0 0 182 425 546 144 0 0 0 104 130 0 65 60 
0 0 0 0 0 76 68 0 0 0 0 0 0 0 0 182 440 535 139 0 0 0 103 130 0 65 60 
0 0 0 0 0 72 69 0 0 0 0 0 0 0 0 179 432 535 145 0 0 0 104 130 0 65 60 
0 0 0 0 0 72 68 0 0 0 0 0 0 0 0 169 430 533 149 0 0 0 103 130 0 65 60 
0 0 0 0 0 74 68 0 0 0 0 0 0 0 0 171 436 535 147 0 0 0 104 130 0 65 60 
0 0 0 0 0 76 68 0 0 0 0 0 0 0 0 169 440 547 149 0 0 0 102 130 0 65 60 
0 0 0 0 0 74 68 0 0 0 0 0 0 0 0 172 431 536 147 0 0 0 103 130 0 65 60 
0 0 0 0 0 72 68 0 0 0 0 0 0 0 0 182 438 533 147 0 0 0 104 130 0 65 60 
0 0 0 0 0 74 68 0 0 0 0 0 0 0 0 174 430 530 148 0 0 0 104 130 0 65 60 
0 0 0 0 0 75 68 0 0 0 0 0 0 0 0 179 424 549 148 0 0 0 103 130 0 66 60 
0 0 0 0 0 73 69 0 0 0 0 0 0 0 0 181 433 544 150 0 0 0 103 130 0 67 60 
0 0 0 0 0 72 68 0 0 0 0 0 0 0 0 177 430 541 145 0 0 0 104 130 0 69 60 
0 0 0 0 0 75 68 0 0 0 0 0 0 0 0 170 428 540 148 0 0 0 104 130 0 70 60 
0 0 0 0 0 76 68 0 0 0 0 0 0 0 0 182 428 541 145 0 0 0 104 130 0 71 60 
0 0 0 0 0 74 68 0 0 0 0 0 0 0 0 171 438 543 141 0 0 0 104 130 0 71 60 
0 0 0 0 0 76 68 0 0 0 0 0 0 0 0 183 428 548 139 0 0 0 104 130 0 72 60 
0 0 0 0 0 77 68 0 0 0 0 0 0 0 0 168 441 548 139 0 0 0 104 130 0 70 60 
0 0 0 0 0 77 68 0 0 0 0 0 0 0 0 184 428 547 138 0 0 0 104 130 0 69 60 
0 23 0 0 0 75 68 14 0 19 0 0 0 56 28 168 430 549 141 0 0 0 103 130 0 67 60 
0 133 73 0 0 80 68 56 25 174 0 0 0 59 76 182 441 549 147 0 0 0 103 130 0 67 60 
0 128 106 0 13 82 68 57 53 246 0 0 0 68 77 178 425 549 147 0 0 0 103 130 0 66 60 
0 127 111 0 27 80 68 52 50 226 0 0 0 57 79 169 439 547 139 0 0 0 104 130 0 65 60 
0 133 111 0 46 81 68 54 49 227 0 0 0 58 78 173 341 542 174 0 0 0 115 130 0 64 60 
259 137 115 0 65 78 68 53 49 226 0 0 0 78 74 28 60 88 0 0 0 0 78 130 0 58 60 
281 132 111 0 79 87 68 55 50 225 0 0 0 84 79 22 97 46 149 0 0 0 23 130 0 44 60 
300 129 110 0 89 93 69 56 49 219 0 0 0 84 81 89 377 514 411 0 0 0 93 130 0 31 60 
296 132 112 0 94 97 69 55 49 223 0 0 0 65 93 237 549 730 348 0 0 0 116 130 0 21 60 
299 138 109 0 96 94 68 56 50 217 0 0 0 47 102 236 543 644 273 0 0 0 114 130 0 14 60 
308 135 118 0 96 91 68 57 50 222 0 0 0 43 87 208 534 608 274 0 0 0 218 130 0 10 60 
307 135 106 0 95 87 68 59 49 228 0 0 0 55 84 249 456 695 286 0 0 0 212 130 0 0 60 
313 133 110 0 94 84 68 58 50 232 0 0 0 63 78 276 473 561 283 0 0 0 199 130 0 0 60 
311 136 109 0 92 87 68 62 50 227 0 0 0 62 75 226 503 606 268 0 0 0 190 130 0 0 60 
311 133 113 0 90 91 68 59 49 225 0 0 0 65 48 230 446 588 253 0 0 0 168 130 0 0 60 
317 129 114 0 89 95 68 58 50 224 0 0 0 40 0 236 525 638 253 0 0 0 149 130 0 0 60 
309 132 112 0 88 89 68 60 50 224 0 0 0 0 0 223 476 600 296 0 0 0 161 130 0 0 60 
306 135 111 0 87 91 69 65 49 221 0 0 0 0 0 212 482 643 235 0 0 0 163 130 0 0 60 
310 126 113 0 86 89 68 63 51 223 0 0 0 0 0 223 500 599 192 0 0 0 157 130 0 0 60 
315 126 112 0 86 92 68 65 49 227 0 0 0 0 0 225 457 578 218 0 0 0 158 130 0 0 60 
315 133 111 0 85 94 68 65 49 228 0 0 0 0 0 173 502 562 254 0 0 0 145 130 0 11 60 
309 135 116 0 86 96 69 63 50 226 0 0 0 0 0 277 442 599 219 0 0 0 201 130 0 25 60 
313 128 114 0 86 100 67 63 48 204 0 0 0 0 0 224 442 592 212 0 0 0 148 130 0 39 60 
313 131 112 0 86 103 68 67 50 59 0 0 0 0 0 179 452 488 233 0 0 0 148 130 0 49 60 
310 134 111 0 85 111 69 66 50 0 0 0 0 0 0 202 468 617 249 0 0 0 191 130 0 55 60 
319 131 112 0 85 111 68 61 25 0 0 0 0 0 0 200 438 629 260 0 0 0 159 130 0 60 60 
314 137 107 0 85 111 68 26 0 0 0 0 0 0 0 195 442 563 283 0 0 0 161 130 0 64 60 
313 136 112 0 84 90 68 0 0 0 0 0 0 0 0 212 480 632 269 0 0 0 195 130 0 66 60 
311 136 110 0 81 88 69 0 0 0 0 0 0 0 0 200 478 626 306 0 0 0 187 130 0 67 60 
316 138 112 0 78 89 68 0 0 0 0 0 0 0 0 198 493 533 285 0 0 0 163 130 0 68 60 
315 136 112 0 76 87 68 0 0 0 0 0 0 0 0 201 445 533 281 0 0 0 175 130 0 69 60 
315 131 113 0 72 84 68 0 0 0 0 0 0 0 0 183 436 640 288 0 0 0 143 130 0 69 60 
314 137 110 0 63 83 69 0 0 0 0 0 0 0 0 195 436 541 260 0 0 0 106 130 0 70 60 
312 134 113 0 51 85 68 0 0 0 0 0 0 0 0 202 474 668 236 0 0 0 161 130 0 69 60 
316 135 79 0 35 85 68 0 0 0 0 0 0 0 0 199 438 608 253 0 0 0 156 130 0 69 60 
318 85 0 0 21 82 69 0 0 0 0 0 0 0 0 207 445 646 288 0 0 0 199 130 0 68 60 
314 0 0 0 0 81 68 0 0 0 0 0 0 0 0 196 445 608 271 0 0 0 154 130 0 68 60 
321 0 0 0 0 83 68 0 0 0 0 0 0 0 0 198 452 496 264 0 0 0 146 130 0 68 60 
320 0 0 0 0 82 68 0 0 0 0 0 0 0 0 210 502 629 224 0 0 0 183 130 0 68 60 
312 0 0 0 0 79 68 0 0 0 0 0 0 0 0 175 459 688 270 0 0 0 206 130 0 69 60 
320 0 0 0 0 81 69 0 0 0 0 0 0 0 0 210 464 718 240 0 0 0 135 130 0 70 60 
210 0 0 0 0 83 68 0 0 0 0 0 0 0 0 214 471 594 258 0 0 0 160 130 0 71 60 
0 0 0 0 0 81 68 0 0 0 0 0 0 0 0 224 435 625 244 0 0 0 131 130 0 72 60 
0 0 0 0 0 81 68 0 0 0 0 0 0 0 0 171 433 625 242 0 0 0 129 130 0 70 60 
0 0 0 0 0 82 68 0 0 0 0 0 0 0 0 171 455 610 250 0 0 0 128 130 0 69 60 
0 0 0 0 0 83 68 0 0 0 0 0 0 0 0 230 480 682 232 0 0 0 127 130 0 68 60 
0 0 0 0 0 82 68 0 0 0 0 0 0 0 0 184 467 615 241 0 0 0 127 130 0 67 60 
0 0 0 0 0 81 68 0 0 0 0 0 0 0 0 263 446 678 237 0 0 0 127 130 0 67 60 
0 0 0 0 0 82 68 0 0 0 0 0 0 0 0 163 440 612 229 0 0 0 126 130 0 66 60 
0 0 0 0 0 84 68 0 0 0 0 0 0 0 0 219 428 699 215 0 0 0 126 130 0 66 60 
0 0 0 0 0 82 68 0 0 0 0 0 0 0 0 221 454 619 216 0 0 0 126 130 0 67 60 
0 0 0 0 0 80 68 0 0 0 0 0 0 0 0 244 450 607 214 0 0 0 125 130 0 67 60 
0 0 0 0 0 82 68 0 0 0 0 0 0 0 0 130 413 605 221 0 0 0 126 130 0 68 60 
0 0 0 0 0 83 69 0 0 0 0 0 0 0 0 132 419 589 223 0 0 0 126 130 0 68 60 
0 0 0 0 0 81 68 0 0 0 0 0 0 0 0 131 419 588 223 0 0 0 125 130 0 67 60 
0 0 0 0 0 80 68 0 0 0 0 0 0 0 0 143 411 600 221 0 0 0 125 130 0 68 60 
0 0 21 0 0 82 68 0 0 0 0 0 0 0 0 148 423 590 222 0 0 0 125 130 0 68 60 
0 0 0 0 0 82 68 0 0 0 0 0 0 0 0 133 413 585 216 0 0 0 125 130 0 70 60 
0 0 0 0 0 80 68 0 0 0 0 0 0 0 0 147 422 586 214 0 0 0 125 130 0 71 60 
0 0 0 0 0 80 68 0 0 0 0 0 0 0 0 142 410 604 213 0 0 0 124 130 0 71 60 
0 0 0 0 0 83 68 0 0 0 0 0 0 0 0 134 422 603 216 0 0 0 125 130 0 72 60 
0 0 0 0 0 83 68 0 0 0 0 0 0 0 0 146 411 589 222 0 0 0 124 130 0 72 60 
0 0 0 0 0 81 68 0 0 0 0 0 0 0 0 149 407 593 212 0 0 0 124 130 0 71 60 
0 0 0 0 0 80 68 0 0 0 0 0 0 0 0 148 408 588 214 0 0 0 124 130 0 72 60 
0 0 0 0 0 83 68 0 0 0 0 0 0 0 0 149 416 593 221 0 0 0 124 130 0 72 60 
0 0 0 0 0 84 68 0 0 0 0 0 0 0 0 144 422 584 212 0 0 0 124 130 0 72 60 
0 0 0 0 0 81 68 0 0 0 0 0 0 0 0 142 413 603 218 0 0 0 124 130 0 72 60 
0 0 0 0 0 81 68 0 0 0 0 0 0 0 0 138 414 587 218 0 0 0 124 130 0 72 60 
0 0 0 0 0 85 68 0 0 0 0 0 0 0 0 136 420 593 221 0 0 0 123 130 0 72 60 
0 0 0 0 0 83 68 0 0 0 0 0 0 0 0 137 421 601 220 0 0 0 124 130 0 72 60 
0 0 0 0 0 81 68 0 0 0 0 0 0 0 0 141 416 598 213 0 0 0 124 130 0 71 60 
0 0 0 0 0 82 68 0 0 0 0 0 0 0 0 133 419 593 212 0 0 0 124 130 0 71 60 
0 0 0 0 0 85 68 0 0 0 0 0 0 0 0 148 419 589 209 0 0 0 124 130 0 71 60 
0 0 0 0 0 83 68 0 0 0 0 0 0 0 0 149 420 582 213 0 0 0 123 130 0 72 60 
0 0 0 0 0 81 69 0 0 0 0 0 0 0 0 137 417 581 221 0 0 0 124 130 0 71 60 
0 0 0 0 0 82 68 0 0 0 0 0 0 0 0 134 412 582 212 0 0 0 124 130 0 71 60 
0 0 0 0 0 84 68 0 0 0 0 0 0 0 0 150 404 598 219 0 0 0 124 130 0 70 60 
0 0 0 0 0 83 68 0 0 0 0 0 0 0 0 135 418 600 218 0 0 0 124 130 0 69 60 
0 0 0 0 0 81 68 0 0 0 0 0 0 0 0 148 411 589 218 0 0 0 124 130 0 68 60 
0 0 0 0 0 82 68 0 0 0 0 0 0 0 0 137 422 599 217 0 0 0 123 130 0 67 60 
0 0 0 0 0 83 68 0 0 0 0 0 0 0 0 150 413 595 215 0 0 0 124 130 0 67 60 
0 0 0 0 0 82 68 0 0 0 0 0 0 0 0 140 416 601 217 0 0 0 124 130 0 66 60 
0 0 0 0 0 80 68 0 0 0 0 0 0 0 0 149 406 588 213 0 0 0 123 130 0 67 60 
0 0 0 0 0 82 68 0 0 0 0 0 0 0 0 146 408 584 211 0 0 0 123 130 0 68 60 
0 0 0 0 0 83 68 0 0 0 0 0 0 0 0 146 420 585 215 0 0 0 124 130 0 68 60 
0 0 0 0 0 81 68 0 0 0 0 0 0 0 0 139 413 594 221 0 0 0 124 130 0 68 60 
0 0 0 0 0 80 68 0 0 0 0 0 0 0 0 148 417 587 220 0 0 0 122 130 0 68 60 
0 0 0 0 0 82 68 0 0 0 0 0 0 0 0 138 411 595 220 0 0 0 122 130 0 69 60 
0 0 0 0 0 82 68 0 0 0 0 0 0 0 0 148 413 597 220 0 0 0 123 130 0 68 60 
0 0 0 0 0 81 68 0 0 0 0 0 0 0 0 138 405 589 219 0 0 0 123 130 0 67 60 
0 0 0 0 0 80 68 0 0 0 0 0 0 0 0 135 404 583 220 0 0 0 123 130 0 67 60 
0 0 0 0 0 81 67 0 0 0 0 0 0 0 0 148 408 582 220 0 0 0 123 130 0 66 60 
0 0 0 0 0 81 68 0 0 0 0 0 0 0 0 145 416 585 219 0 0 0 123 130 0 65 60 
0 0 0 0 0 79 68 0 0 0 0 0 0 0 0 137 403 599 218 0 0 0 123 130 0 65 60 
0 0 0 0 0 79 68 0 0 0 0 0 0 0 0 135 408 583 210 0 0 0 123 130 0 65 60 
0 0 0 0 0 81 68 0 0 0 0 0 0 0 0 147 416 596 212 0 0 0 123 130 0 65 60 
0 0 0 0 0 81 68 0 0 0 0 0 0 13 0 149 405 590 222 0 0 0 123 130 0 65 60 
0 76 0 0 0 90 68 23 0 45 0 0 0 65 53 136 407 597 223 0 0 0 123 130 0 64 60 
0 133 102 0 0 108 68 65 37 214 0 0 0 62 72 140 411 584 219 0 0 0 122 130 0 63 60 
0 129 106 0 16 154 68 52 52 231 0 0 0 58 74 143 419 592 211 0 0 0 123 130 0 62 60 
0 127 105 0 31 198 68 52 48 222 0 0 0 61 74 142 411 602 217 0 0 0 124 130 0 62 60 
10 133 104 0 51 200 68 56 49 229 0 0 0 57 75 119 204 607 235 0 0 0 140 130 0 62 60 
328 128 106 0 70 200 68 56 51 229 0 0 0 68 73 0 0 427 597 0 0 0 190 130 0 61 60 
280 129 106 0 84 187 68 58 51 225 0 0 0 62 74 15 138 186 191 0 0 0 277 130 0 60 60 
293 138 109 0 94 169 68 60 51 223 0 0 0 74 77 202 524 587 246 0 0 0 166 130 0 59 60 
297 135 111 0 98 137 69 61 52 222 0 0 0 75 82 221 559 624 357 0 0 0 126 130 0 58 60 
301 129 110 0 100 103 68 61 50 221 0 0 0 67 102 212 526 624 379 0 0 0 164 130 0 58 60 
306 135 110 0 101 78 68 61 49 223 0 0 0 52 95 173 440 559 324 0 0 0 206 130 0 60 60 
304 139 106 0 101 79 68 58 48 232 0 0 0 57 92 220 455 513 308 0 0 0 151 130 0 60 60 
306 138 111 0 98 82 68 62 48 230 0 0 0 76 73 191 513 511 322 0 0 0 122 130 0 62 60 
311 140 109 0 95 97 69 62 49 228 0 0 0 84 74 191 477 636 332 0 0 0 193 130 0 62 60 
301 137 110 0 93 108 68 61 50 225 0 0 0 64 72 224 451 651 274 0 0 0 150 130 0 62 60 
313 132 111 0 89 105 68 60 50 226 0 0 0 50 73 228 477 632 270 0 0 0 187 130 0 63 60 
310 134 111 0 88 95 69 60 49 223 0 0 0 45 76 224 445 675 239 0 0 0 203 130 0 64 60 
313 134 107 0 85 80 69 64 49 223 0 0 0 70 75 207 481 618 242 0 0 0 145 130 0 63 60 
314 135 111 0 83 71 69 65 50 220 0 0 0 69 72 173 495 626 262 0 0 0 193 130 0 62 60 
313 143 112 0 83 63 68 66 48 226 0 0 0 73 74 217 439 558 285 0 0 0 147 130 0 62 60 
316 130 110 0 83 61 68 68 50 226 0 0 0 66 74 267 448 611 279 0 0 0 139 130 0 62 60 
317 130 109 0 83 65 68 64 48 221 0 0 0 49 74 217 479 627 265 0 0 0 158 130 0 63 60 
314 138 109 0 83 72 68 64 50 226 0 0 0 58 74 235 516 690 266 0 0 0 184 130 0 63 60 
314 132 108 0 84 75 68 63 50 228 0 0 0 66 76 195 498 598 267 0 0 0 195 130 0 63 60 
315 130 110 0 84 76 68 67 50 227 0 0 0 64 78 209 500 670 241 0 0 0 180 130 0 63 60 
314 130 109 0 84 72 68 65 51 225 0 0 0 68 74 239 460 662 249 0 0 0 153 130 0 63 60 
314 133 110 0 84 75 68 63 51 226 0 0 0 58 74 228 448 598 205 0 0 0 202 130 0 63 60 
314 132 108 0 84 75 68 67 50 226 0 0 0 62 75 215 466 683 227 0 0 0 161 130 0 64 60 
316 135 111 0 83 79 69 63 51 225 0 0 0 56 75 165 469 651 249 0 0 0 142 130 0 64 60 
311 134 110 0 82 82 68 60 49 221 0 0 0 56 77 238 467 690 252 0 0 0 156 130 0 64 60 
319 139 111 0 82 85 68 62 49 219 0 0 0 59 77 237 481 643 186 0 0 0 150 130 0 65 60 
314 138 108 0 81 85 68 63 49 218 0 0 0 59 77 176 445 642 198 0 0 0 173 130 0 64 60 
317 137 112 0 80 90 68 64 49 222 0 0 0 66 75 210 437 676 232 0 0 0 217 130 0 65 60 
314 135 112 0 80 99 68 62 50 227 0 0 0 67 73 162 449 675 216 0 0 0 170 130 0 65 60 
316 130 111 0 79 107 68 66 50 230 0 0 0 55 76 208 453 643 252 0 0 0 158 130 0 65 60 
320 137 115 0 78 117 68 65 49 226 0 0 0 65 78 183 462 685 221 0 0 0 180 130 0 66 60 
312 134 115 0 79 117 68 63 49 224 0 0 0 73 80 203 398 645 261 0 0 0 159 130 0 66 60 
313 135 118 0 78 116 68 69 48 224 0 0 0 77 78 211 458 647 271 0 0 0 156 130 0 66 60 
318 138 111 0 79 102 68 65 49 224 0 0 0 70 75 224 485 623 249 0 0 0 194 130 0 66 60 
312 133 114 0 79 84 68 65 50 225 0 0 0 49 75 191 464 666 268 0 0 0 176 130 0 65 60 
315 131 109 0 79 75 68 63 51 224 0 0 0 42 75 185 455 629 294 0 0 0 137 130 0 64 60 
311 135 117 0 79 77 68 68 49 228 0 0 0 45 77 132 434 636 259 0 0 0 132 130 0 64 60 
315 131 115 0 79 76 68 64 51 227 0 0 0 59 81 197 462 593 315 0 0 0 207 130 0 64 60 
320 132 114 0 79 77 68 66 50 226 0 0 0 68 81 215 446 685 301 0 0 0 184 130 0 64 60 
313 138 114 0 79 78 67 67 50 223 0 0 0 66 77 175 442 547 300 0 0 0 158 130 0 62 60 
319 144 114 0 78 84 68 61 49 223 0 0 0 64 76 219 430 601 251 0 0 0 157 130 0 61 60 
312 129 115 0 79 84 69 64 49 223 0 0 0 64 77 217 475 629 270 0 0 0 146 130 0 60 60 
313 138 111 0 79 83 68 65 49 219 0 0 0 70 79 200 425 641 290 0 0 0 131 130 0 59 60 
313 136 108 0 79 90 68 63 50 226 0 0 0 63 76 207 406 642 240 0 0 0 135 130 0 58 60 
316 144 115 0 79 98 68 63 50 226 0 0 0 65 76 216 427 641 241 0 0 0 215 130 0 58 60 
318 137 119 0 79 97 68 66 49 226 0 0 0 62 76 216 458 580 270 0 0 0 176 130 0 58 60 
313 133 115 0 79 96 68 67 49 223 0 0 0 61 78 216 442 535 244 0 0 0 211 130 0 58 60 
313 134 114 0 79 99 68 64 50 223 0 0 0 65 79 179 431 575 255 0 0 0 152 130 0 58 60 
316 133 114 0 79 96 69 66 49 223 0 0 0 63 78 195 451 617 238 0 0 0 170 130 0 58 60 
315 137 115 0 78 93 68 61 50 225 0 0 0 76 81 206 428 673 228 0 0 0 146 130 0 57 60 
319 134 113 0 78 85 68 62 49 228 0 0 0 72 83 205 457 520 241 0 0 0 204 130 0 58 60 
315 137 118 0 78 85 68 64 50 233 0 0 0 65 78 248 461 583 244 0 0 0 107 130 0 57 60 
317 133 115 0 77 87 68 65 49 232 0 0 0 58 76 161 474 600 246 0 0 0 148 130 0 56 60 
316 128 115 0 76 86 68 66 48 226 0 0 0 68 77 211 423 605 246 0 0 0 194 130 0 55 60 
318 133 114 0 77 85 68 65 48 223 0 0 0 84 78 248 422 615 208 0 0 0 187 130 0 54 60 
316 134 115 0 77 80 68 66 50 223 0 0 0 73 77 197 455 590 193 0 0 0 165 130 0 54 60 
318 140 117 0 77 78 67 67 50 223 0 0 0 62 76 226 485 604 214 0 0 0 161 130 0 52 60 
317 135 107 0 79 80 67 66 50 223 0 0 0 42 78 142 426 496 236 0 0 0 140 130 0 51 60 
313 135 108 0 78 86 69 68 51 225 0 0 0 59 78 201 517 597 229 0 0 0 131 130 0 49 60 
313 131 115 0 78 96 68 68 50 228 0 0 0 75 76 195 443 525 193 0 0 0 157 130 0 48 60 
320 135 115 0 80 106 67 69 50 221 0 0 0 74 77 222 451 665 234 0 0 0 179 130 0 48 60 
316 135 115 0 81 109 68 63 50 223 0 0 0 75 77 218 441 661 282 0 0 0 159 130 0 46 60 
313 133 111 0 81 101 68 65 48 228 0 0 0 58 79 226 469 640 235 0 0 0 186 130 0 46 60 
314 138 111 0 81 98 68 64 49 228 0 0 0 49 81 204 488 534 252 0 0 0 152 130 0 45 60 
313 137 112 0 82 97 68 65 49 224 0 0 0 58 78 173 385 607 231 0 0 0 199 130 0 45 60 
318 131 114 0 83 96 68 64 49 226 0 0 0 60 77 189 495 670 239 0 0 0 153 130 0 45 60 
309 133 115 0 83 88 68 66 50 226 0 0 0 67 78 210 491 650 266 0 0 0 182 130 0 46 60 
318 140 114 0 83 85 68 65 49 225 0 0 0 63 79 244 437 627 287 0 0 0 144 130 0 46 60 
315 136 114 0 83 89 68 64 49 223 0 0 0 61 77 195 473 646 270 0 0 0 158 130 0 46 60 
315 139 112 0 81 92 68 71 49 220 0 0 0 60 77 233 508 623 277 0 0 0 106 130 0 47 60 
316 136 112 0 81 91 68 67 49 218 0 0 0 54 79 183 484 638 265 0 0 0 182 130 0 48 60 
313 133 112 0 80 88 68 64 49 219 0 0 0 58 79 235 362 602 281 0 0 0 137 130 0 50 60 
314 135 114 0 79 84 68 66 49 222 0 0 0 61 78 242 455 677 274 0 0 0 122 130 0 51 60 
308 133 115 0 79 83 68 68 50 229 0 0 0 61 77 186 483 643 255 0 0 0 183 130 0 52 60 
318 140 113 0 78 79 68 63 49 231 0 0 0 68 77 197 463 668 255 0 0 0 156 130 0 54 60 
318 132 113 0 77 81 68 65 51 227 0 0 0 62 78 215 443 609 270 0 0 0 162 130 0 56 60 
315 146 112 0 77 81 68 65 51 223 0 0 0 58 79 198 445 679 265 0 0 0 166 130 0 56 60 
312 145 116 0 78 82 68 59 50 225 0 0 0 73 79 215 456 643 252 0 0 0 172 130 0 57 60 
313 127 115 0 78 86 68 67 51 225 0 0 0 70 78 227 436 684 233 0 0 0 166 130 0 59 60 
314 135 114 0 78 94 68 68 50 223 0 0 0 77 77 194 421 645 205 0 0 0 208 130 0 62 60 
315 133 112 0 78 107 68 64 49 227 0 0 0 67 77 232 485 647 220 0 0 0 161 130 0 63 60 
314 139 113 0 79 117 68 62 50 228 0 0 0 44 79 171 474 695 222 0 0 0 176 130 0 64 60 
316 136 110 0 78 123 68 66 49 227 0 0 0 41 80 190 420 580 234 0 0 0 203 130 0 65 60 
315 138 114 0 78 106 68 66 49 221 0 0 0 49 81 202 465 643 233 0 0 0 186 130 0 64 60 
319 132 112 0 79 89 68 64 51 223 0 0 0 62 79 213 465 685 256 0 0 0 122 130 0 65 60 
314 132 112 0 79 77 68 66 50 223 0 0 0 67 76 240 444 662 210 0 0 0 179 130 0 65 60 
319 133 115 0 80 77 68 65 50 217 0 0 0 63 76 191 460 699 222 0 0 0 167 130 0 65 60 
314 137 115 0 80 79 68 66 51 223 0 0 0 62 78 178 461 624 244 0 0 0 160 130 0 64 60 
308 132 111 0 80 75 68 67 49 228 0 0 0 66 82 192 449 638 257 0 0 0 133 130 0 65 60 
314 128 112 0 79 72 68 65 50 226 0 0 0 69 82 282 421 559 222 0 0 0 155 130 0 64 60 
316 127 113 0 79 78 68 64 50 223 0 0 0 61 79 151 525 606 236 0 0 0 157 130 0 64 60 
316 133 113 0 78 77 68 64 49 220 0 0 0 65 77 193 451 610 260 0 0 0 140 130 0 63 60 
316 135 112 0 78 80 68 68 50 220 0 0 0 62 78 216 450 591 264 0 0 0 153 130 0 60 60 
314 132 111 0 78 79 68 68 50 222 0 0 0 63 79 176 440 610 239 0 0 0 147 130 0 58 60 
313 133 111 0 79 86 68 67 49 227 0 0 0 61 77 181 437 631 243 0 0 0 127 130 0 56 60 
315 131 110 0 78 89 68 63 48 231 0 0 0 70 78 178 441 604 278 0 0 0 189 130 0 54 60 
311 131 114 0 78 94 69 63 50 230 0 0 0 77 80 188 475 548 284 0 0 0 179 130 0 51 60 
315 136 112 0 78 94 68 71 49 227 0 0 0 67 78 223 470 570 264 0 0 0 173 130 0 49 60 
315 134 114 0 77 95 68 67 49 222 0 0 0 60 80 228 448 574 257 0 0 0 157 130 0 44 60 
314 139 111 0 77 96 68 69 50 226 0 0 0 60 79 192 469 609 291 0 0 0 131 130 0 40 60 
312 136 110 0 77 94 68 69 49 223 0 0 0 73 79 177 421 571 268 0 0 0 137 130 0 37 60 
314 136 111 0 77 108 68 66 50 222 0 0 0 85 77 195 397 552 282 0 0 0 182 130 0 35 60 
317 133 109 0 77 113 68 68 50 226 0 0 0 70 80 227 479 588 267 0 0 0 158 130 0 34 60 
313 132 110 0 78 111 68 69 49 230 0 0 0 58 80 185 460 587 248 0 0 0 158 130 0 33 60 
314 139 108 0 78 96 68 64 49 225 0 0 0 44 81 183 466 579 292 0 0 0 203 130 0 33 60 
318 136 106 0 79 85 68 60 50 226 0 0 0 63 83 213 433 585 262 0 0 0 137 130 0 36 60 
316 138 112 0 80 80 68 66 49 229 0 0 0 76 79 239 466 568 265 0 0 0 154 130 0 38 60 
319 134 110 0 80 82 68 64 49 229 0 0 0 76 79 207 468 598 230 0 0 0 189 130 0 42 60 
314 137 113 0 80 93 68 61 49 225 0 0 0 75 78 194 468 661 246 0 0 0 183 130 0 45 60 
320 137 109 0 81 103 68 63 49 226 0 0 0 54 78 205 446 588 230 0 0 0 168 130 0 49 60 
316 133 113 0 79 108 68 61 50 227 0 0 0 50 78 212 436 639 223 0 0 0 159 130 0 53 60 
310 130 110 0 78 99 68 60 50 227 0 0 0 62 79 195 436 636 253 0 0 0 160 130 0 54 60 
316 135 112 0 76 98 68 65 50 226 0 0 0 65 80 169 417 588 227 0 0 0 150 130 0 56 60 
314 139 113 0 75 89 68 66 51 221 0 0 0 69 77 219 512 606 211 0 0 0 144 130 0 57 60 
316 137 113 0 74 83 68 63 52 219 0 0 0 63 83 205 430 584 245 0 0 0 177 130 0 59 60 
315 128 117 0 75 77 68 65 51 220 0 0 0 61 74 163 461 630 227 0 0 0 188 130 0 62 60 
314 133 112 0 76 73 68 72 50 224 0 0 0 63 76 188 446 607 185 0 0 0 194 130 0 64 60 
316 140 113 0 77 74 68 64 49 224 0 0 0 54 75 200 479 681 210 0 0 0 163 130 0 66 60 
309 138 112 0 79 81 68 64 49 231 0 0 0 54 77 256 490 665 235 0 0 0 125 130 0 69 60 
316 140 113 0 80 81 68 67 48 225 0 0 0 62 79 196 451 609 222 0 0 0 131 130 0 70 60 
312 135 113 0 81 83 69 65 48 223 0 0 0 62 79 176 488 615 259 0 0 0 151 130 0 71 60 
315 135 116 0 82 91 68 62 49 223 0 0 0 65 79 190 457 585 280 0 0 0 168 130 0 71 60 
312 139 112 0 82 102 68 65 50 226 0 0 0 62 80 182 417 729 259 0 0 0 183 130 0 72 60 
314 137 115 0 83 109 68 67 50 223 0 0 0 55 79 147 404 668 291 0 0 0 158 130 0 71 60 
313 135 116 0 84 106 69 62 49 228 0 0 0 68 79 195 465 750 300 0 0 0 134 130 0 72 60 
313 135 114 0 83 108 68 71 49 228 0 0 0 72 79 235 438 608 306 0 0 0 139 130 0 71 60 
319 127 108 0 83 93 68 70 49 225 0 0 0 73 79 209 476 665 333 0 0 0 152 130 0 72 60 
316 129 114 0 83 81 68 61 49 223 0 0 0 67 80 210 454 634 240 0 0 0 178 130 0 72 60 
318 136 115 0 82 74 68 61 49 223 0 0 0 50 79 216 458 700 285 0 0 0 193 130 0 71 60 
316 137 117 0 80 77 68 67 50 222 0 0 0 40 77 228 460 682 304 0 0 0 203 130 0 72 60 
315 132 115 0 79 78 68 66 50 223 0 0 0 44 75 217 406 613 279 0 0 0 182 130 0 73 60 
316 133 116 0 78 85 68 63 51 224 0 0 0 60 78 217 435 656 255 0 0 0 181 130 0 79 60 
315 133 114 0 76 88 68 66 51 227 0 0 0 70 79 219 421 579 264 0 0 0 214 130 0 85 60 
312 130 116 0 76 91 68 65 50 228 0 0 0 62 82 215 452 679 273 0 0 0 168 130 0 89 60 
318 135 114 0 76 88 68 66 50 224 0 0 0 61 81 202 490 709 254 0 0 0 155 130 0 92 60 
316 137 115 0 77 87 68 65 50 222 0 0 0 63 76 232 430 636 244 0 0 0 194 130 0 90 60 
319 139 114 0 78 88 68 68 50 224 0 0 0 72 75 235 478 636 243 0 0 0 159 130 0 88 60 
312 139 118 0 79 96 68 66 49 224 0 0 0 62 77 213 463 617 247 0 0 0 150 130 0 85 60 
317 136 115 0 79 94 68 62 50 228 0 0 0 63 81 250 442 687 228 0 0 0 161 130 0 84 60 
313 132 115 0 80 90 68 68 50 232 0 0 0 62 83 183 452 524 244 0 0 0 166 130 0 84 60 
314 139 106 0 80 89 68 68 49 229 0 0 0 59 81 219 432 590 227 0 0 0 153 130 0 86 60 
314 135 109 0 81 87 68 67 49 227 0 0 0 65 78 244 419 654 224 0 0 0 199 130 0 90 60 
313 135 115 0 81 83 68 66 49 222 0 0 0 62 78 174 453 609 225 0 0 0 164 130 0 93 60 
315 136 115 0 81 85 68 65 48 223 0 0 0 79 78 184 448 670 267 0 0 0 186 130 0 94 60 
315 139 116 0 81 90 68 68 49 222 0 0 0 75 77 202 473 609 246 0 0 0 132 130 0 97 60 
316 135 110 0 80 89 68 65 49 222 0 0 0 62 77 202 451 623 247 0 0 0 134 130 0 100 60 
319 133 109 0 80 86 68 65 48 226 0 0 0 54 79 186 448 530 200 0 0 0 160 130 0 101 60 
318 137 117 0 80 82 68 65 50 227 0 0 0 64 79 225 467 575 255 0 0 0 154 130 0 102 60 
311 134 112 0 79 81 68 65 50 225 0 0 0 83 80 185 462 609 238 0 0 0 184 130 0 104 60 
314 141 117 0 78 78 68 60 50 226 0 0 0 78 78 215 462 644 255 0 0 0 177 130 0 104 60 
317 142 114 0 77 81 68 65 51 229 0 0 0 62 79 240 413 519 224 0 0 0 129 130 0 106 60 
316 127 114 0 77 90 68 62 50 229 0 0 0 48 80 196 440 607 254 0 0 0 160 130 0 106 60 
316 131 109 0 77 98 68 60 49 227 0 0 0 52 81 232 450 639 306 0 0 0 175 130 0 108 60 
314 142 112 0 77 102 68 67 50 228 0 0 0 73 82 178 457 616 285 0 0 0 169 130 0 109 60 
314 141 111 0 77 100 68 70 49 226 0 0 0 73 80 252 432 610 300 0 0 0 157 130 0 109 60 
312 137 111 0 78 99 68 63 48 228 0 0 0 77 79 212 442 552 293 0 0 0 164 130 0 109 60 
315 141 113 0 79 94 68 68 49 224 0 0 0 66 77 268 412 601 263 0 0 0 194 130 0 110 60 
313 130 114 0 79 93 68 69 50 221 0 0 0 48 78 192 493 531 285 0 0 0 132 130 0 103 60 
318 137 114 0 79 99 68 66 49 219 0 0 0 57 79 232 480 593 291 0 0 0 173 130 0 96 60 
315 134 115 0 78 109 68 64 50 222 0 0 0 68 79 223 399 546 268 0 0 0 131 130 0 91 60 
314 139 114 0 77 119 68 68 49 226 0 0 0 66 78 203 464 596 257 0 0 0 129 130 0 87 60 
315 132 115 0 78 114 68 63 49 232 0 0 0 68 78 205 447 692 283 0 0 0 138 130 0 86 60 
317 131 115 0 78 100 68 62 50 230 0 0 0 58 78 212 477 616 270 0 0 0 153 130 0 86 60 
312 127 115 0 78 91 68 75 49 223 0 0 0 65 79 202 418 632 229 0 0 0 181 130 0 87 60 
313 136 115 0 78 88 68 66 50 220 0 0 0 56 81 199 418 561 240 0 0 0 200 130 0 88 60 
318 136 115 0 79 88 68 61 49 222 0 0 0 53 81 214 448 667 205 0 0 0 153 130 0 88 60 
316 137 114 0 79 86 69 62 49 223 0 0 0 59 80 213 442 650 214 0 0 0 177 130 0 89 60 
310 131 113 0 80 93 68 64 48 224 0 0 0 62 78 261 475 661 240 0 0 0 151 130 0 88 60 
317 140 114 0 79 92 68 64 51 227 0 0 0 65 81 160 479 696 235 0 0 0 104 130 0 88 60 
310 133 117 0 79 78 68 73 50 228 0 0 0 66 80 209 418 637 223 0 0 0 152 130 0 88 60 
317 137 113 0 78 71 68 69 51 225 0 0 0 55 80 193 425 613 191 0 0 0 159 130 0 86 60 
316 137 114 0 77 76 68 59 51 224 0 0 0 64 80 210 459 585 214 0 0 0 131 130 0 83 60 
316 136 114 0 76 84 68 66 50 223 0 0 0 77 82 182 460 699 217 0 0 0 185 130 0 82 60 
314 136 113 0 76 88 68 69 50 225 0 0 0 72 81 195 450 601 262 0 0 0 177 130 0 81 60 
314 136 114 0 77 92 68 61 50 225 0 0 0 72 80 183 444 720 195 0 0 0 167 130 0 80 60 
316 135 112 0 74 98 68 60 49 232 0 0 0 57 81 184 466 651 226 0 0 0 184 130 0 80 60 
318 136 109 0 76 100 68 62 50 236 0 0 0 41 81 236 458 647 246 0 0 0 174 130 0 81 60 
318 136 113 0 77 92 68 65 51 233 0 0 0 41 82 179 442 645 257 0 0 0 168 130 0 81 60 
310 135 112 0 78 85 68 66 50 231 0 0 0 58 80 236 450 643 271 0 0 0 150 130 0 81 60 
310 133 115 0 79 78 69 68 51 231 0 0 0 72 81 168 451 639 262 0 0 0 98 130 0 81 60 
319 138 113 0 79 80 68 73 51 232 0 0 0 69 78 207 443 704 233 0 0 0 149 130 0 82 60 
321 131 115 0 78 79 68 67 50 236 0 0 0 63 80 209 435 701 299 0 0 0 195 130 0 81 60 
316 130 111 0 80 80 68 71 51 239 0 0 0 64 84 177 474 557 291 0 0 0 123 130 0 82 60 
320 139 112 0 80 86 68 69 51 245 0 0 0 78 87 229 469 660 299 0 0 0 161 130 0 81 60 
314 137 113 0 81 87 68 74 51 239 0 0 0 65 86 240 473 684 268 0 0 0 176 130 0 81 60 
315 133 114 0 82 85 69 68 52 235 0 0 0 63 81 241 446 702 250 0 0 0 174 130 0 80 60 
316 145 113 0 83 82 68 70 52 239 0 0 0 66 81 155 472 662 296 0 0 0 183 130 0 80 60 
313 142 116 0 85 84 68 68 52 236 0 0 0 65 83 183 439 636 289 0 0 0 191 130 0 79 60 
317 132 111 0 85 95 68 70 52 236 0 0 0 66 85 230 459 658 268 0 0 0 146 130 0 80 60 
318 141 112 0 86 103 68 68 51 239 0 0 0 65 88 230 504 498 254 0 0 0 166 130 0 79 60 
315 147 115 0 85 107 68 65 52 240 0 0 0 82 84 203 476 588 314 0 0 0 147 130 0 79 60 
319 144 113 0 83 101 68 69 52 240 0 0 0 75 79 206 409 673 272 0 0 0 162 130 0 78 60 
321 139 118 0 83 91 68 67 52 239 0 0 0 64 85 164 460 634 267 0 0 0 134 130 0 78 60 
326 142 116 0 83 81 68 70 52 242 0 0 0 59 83 218 466 613 261 0 0 0 138 130 0 79 60 
323 137 118 0 80 81 68 70 53 240 0 0 0 75 82 249 463 593 220 0 0 0 143 130 0 79 60 
331 139 117 0 81 88 68 69 52 240 0 0 0 91 82 201 472 629 214 0 0 0 165 130 0 78 60 
333 144 120 0 82 90 68 76 52 237 0 0 0 70 82 187 452 579 281 0 0 0 174 130 0 77 60 
329 143 116 0 81 91 69 70 53 242 0 0 0 58 82 222 448 560 256 0 0 0 208 130 0 77 60 
331 139 123 0 82 98 68 64 52 240 0 0 0 47 85 218 431 573 220 0 0 0 188 130 0 76 60 
330 136 120 0 82 97 68 69 52 230 0 0 0 71 84 210 427 585 247 0 0 0 145 130 0 76 60 
331 137 121 0 82 105 68 72 53 234 0 0 0 76 84 198 450 611 215 0 0 0 161 130 0 76 60 
332 142 122 0 82 111 69 69 53 233 0 0 0 79 84 199 449 607 220 0 0 0 174 130 0 76 60 
334 138 121 0 82 120 68 62 54 238 0 0 0 72 85 191 447 615 230 0 0 0 167 130 0 76 60 
327 138 124 0 82 113 68 71 53 240 0 0 0 50 86 176 455 575 238 0 0 0 158 130 0 76 60 
333 149 120 0 83 100 68 70 53 244 0 0 0 56 83 201 474 678 255 0 0 0 201 130 0 77 60 
335 138 121 0 82 88 68 64 53 239 0 0 0 69 83 221 485 601 296 0 0 0 200 130 0 77 60 
335 139 121 0 83 84 68 72 53 235 0 0 0 73 81 183 447 624 258 0 0 0 159 130 0 77 60 
332 143 123 0 83 91 68 71 52 235 0 0 0 73 82 212 448 532 261 0 0 0 123 130 0 77 60 
330 147 121 0 82 99 68 68 53 237 0 0 0 62 82 194 491 548 251 0 0 0 148 130 0 78 60 
333 142 120 0 82 106 68 67 52 241 0 0 0 68 82 212 416 608 249 0 0 0 166 130 0 77 60 
336 148 113 0 82 104 68 69 52 242 0 0 0 59 82 159 390 637 269 0 0 0 158 130 0 77 60 
336 138 117 0 81 101 68 65 53 242 0 0 0 58 81 243 466 693 329 0 0 0 189 130 0 78 60 
333 142 125 0 82 88 68 65 53 240 0 0 0 62 80 228 488 622 308 0 0 0 148 130 0 79 60 
334 142 124 0 82 81 68 71 53 235 0 0 0 66 84 191 482 645 316 0 0 0 128 130 0 77 60 
334 143 123 0 82 82 68 70 53 231 0 0 0 71 84 212 434 583 285 0 0 0 117 130 0 78 60 
332 144 122 0 83 83 68 69 53 234 0 0 0 63 82 211 468 730 282 0 0 0 141 130 0 77 60 
337 146 119 0 83 86 69 68 51 235 0 0 0 58 82 221 504 614 279 0 0 0 207 130 0 78 60 
333 143 120 0 83 92 68 69 52 238 0 0 0 76 84 216 501 728 302 0 0 0 194 130 0 77 60 
336 142 122 0 82 98 68 69 52 244 0 0 0 77 82 234 454 629 264 0 0 0 164 130 0 76 60 
337 142 121 0 82 103 68 69 51 241 0 0 0 75 84 183 451 687 288 0 0 0 174 130 0 76 60 
335 142 119 0 81 111 69 65 51 234 0 0 0 64 84 219 474 632 294 0 0 0 163 130 0 76 60 
335 151 124 0 82 115 68 69 52 237 0 0 0 45 83 229 493 709 299 0 0 0 171 130 0 76 60 
329 143 118 0 82 114 68 83 52 239 0 0 0 43 82 230 506 669 266 0 0 0 170 130 0 75 60 
337 139 120 0 83 101 69 73 53 241 0 0 0 56 84 194 450 643 233 0 0 0 128 130 0 74 60 
332 142 118 0 84 92 68 74 52 245 0 0 0 73 83 192 521 745 210 0 0 0 189 130 0 74 60 
329 151 116 0 84 87 68 71 53 244 0 0 0 70 84 174 453 645 291 0 0 0 186 130 0 73 60 
332 146 117 0 85 91 69 66 53 241 0 0 0 67 84 198 461 653 264 0 0 0 164 130 0 72 60 
330 146 119 0 85 97 68 69 53 237 0 0 0 66 83 244 519 655 228 0 0 0 164 130 0 73 60 
330 139 123 0 85 101 68 68 53 238 0 0 0 79 82 194 477 707 256 0 0 0 140 130 0 72 60 
329 143 117 0 84 107 68 66 53 239 0 0 0 71 83 198 428 708 247 0 0 0 169 130 0 72 60 
340 146 116 0 82 105 68 62 52 238 0 0 0 64 86 205 503 633 226 0 0 0 177 130 0 72 60 
327 145 120 0 81 93 68 65 51 240 0 0 0 65 89 172 479 712 204 0 0 0 169 130 0 72 60 
332 142 117 0 79 81 68 71 53 241 0 0 0 68 88 209 445 680 245 0 0 0 127 130 0 72 60 
336 144 120 0 79 77 69 68 52 239 0 0 0 67 84 216 455 665 239 0 0 0 176 130 0 73 60 
329 137 121 0 79 80 68 62 52 240 0 0 0 67 82 237 475 710 270 0 0 0 174 130 0 73 60 
340 142 118 0 80 79 68 65 52 241 0 0 0 82 83 229 546 670 273 0 0 0 163 130 0 74 60 
320 145 119 0 82 85 68 75 51 242 0 0 0 76 84 215 465 711 240 0 0 0 149 130 0 74 60 
321 137 118 0 83 90 68 72 52 239 0 0 0 65 88 155 481 715 262 0 0 0 168 130 0 75 60 
339 137 119 0 84 92 68 74 52 239 0 0 0 60 84 225 459 668 277 0 0 0 213 130 0 75 60 
314 143 119 0 85 88 68 80 53 242 0 0 0 82 81 226 448 529 278 0 0 0 146 130 0 75 60 
342 139 120 0 86 88 68 69 52 236 0 0 0 95 83 219 433 629 278 0 0 0 151 130 0 75 60 
319 140 116 0 86 88 68 67 53 232 0 0 0 70 83 248 453 700 292 0 0 0 202 130 0 76 60 
335 144 122 0 88 92 68 69 52 232 0 0 0 57 83 198 493 724 270 0 0 0 154 130 0 75 60 
340 145 119 0 88 94 68 66 53 236 0 0 0 48 82 234 523 651 291 0 0 0 138 130 0 75 60 
338 144 121 0 88 95 68 67 52 239 0 0 0 74 83 213 459 645 277 0 0 0 183 130 0 75 60 
338 145 120 0 88 104 69 73 52 243 0 0 0 75 84 222 525 671 269 0 0 0 154 130 0 74 60 
336 141 119 0 86 109 68 68 54 239 0 0 0 78 84 217 446 650 293 0 0 0 170 130 0 74 60 
336 145 118 0 85 102 68 70 53 239 0 0 0 70 83 217 450 629 262 0 0 0 111 130 0 74 60 
340 145 119 0 84 93 68 72 53 235 0 0 0 50 84 212 434 597 278 0 0 0 150 130 0 73 60 
339 146 119 0 82 88 68 68 52 238 0 0 0 61 82 246 511 642 298 0 0 0 152 130 0 73 60 
337 146 119 0 82 92 68 69 52 238 0 0 0 69 84 243 519 607 250 0 0 0 144 130 0 73 60 
340 139 119 0 82 96 69 73 52 241 0 0 0 73 82 211 466 701 267 0 0 0 170 130 0 73 60 
335 139 119 0 81 115 68 66 51 240 0 0 0 71 84 226 468 674 265 0 0 0 180 130 0 73 60 
334 142 116 0 82 126 68 66 51 242 0 0 0 61 83 216 481 611 257 0 0 0 162 130 0 75 60 
335 141 123 0 83 127 69 72 52 237 0 0 0 66 81 219 464 624 231 0 0 0 115 130 0 75 60 
337 145 120 0 84 105 68 68 52 236 0 0 0 62 82 227 495 642 246 0 0 0 158 130 0 75 60 
331 151 118 0 84 91 68 70 53 235 0 0 0 59 82 249 499 609 232 0 0 0 169 130 0 74 60 
333 135 120 0 84 86 68 73 53 236 0 0 0 63 82 238 440 539 241 0 0 0 151 130 0 74 60 
332 143 119 0 85 86 68 69 53 238 0 0 0 66 83 185 492 672 258 0 0 0 154 130 0 73 60 
331 152 119 0 85 98 68 66 53 242 0 0 0 70 83 213 477 671 251 0 0 0 165 130 0 73 60 
333 153 118 0 86 113 68 70 54 242 0 0 0 61 84 221 470 704 222 0 0 0 187 130 0 73 60 
336 147 120 0 86 117 68 70 53 237 0 0 0 62 85 189 486 703 233 0 0 0 196 130 0 73 60 
335 149 118 0 86 103 68 67 53 237 0 0 0 78 85 222 477 640 278 0 0 0 180 130 0 73 60 
337 138 122 0 86 90 68 74 53 237 0 0 0 78 83 190 440 635 250 0 0 0 167 130 0 73 60 
332 143 120 0 85 88 68 71 51 238 0 0 0 75 84 227 423 564 249 0 0 0 187 130 0 73 60 
333 143 115 0 84 90 68 67 52 243 0 0 0 60 86 238 510 710 248 0 0 0 157 130 0 73 60 
337 143 121 0 84 94 68 69 52 244 0 0 0 44 82 213 460 653 281 0 0 0 162 130 0 73 60 
330 141 118 0 82 94 68 74 52 244 0 0 0 45 83 243 455 747 253 0 0 0 132 130 0 73 60 
330 141 116 0 82 102 68 68 53 238 0 0 0 57 83 190 533 710 296 0 0 0 129 130 0 72 60 
333 139 116 0 82 112 68 69 53 237 0 0 0 74 83 236 450 689 313 0 0 0 211 130 0 72 60 
333 142 117 0 81 105 68 69 52 236 0 0 0 72 83 229 499 713 275 0 0 0 174 130 0 72 60 
334 142 113 0 82 95 68 68 53 237 0 0 0 66 83 249 488 649 238 0 0 0 175 130 0 73 60 
335 138 117 0 83 86 68 66 51 236 0 0 0 66 82 242 493 768 290 0 0 0 189 130 0 73 60 
335 140 115 0 84 87 68 63 53 239 0 0 0 79 85 177 459 699 290 0 0 0 150 130 0 74 60 
334 136 117 0 84 84 68 67 53 240 0 0 0 67 84 234 491 803 264 0 0 0 156 130 0 74 60 
339 139 119 0 83 83 68 68 52 236 0 0 0 67 85 215 497 720 274 0 0 0 162 130 0 74 60 
333 136 118 0 83 86 68 73 53 239 0 0 0 64 81 217 503 746 263 0 0 0 119 130 0 74 60 
334 147 115 0 82 79 68 73 53 243 0 0 0 67 82 187 479 681 278 0 0 0 132 130 0 72 60 
333 145 117 0 82 73 68 76 53 239 0 0 0 67 84 247 500 716 282 0 0 0 110 130 0 71 60 
334 136 117 0 83 75 69 68 53 239 0 0 0 69 87 219 521 707 261 0 0 0 165 130 0 70 60 
337 133 116 0 83 82 68 70 53 240 0 0 0 81 86 226 564 677 232 0 0 0 132 130 0 69 60 
333 142 120 0 84 89 68 72 53 241 0 0 0 72 82 218 484 757 263 0 0 0 150 130 0 68 60 
331 144 119 0 84 87 69 68 53 233 0 0 0 61 82 215 463 699 245 0 0 0 175 130 0 68 60 
338 148 121 0 84 86 68 68 53 233 0 0 0 60 84 226 444 698 236 0 0 0 165 130 0 67 60 
333 124 118 0 84 84 68 70 53 229 0 0 0 79 85 210 463 698 226 0 0 0 168 130 0 69 60 
328 143 117 0 83 85 68 69 52 237 0 0 0 93 87 202 510 760 224 0 0 0 179 130 0 70 60 
332 144 118 0 83 91 69 67 52 240 0 0 0 67 86 185 449 765 245 0 0 0 161 130 0 71 60 
330 146 120 0 82 99 68 69 52 243 0 0 0 55 83 198 448 657 244 0 0 0 179 130 0 72 60 
336 149 120 0 81 110 68 73 52 239 0 0 0 50 83 183 488 714 248 0 0 0 150 130 0 72 60 
331 146 121 0 81 105 68 63 52 236 0 0 0 75 86 217 490 619 223 0 0 0 199 130 0 72 60 
331 150 120 0 80 96 68 70 52 234 0 0 0 75 84 225 520 683 226 0 0 0 168 130 0 73 60 
336 147 121 0 81 96 68 75 53 240 0 0 0 77 86 215 489 715 251 0 0 0 140 130 0 73 60 
332 140 119 0 82 99 68 69 52 240 0 0 0 68 88 227 462 721 285 0 0 0 158 130 0 73 60 
334 145 122 0 82 103 69 65 53 241 0 0 0 50 83 230 474 711 276 0 0 0 162 130 0 73 60 
335 152 118 0 83 107 69 72 52 239 0 0 0 61 82 235 492 746 248 0 0 0 204 130 0 74 60 
334 145 114 0 84 116 68 66 53 240 0 0 0 67 81 200 447 687 283 0 0 0 146 130 0 74 60 
336 147 121 0 83 114 68 61 53 236 0 0 0 74 80 195 487 582 328 0 0 0 185 130 0 74 60 
337 141 123 0 84 113 68 65 52 233 0 0 0 68 82 204 476 680 307 0 0 0 184 130 0 74 60 
335 143 124 0 85 95 68 64 52 237 0 0 0 61 83 261 480 707 309 0 0 0 150 130 0 74 60 
332 144 119 0 86 93 68 66 53 235 0 0 0 64 82 219 487 692 278 0 0 0 160 130 0 74 60 
335 147 121 0 87 98 68 72 53 237 0 0 0 58 83 217 504 653 279 0 0 0 159 130 0 73 60 
334 139 121 0 89 104 68 78 52 242 0 0 0 61 82 246 480 733 291 0 0 0 145 130 0 73 60 
336 143 124 0 89 96 68 68 52 239 0 0 0 60 80 195 495 733 291 0 0 0 145 130 0 73 60 
335 138 123 0 89 92 69 67 53 237 0 0 0 63 81 248 522 609 296 0 0 0 162 130 0 73 60 
