301 135 116 0 73 81 0 76 64 348 0 28 12 68 65 414 434 592 0 0 0 0 210 124 0 66 60 
302 135 116 0 72 80 0 78 65 345 0 24 13 64 65 432 445 624 0 0 0 0 187 124 0 67 60 
305 127 117 0 72 84 0 82 64 340 0 28 13 74 65 380 421 601 0 0 0 0 141 124 0 68 60 
299 124 120 0 71 88 0 77 65 339 0 28 12 71 67 442 441 534 0 0 0 0 127 124 0 68 60 
302 127 120 0 72 95 0 75 65 340 0 27 13 69 65 398 403 619 0 0 0 0 116 124 0 69 60 
302 127 121 0 73 94 0 77 65 347 0 32 12 66 65 422 455 625 0 0 0 0 163 124 0 69 60 
302 132 119 0 74 97 0 73 65 349 0 29 14 69 66 403 430 662 0 0 0 0 165 124 0 70 60 
299 126 120 0 74 92 0 75 65 344 0 29 12 65 64 415 391 592 0 0 0 10 178 124 0 71 60 
305 126 118 0 77 82 0 78 65 344 0 30 12 83 65 364 419 610 0 0 0 0 137 124 0 71 60 
296 125 117 0 78 75 0 78 64 348 0 29 12 82 65 416 411 588 0 0 0 0 200 124 0 71 60 
303 128 117 0 77 78 0 81 64 356 0 27 11 70 63 417 452 526 0 0 0 0 187 124 0 71 60 
301 130 121 0 79 80 0 79 63 353 0 28 11 63 64 399 401 574 0 0 0 0 174 124 0 71 60 
303 124 121 0 79 83 0 78 64 343 0 27 14 82 63 381 430 595 0 0 0 0 189 124 0 70 60 
302 131 119 0 80 89 0 83 64 344 0 28 11 95 64 403 425 580 0 0 0 0 174 124 0 71 60 
306 129 119 0 80 95 0 78 65 347 0 28 10 69 65 405 422 587 0 0 0 0 154 124 0 71 60 
300 125 117 0 79 92 0 78 65 351 0 30 11 50 64 387 447 578 0 0 0 0 137 124 0 71 60 
302 130 114 0 79 88 0 79 66 347 0 29 12 67 64 363 408 538 0 0 0 0 194 124 0 71 60 
307 133 116 0 79 84 0 77 66 347 0 31 11 84 65 385 437 576 0 0 0 0 202 124 0 71 60 
300 137 121 0 78 88 0 76 67 350 0 30 12 83 64 349 473 619 0 0 0 0 162 124 0 71 60 
300 132 118 0 77 99 0 74 65 345 0 26 12 75 65 345 431 549 0 0 0 0 180 124 0 71 60 
306 135 117 0 76 100 0 76 64 348 0 31 13 51 64 400 446 530 0 0 0 0 150 124 0 72 60 
307 131 118 0 75 88 0 79 63 344 0 32 12 67 63 386 420 485 0 0 0 0 150 124 0 72 60 
301 125 117 0 74 80 0 81 64 337 0 34 12 71 65 381 386 556 0 0 0 0 157 124 0 73 60 
302 124 121 0 74 77 0 72 65 339 0 31 12 77 64 423 421 605 0 0 0 10 241 124 0 72 60 
303 127 118 0 74 73 0 76 65 350 0 32 13 69 63 404 455 585 0 0 0 0 141 124 0 72 60 
301 133 122 0 73 75 0 74 65 350 0 31 14 70 66 397 402 585 0 0 0 0 176 124 0 71 60 
303 129 117 0 74 82 0 71 65 345 0 34 14 59 67 383 461 579 0 0 0 0 158 124 0 70 60 
308 127 115 0 75 81 0 77 65 344 0 30 15 62 65 374 445 512 0 0 0 10 185 124 0 71 60 
303 129 115 0 75 80 0 77 65 347 0 34 14 66 65 423 405 469 0 0 0 10 176 124 0 71 60 
304 126 118 0 76 80 0 81 65 349 0 30 15 68 64 396 450 573 0 0 0 10 164 124 0 71 60 
302 132 115 0 77 87 0 79 65 348 0 29 14 72 63 451 419 643 0 0 0 0 178 124 0 70 60 
304 132 118 0 78 89 0 75 66 341 0 31 14 59 64 432 421 651 0 0 0 0 211 124 0 70 60 
304 128 116 0 77 96 0 80 65 339 0 32 14 75 63 401 417 554 0 0 0 0 175 124 0 70 60 
296 134 114 0 77 99 0 78 65 336 0 33 14 78 65 379 432 560 0 0 0 0 136 124 0 70 60 
300 136 117 0 76 96 0 78 64 342 0 33 15 81 66 380 456 587 0 0 0 0 174 124 0 70 60 
301 121 117 0 76 90 0 78 65 349 0 30 14 62 65 383 475 558 0 0 0 0 157 124 0 70 60 
299 127 115 0 76 80 0 75 64 346 0 35 14 40 64 385 472 634 0 0 0 0 198 124 0 70 60 
298 128 120 0 76 74 0 75 64 342 0 31 13 46 64 392 455 592 0 0 0 0 137 124 0 71 60 
306 136 118 0 76 76 0 77 64 348 0 28 13 64 65 380 443 638 0 0 0 0 146 124 0 71 60 
307 135 119 0 76 78 0 78 64 354 0 31 13 71 65 379 448 590 0 0 0 0 178 124 0 71 60 
302 133 118 0 73 83 0 81 65 354 0 26 13 67 64 416 413 638 0 0 0 0 176 124 0 71 60 
298 126 119 0 74 89 0 79 65 344 0 29 14 66 65 367 429 567 0 0 0 0 173 124 0 71 60 
305 132 120 0 73 95 0 79 65 344 0 31 14 78 65 395 468 618 0 0 0 0 155 124 0 72 60 
304 131 121 0 73 100 0 82 66 345 0 31 14 68 66 358 449 632 0 0 0 0 193 124 0 72 60 
305 131 120 0 74 98 0 81 66 348 0 28 13 71 63 363 447 653 0 0 0 0 187 124 0 73 60 
307 130 122 0 74 100 0 82 65 348 0 31 13 66 62 347 434 730 0 0 0 0 186 124 0 73 60 
300 128 122 0 75 89 0 79 64 347 0 27 12 71 65 384 418 592 0 0 0 0 163 124 0 72 60 
302 126 120 0 76 74 0 83 65 352 0 28 13 67 66 404 399 557 0 0 0 0 195 124 0 73 60 
303 120 124 0 76 70 0 79 65 348 0 28 13 86 67 442 442 628 0 0 0 0 164 124 0 73 60 
308 131 121 0 76 74 0 75 65 349 0 28 14 76 68 389 458 668 0 0 0 0 135 124 0 71 60 
304 127 123 0 75 81 0 77 65 348 0 28 14 63 65 408 429 717 0 0 0 0 161 124 0 71 60 
305 125 122 0 75 82 0 79 65 337 0 27 14 65 63 349 433 579 0 0 0 0 192 124 0 71 60 
301 134 119 0 75 85 0 77 65 335 0 30 13 91 64 427 445 577 0 0 0 0 137 124 0 70 60 
305 130 114 0 75 84 0 81 65 345 0 28 13 84 68 415 413 512 0 0 0 0 171 124 0 71 60 
299 126 121 0 75 87 0 79 64 351 0 29 14 67 69 399 416 605 0 0 0 0 182 124 0 71 60 
306 130 120 0 76 84 0 80 64 348 0 29 14 48 68 419 417 658 0 0 0 0 163 124 0 72 60 
296 131 123 0 76 87 0 77 65 340 0 30 14 77 68 341 435 612 0 0 0 0 130 124 0 72 60 
301 129 121 0 76 89 0 76 66 341 0 30 14 82 65 429 450 620 0 0 0 0 194 124 0 71 60 
305 134 123 0 76 98 0 78 65 344 0 30 14 86 64 388 367 607 0 0 0 0 185 124 0 69 60 
299 132 123 0 76 96 0 77 67 347 0 29 13 66 64 419 414 648 0 0 0 0 152 124 0 68 60 
301 129 121 0 76 100 0 83 65 344 0 31 15 53 65 385 420 512 0 0 0 10 170 124 0 67 60 
299 125 120 0 75 99 0 76 65 341 0 29 12 71 66 373 481 570 0 0 0 10 197 124 0 66 60 
302 129 120 0 76 98 0 79 64 341 0 31 13 73 66 427 429 595 0 0 0 10 161 124 0 65 60 
302 129 125 0 74 100 0 78 63 342 0 31 13 75 64 379 431 625 0 0 0 10 177 124 0 66 60 
296 136 127 0 74 103 0 74 64 350 0 30 14 67 64 409 411 558 0 0 0 0 157 124 0 66 60 
305 132 122 0 73 97 0 81 65 347 0 32 14 66 65 378 442 580 0 0 0 0 150 124 0 67 60 
297 133 122 0 74 87 0 83 65 343 0 32 14 58 64 401 449 576 0 0 0 0 155 124 0 68 60 
299 133 111 0 73 81 0 79 65 349 0 31 13 64 65 362 416 569 0 0 0 0 182 124 0 68 60 
301 129 116 0 74 76 0 83 65 356 0 32 15 67 65 421 407 619 0 0 0 0 180 124 0 69 60 
301 140 119 0 74 80 0 77 64 354 0 35 13 72 64 385 397 624 0 0 0 0 182 124 0 69 60 
307 127 124 0 75 81 0 78 65 351 0 37 13 68 64 427 433 567 0 0 0 0 156 124 0 69 60 
299 132 120 0 74 82 0 81 66 344 0 37 15 62 64 413 456 531 0 0 0 0 175 124 0 69 60 
300 132 118 0 76 80 0 75 65 347 0 37 14 83 65 388 450 633 0 0 0 0 180 124 0 69 60 
306 139 118 0 77 88 0 74 65 345 0 37 14 80 66 324 439 579 0 0 0 0 142 124 0 69 60 
307 122 120 0 77 96 0 76 65 351 0 38 12 76 64 376 443 565 0 0 0 10 195 124 0 68 60 
304 125 117 0 78 101 0 75 64 345 0 33 13 51 63 415 453 643 0 0 0 10 220 124 0 68 60 
307 132 118 0 78 93 0 73 65 348 0 30 13 43 64 401 435 605 0 0 0 10 183 124 0 67 60 
304 138 122 0 79 85 0 69 64 349 0 31 13 55 63 392 463 542 0 0 0 0 179 124 0 67 60 
306 136 118 0 80 77 0 78 65 347 0 31 13 73 64 374 474 524 0 0 0 0 147 124 0 67 60 
304 131 123 0 80 76 0 81 64 349 0 31 14 70 64 413 397 643 0 0 0 0 181 124 0 67 60 
307 128 119 0 80 84 0 80 66 344 0 32 14 65 64 378 459 623 0 0 0 0 162 124 0 67 60 
305 126 118 0 80 92 0 76 65 335 0 34 14 71 65 364 417 679 0 0 0 0 187 124 0 67 60 
303 130 117 0 79 94 0 78 64 336 0 33 14 75 65 435 463 620 0 0 0 0 148 124 0 66 60 
301 129 118 0 78 90 0 78 65 346 0 34 13 67 65 394 452 609 0 0 0 10 136 124 0 67 60 
301 133 120 0 77 98 0 79 66 349 0 35 13 70 66 391 411 609 0 0 0 0 187 124 0 67 60 
305 126 121 0 76 99 0 72 66 343 0 28 12 68 63 344 406 576 0 0 0 0 189 124 0 67 60 
303 129 119 0 76 93 0 76 64 341 0 30 14 69 65 356 440 659 0 0 0 0 163 124 0 68 60 
299 125 116 0 75 87 0 83 65 345 0 29 13 78 67 408 405 615 0 0 0 0 159 124 0 68 60 
303 127 120 0 74 92 0 78 64 348 0 29 13 86 65 431 428 709 0 0 0 0 179 124 0 68 60 
300 130 120 0 74 84 0 79 65 345 0 30 12 72 63 396 462 646 0 0 0 10 175 124 0 68 60 
304 128 118 0 73 76 0 79 67 344 0 29 13 61 65 363 441 680 0 0 0 10 154 124 0 68 60 
297 123 120 0 74 72 0 80 66 341 0 29 13 74 63 400 375 585 0 0 0 10 187 124 0 69 60 
303 130 120 0 74 77 0 76 66 342 0 30 12 99 63 371 436 626 0 0 0 10 181 124 0 69 60 
300 124 118 0 75 70 0 79 65 348 0 27 13 73 65 423 494 723 0 0 0 0 164 124 0 71 60 
296 124 118 0 74 66 0 79 65 348 0 29 14 58 64 392 461 626 0 0 0 0 205 124 0 71 60 
300 131 119 0 75 78 0 74 64 343 0 28 14 61 65 389 430 688 0 0 0 0 141 124 0 72 60 
303 130 117 0 76 84 0 76 65 341 0 28 14 80 65 376 425 648 0 0 0 0 184 124 0 71 60 
302 129 120 0 76 84 0 78 63 348 0 29 12 82 64 377 375 674 0 0 0 0 166 124 0 71 60 
301 134 121 0 76 77 0 79 64 353 0 22 13 84 64 445 408 630 0 0 0 0 190 124 0 70 60 
304 128 121 0 76 76 0 83 65 353 0 28 13 56 65 429 436 693 0 0 0 0 164 124 0 69 60 
303 128 118 0 75 83 0 81 65 345 0 28 14 60 62 372 438 661 0 0 0 0 160 124 0 68 60 
303 127 117 0 76 94 0 82 66 344 0 28 14 72 65 359 414 603 0 0 0 0 151 124 0 67 60 
305 138 116 0 75 96 0 82 66 344 0 30 14 77 65 424 438 713 0 0 0 0 192 124 0 66 60 
301 130 116 0 75 99 0 79 66 347 0 28 14 71 64 390 440 595 0 0 0 0 130 124 0 65 60 
305 131 118 0 75 99 0 81 64 344 0 29 13 69 65 400 467 554 0 0 0 0 213 124 0 67 60 
308 130 118 0 74 96 0 80 64 348 0 30 13 63 63 404 467 690 0 0 0 0 178 124 0 68 60 
304 130 124 0 74 89 0 75 64 350 0 25 13 59 62 429 450 677 0 0 0 0 142 124 0 68 60 
305 128 120 0 74 84 0 79 66 349 0 29 13 65 65 388 424 604 0 0 0 0 165 124 0 69 60 
302 128 117 0 73 80 0 72 65 349 0 30 15 68 67 417 463 565 0 0 0 0 170 124 0 69 60 
306 129 113 0 74 76 0 74 65 351 0 30 15 73 68 384 428 689 0 0 0 0 162 124 0 69 60 
303 132 116 0 74 76 0 79 65 339 0 30 15 62 68 400 394 531 0 0 0 0 165 124 0 69 60 
304 137 117 0 75 85 0 73 65 332 0 30 15 68 64 396 415 618 0 0 0 0 171 124 0 69 60 
306 137 117 0 75 91 0 75 65 343 0 28 16 84 63 427 475 625 0 0 0 0 176 124 0 69 60 
306 128 119 0 75 91 0 80 65 350 0 31 16 82 64 393 474 633 0 0 0 0 164 124 0 69 60 
300 121 115 0 74 100 0 76 66 348 0 29 15 71 64 371 407 567 0 0 0 0 174 124 0 68 60 
301 134 116 0 74 111 0 81 65 343 0 31 14 45 65 408 447 600 0 0 0 0 193 124 0 68 60 
300 136 115 0 74 116 0 85 65 344 0 30 14 44 67 395 384 621 0 0 0 0 215 124 0 68 60 
302 132 118 0 75 109 0 78 65 346 0 28 14 57 68 397 446 564 0 0 0 0 180 124 0 68 60 
296 135 117 0 74 94 0 80 65 348 0 32 15 73 67 373 450 592 0 0 0 0 147 124 0 68 60 
304 137 118 0 75 80 0 79 64 346 0 30 15 68 63 408 439 588 0 0 0 0 196 124 0 68 60 
303 128 118 0 76 78 0 73 66 343 0 28 15 64 63 336 430 579 0 0 0 0 187 124 0 68 60 
302 131 121 0 76 75 0 78 65 341 0 28 16 73 65 402 455 554 0 0 0 0 175 124 0 69 60 
301 129 119 0 77 78 0 77 64 344 0 31 15 72 65 387 383 577 0 0 0 0 181 124 0 69 60 
302 135 117 0 78 80 0 74 63 347 0 29 16 66 65 382 447 596 0 0 0 0 163 124 0 70 60 
300 132 121 0 78 80 0 76 64 347 0 27 16 67 65 430 432 555 0 0 0 0 179 124 0 70 60 
305 128 119 0 77 79 0 78 64 339 0 29 16 68 64 416 432 559 0 0 0 0 188 124 0 71 60 
304 121 123 0 76 82 0 80 65 344 0 28 16 66 65 395 497 587 0 0 0 0 182 124 0 71 60 
304 125 119 0 74 84 0 74 66 349 0 27 16 78 65 387 460 527 0 0 0 0 163 124 0 71 60 
304 130 118 0 73 77 0 79 65 355 0 29 15 83 65 419 451 557 0 0 0 0 129 124 0 71 60 
301 124 121 0 72 76 0 70 65 348 0 27 15 71 65 402 421 571 0 0 0 0 166 124 0 72 60 
304 126 120 0 70 78 0 73 63 345 0 27 15 61 64 412 399 611 0 0 0 0 172 124 0 72 60 
303 129 121 0 72 87 0 73 63 345 0 29 16 79 63 405 440 593 0 0 0 0 122 124 0 73 60 
307 127 121 0 72 86 0 75 64 349 0 28 16 96 64 424 419 651 0 0 0 0 150 124 0 72 60 
305 128 121 0 74 88 0 86 65 349 0 30 16 70 65 420 443 578 0 0 0 0 194 124 0 73 60 
302 131 120 0 75 88 0 73 65 346 0 28 16 54 64 408 399 569 0 0 0 0 194 124 0 73 60 
306 131 113 0 76 91 0 81 64 350 0 33 16 64 65 360 404 602 0 0 0 10 207 124 0 72 60 
305 132 118 0 77 88 0 80 64 351 0 34 16 80 64 388 410 638 0 0 0 10 184 124 0 73 60 
304 132 122 0 78 83 0 77 64 349 0 34 14 80 65 408 426 609 0 0 0 10 187 124 0 73 60 
303 131 123 0 78 84 0 85 64 345 0 32 16 79 64 389 398 660 0 0 0 0 170 124 0 73 60 
303 128 121 0 79 89 0 74 65 343 0 34 15 51 64 369 417 622 0 0 0 0 171 124 0 72 60 
303 130 122 0 80 91 0 73 64 333 0 32 16 64 64 372 451 567 0 0 0 0 178 124 0 73 60 
304 127 119 0 80 89 0 78 65 336 0 30 17 71 64 438 445 588 0 0 0 0 150 124 0 73 60 
302 129 119 0 80 94 0 75 65 345 0 32 15 79 64 401 424 619 0 0 0 0 149 124 0 71 60 
303 134 119 0 80 95 0 80 66 347 0 31 15 67 66 376 416 628 0 0 0 0 195 124 0 70 60 
300 135 121 0 79 92 0 78 66 343 0 31 15 70 64 390 398 615 0 0 0 0 168 124 0 69 60 
298 132 119 0 78 91 0 77 65 340 0 28 15 61 64 396 423 696 0 0 0 0 188 124 0 68 60 
303 131 124 0 76 93 0 81 65 346 0 29 16 61 64 386 447 638 0 0 0 0 156 124 0 67 60 
299 130 117 0 76 89 0 77 64 351 0 29 16 65 65 338 385 625 0 0 0 0 173 124 0 67 60 
301 133 121 0 75 84 0 79 64 345 0 28 17 68 67 371 455 641 0 0 0 0 179 124 0 67 60 
297 126 116 0 74 79 0 84 64 344 0 29 17 74 65 402 413 629 0 0 0 0 177 124 0 67 60 
301 126 116 0 74 83 0 76 65 339 0 28 18 57 64 400 468 640 0 0 0 0 156 124 0 68 60 
304 132 114 0 74 85 0 75 64 340 0 27 17 72 64 404 438 556 0 0 0 0 211 124 0 69 60 
304 138 120 0 74 84 0 84 65 344 0 28 17 82 65 352 432 635 0 0 0 0 142 124 0 69 60 
297 121 122 0 74 85 0 77 65 347 0 27 18 80 65 361 408 537 0 0 0 0 133 124 0 69 60 
304 126 116 0 74 88 0 77 64 345 0 29 16 64 66 378 418 557 0 0 0 0 139 124 0 70 60 
297 134 114 0 75 92 0 75 66 339 0 28 16 42 65 434 413 659 0 0 0 0 181 124 0 70 60 
300 131 117 0 76 90 0 77 65 347 0 26 16 44 64 429 430 617 0 0 0 0 180 124 0 71 60 
301 135 116 0 77 93 0 78 65 356 0 29 17 63 66 396 447 618 0 0 0 0 137 124 0 72 60 
304 130 119 0 77 91 0 76 65 352 0 27 17 73 66 336 421 627 0 0 0 0 155 124 0 72 60 
299 132 122 0 77 80 0 77 65 347 0 28 17 68 64 404 476 592 0 0 0 0 157 124 0 73 60 
304 128 117 0 78 77 0 78 65 342 0 29 16 64 64 395 397 463 0 0 0 0 143 124 0 73 60 
305 130 118 0 77 84 0 77 65 347 0 26 16 79 64 413 418 575 0 0 0 0 174 124 0 73 60 
303 131 116 0 77 90 0 76 65 348 0 29 18 70 64 421 400 650 0 0 0 0 223 124 0 73 60 
304 131 115 0 77 88 0 79 66 347 0 31 18 69 66 433 449 629 0 0 0 0 176 124 0 72 60 
302 128 117 0 77 85 0 81 64 346 0 29 18 65 64 388 435 583 0 0 0 0 192 124 0 72 60 
298 130 116 0 77 87 0 77 65 351 0 33 18 73 63 363 441 581 0 0 0 0 161 124 0 71 60 
305 127 119 0 76 91 0 78 64 351 0 32 17 66 63 366 420 581 0 0 0 0 160 124 0 70 60 
307 123 121 0 75 90 0 75 65 348 0 31 17 84 64 379 409 512 0 0 0 0 188 124 0 70 60 
303 134 119 0 74 82 0 76 65 347 0 32 17 79 66 393 441 596 0 0 0 0 206 124 0 71 60 
305 130 119 0 74 80 0 81 65 338 0 28 16 67 67 401 428 573 0 0 0 0 162 124 0 71 60 
303 121 114 0 74 84 0 77 65 336 0 31 18 64 68 373 451 613 0 0 0 0 182 124 0 72 60 
304 124 118 0 74 79 0 83 64 350 0 30 18 92 66 391 453 561 0 0 0 0 171 124 0 72 60 
304 126 121 0 74 77 0 82 63 351 0 29 18 89 64 394 355 600 0 0 0 0 159 124 0 73 60 
301 125 119 0 75 77 0 77 62 346 0 31 18 65 63 367 414 573 0 0 0 0 139 124 0 73 60 
308 129 121 0 76 80 0 78 65 343 0 30 18 49 63 413 438 549 0 0 0 0 195 124 0 73 60 
303 130 120 0 76 75 0 76 65 342 0 28 17 78 65 360 463 570 0 0 0 0 196 124 0 72 60 
301 134 119 0 76 80 0 75 64 351 0 30 18 81 65 392 420 571 0 0 0 0 210 124 0 72 60 
298 130 117 0 77 90 0 77 65 346 0 28 19 83 69 485 418 526 0 0 0 0 175 124 0 72 60 
301 133 121 0 76 101 0 72 65 345 0 30 20 67 67 411 417 533 0 0 0 0 184 124 0 72 60 
304 131 120 0 76 103 0 77 63 339 0 29 19 53 65 379 456 596 0 0 0 0 140 124 0 72 60 
301 133 118 0 76 100 0 77 63 338 0 28 20 68 63 388 429 585 0 0 0 0 128 124 0 72 60 
301 127 118 0 75 98 0 70 64 342 0 29 19 72 64 406 422 626 0 0 0 0 163 124 0 73 60 
305 133 120 0 75 95 0 79 64 345 0 27 18 78 64 414 379 657 0 0 0 0 179 124 0 72 60 
303 132 116 0 75 91 0 80 64 343 0 30 17 66 65 360 454 599 0 0 0 0 129 124 0 73 60 
307 132 120 0 76 85 0 80 65 338 0 28 18 68 65 387 441 524 0 0 0 0 163 124 0 73 60 
301 130 115 0 75 87 0 82 65 345 0 31 18 60 65 411 447 559 0 0 0 0 189 124 0 73 60 
302 127 120 0 76 81 0 72 64 354 0 31 17 64 66 415 399 611 0 0 0 0 174 124 0 73 60 
304 131 118 0 76 80 0 81 66 351 0 30 17 65 68 411 437 636 0 0 0 0 164 124 0 73 60 
302 127 120 0 75 82 0 78 65 345 0 29 17 72 67 425 469 707 0 0 0 0 151 124 0 74 60 
302 133 117 0 74 85 0 74 66 344 0 33 16 69 65 383 416 631 0 0 0 0 190 124 0 74 60 
300 131 119 0 74 80 0 81 65 347 0 30 16 59 63 388 463 629 0 0 0 0 178 124 0 75 60 
300 136 116 0 73 80 0 77 64 348 0 35 14 80 64 357 435 646 0 0 0 0 175 124 0 75 60 
302 137 115 0 73 81 0 79 61 348 0 33 16 82 65 412 456 627 0 0 0 0 141 124 0 75 60 
303 122 120 0 72 81 0 79 64 346 0 33 16 75 65 401 454 670 0 0 0 0 147 124 0 74 60 
306 129 117 0 73 77 0 78 63 349 0 33 16 53 65 379 447 610 0 0 0 0 147 124 0 74 60 
302 130 117 0 73 74 0 79 65 348 0 34 17 43 65 416 445 710 0 0 0 0 178 124 0 73 60 
296 140 113 0 73 78 0 79 66 345 0 32 16 50 64 424 478 601 0 0 0 0 168 124 0 73 60 
305 132 114 0 74 84 0 74 64 346 0 31 16 68 68 413 438 706 0 0 0 0 182 124 0 72 60 
305 129 114 0 74 86 0 78 66 337 0 30 16 70 64 350 425 616 0 0 0 0 229 124 0 73 60 
302 129 119 0 75 84 0 77 65 332 0 31 16 65 64 389 422 720 0 0 0 0 172 124 0 73 60 
304 123 120 0 75 88 0 77 66 345 0 30 16 67 65 411 434 669 0 0 0 0 165 124 0 73 60 
300 131 118 0 75 92 0 78 65 348 0 30 15 75 64 385 425 624 0 0 0 0 195 124 0 73 60 
300 129 119 0 76 93 0 82 67 345 0 33 17 67 63 376 442 639 0 0 0 0 169 124 0 73 60 
302 130 116 0 77 94 0 80 67 339 0 33 18 68 64 424 473 551 0 0 0 0 136 124 0 73 60 
302 126 119 0 78 103 0 79 66 340 0 32 17 66 64 429 461 641 0 0 0 0 176 124 0 73 60 
302 135 115 0 79 106 0 79 66 349 0 33 17 71 65 346 406 686 0 0 0 0 206 124 0 73 60 
306 122 119 0 80 108 0 77 64 348 0 31 15 72 64 398 421 674 0 0 0 0 161 124 0 72 60 
305 125 121 0 81 100 0 79 64 347 0 30 15 84 64 395 454 661 0 0 0 0 137 124 0 71 60 
303 126 121 0 81 94 0 77 64 341 0 31 15 73 67 388 428 651 0 0 0 0 187 124 0 69 60 
302 126 121 0 80 93 0 74 65 340 0 29 16 60 66 350 447 636 0 0 0 0 150 124 0 69 60 
301 124 117 0 80 83 0 83 65 342 0 30 17 69 64 422 416 517 0 0 0 0 154 124 0 68 60 
301 127 120 0 79 79 0 76 66 346 0 26 16 99 63 396 412 581 0 0 0 0 155 124 0 67 60 
303 127 118 0 78 83 0 73 66 346 0 29 15 77 65 365 428 664 0 0 0 0 171 124 0 67 60 
305 131 122 0 77 86 0 78 65 341 0 29 16 58 66 434 459 636 0 0 0 0 173 124 0 67 60 
302 130 122 0 76 80 0 72 66 343 0 27 15 56 65 418 430 616 0 0 0 0 199 124 0 68 60 
301 129 124 0 76 81 0 79 65 356 0 29 15 83 63 425 457 678 0 0 0 0 164 124 0 68 60 
302 135 120 0 75 86 0 77 65 355 0 26 16 81 63 375 413 599 0 0 0 0 154 124 0 68 60 
303 129 118 0 74 83 0 74 64 347 0 27 16 83 64 408 424 622 0 0 0 0 142 124 0 69 60 
304 131 113 0 74 72 0 82 65 343 0 29 16 57 64 393 454 590 0 0 0 0 188 124 0 70 60 
304 130 123 0 74 74 0 81 65 345 0 28 17 60 64 401 435 609 0 0 0 0 168 124 0 71 60 
303 122 124 0 75 84 0 78 65 350 0 28 16 71 63 393 397 674 0 0 0 0 185 124 0 72 60 
303 135 120 0 75 92 0 80 65 346 0 30 14 76 64 390 451 563 0 0 0 0 159 124 0 73 60 
302 129 123 0 74 105 0 79 65 350 0 28 14 72 64 418 437 655 0 0 0 0 204 124 0 73 60 
302 128 118 0 75 121 0 77 65 350 0 30 15 67 64 412 417 614 0 0 0 0 208 124 0 73 60 
302 134 123 0 75 138 0 75 65 348 0 28 16 62 65 414 450 596 0 0 0 0 127 124 0 74 60 
304 131 119 0 75 132 0 77 65 345 0 28 17 61 65 421 473 567 0 0 0 0 194 124 0 73 60 
297 132 124 0 75 114 0 75 65 345 0 28 16 67 65 377 429 636 0 0 0 0 189 124 0 74 60 
301 134 120 0 75 82 0 75 65 340 0 32 16 65 64 416 451 623 0 0 0 0 170 124 0 74 60 
307 132 124 0 75 70 0 79 66 333 0 30 15 75 63 382 423 463 0 0 0 0 157 124 0 73 60 
303 129 121 0 75 65 0 80 66 341 0 29 16 62 66 397 425 621 0 0 0 10 133 124 0 72 60 
301 132 123 0 75 68 0 77 67 350 0 30 15 67 66 401 430 604 0 0 0 0 193 124 0 72 60 
306 137 120 0 75 71 0 77 65 346 0 32 17 83 66 383 432 653 0 0 0 0 188 124 0 73 60 
299 128 115 0 75 79 0 77 65 345 0 32 16 83 65 442 440 670 0 0 0 0 181 124 0 73 60 
299 123 115 0 73 79 0 75 65 344 0 36 18 67 64 401 399 602 0 0 0 0 131 124 0 73 60 
303 123 120 0 73 83 0 75 64 350 0 33 17 41 62 360 442 608 0 0 0 0 174 124 0 72 60 
302 134 122 0 73 85 0 74 65 348 0 32 16 44 63 416 396 608 0 0 0 0 210 124 0 72 60 
305 139 120 0 73 88 0 79 65 346 0 33 16 60 64 400 404 646 0 0 0 0 157 124 0 71 60 
302 132 115 0 75 86 0 86 65 342 0 30 15 72 67 445 395 650 0 0 0 0 144 124 0 71 60 
297 128 117 0 74 83 0 77 65 338 0 30 16 69 69 404 482 642 0 0 0 0 168 124 0 71 60 
304 121 118 0 74 87 0 80 66 342 0 31 17 63 67 413 390 664 0 0 0 0 186 124 0 71 60 
303 128 118 0 75 94 0 78 65 345 0 33 17 75 65 358 423 665 0 0 0 0 143 124 0 71 60 
299 133 119 0 75 97 0 82 65 347 0 31 18 70 64 374 445 592 0 0 0 0 172 124 0 71 60 
300 131 118 0 74 93 0 75 65 338 0 29 17 68 65 356 402 596 0 0 0 0 176 124 0 71 60 
303 128 119 0 74 94 0 78 64 342 0 28 18 66 65 401 390 671 0 0 0 0 187 124 0 71 60 
304 126 118 0 74 100 0 75 65 352 0 31 17 68 65 409 430 696 0 0 0 10 160 124 0 70 60 
301 123 120 0 74 104 0 73 65 351 0 27 16 66 65 387 421 668 0 0 0 0 153 124 0 70 60 
300 128 117 0 75 99 0 78 64 346 0 30 16 81 64 415 437 656 0 0 0 0 160 124 0 70 60 
302 129 121 0 76 99 0 76 64 343 0 32 18 79 65 374 414 624 0 0 0 0 193 124 0 70 60 
300 128 119 0 76 90 0 80 65 342 0 29 19 70 65 370 411 554 0 0 0 0 187 124 0 71 60 
304 126 122 0 77 82 0 83 64 349 0 31 18 63 66 421 434 684 0 0 0 0 178 124 0 71 60 
304 127 120 0 77 77 0 76 65 349 0 28 18 84 67 418 421 650 0 0 0 0 170 124 0 71 60 
304 129 120 0 77 77 0 78 66 351 0 30 17 95 64 386 418 624 0 0 0 0 135 124 0 72 60 
301 127 116 0 78 70 0 77 67 355 0 28 16 69 64 407 426 660 0 0 0 0 204 124 0 73 60 
304 126 121 0 77 66 0 78 65 353 0 27 17 47 65 394 441 649 0 0 0 0 169 124 0 72 60 
301 129 122 0 76 71 0 79 66 351 0 29 16 73 65 442 489 576 0 0 0 0 137 124 0 72 60 
302 132 121 0 73 78 0 73 64 347 0 29 17 83 65 360 477 670 0 0 0 0 191 124 0 72 60 
306 132 121 0 72 80 0 78 65 327 0 31 17 83 64 392 401 717 0 0 0 0 220 124 0 73 60 
301 131 116 0 72 79 0 82 65 331 0 29 16 69 63 410 406 638 0 0 0 0 196 124 0 73 60 
293 132 115 0 72 93 0 77 65 341 0 31 17 53 65 398 395 660 0 0 0 0 124 124 0 72 60 
305 126 117 0 73 107 0 76 65 350 0 31 16 68 65 387 428 642 0 0 0 0 177 124 0 71 60 
306 130 118 0 74 114 0 78 65 344 0 34 16 70 64 399 371 498 0 0 0 0 177 124 0 71 60 
301 131 118 0 74 106 0 77 65 342 0 36 15 78 64 372 453 605 0 0 0 10 142 124 0 72 60 
297 136 121 0 75 96 0 77 64 346 0 36 15 68 65 390 467 636 0 0 0 0 205 124 0 71 60 
300 132 119 0 76 93 0 74 65 351 0 38 17 68 65 367 426 665 0 0 0 0 164 124 0 71 60 
304 128 118 0 77 89 0 80 64 351 0 39 17 59 66 408 428 595 0 0 0 0 146 124 0 72 60 
306 130 118 0 78 87 0 80 64 348 0 40 17 65 66 394 444 611 0 0 0 10 125 124 0 72 60 
303 127 117 0 78 91 0 75 64 344 0 45 16 65 66 380 407 581 0 0 0 0 208 124 0 73 60 
302 130 117 0 79 90 0 80 63 344 0 44 16 71 65 379 455 529 0 0 0 0 178 124 0 73 60 
309 134 121 0 80 88 0 78 64 350 0 40 16 70 66 378 424 565 0 0 0 0 202 124 0 71 60 
304 135 117 0 80 93 0 76 65 352 0 32 16 61 67 409 458 597 0 0 0 0 172 124 0 71 60 
303 136 118 0 80 109 0 77 65 349 0 30 17 81 67 396 452 595 0 0 0 0 213 124 0 71 60 
302 137 120 0 80 105 0 73 65 342 0 29 17 82 63 353 384 538 0 0 0 0 177 124 0 72 60 
302 122 119 0 79 90 0 79 66 345 0 31 18 77 63 383 455 604 0 0 0 0 170 124 0 73 60 
301 126 119 0 78 84 0 82 66 355 0 32 19 50 66 423 398 637 0 0 0 10 194 124 0 73 60 
299 127 116 0 76 77 0 81 65 355 0 28 19 43 64 383 422 537 0 0 0 10 168 124 0 73 60 
305 134 118 0 75 74 0 80 64 350 0 32 18 55 63 389 472 563 0 0 0 0 158 124 0 74 60 
302 134 118 0 74 69 0 80 64 348 0 30 17 69 64 378 428 529 0 0 0 0 154 124 0 74 60 
303 128 118 0 73 78 0 79 63 346 0 28 17 69 64 391 414 556 0 0 0 0 148 124 0 74 60 
304 124 115 0 73 89 0 74 66 348 0 28 18 67 66 394 420 523 0 0 0 0 177 124 0 73 60 
300 132 115 0 73 91 0 80 65 343 0 30 17 69 65 404 446 605 0 0 0 0 155 124 0 73 60 
302 134 117 0 73 89 0 74 65 347 0 27 18 76 64 404 428 572 0 0 0 0 210 124 0 72 60 
303 135 117 0 73 81 0 76 66 351 0 30 18 68 64 397 429 574 0 0 0 0 151 124 0 71 60 
297 130 120 0 74 82 0 77 66 349 0 27 18 70 63 401 430 617 0 0 0 0 173 124 0 71 60 
296 129 119 0 75 82 0 73 65 349 0 28 17 65 64 414 409 558 0 0 0 0 202 124 0 71 60 
299 125 118 0 75 83 0 77 65 346 0 28 17 68 65 443 422 541 0 0 0 0 144 124 0 71 60 
300 124 117 0 76 78 0 75 66 343 0 29 18 78 65 430 445 538 0 0 0 0 147 124 0 71 60 
300 129 119 0 77 84 0 77 65 336 0 33 17 83 64 408 431 628 0 0 0 0 214 124 0 71 60 
304 127 119 0 78 85 0 84 66 342 0 29 18 71 65 415 432 584 0 0 0 0 168 124 0 71 60 
302 121 124 0 78 83 0 76 66 352 0 29 18 62 62 410 453 647 0 0 0 0 197 124 0 70 60 
302 121 120 0 78 84 0 77 65 349 0 30 19 73 64 434 433 637 0 0 0 0 153 124 0 71 60 
303 127 119 0 78 93 0 80 64 346 0 31 20 97 65 413 429 619 0 0 0 0 192 124 0 72 60 
305 126 120 0 78 94 0 78 64 343 0 30 19 73 66 365 449 566 0 0 0 0 173 124 0 72 60 
303 133 119 0 78 98 0 78 64 347 0 30 19 55 67 379 400 617 0 0 0 0 131 124 0 72 60 
303 124 120 0 77 100 0 75 63 350 0 29 18 59 67 362 412 652 0 0 0 0 191 124 0 73 60 
302 132 120 0 76 94 0 83 65 347 0 30 20 84 64 375 423 639 0 0 0 0 186 124 0 73 60 
302 133 123 0 75 85 0 82 64 344 0 27 20 83 63 433 425 646 0 0 0 0 130 124 0 73 60 
303 128 121 0 74 79 0 74 64 340 0 31 20 81 62 402 457 626 0 0 0 0 193 124 0 73 60 
305 129 125 0 74 78 0 78 64 342 0 30 21 53 64 389 459 589 0 0 0 0 176 124 0 73 60 
307 127 119 0 74 83 0 80 65 351 0 30 21 63 65 390 447 576 0 0 0 0 139 124 0 73 60 
307 132 120 0 74 90 0 78 66 348 0 30 20 71 69 403 421 701 0 0 0 0 156 124 0 73 60 
303 130 113 0 74 88 0 81 66 344 0 30 20 78 68 365 440 647 0 0 0 0 158 124 0 72 60 
302 131 121 0 76 89 0 80 65 339 0 30 20 70 65 417 427 629 0 0 0 0 153 124 0 73 60 
305 130 125 0 76 88 0 78 65 350 0 34 19 69 62 368 432 631 0 0 0 0 204 124 0 73 60 
303 132 122 0 76 88 0 80 63 352 0 33 18 59 64 375 434 626 0 0 0 0 125 124 0 73 60 
297 129 119 0 76 85 0 76 64 347 0 32 19 58 64 441 433 610 0 0 0 0 148 124 0 73 60 
304 125 120 0 76 87 0 76 64 342 0 30 19 68 66 365 404 636 0 0 0 0 193 124 0 72 60 
302 128 121 0 75 86 0 80 65 341 0 29 19 67 65 396 433 646 0 0 0 0 135 124 0 72 60 
302 129 122 0 75 83 0 77 66 345 0 29 19 72 65 399 453 683 0 0 0 0 138 124 0 72 60 
299 130 122 0 75 83 0 79 65 344 0 28 19 61 67 415 452 610 0 0 0 0 192 124 0 70 60 
301 136 121 0 75 90 0 79 65 344 0 30 19 71 66 403 459 659 0 0 0 0 172 124 0 69 60 
298 133 118 0 74 90 0 81 64 349 0 30 18 81 65 390 478 505 0 0 0 0 177 124 0 69 60 
299 123 122 0 76 79 0 80 65 348 0 29 17 83 67 430 393 605 0 0 0 0 162 124 0 70 60 
300 125 119 0 75 76 0 81 65 348 0 32 18 64 65 440 445 651 0 0 0 0 171 124 0 71 60 
302 132 125 0 76 80 0 76 65 348 0 34 18 40 65 402 438 641 0 0 0 0 183 124 0 71 60 
299 135 117 0 76 81 0 74 66 348 0 31 18 43 65 376 434 615 0 0 0 0 212 124 0 72 60 
298 135 119 0 76 80 0 76 65 338 0 35 19 64 65 366 417 554 0 0 0 0 160 124 0 73 60 
305 132 113 0 75 83 0 74 66 341 0 38 17 72 64 368 455 641 0 0 0 0 169 124 0 73 60 
303 129 122 0 75 87 0 77 65 356 0 37 17 67 64 390 438 490 0 0 0 0 179 124 0 72 60 
306 129 120 0 75 91 0 77 64 352 0 34 17 66 64 378 396 612 0 0 0 0 177 124 0 73 60 
305 130 119 0 73 91 0 81 63 343 0 36 19 79 65 467 445 625 0 0 0 0 214 124 0 73 60 
297 133 116 0 74 87 0 81 64 340 0 39 18 68 66 392 435 617 0 0 0 0 178 124 0 73 60 
301 130 118 0 72 82 0 78 64 342 0 40 19 72 63 438 453 630 0 0 0 0 168 124 0 73 60 
305 125 116 0 73 83 0 79 65 352 0 41 19 67 65 353 464 631 0 0 0 0 139 124 0 73 60 
304 125 122 0 74 83 0 79 65 345 0 44 20 71 65 361 416 589 0 0 0 0 200 124 0 73 60 
304 124 123 0 75 82 0 77 66 344 0 43 20 67 65 382 433 617 0 0 0 10 161 124 0 73 60 
307 129 120 0 75 83 0 80 65 341 0 45 19 87 66 387 453 632 0 0 0 10 162 124 0 72 60 
304 130 118 0 75 91 0 79 66 340 0 51 19 79 64 412 425 560 0 0 0 0 189 124 0 72 60 
302 128 118 0 75 104 0 76 65 346 0 53 18 67 64 412 459 542 0 0 0 0 160 124 0 73 60 
305 122 117 0 75 119 0 78 65 347 0 48 19 67 64 363 411 571 0 0 0 0 124 124 0 73 60 
302 128 119 0 76 126 0 74 66 346 0 46 19 88 65 421 413 643 0 0 0 0 186 124 0 73 60 
303 124 121 0 77 121 0 75 66 340 0 49 19 89 67 401 419 607 0 0 0 0 174 124 0 73 60 
303 132 119 0 78 117 0 79 65 348 0 51 18 67 66 397 400 591 0 0 0 0 170 124 0 73 60 
302 127 119 0 79 103 0 74 64 357 0 52 17 48 63 383 443 640 0 0 0 0 138 124 0 73 60 
302 131 116 0 80 106 0 80 64 352 0 58 16 74 64 388 423 619 0 0 0 0 175 124 0 73 60 
299 131 118 0 81 121 0 78 64 346 0 55 16 83 65 371 434 540 0 0 0 0 140 124 0 73 60 
298 130 118 0 81 122 0 75 65 343 0 57 15 85 64 403 457 575 0 0 0 0 194 124 0 72 60 
304 129 121 0 81 112 0 75 65 346 0 59 16 69 64 376 414 557 0 0 0 0 171 124 0 73 60 
300 129 120 0 80 92 0 75 66 349 0 62 16 51 63 387 430 693 0 0 0 0 182 124 0 73 60 
301 133 120 0 79 78 0 75 65 345 0 61 17 71 65 372 430 661 0 0 0 0 165 124 0 74 60 
304 129 118 0 78 69 0 81 65 349 0 59 16 71 66 401 449 622 0 0 0 0 179 124 0 74 60 
303 132 115 0 77 65 0 79 64 349 0 56 17 75 65 411 439 596 0 0 0 0 140 124 0 74 60 
301 130 118 0 76 66 0 82 65 348 0 54 17 68 65 377 433 598 0 0 0 0 206 124 0 73 60 
300 131 115 0 77 76 0 78 66 348 0 53 17 69 64 423 422 629 0 0 0 0 177 124 0 73 60 
303 128 120 0 75 80 0 77 63 347 0 54 20 57 63 400 424 705 0 0 0 0 166 124 0 73 60 
301 129 119 0 76 83 0 81 65 338 0 56 19 63 64 370 457 605 0 0 0 0 183 124 0 73 60 
299 127 118 0 74 79 0 78 65 332 0 55 20 67 66 398 446 661 0 0 0 0 224 124 0 72 60 
302 133 114 0 74 76 0 76 65 342 0 53 21 70 64 434 429 672 0 0 0 0 154 124 0 73 60 
303 132 115 0 74 76 0 73 65 351 0 53 20 70 65 393 412 680 0 0 0 0 143 124 0 72 60 
301 136 118 0 74 85 0 78 66 343 0 49 20 60 64 389 425 600 0 0 0 0 160 124 0 72 60 
307 136 116 0 74 88 0 77 65 340 0 42 19 81 63 384 409 649 0 0 0 0 162 124 0 72 60 
302 125 117 0 74 90 0 77 65 340 0 39 21 78 65 355 429 631 0 0 0 0 184 124 0 72 60 
301 126 117 0 74 91 0 79 64 344 0 42 22 78 66 434 451 620 0 0 0 0 173 124 0 72 60 
305 133 115 0 75 90 0 79 63 349 0 45 23 56 66 391 388 685 0 0 0 0 146 124 0 71 60 
307 134 118 0 76 83 0 81 64 343 0 37 22 42 68 422 449 598 0 0 0 0 167 124 0 71 60 
301 136 119 0 75 79 0 79 64 345 0 40 24 52 67 403 496 640 0 0 0 0 164 124 0 71 60 
306 130 119 0 74 83 0 76 65 341 0 42 24 71 63 392 422 694 0 0 0 0 186 124 0 71 60 
305 130 118 0 76 86 0 82 65 343 0 44 24 70 64 376 376 682 0 0 0 0 157 124 0 70 60 
301 128 118 0 76 87 0 75 66 350 0 41 22 66 63 447 470 643 0 0 0 0 182 124 0 70 60 
304 131 115 0 75 86 0 75 66 349 0 39 22 67 65 350 451 605 0 0 0 0 154 124 0 70 60 
304 129 118 0 75 91 0 81 66 344 0 38 21 78 66 364 415 647 0 0 0 0 148 124 0 69 60 
303 137 120 0 74 88 0 77 64 345 0 38 24 66 68 415 408 504 0 0 0 0 186 124 0 69 60 
304 125 117 0 72 87 0 81 63 355 0 33 21 72 67 435 419 565 0 0 0 0 138 124 0 70 60 
301 125 116 0 73 81 0 77 63 358 0 35 21 65 66 397 379 602 0 0 0 0 213 124 0 69 60 
301 123 113 0 74 89 0 75 65 347 0 35 22 69 63 402 399 715 0 0 0 0 176 124 0 69 60 
300 127 113 0 74 88 0 83 65 347 0 33 20 72 64 398 403 598 0 0 0 0 142 124 0 69 60 
303 125 120 0 75 87 0 77 65 344 0 36 21 85 65 352 418 617 0 0 0 0 168 124 0 71 60 
297 126 119 0 75 81 0 79 65 349 0 33 21 72 65 408 387 584 0 0 0 0 175 124 0 71 60 
300 132 117 0 74 80 0 85 64 347 0 30 20 59 64 360 467 555 0 0 0 0 184 124 0 70 60 
302 131 118 0 74 84 0 77 65 344 0 29 21 70 65 436 454 569 0 0 0 0 193 124 0 69 60 
302 127 117 0 74 83 0 73 65 349 0 28 23 94 66 389 420 570 0 0 0 0 212 124 0 70 60 
299 128 117 0 74 87 0 79 66 349 0 27 22 76 65 411 451 608 0 0 0 0 166 124 0 71 60 
303 132 119 0 74 98 0 78 66 351 0 29 23 62 66 360 439 517 0 0 0 0 177 124 0 71 60 
302 131 118 0 74 109 0 78 66 346 0 29 22 53 64 379 419 592 0 0 0 0 183 124 0 72 60 
304 136 121 0 73 110 0 79 65 343 0 31 21 79 65 407 447 585 0 0 0 0 154 124 0 73 60 
303 130 118 0 75 107 0 74 65 337 0 29 21 82 65 391 421 603 0 0 0 10 180 124 0 73 60 
304 130 120 0 76 100 0 79 65 337 0 28 21 84 64 421 423 620 0 0 0 10 141 124 0 72 60 
299 126 118 0 77 83 0 81 65 351 0 29 20 58 65 412 479 594 0 0 0 0 175 124 0 73 60 
305 129 119 0 77 72 0 79 65 350 0 27 21 58 63 407 479 562 0 0 0 0 155 124 0 73 60 
300 127 118 0 77 69 0 78 65 344 0 28 19 72 64 427 417 493 0 0 0 0 187 124 0 73 60 
300 132 123 0 77 68 0 81 64 343 0 26 19 77 65 385 445 617 0 0 0 0 160 124 0 72 60 
303 130 122 0 77 73 0 80 63 342 0 28 19 71 64 390 378 600 0 0 0 10 200 124 0 71 60 
299 125 118 0 77 77 0 79 64 349 0 27 19 70 64 428 402 579 0 0 0 0 150 124 0 71 60 
300 133 119 0 75 90 0 77 64 344 0 26 18 65 63 399 449 611 0 0 0 0 133 124 0 71 60 
302 127 121 0 72 94 0 73 65 345 0 27 15 58 65 411 449 576 0 0 0 0 157 124 0 72 60 
307 125 118 0 70 91 0 74 66 343 0 30 17 66 65 370 457 577 0 0 0 0 166 124 0 72 60 
302 129 115 0 70 90 0 79 66 341 0 30 18 68 64 416 412 549 0 0 0 0 191 124 0 73 60 
309 129 122 0 71 87 0 73 66 347 0 30 17 74 65 375 431 645 0 0 0 0 152 124 0 73 60 
307 132 121 0 73 85 0 79 65 347 0 30 18 64 64 406 433 576 0 0 0 0 181 124 0 73 60 
301 133 121 0 73 80 0 78 64 343 0 28 17 67 65 408 410 693 0 0 0 0 176 124 0 72 60 
298 122 119 0 75 80 0 79 63 343 0 33 15 85 65 358 428 572 0 0 0 0 157 124 0 73 60 
303 127 122 0 76 84 0 78 65 343 0 32 16 81 67 440 441 650 0 0 0 0 177 124 0 73 60 
304 127 121 0 75 90 0 81 65 354 0 29 16 71 67 365 475 583 0 0 0 0 147 124 0 73 60 
304 135 121 0 77 86 0 77 64 350 0 32 16 47 67 401 458 595 0 0 0 0 153 124 0 73 60 
300 136 121 0 78 86 0 75 65 343 0 31 16 42 65 388 424 635 0 0 0 0 198 124 0 73 60 
303 135 119 0 79 90 0 74 64 345 0 30 16 58 64 395 413 626 0 0 0 0 142 124 0 73 60 
303 134 122 0 79 94 0 80 65 343 0 31 15 74 65 359 449 666 0 0 0 10 139 124 0 73 60 
302 128 120 0 80 95 0 80 64 351 0 33 16 67 64 379 449 672 0 0 0 0 209 124 0 72 60 
301 131 123 0 81 95 0 74 65 348 0 32 16 64 64 438 461 627 0 0 0 0 202 124 0 73 60 
297 132 118 0 81 95 0 77 65 351 0 32 15 72 64 401 450 620 0 0 0 0 189 124 0 72 60 
304 131 112 0 80 89 0 78 65 354 0 32 16 73 65 396 394 673 0 0 0 0 193 124 0 72 60 
303 125 115 0 78 85 0 77 66 351 0 34 17 65 64 410 437 636 0 0 0 0 184 124 0 72 60 
300 124 119 0 78 86 0 80 67 351 0 35 17 67 65 381 471 611 0 0 0 0 171 124 0 72 60 
301 123 121 0 76 90 0 79 66 348 0 42 18 69 64 416 466 673 0 0 0 0 159 124 0 72 60 
297 130 119 0 76 88 0 80 65 342 0 40 16 64 64 380 418 607 0 0 0 0 139 124 0 72 60 
302 131 116 0 75 87 0 79 64 335 0 40 16 80 65 421 407 541 0 0 0 10 208 124 0 72 60 
307 133 118 0 75 86 0 74 65 339 0 37 16 85 64 419 455 667 0 0 0 10 170 124 0 73 60 
303 132 118 0 73 95 0 74 65 351 0 33 17 70 65 399 460 694 0 0 0 0 170 124 0 73 60 
301 131 122 0 75 93 0 78 65 347 0 35 18 63 64 409 407 652 0 0 0 0 195 124 0 73 60 
304 128 120 0 75 91 0 77 65 341 0 34 19 82 64 402 436 618 0 0 0 10 161 124 0 73 60 
307 132 120 0 75 79 0 77 65 340 0 36 19 96 65 372 385 634 0 0 0 0 147 124 0 73 60 
304 129 120 0 75 75 0 80 64 342 0 37 17 69 64 422 380 469 0 0 0 0 164 124 0 73 60 
301 130 114 0 75 77 0 82 64 350 0 39 18 52 63 423 422 643 0 0 0 0 135 124 0 73 60 
311 136 120 0 76 81 0 80 66 344 0 36 18 67 66 389 460 619 0 0 0 0 192 124 0 73 60 
298 135 119 0 77 85 0 76 65 341 0 36 18 81 66 384 404 641 0 0 0 0 138 124 0 73 60 
307 130 121 0 77 87 0 76 66 343 0 33 21 82 67 390 441 576 0 0 0 10 164 124 0 73 60 
304 126 120 0 77 87 0 79 66 339 0 32 20 76 66 385 420 654 0 0 0 0 145 124 0 73 60 
297 128 118 0 76 85 0 78 64 349 0 32 19 51 62 389 425 562 0 0 0 0 185 124 0 72 60 
306 126 114 0 77 94 0 77 64 348 0 31 21 64 61 394 423 503 0 0 0 0 182 124 0 73 60 
300 133 122 0 77 103 0 77 64 343 0 31 23 72 62 371 423 568 0 0 0 0 198 124 0 73 60 
300 129 119 0 76 105 0 75 65 342 0 37 18 78 64 421 426 591 0 0 0 0 146 124 0 73 60 
304 126 122 0 77 106 0 73 65 347 0 32 18 68 66 390 457 604 0 0 0 0 132 124 0 72 60 
305 133 119 0 76 95 0 74 65 355 0 35 18 71 69 414 454 570 0 0 0 0 186 124 0 73 60 
302 131 121 0 75 86 0 74 65 349 0 42 18 61 65 375 417 641 0 0 0 0 182 124 0 73 60 
301 133 118 0 74 88 0 78 65 348 0 45 19 60 65 433 482 566 0 0 0 0 189 124 0 74 60 
304 133 118 0 74 88 0 82 64 345 0 44 20 65 65 351 437 589 0 0 0 0 151 124 0 75 60 
300 133 118 0 73 81 0 79 65 350 0 45 20 69 65 365 393 596 0 0 0 0 138 124 0 75 60 
300 130 116 0 74 74 0 82 65 352 0 41 20 73 65 417 433 602 0 0 0 0 163 124 0 76 60 
302 134 120 0 73 80 0 83 66 346 0 43 19 57 65 381 406 605 0 0 0 0 194 124 0 76 60 
306 128 119 0 76 82 0 77 65 348 0 46 18 76 64 417 438 519 0 0 0 0 170 124 0 76 60 
294 127 120 0 76 79 0 78 65 351 0 46 19 80 66 387 443 613 0 0 0 0 184 124 0 75 60 
307 131 116 0 77 77 0 80 64 344 0 42 18 80 65 388 461 649 0 0 0 0 178 124 0 74 60 
298 140 115 0 76 72 0 75 65 349 0 48 18 61 66 390 429 628 0 0 0 0 187 124 0 74 60 
302 134 117 0 76 76 0 78 65 344 0 46 17 43 65 396 419 633 0 0 0 0 165 124 0 74 60 
305 132 119 0 75 80 0 72 66 335 0 47 19 45 65 408 454 548 0 0 0 0 178 124 0 73 60 
299 127 119 0 75 80 0 75 65 334 0 40 18 65 65 381 478 642 0 0 0 0 212 124 0 73 60 
309 125 118 0 74 77 0 80 64 341 0 41 17 73 66 385 432 546 0 0 0 0 166 124 0 71 60 
302 129 118 0 75 80 0 81 65 350 0 45 15 68 64 402 436 643 0 0 0 0 145 124 0 71 60 
303 128 119 0 76 82 0 79 63 346 0 46 16 63 65 376 373 615 0 0 0 0 237 124 0 71 60 
304 133 120 0 77 85 0 77 64 342 0 53 17 80 64 390 389 688 0 0 0 0 209 124 0 71 60 
300 126 120 0 76 87 0 79 63 342 0 51 16 68 65 414 423 632 0 0 0 0 188 124 0 71 60 
304 126 121 0 76 95 0 74 64 348 0 50 17 67 67 373 433 615 0 0 0 0 199 124 0 71 60 
302 129 119 0 77 106 0 73 64 351 0 53 16 65 65 403 415 629 0 0 0 10 173 124 0 72 60 
302 132 118 0 76 104 0 73 65 346 0 56 17 71 64 385 454 589 0 0 0 0 138 124 0 72 60 
306 127 120 0 75 101 0 77 66 346 0 51 15 66 65 391 414 630 0 0 0 0 140 124 0 72 60 
301 130 116 0 75 100 0 80 66 344 0 52 14 85 65 401 429 675 0 0 0 0 192 124 0 73 60 
300 125 119 0 74 116 0 76 65 344 0 51 16 79 64 421 443 743 0 0 0 0 160 124 0 73 60 
303 127 115 0 73 127 0 84 65 349 0 43 17 61 65 366 458 700 0 0 0 0 148 124 0 73 60 
297 123 116 0 73 144 0 75 65 343 0 39 17 64 63 386 421 651 0 0 0 0 161 124 0 73 60 
301 125 120 0 74 153 0 80 64 343 0 39 19 94 64 370 481 615 0 0 0 0 182 124 0 72 60 
304 128 119 0 74 135 0 82 65 339 0 38 18 83 65 399 427 688 0 0 0 0 166 124 0 72 60 
299 129 120 0 74 103 0 75 65 350 0 36 17 64 64 423 425 657 0 0 0 0 161 124 0 73 60 
301 132 116 0 75 80 0 79 64 354 0 34 16 49 66 397 408 681 0 0 0 0 179 124 0 73 60 
301 131 115 0 75 75 0 76 64 349 0 31 15 78 67 418 462 639 0 0 0 0 212 124 0 74 60 
300 126 117 0 75 79 0 71 64 343 0 28 17 79 64 396 457 670 0 0 0 0 163 124 0 74 60 
300 129 119 0 75 77 0 79 65 344 0 32 16 84 65 405 445 626 0 0 0 10 155 124 0 74 60 
304 128 122 0 76 80 0 78 66 343 0 36 16 60 66 396 400 711 0 0 0 0 162 124 0 74 60 
300 126 122 0 76 94 0 81 66 351 0 31 16 54 65 384 437 663 0 0 0 10 150 124 0 73 60 
298 130 119 0 77 97 0 81 65 344 0 36 18 70 66 408 486 628 0 0 0 0 114 124 0 74 60 
305 130 120 0 77 95 0 82 66 349 0 37 17 76 65 382 426 604 0 0 0 0 158 124 0 73 60 
299 125 120 0 80 94 0 75 65 351 0 37 16 74 66 384 438 664 0 0 0 0 238 124 0 73 60 
302 133 122 0 80 93 0 82 66 348 0 37 16 66 66 363 469 560 0 0 0 0 197 124 0 73 60 
303 129 120 0 81 86 0 78 65 352 0 41 16 64 66 350 395 583 0 0 0 0 162 124 0 73 60 
303 136 121 0 81 90 0 75 66 346 0 48 17 59 64 401 409 666 0 0 0 0 126 124 0 73 60 
303 127 121 0 80 87 0 77 65 341 0 45 18 64 65 431 413 653 0 0 0 0 153 124 0 73 60 
302 128 117 0 80 83 0 74 64 335 0 41 17 67 66 389 449 588 0 0 0 0 201 124 0 73 60 
299 129 121 0 79 71 0 78 62 348 0 40 21 75 64 380 416 618 0 0 0 0 152 124 0 73 60 
306 135 121 0 77 72 0 81 64 350 0 38 18 62 64 407 420 626 0 0 0 0 172 124 0 72 60 
306 122 121 0 77 72 0 77 64 347 0 34 20 64 63 364 462 555 0 0 0 0 228 124 0 73 60 
305 130 114 0 77 78 0 79 65 342 0 31 19 85 65 366 421 610 0 0 0 0 126 124 0 72 60 
300 125 120 0 76 83 0 77 66 342 0 32 19 81 65 363 416 561 0 0 0 0 149 124 0 73 60 
302 134 126 0 76 82 0 76 66 348 0 33 20 69 63 409 389 609 0 0 0 0 144 124 0 73 60 
303 141 121 0 75 79 0 81 66 349 0 32 20 46 62 400 389 566 0 0 0 0 145 124 0 73 60 
298 128 120 0 74 78 0 74 65 343 0 30 21 43 65 435 455 604 0 0 0 0 170 124 0 72 60 
307 131 122 0 74 81 0 75 63 341 0 35 21 58 66 439 429 608 0 0 0 0 177 124 0 73 60 
305 125 121 0 74 90 0 81 64 338 0 36 21 75 67 389 453 533 0 0 0 0 210 124 0 73 60 
299 127 122 0 74 101 0 75 64 340 0 31 22 70 67 356 422 590 0 0 0 0 125 124 0 73 60 
297 129 122 0 74 104 0 78 65 346 0 34 20 64 65 384 440 620 0 0 0 0 146 124 0 73 60 
302 131 122 0 74 107 0 82 65 343 0 33 21 75 62 393 443 557 0 0 0 0 204 124 0 74 60 
301 129 120 0 74 119 0 74 64 341 0 33 18 74 63 408 430 480 0 0 0 0 187 124 0 74 60 
303 123 122 0 75 121 0 77 64 342 0 34 20 66 63 392 413 584 0 0 0 0 149 124 0 73 60 
304 126 120 0 75 111 0 78 64 354 0 33 20 67 65 382 468 555 0 0 0 0 154 124 0 74 60 
301 130 119 0 76 92 0 80 65 357 0 31 18 71 66 373 421 591 0 0 0 0 169 124 0 73 60 
305 127 117 0 76 80 0 86 65 349 0 28 17 67 68 421 445 623 0 0 0 0 230 124 0 74 60 
301 127 117 0 76 75 0 79 64 346 0 30 18 84 66 346 430 545 0 0 0 0 163 124 0 74 60 
304 124 116 0 77 74 0 74 65 346 0 29 16 85 64 426 442 552 0 0 0 10 180 124 0 74 60 
304 128 119 0 76 76 0 85 64 347 0 30 17 72 64 434 412 520 0 0 0 10 194 124 0 74 60 
307 127 120 0 74 79 0 80 65 348 0 27 17 63 64 407 470 638 0 0 0 0 183 124 0 74 60 
306 135 116 0 75 77 0 75 65 344 0 29 17 86 63 413 420 593 0 0 0 0 144 124 0 75 60 
301 132 118 0 73 82 0 77 64 353 0 29 16 97 65 401 366 654 0 0 0 0 184 124 0 75 60 
308 131 119 0 74 83 0 74 65 350 0 30 19 66 65 339 457 606 0 0 0 0 213 124 0 75 60 
302 132 119 0 74 81 0 75 64 351 0 28 17 50 64 371 445 577 0 0 0 0 195 124 0 74 60 
302 137 119 0 75 76 0 75 64 350 0 29 16 76 66 384 440 560 0 0 0 0 153 124 0 74 60 
307 124 120 0 74 79 0 70 64 345 0 30 16 83 65 418 485 584 0 0 0 0 173 124 0 73 60 
309 128 115 0 75 79 0 79 64 337 0 29 16 81 64 387 416 629 0 0 0 10 158 124 0 73 60 
302 128 118 0 75 85 0 79 64 341 0 31 16 70 65 382 425 620 0 0 0 0 172 124 0 73 60 
304 128 121 0 74 95 0 77 64 350 0 29 16 53 65 395 452 681 0 0 0 0 192 124 0 73 60 
302 137 119 0 73 97 0 78 65 349 0 33 16 64 65 418 477 658 0 0 0 0 177 124 0 73 60 
302 132 120 0 72 97 0 78 65 344 0 32 16 69 66 387 411 616 0 0 0 0 154 124 0 72 60 
302 129 119 0 72 89 0 78 65 339 0 32 16 79 65 423 447 610 0 0 0 0 146 124 0 73 60 
303 127 117 0 72 84 0 76 66 343 0 31 15 60 65 403 447 592 0 0 0 0 178 124 0 72 60 
299 129 119 0 73 79 0 73 65 347 0 32 15 66 66 373 418 638 0 0 0 0 235 124 0 73 60 
298 126 119 0 74 81 0 76 65 349 0 28 16 62 64 418 426 688 0 0 0 0 122 124 0 73 60 
301 125 118 0 74 84 0 80 64 344 0 31 16 63 65 372 429 690 0 0 0 0 195 124 0 73 60 
298 132 117 0 76 84 0 73 64 345 0 29 17 65 64 421 414 595 0 0 0 0 168 124 0 72 60 
305 132 120 0 77 81 0 78 65 338 0 29 16 72 64 375 412 658 0 0 0 0 171 124 0 72 60 
301 135 117 0 78 92 0 85 65 343 0 31 15 72 66 413 442 613 0 0 0 0 194 124 0 71 60 
301 126 118 0 77 103 0 75 65 348 0 27 15 61 64 361 469 672 0 0 0 10 173 124 0 70 60 
300 128 117 0 77 103 0 77 64 347 0 28 16 80 62 405 405 644 0 0 0 0 175 124 0 69 60 
300 126 118 0 77 89 0 77 64 342 0 31 16 83 64 370 436 639 0 0 0 0 196 124 0 70 60 
306 138 118 0 75 78 0 75 65 343 0 29 16 77 63 382 461 651 0 0 0 0 133 124 0 70 60 
306 135 118 0 73 81 0 79 66 349 0 32 17 51 66 413 416 511 0 0 0 0 180 124 0 70 60 
305 131 113 0 72 83 0 75 66 353 0 36 19 44 66 376 440 626 0 0 0 0 188 124 0 71 60 
301 130 120 0 72 79 0 78 65 347 0 37 17 52 65 351 387 644 0 0 0 0 209 124 0 72 60 
297 128 116 0 72 75 0 80 65 343 0 36 17 68 66 359 418 598 0 0 0 0 134 124 0 73 60 
304 131 115 0 73 79 0 78 64 346 0 32 17 71 66 355 448 604 0 0 0 0 144 124 0 74 60 
306 128 118 0 74 80 0 82 64 345 0 36 17 66 63 413 425 613 0 0 0 0 167 124 0 75 60 
301 136 117 0 75 83 0 80 64 349 0 33 16 66 64 425 428 621 0 0 0 0 157 124 0 76 60 
305 132 116 0 77 79 0 77 66 341 0 34 18 76 65 398 448 532 0 0 0 0 163 124 0 77 60 
307 120 117 0 77 75 0 79 65 349 0 33 17 69 63 413 493 575 0 0 0 0 164 124 0 76 60 
307 123 116 0 77 72 0 81 65 347 0 31 17 70 65 370 420 620 0 0 0 0 165 124 0 76 60 
304 131 116 0 78 76 0 82 65 343 0 29 16 66 65 399 394 574 0 0 0 0 192 124 0 76 60 
304 130 116 0 78 74 0 79 65 346 0 30 16 72 64 374 423 603 0 0 0 0 166 124 0 76 60 
303 127 119 0 80 75 0 79 62 344 0 28 17 72 66 405 451 592 0 0 0 0 142 124 0 76 60 
298 125 119 0 80 75 0 73 64 335 0 30 17 86 64 409 372 621 0 0 0 0 180 124 0 76 60 
301 126 118 0 80 76 0 76 65 339 0 29 17 73 65 408 430 545 0 0 0 0 183 124 0 76 60 
303 126 117 0 80 86 0 75 64 348 0 30 18 61 65 386 429 619 0 0 0 0 195 124 0 76 60 
298 135 115 0 80 94 0 75 64 354 0 28 18 69 64 409 411 607 0 0 0 0 135 124 0 76 60 
301 130 116 0 78 100 0 77 65 342 0 28 17 97 64 431 425 588 0 0 0 0 221 124 0 75 60 
295 126 115 0 76 100 0 76 66 340 0 30 16 77 64 372 467 503 0 0 0 0 152 124 0 75 60 
302 134 117 0 75 110 0 82 66 342 0 30 16 59 64 411 438 570 0 0 0 0 144 124 0 75 60 
306 137 116 0 75 121 0 80 64 348 0 31 17 55 64 420 453 641 0 0 0 0 152 124 0 75 60 
299 126 117 0 74 130 0 80 66 348 0 32 16 82 63 411 398 669 0 0 0 0 154 124 0 74 60 
302 127 115 0 74 133 0 82 66 342 0 31 18 81 62 410 422 607 0 0 0 0 240 124 0 73 60 
299 127 119 0 74 129 0 81 65 342 0 33 16 80 68 366 433 612 0 0 0 0 183 124 0 73 60 
301 130 117 0 74 126 0 75 63 338 0 35 17 57 66 427 444 560 0 0 0 0 120 124 0 73 60 
304 128 116 0 74 116 0 80 65 343 0 36 16 59 68 375 428 557 0 0 0 0 162 124 0 73 60 
301 134 118 0 74 103 0 78 64 349 0 37 15 70 67 359 442 590 0 0 0 0 156 124 0 73 60 
302 127 117 0 74 90 0 74 64 346 0 33 15 76 62 424 427 702 0 0 0 0 197 124 0 73 60 
301 130 120 0 75 87 0 76 64 341 0 32 16 73 62 380 408 658 0 0 0 0 140 124 0 73 60 
305 131 118 0 75 83 0 76 65 344 0 32 15 69 63 412 445 637 0 0 0 0 208 124 0 73 60 
304 129 120 0 76 73 0 80 65 354 0 29 16 61 65 434 443 634 0 0 0 0 187 124 0 73 60 
302 130 119 0 76 83 0 81 64 358 0 30 16 62 66 371 405 611 0 0 0 0 194 124 0 72 60 
307 132 122 0 77 114 0 74 65 347 0 30 16 67 68 364 430 616 0 0 0 0 165 124 0 73 60 
304 137 117 0 77 136 0 80 65 345 0 28 15 65 67 395 434 629 0 0 0 0 155 124 0 73 60 
303 135 121 0 77 143 0 74 65 347 0 30 15 76 66 342 438 686 0 0 0 0 185 124 0 73 60 
304 125 121 0 77 126 0 70 66 349 0 28 15 63 64 410 424 715 0 0 0 0 153 124 0 73 60 
302 130 117 0 77 104 0 75 66 350 0 29 16 64 66 409 442 684 0 0 0 0 140 124 0 73 60 
304 126 121 0 77 82 0 76 67 348 0 30 17 82 71 351 462 676 0 0 0 0 207 124 0 72 60 
305 136 120 0 76 74 0 79 65 353 0 27 16 82 68 429 411 585 0 0 0 0 143 124 0 73 60 
302 137 122 0 75 77 0 82 64 351 0 30 18 70 63 444 435 637 0 0 0 0 144 124 0 73 60 
303 131 122 0 74 78 0 75 63 345 0 28 16 42 63 385 438 665 0 0 0 0 149 124 0 74 60 
300 137 121 0 74 76 0 79 64 352 0 26 14 44 64 349 430 651 0 0 0 10 159 124 0 75 60 
301 126 112 0 73 79 0 83 64 343 0 31 15 59 64 428 462 663 0 0 0 0 167 124 0 75 60 
304 129 121 0 74 83 0 77 65 335 0 29 16 71 65 411 433 670 0 0 0 0 129 124 0 75 60 
296 125 122 0 75 82 0 79 65 342 0 29 16 68 64 397 406 643 0 0 0 0 135 124 0 74 60 
309 131 122 0 75 82 0 76 65 348 0 28 16 65 64 394 426 678 0 0 0 0 191 124 0 73 60 
301 126 120 0 76 84 0 74 65 349 0 28 16 72 62 390 458 735 0 0 0 0 170 124 0 72 60 
297 121 122 0 76 88 0 76 65 340 0 28 15 73 62 371 427 641 0 0 0 0 138 124 0 73 60 
302 121 121 0 77 84 0 76 66 341 0 29 15 69 66 396 427 622 0 0 0 0 194 124 0 73 60 
296 131 120 0 76 85 0 82 65 340 0 27 15 67 64 385 413 654 0 0 0 0 182 124 0 72 60 
304 126 121 0 76 91 0 86 65 347 0 27 15 70 64 387 408 506 0 0 0 10 153 124 0 72 60 
304 127 121 0 75 96 0 78 65 349 0 31 15 69 60 394 399 613 0 0 0 0 250 124 0 72 60 
298 128 117 0 75 91 0 77 64 343 0 29 15 80 63 391 473 620 0 0 0 0 175 124 0 71 60 
301 126 123 0 76 85 0 78 64 342 0 29 15 82 63 392 388 610 0 0 0 0 195 124 0 71 60 
297 130 119 0 76 80 0 77 64 338 0 32 15 73 65 384 377 646 0 0 0 0 157 124 0 71 60 
306 129 122 0 76 84 0 76 65 343 0 32 15 62 65 419 450 604 0 0 0 0 177 124 0 71 60 
299 130 115 0 76 82 0 80 65 350 0 31 14 77 64 395 455 610 0 0 0 0 173 124 0 71 60 
305 127 119 0 76 81 0 76 65 344 0 32 15 97 65 373 462 530 0 0 0 0 189 124 0 70 60 
308 133 115 0 76 89 0 76 64 340 0 33 14 72 64 416 410 506 0 0 0 0 211 124 0 69 60 
294 132 119 0 76 92 0 75 65 345 0 34 15 51 64 386 437 660 0 0 0 0 224 124 0 69 60 
302 126 120 0 75 91 0 77 63 355 0 33 17 66 64 357 403 579 0 0 0 0 137 124 0 70 60 
306 126 117 0 74 88 0 80 65 356 0 30 15 84 64 381 455 532 0 0 0 0 172 124 0 71 60 
303 129 117 0 75 91 0 75 66 346 0 28 15 83 64 403 484 640 0 0 0 0 156 124 0 71 60 
308 131 118 0 74 87 0 76 66 346 0 31 14 76 67 385 472 550 0 0 0 0 150 124 0 72 60 
306 139 118 0 73 90 0 82 66 345 0 30 14 53 65 395 433 563 0 0 0 0 209 124 0 72 60 
304 133 117 0 74 91 0 77 65 347 0 30 15 65 65 394 447 564 0 0 0 0 164 124 0 73 60 
301 128 120 0 74 91 0 82 64 346 0 30 15 69 65 368 417 612 0 0 0 0 149 124 0 73 60 
307 131 117 0 74 87 0 81 63 346 0 29 16 78 65 321 448 566 0 0 0 0 178 124 0 73 60 
304 132 118 0 74 78 0 76 64 350 0 30 15 68 65 457 452 498 0 0 0 0 202 124 0 73 60 
306 133 118 0 74 71 0 80 64 348 0 31 15 69 66 407 411 610 0 0 0 0 195 124 0 73 60 
297 127 120 0 75 75 0 78 64 348 0 30 14 59 65 429 454 561 0 0 0 0 172 124 0 73 60 
307 129 120 0 75 81 0 75 65 351 0 34 14 60 66 401 435 583 0 0 0 0 132 124 0 73 60 
300 133 116 0 75 82 0 77 66 342 0 31 15 67 66 378 464 596 0 0 0 0 171 124 0 72 60 
301 138 119 0 75 81 0 73 65 335 0 33 15 66 65 389 399 574 0 0 0 0 192 124 0 73 60 
298 125 121 0 76 80 0 76 65 342 0 34 18 73 66 405 470 511 0 0 0 0 140 124 0 72 60 
297 129 119 0 77 80 0 84 65 351 0 32 16 59 66 386 435 501 0 0 0 0 188 124 0 73 60 
304 128 118 0 78 76 0 84 65 352 0 35 15 71 64 397 448 606 0 0 0 0 156 124 0 73 60 
302 134 118 0 79 87 0 81 66 342 0 37 15 81 65 398 428 615 0 0 0 0 182 124 0 73 60 
299 135 122 0 79 87 0 78 66 344 0 37 15 82 64 372 411 612 0 0 0 0 185 124 0 73 60 
296 129 118 0 80 90 0 77 66 345 0 38 16 62 64 385 394 641 0 0 0 0 144 124 0 73 60 
301 129 119 0 80 83 0 78 64 348 0 34 16 41 65 390 424 611 0 0 0 0 180 124 0 73 60 
301 134 119 0 79 82 0 73 65 348 0 37 14 45 63 393 452 559 0 0 0 0 157 124 0 72 60 
300 128 118 0 78 84 0 70 64 344 0 38 14 63 61 371 425 542 0 0 0 0 155 124 0 72 60 
300 131 117 0 78 88 0 80 65 341 0 34 15 70 65 378 428 598 0 0 0 0 188 124 0 73 60 
306 131 119 0 77 95 0 76 65 338 0 37 16 68 66 362 438 664 0 0 0 0 150 124 0 73 60 
300 131 120 0 76 104 0 74 66 343 0 36 14 64 67 372 442 676 0 0 0 0 137 124 0 73 60 
299 126 119 0 76 109 0 72 65 348 0 37 14 77 67 441 423 602 0 0 0 0 203 124 0 73 60 
305 127 117 0 76 98 0 79 66 343 0 35 15 70 65 391 435 642 0 0 0 0 175 124 0 71 60 
304 133 119 0 75 90 0 81 63 341 0 33 15 70 63 396 396 535 0 0 0 0 149 124 0 70 60 
306 127 118 0 74 85 0 79 64 344 0 33 15 64 62 383 416 696 0 0 0 0 193 124 0 69 60 
299 132 120 0 74 79 0 76 65 350 0 32 14 72 63 396 416 677 0 0 0 0 193 124 0 68 60 
302 126 120 0 73 73 0 76 65 349 0 32 15 68 65 367 437 599 0 0 0 0 194 124 0 70 60 
305 129 121 0 73 73 0 77 65 340 0 32 15 86 65 395 459 689 0 0 0 0 164 124 0 71 60 
305 125 116 0 74 75 0 78 65 341 0 31 14 75 67 421 442 608 0 0 0 0 172 124 0 71 60 
308 132 118 0 74 80 0 76 65 343 0 31 15 65 68 389 436 587 0 0 0 0 201 124 0 72 60 
305 132 120 0 74 79 0 80 65 346 0 34 16 66 65 435 409 601 0 0 0 0 137 124 0 72 60 
304 127 123 0 75 83 0 76 65 345 0 29 15 89 64 332 463 658 0 0 0 0 191 124 0 73 60 
309 131 122 0 76 87 0 79 65 345 0 34 13 87 65 382 429 612 0 0 0 0 189 124 0 71 60 
302 131 121 0 76 89 0 77 64 352 0 31 15 66 64 387 392 577 0 0 0 0 181 124 0 70 60 
305 126 117 0 76 87 0 78 65 347 0 30 15 47 65 418 433 646 0 0 0 0 132 124 0 70 60 
301 126 115 0 76 85 0 82 64 348 0 31 15 77 65 376 390 510 0 0 0 10 149 124 0 70 60 
304 130 116 0 75 87 0 74 64 350 0 30 14 83 65 395 461 596 0 0 0 0 206 124 0 69 60 
305 131 118 0 75 90 0 83 63 340 0 31 14 87 65 399 440 648 0 0 0 0 145 124 0 68 60 
300 131 118 0 75 91 0 79 65 335 0 32 14 60 66 352 462 606 0 0 0 0 184 124 0 68 60 
303 130 116 0 74 89 0 75 65 341 0 30 13 55 65 395 391 585 0 0 0 0 166 124 0 68 60 
303 127 118 0 74 89 0 79 66 350 0 31 13 71 66 409 435 607 0 0 0 0 139 124 0 68 60 
295 124 119 0 74 88 0 77 66 346 0 31 14 71 66 399 395 600 0 0 0 0 223 124 0 68 60 
303 130 113 0 75 89 0 78 67 343 0 30 14 75 64 398 441 518 0 0 0 0 216 124 0 69 60 
300 128 116 0 76 89 0 83 66 344 0 30 13 68 64 367 500 570 0 0 0 0 154 124 0 70 60 
303 130 120 0 75 94 0 77 65 347 0 29 13 63 64 373 448 581 0 0 0 0 146 124 0 71 60 
299 128 116 0 76 94 0 82 63 352 0 30 15 59 64 383 429 647 0 0 0 0 197 124 0 71 60 
305 132 119 0 75 101 0 82 64 349 0 30 15 66 65 394 416 510 0 0 0 0 152 124 0 70 60 
303 136 118 0 75 102 0 76 64 341 0 31 14 67 63 434 416 647 0 0 0 0 121 124 0 71 60 
296 128 120 0 74 101 0 81 65 339 0 33 13 71 65 440 426 535 0 0 0 0 167 124 0 71 60 
300 131 118 0 74 93 0 80 65 337 0 33 14 68 64 388 406 564 0 0 0 0 203 124 0 70 60 
304 126 120 0 74 80 0 76 65 343 0 33 13 65 63 413 452 590 0 0 0 0 181 124 0 70 60 
300 137 120 0 73 77 0 78 64 347 0 39 13 81 65 453 410 582 0 0 0 0 172 124 0 69 60 
301 135 118 0 74 79 0 71 64 341 0 41 16 82 65 426 350 581 0 0 0 0 182 124 0 69 60 
301 134 121 0 75 86 0 76 65 343 0 39 15 74 65 358 389 502 0 0 0 0 169 124 0 69 60 
300 129 121 0 76 91 0 78 65 347 0 37 14 47 65 439 380 579 0 0 0 0 167 124 0 69 60 
308 125 123 0 76 99 0 78 65 353 0 34 14 42 64 360 353 579 0 0 0 0 172 124 0 69 60 
302 129 122 0 76 87 0 78 66 351 0 35 13 57 65 457 365 587 0 0 0 0 198 124 0 70 60 
306 127 122 0 75 77 0 77 65 341 0 31 13 73 66 396 384 564 0 0 0 0 164 124 0 70 60 
303 132 122 0 76 78 0 78 65 343 0 34 13 68 64 395 375 619 0 0 0 0 169 124 0 71 60 
304 129 120 0 77 81 0 81 64 345 0 32 14 64 66 385 369 533 0 0 0 0 191 124 0 72 60 
303 123 118 0 76 76 0 83 64 347 0 32 14 71 67 371 376 505 0 0 0 10 162 124 0 72 60 
306 122 118 0 75 73 0 79 64 346 0 32 14 71 63 355 334 632 0 0 0 0 173 124 0 73 60 
304 131 121 0 74 73 0 76 64 344 0 32 14 66 66 425 391 638 0 0 0 0 149 124 0 72 60 
299 130 123 0 73 82 0 78 64 353 0 30 13 70 66 372 378 640 0 0 0 0 159 124 0 71 60 
297 132 125 0 72 85 0 79 65 347 0 32 14 66 64 359 387 652 0 0 0 0 189 124 0 69 60 
306 131 120 0 71 87 0 75 64 349 0 30 13 67 65 377 427 558 0 0 0 0 157 124 0 69 60 
303 127 121 0 71 86 0 75 64 346 0 31 13 80 65 406 417 634 0 0 0 0 211 124 0 68 60 
302 127 122 0 73 87 0 73 65 337 0 32 14 83 63 374 373 595 0 0 0 0 172 124 0 69 60 
301 126 122 0 74 88 0 80 66 336 0 28 14 71 65 396 407 679 0 0 0 0 201 124 0 69 60 
299 134 125 0 74 81 0 81 66 343 0 32 15 63 64 374 380 662 0 0 0 0 190 124 0 69 60 
306 132 118 0 75 82 0 77 65 347 0 31 13 79 64 402 401 714 0 0 0 0 180 124 0 69 60 
299 129 121 0 76 85 0 78 64 344 0 33 14 94 65 419 442 636 0 0 0 0 144 124 0 69 60 
299 137 120 0 77 87 0 76 63 337 0 32 13 73 62 389 467 639 0 0 0 0 186 124 0 69 60 
300 131 123 0 77 89 0 72 65 342 0 31 15 52 64 402 425 631 0 0 0 0 139 124 0 69 60 
301 129 120 0 79 97 0 77 65 351 0 29 15 64 66 372 414 593 0 0 0 0 179 124 0 68 60 
301 133 119 0 79 97 0 75 65 349 0 32 16 83 64 397 435 705 0 0 0 0 180 124 0 68 60 
298 132 116 0 80 93 0 80 65 348 0 29 14 83 65 389 425 685 0 0 0 0 179 124 0 68 60 
302 125 114 0 80 79 0 81 65 341 0 30 14 76 65 399 404 666 0 0 0 0 147 124 0 68 60 
305 127 124 0 80 78 0 77 65 343 0 29 13 50 65 439 448 655 0 0 0 0 194 124 0 67 60 
298 130 118 0 78 82 0 76 65 342 0 30 14 67 71 457 439 657 0 0 0 0 170 124 0 67 60 
305 126 117 0 78 82 0 78 64 349 0 31 13 72 85 363 414 652 0 0 0 0 145 124 0 67 60 
301 128 117 0 76 80 0 80 64 343 0 28 14 77 68 393 440 679 0 0 0 0 175 124 0 67 60 
297 135 119 0 75 79 0 81 65 339 0 31 15 68 66 404 459 723 0 0 0 0 171 124 0 68 60 
307 130 116 0 75 78 0 74 66 341 0 33 14 72 63 425 434 638 0 0 0 0 205 124 0 69 60 
299 132 118 0 74 77 0 78 66 350 0 34 13 58 61 405 417 643 0 0 0 0 170 124 0 70 60 
302 130 122 0 75 79 0 80 67 355 0 34 13 61 61 378 395 564 0 0 0 0 127 124 0 71 60 
303 140 119 0 75 83 0 74 65 348 0 31 13 67 62 444 425 652 0 0 0 10 127 124 0 70 60 
301 138 122 0 75 86 0 78 65 344 0 31 14 69 63 365 434 658 0 0 0 10 206 124 0 71 60 
305 121 118 0 75 93 0 80 63 348 0 30 15 72 65 384 418 658 0 0 0 0 171 124 0 71 60 
305 127 119 0 75 101 0 78 65 351 0 31 14 59 66 390 462 642 0 0 0 0 158 124 0 72 60 
301 133 117 0 75 117 0 81 65 351 0 30 14 77 65 368 432 632 0 0 0 0 179 124 0 71 60 
307 135 116 0 76 129 0 77 66 348 0 29 14 78 63 378 401 677 0 0 0 0 152 124 0 68 60 
301 132 121 0 76 138 0 77 65 355 0 31 13 80 63 366 418 515 0 0 0 0 164 124 0 69 60 
306 129 119 0 77 120 0 78 65 353 0 31 13 60 63 412 419 551 0 0 0 0 160 124 0 70 60 
299 129 120 0 78 102 0 73 64 350 0 32 13 41 65 375 479 623 0 0 0 0 166 124 0 71 60 
298 130 118 0 78 84 0 76 64 350 0 31 14 47 64 380 437 681 0 0 0 0 194 124 0 72 60 
306 129 120 0 78 75 0 76 65 344 0 33 13 67 63 395 419 642 0 0 0 0 224 124 0 71 60 
299 125 120 0 78 71 0 76 66 337 0 34 15 69 64 404 444 644 0 0 0 0 178 124 0 71 60 
303 131 120 0 76 84 0 76 66 342 0 36 13 67 64 396 445 614 0 0 0 0 147 124 0 71 60 
303 129 120 0 76 100 0 78 66 350 0 36 13 67 64 423 443 550 0 0 0 0 175 124 0 71 60 
302 122 119 0 76 107 0 78 65 351 0 34 13 77 66 390 417 612 0 0 0 0 181 124 0 71 60 
304 123 118 0 75 102 0 77 65 343 0 35 14 66 64 390 426 566 0 0 0 0 155 124 0 70 60 
302 130 118 0 74 94 0 76 63 342 0 36 15 71 64 355 408 651 0 0 0 0 203 124 0 70 60 
301 129 119 0 74 85 0 78 65 345 0 33 15 65 63 409 437 474 0 0 0 0 175 124 0 69 60 
299 125 117 0 74 75 0 81 65 349 0 32 15 69 63 379 433 612 0 0 0 0 175 124 0 69 60 
299 130 119 0 74 75 0 78 66 352 0 34 14 72 65 433 387 646 0 0 0 0 199 124 0 70 60 
305 128 119 0 75 88 0 78 65 343 0 36 13 88 64 414 403 617 0 0 0 0 156 124 0 70 60 
300 130 117 0 76 96 0 79 65 343 0 36 13 71 64 396 439 616 0 0 0 0 165 124 0 71 60 
302 129 119 0 76 90 0 77 64 344 0 35 12 61 65 379 418 584 0 0 0 0 152 124 0 70 60 
306 131 115 0 76 85 0 78 65 346 0 40 13 70 65 386 408 585 0 0 0 0 183 124 0 71 60 
295 126 117 0 76 90 0 79 65 354 0 42 14 94 64 387 442 566 0 0 0 0 140 124 0 71 60 
311 133 119 0 75 82 0 73 66 349 0 43 13 76 64 417 406 610 0 0 0 0 211 124 0 71 60 
303 137 115 0 75 71 0 81 65 345 0 45 14 62 63 398 408 597 0 0 0 0 127 124 0 71 60 
307 131 118 0 75 73 0 83 65 350 0 50 13 56 65 418 469 636 0 0 0 0 181 124 0 71 60 
304 131 117 0 75 78 0 81 64 352 0 53 12 80 64 362 460 687 0 0 0 0 169 124 0 71 60 
301 126 119 0 75 75 0 82 65 357 0 48 13 81 64 378 447 594 0 0 0 10 177 124 0 71 60 
306 132 121 0 76 70 0 77 65 347 0 46 13 86 65 388 425 623 0 0 0 0 136 124 0 72 60 
304 129 119 0 76 80 0 77 65 345 0 43 14 55 64 394 443 594 0 0 0 0 189 124 0 72 60 
307 130 113 0 76 88 0 78 66 347 0 50 13 60 64 389 428 633 0 0 0 0 134 124 0 72 60 
296 128 114 0 76 89 0 74 65 348 0 54 15 73 66 394 448 614 0 0 0 0 176 124 0 72 60 
304 126 120 0 76 90 0 77 64 347 0 51 14 77 66 413 458 699 0 0 0 0 194 124 0 73 60 
306 131 116 0 76 86 0 76 64 345 0 53 13 71 66 369 436 607 0 0 0 0 194 124 0 73 60 
302 134 116 0 75 83 0 76 63 348 0 56 13 71 65 391 443 658 0 0 0 0 180 124 0 71 60 
300 130 116 0 76 83 0 80 64 349 0 55 14 61 63 412 432 610 0 0 0 0 143 124 0 70 60 
308 126 116 0 75 82 0 75 64 349 0 59 14 58 65 402 409 612 0 0 0 0 182 124 0 69 60 
291 134 117 0 75 79 0 77 64 349 0 59 14 66 66 352 458 685 0 0 0 0 211 124 0 68 60 
307 137 117 0 74 82 0 81 66 345 0 67 14 69 64 382 465 614 0 0 0 0 151 124 0 69 60 
293 130 118 0 74 77 0 81 67 336 0 70 13 72 65 416 423 668 0 0 0 0 206 124 0 68 60 
303 131 118 0 74 79 0 82 66 339 0 65 13 59 64 429 406 639 0 0 0 0 142 124 0 69 60 
291 131 117 0 74 83 0 77 66 345 0 63 13 71 65 411 423 680 0 0 0 0 163 124 0 69 60 
285 128 119 0 74 93 0 79 64 349 0 59 13 83 66 387 425 633 0 0 0 0 168 124 0 68 60 
310 136 118 0 75 92 0 78 63 348 0 51 15 82 64 400 435 680 0 0 0 0 144 124 0 67 60 
303 134 117 0 75 91 0 75 64 342 0 48 13 66 63 367 450 599 0 0 0 0 126 124 0 67 60 
306 128 119 0 76 87 0 76 65 345 0 41 13 43 63 409 428 685 0 0 0 0 164 124 0 66 60 
306 121 120 0 76 88 0 79 65 350 0 30 13 42 65 401 423 648 0 0 0 0 193 124 0 66 60 
304 126 118 0 76 91 0 79 65 348 0 35 13 62 66 397 445 552 0 0 0 0 176 124 0 66 60 
305 130 118 0 77 92 0 78 64 344 0 29 13 75 64 419 423 637 0 0 0 0 166 124 0 65 60 
307 126 120 0 78 90 0 75 64 342 0 33 13 67 63 379 433 680 0 0 0 0 172 124 0 65 60 
303 131 121 0 79 83 0 79 64 342 0 32 16 65 63 412 439 673 0 0 0 0 174 124 0 65 60 
308 126 121 0 79 78 0 76 65 344 0 40 16 79 63 353 438 641 0 0 0 0 189 124 0 66 60 
302 125 121 0 80 80 0 78 66 347 0 42 16 68 65 384 438 596 0 0 0 0 168 124 0 66 60 
308 126 122 0 80 89 0 76 66 347 0 48 16 69 67 381 482 636 0 0 0 0 166 124 0 66 60 
303 129 119 0 79 89 0 78 65 339 0 51 13 67 67 377 413 488 0 0 0 0 199 124 0 65 60 
303 127 122 0 80 92 0 80 65 340 0 50 13 73 65 401 408 607 0 0 0 0 165 124 0 66 60 
308 121 123 0 79 95 0 75 65 347 0 42 13 66 65 396 447 623 0 0 0 0 169 124 0 67 60 
303 127 116 0 78 100 0 77 65 353 0 38 15 89 62 413 451 577 0 0 0 0 190 124 0 69 60 
303 127 118 0 77 101 0 79 65 350 0 34 13 80 62 385 447 605 0 0 0 0 147 124 0 70 60 
296 128 122 0 77 103 0 79 66 343 0 35 12 66 64 390 396 572 0 0 0 10 151 124 0 71 60 
302 131 118 0 76 106 0 83 65 347 0 35 12 65 64 390 435 614 0 0 0 0 194 124 0 71 60 
306 130 123 0 76 106 0 80 64 347 0 31 14 90 67 411 442 582 0 0 0 0 200 124 0 71 60 
300 130 122 0 75 98 0 73 64 349 0 32 14 88 68 370 455 587 0 0 0 0 168 124 0 71 60 
299 134 124 0 74 78 0 82 64 345 0 30 14 67 65 387 457 558 0 0 0 0 148 124 0 72 60 
307 129 120 0 74 70 0 76 65 349 0 31 14 50 63 389 453 644 0 0 0 0 128 124 0 71 60 
302 128 121 0 73 74 0 75 65 351 0 28 15 76 63 398 419 495 0 0 0 0 155 124 0 71 60 
305 127 121 0 73 78 0 83 66 352 0 30 13 81 64 404 423 552 0 0 0 0 175 124 0 71 60 
303 133 120 0 74 78 0 75 66 349 0 27 13 87 66 416 411 577 0 0 0 10 124 124 0 70 60 
302 126 124 0 75 83 0 70 65 349 0 28 14 68 64 417 405 549 0 0 0 0 189 124 0 69 60 
302 131 119 0 75 82 0 77 65 341 0 28 14 51 65 374 470 603 0 0 0 0 192 124 0 68 60 
302 129 125 0 76 77 0 73 64 338 0 28 14 69 66 423 421 555 0 0 0 0 174 124 0 67 60 
304 131 118 0 76 75 0 78 64 343 0 28 15 75 67 408 431 567 0 0 0 0 199 124 0 66 60 
305 127 115 0 76 82 0 79 65 349 0 28 16 75 66 389 433 530 0 0 0 0 189 124 0 66 60 
301 132 116 0 75 81 0 78 65 346 0 25 15 65 66 425 430 539 0 0 0 0 189 124 0 67 60 
305 131 120 0 76 80 0 79 66 339 0 27 15 68 64 379 423 598 0 0 0 0 179 124 0 68 60 
303 129 125 0 75 81 0 80 64 341 0 29 14 60 64 382 427 624 0 0 0 10 184 124 0 69 60 
297 132 119 0 74 89 0 82 65 343 0 29 14 62 64 392 408 614 0 0 0 10 234 124 0 69 60 
303 136 116 0 75 93 0 79 64 348 0 29 15 65 66 387 399 605 0 0 0 0 150 124 0 69 60 
296 132 116 0 74 96 0 76 65 344 0 28 15 72 66 390 427 574 0 0 0 0 164 124 0 69 60 
308 127 118 0 75 100 0 75 64 340 0 29 14 67 64 437 462 526 0 0 0 0 158 124 0 69 60 
300 131 117 0 75 103 0 76 65 340 0 26 14 58 65 401 412 625 0 0 0 0 179 124 0 69 60 
302 130 119 0 75 105 0 78 66 340 0 31 13 81 65 418 443 634 0 0 0 0 155 124 0 68 60 
301 140 120 0 75 98 0 76 66 343 0 28 13 79 66 406 462 617 0 0 0 0 178 124 0 68 60 
301 136 118 0 75 93 0 77 66 347 0 27 12 76 64 393 430 634 0 0 0 0 110 124 0 67 60 
305 130 118 0 75 90 0 79 65 344 0 29 14 55 64 442 462 621 0 0 0 0 177 124 0 66 60 
302 124 116 0 75 83 0 79 65 338 0 27 14 43 64 376 447 579 0 0 0 0 206 124 0 65 60 
301 132 121 0 74 77 0 79 64 347 0 28 13 51 65 410 406 611 0 0 0 0 155 124 0 66 60 
300 132 119 0 74 82 0 77 65 352 0 28 15 68 64 385 409 671 0 0 0 0 180 124 0 66 60 
300 128 120 0 73 84 0 76 65 354 0 26 13 72 65 404 464 652 0 0 0 0 173 124 0 67 60 
302 125 121 0 73 84 0 74 66 347 0 28 12 63 64 377 452 659 0 0 0 0 172 124 0 67 60 
301 115 117 0 73 83 0 76 64 343 0 26 13 66 64 429 442 595 0 0 0 0 183 124 0 68 60 
306 114 123 0 74 82 0 77 63 346 0 28 14 78 65 411 407 671 0 0 0 0 182 124 0 68 60 
303 131 120 0 75 77 0 80 64 348 0 32 14 66 68 387 400 609 0 0 0 0 209 124 0 68 60 
295 134 118 0 76 75 0 77 65 347 0 27 13 69 66 377 451 658 0 0 0 0 123 124 0 68 60 
299 126 120 0 76 74 0 79 65 348 0 30 14 65 63 412 459 607 0 0 0 0 153 124 0 68 60 
304 105 119 0 77 79 0 74 66 349 0 28 14 70 64 379 459 681 0 0 0 0 202 124 0 68 60 
299 135 118 0 77 85 0 81 66 352 0 29 14 71 65 377 446 678 0 0 0 0 148 124 0 69 60 
307 130 119 0 78 87 0 82 65 348 0 28 13 85 65 367 407 590 0 0 0 0 135 124 0 69 60 
304 124 119 0 77 83 0 73 65 345 0 25 14 74 65 410 394 643 0 0 0 0 150 124 0 69 60 
306 135 117 0 77 81 0 75 64 344 0 29 16 58 65 354 440 657 0 0 0 0 158 124 0 68 60 
305 134 119 0 77 83 0 74 65 333 0 28 17 68 64 421 448 720 0 0 0 0 175 124 0 68 60 
303 134 117 0 75 78 0 75 65 334 0 28 16 98 65 395 421 603 0 0 0 0 154 124 0 68 60 
307 137 118 0 73 77 0 80 65 346 0 28 17 74 66 440 398 620 0 0 0 0 184 124 0 67 60 
301 133 125 0 72 79 0 74 65 349 0 29 16 59 65 411 441 607 0 0 0 0 147 124 0 67 60 
306 132 117 0 72 83 0 84 65 344 0 29 14 57 65 379 465 497 0 0 0 0 164 124 0 68 60 
303 129 122 0 71 83 0 82 64 340 0 31 13 80 64 352 410 591 0 0 0 0 201 124 0 69 60 
299 128 118 0 73 88 0 78 65 341 0 29 14 80 65 372 404 720 0 0 0 0 193 124 0 71 60 
303 131 120 0 74 90 0 78 65 349 0 34 13 83 66 354 410 654 0 0 0 0 148 124 0 71 60 
298 130 115 0 74 87 0 76 65 347 0 32 13 58 64 395 441 644 0 0 0 0 204 124 0 72 60 
299 134 120 0 76 86 0 76 66 346 0 29 13 58 63 384 439 632 0 0 0 0 205 124 0 73 60 
306 127 118 0 76 82 0 75 65 341 0 29 12 71 64 400 445 619 0 0 0 0 138 124 0 72 60 
302 131 120 0 77 84 0 74 65 340 0 29 13 79 63 404 446 539 0 0 0 0 192 124 0 73 60 
304 135 121 0 78 86 0 78 64 342 0 30 13 72 65 402 415 622 0 0 0 0 147 124 0 73 60 
299 127 119 0 79 88 0 78 65 347 0 30 14 69 66 405 457 603 0 0 0 0 161 124 0 73 60 
304 131 120 0 80 93 0 75 65 349 0 28 15 64 67 384 440 644 0 0 0 0 162 124 0 72 60 
301 136 115 0 80 100 0 83 65 341 0 31 14 61 67 391 433 540 0 0 0 0 157 124 0 70 60 
301 135 120 0 80 107 0 76 65 341 0 29 13 66 66 424 445 608 0 0 0 0 176 124 0 70 60 
303 125 119 0 79 119 0 78 65 350 0 32 14 67 63 433 403 583 0 0 0 0 210 124 0 70 60 
300 127 118 0 79 127 0 79 65 350 0 34 14 76 61 390 414 636 0 0 0 0 156 124 0 71 60 
299 130 116 0 77 125 0 78 64 347 0 35 14 60 63 390 487 615 0 0 0 0 180 124 0 72 60 
299 135 116 0 77 104 0 78 64 342 0 40 14 66 63 423 459 616 0 0 0 0 192 124 0 72 60 
301 133 116 0 76 83 0 79 63 342 0 47 15 86 65 412 425 532 0 0 0 0 182 124 0 73 60 
304 137 118 0 75 76 0 77 63 347 0 54 15 83 69 368 399 538 0 0 0 0 152 124 0 71 60 
306 132 119 0 75 75 0 81 65 345 0 49 15 67 64 413 422 641 0 0 0 0 170 124 0 70 60 
299 125 119 0 75 79 0 84 65 344 0 43 15 44 62 442 439 605 0 0 0 0 170 124 0 69 60 
304 133 118 0 75 85 0 78 65 345 0 47 14 44 63 377 402 646 0 0 0 0 198 124 0 68 60 
303 126 115 0 75 95 0 76 65 350 0 43 14 58 64 338 481 639 0 0 0 0 174 124 0 67 60 
307 129 118 0 74 89 0 81 65 348 0 45 15 74 65 353 424 612 0 0 0 0 132 124 0 66 60 
297 138 118 0 74 84 0 81 65 348 0 48 15 68 65 388 421 588 0 0 0 0 182 124 0 66 60 
308 127 117 0 74 82 0 81 64 347 0 51 15 64 63 364 420 603 0 0 0 0 173 124 0 67 60 
302 118 120 0 75 86 0 80 64 335 0 56 15 74 66 428 403 644 0 0 0 0 160 124 0 68 60 
303 128 118 0 76 80 0 81 64 333 0 63 14 72 66 398 408 699 0 0 0 0 214 124 0 68 60 
303 128 117 0 77 78 0 85 65 346 0 59 15 67 66 354 404 702 0 0 0 10 170 124 0 68 60 
307 126 119 0 78 76 0 78 64 349 0 59 15 65 66 414 408 710 0 0 0 0 195 124 0 68 60 
305 123 118 0 78 79 0 76 63 344 0 63 16 71 65 418 435 605 0 0 0 0 187 124 0 68 60 
306 130 121 0 78 83 0 76 64 348 0 58 15 65 64 385 438 575 0 0 0 0 178 124 0 68 60 
300 126 121 0 78 80 0 72 65 344 0 59 17 81 65 397 417 627 0 0 0 0 220 124 0 68 60 
307 125 121 0 77 79 0 75 65 349 0 54 17 83 65 396 427 727 0 0 0 0 178 124 0 67 60 
305 131 122 0 76 83 0 83 65 347 0 53 16 71 66 444 429 647 0 0 0 0 194 124 0 69 60 
301 129 120 0 76 93 0 74 65 345 0 54 17 61 65 393 440 674 0 0 0 0 172 124 0 70 60 
299 131 118 0 75 94 0 74 65 342 0 48 17 84 65 389 439 656 0 0 0 0 174 124 0 69 60 
303 132 121 0 74 99 0 78 65 342 0 49 16 95 64 395 468 614 0 0 0 10 131 124 0 68 60 
304 130 113 0 74 95 0 80 65 344 0 47 17 67 64 412 437 648 0 0 0 10 202 124 0 70 60 
302 131 121 0 74 97 0 83 65 348 0 44 18 47 63 385 410 693 0 0 0 10 143 124 0 71 60 
298 128 125 0 74 94 0 73 66 349 0 41 18 75 63 413 414 717 0 0 0 0 205 124 0 71 60 
304 134 123 0 74 93 0 73 65 343 0 36 18 83 64 379 434 647 0 0 0 0 190 124 0 72 60 
301 134 120 0 75 85 0 78 64 345 0 36 18 83 66 443 445 663 0 0 0 0 157 124 0 71 60 
300 129 121 0 75 83 0 72 64 355 0 37 18 70 65 381 462 674 0 0 0 0 140 124 0 70 60 
307 134 124 0 75 79 0 75 63 358 0 40 17 51 65 386 441 636 0 0 0 0 168 124 0 71 60 
303 132 117 0 76 78 0 77 64 351 0 44 15 66 64 348 430 632 0 0 0 0 170 124 0 71 60 
304 135 118 0 75 77 0 82 65 348 0 49 15 70 64 432 428 675 0 0 0 0 199 124 0 70 60 
301 130 124 0 75 82 0 79 66 346 0 52 13 79 66 394 404 628 0 0 0 0 201 124 0 70 60 
301 131 115 0 75 81 0 76 66 351 0 46 13 66 66 336 426 590 0 0 0 0 161 124 0 69 60 
304 130 121 0 75 79 0 76 67 347 0 42 12 66 65 417 416 659 0 0 0 0 165 124 0 68 60 
307 131 121 0 75 82 0 79 66 348 0 47 12 61 64 397 425 541 0 0 0 0 176 124 0 67 60 
303 136 117 0 76 83 0 80 65 348 0 47 13 64 63 392 434 590 0 0 0 0 174 124 0 68 60 
303 128 117 0 76 88 0 75 65 351 0 47 13 65 66 406 411 633 0 0 0 0 152 124 0 69 60 
300 124 119 0 76 95 0 75 65 348 0 49 13 73 66 445 448 654 0 0 0 0 148 124 0 68 60 
311 128 118 0 76 103 0 78 65 348 0 49 13 71 64 372 469 608 0 0 0 0 214 124 0 69 60 
302 133 119 0 76 100 0 80 65 350 0 54 13 60 65 406 457 585 0 0 0 0 167 124 0 69 60 
308 131 121 0 75 98 0 77 66 340 0 56 12 81 65 397 462 632 0 0 0 0 158 124 0 70 60 
306 135 117 0 75 94 0 77 65 336 0 56 12 82 65 355 412 551 0 0 0 0 139 124 0 70 60 
302 133 119 0 75 80 0 80 65 345 0 58 12 78 66 402 447 632 0 0 0 0 137 124 0 70 60 
305 129 119 0 75 74 0 80 65 352 0 55 12 52 65 399 423 543 0 0 0 0 159 124 0 70 60 
301 131 115 0 75 74 0 76 65 346 0 53 12 44 65 440 423 651 0 0 0 0 158 124 0 70 60 
306 134 121 0 75 76 0 78 65 342 0 47 13 52 65 442 433 539 0 0 0 10 145 124 0 71 60 
303 130 121 0 74 77 0 81 65 340 0 43 14 67 66 378 437 612 0 0 0 0 181 124 0 70 60 
302 138 116 0 73 74 0 78 65 347 0 38 13 70 65 416 449 608 0 0 0 0 192 124 0 71 60 
302 128 117 0 74 74 0 79 65 349 0 41 11 67 65 397 426 527 0 0 0 0 182 124 0 70 60 
301 121 116 0 73 80 0 78 65 350 0 39 12 66 64 373 414 603 0 0 0 0 199 124 0 69 60 
302 122 114 0 73 83 0 74 65 344 0 40 12 76 63 415 441 640 0 0 0 0 169 124 0 68 60 
297 127 118 0 74 85 0 75 65 340 0 44 13 67 62 366 452 614 0 0 0 0 191 124 0 68 60 
296 125 118 0 75 86 0 73 65 343 0 42 12 69 65 388 459 496 0 0 0 0 201 124 0 67 60 
302 125 118 0 75 92 0 77 65 348 0 46 15 64 65 389 428 629 0 0 0 0 178 124 0 67 60 
302 127 117 0 76 89 0 77 64 348 0 43 13 70 67 377 412 581 0 0 0 0 185 124 0 66 60 
300 127 118 0 77 86 0 76 64 344 0 45 13 73 68 395 401 569 0 0 0 0 164 124 0 66 60 
299 125 119 0 77 82 0 81 64 339 0 49 13 83 66 370 434 610 0 0 0 0 225 124 0 66 60 
297 130 119 0 78 85 0 80 63 345 0 56 13 73 64 403 438 493 0 0 0 0 123 124 0 67 60 
301 131 121 0 79 85 0 79 65 354 0 61 15 59 65 355 428 610 0 0 0 0 157 124 0 68 60 
303 128 121 0 79 84 0 82 65 351 0 57 15 71 68 428 435 498 0 0 0 0 179 124 0 68 60 
302 130 118 0 80 84 0 76 65 346 0 60 17 97 83 362 432 624 0 0 0 0 187 124 0 68 60 
307 136 117 0 80 88 0 79 65 345 0 58 16 75 79 438 432 589 0 0 0 10 198 124 0 69 60 
302 126 117 0 80 88 0 81 65 348 0 55 16 56 69 400 448 616 0 0 0 10 173 124 0 70 60 
305 129 118 0 80 86 0 77 64 348 0 60 16 59 65 409 440 583 0 0 0 0 163 124 0 71 60 
302 132 116 0 79 84 0 78 64 348 0 60 15 84 62 398 412 618 0 0 0 0 123 124 0 71 60 
304 134 116 0 79 84 0 76 65 349 0 63 16 79 61 388 437 597 0 0 0 0 140 124 0 71 60 
310 135 119 0 78 86 0 81 65 355 0 61 17 80 63 390 411 559 0 0 0 0 213 124 0 71 60 
299 131 115 0 78 86 0 82 66 354 0 58 15 54 63 375 431 604 0 0 0 0 165 124 0 71 60 
305 131 118 0 77 93 0 76 65 351 0 56 15 63 65 398 448 581 0 0 0 0 169 124 0 72 60 
306 131 116 0 76 94 0 77 65 349 0 51 16 69 66 405 482 662 0 0 0 0 153 124 0 72 60 
303 128 115 0 75 92 0 80 64 347 0 55 16 78 72 412 411 608 0 0 0 0 169 124 0 72 60 
303 130 117 0 75 87 0 74 65 336 0 56 16 70 65 368 408 585 0 0 0 0 204 124 0 72 60 
304 131 118 0 74 87 0 75 65 335 0 58 16 69 62 378 427 637 0 0 0 0 194 124 0 72 60 
302 129 122 0 74 91 0 77 66 347 0 59 16 61 64 417 461 690 0 0 0 0 143 124 0 71 60 
301 134 114 0 74 96 0 76 65 347 0 67 15 62 63 406 418 628 0 0 0 0 169 124 0 71 60 
305 135 119 0 74 103 0 78 66 346 0 61 15 66 62 443 429 612 0 0 0 0 115 124 0 70 60 
307 130 115 0 75 98 0 80 65 341 0 60 15 66 63 392 440 629 0 0 0 0 246 124 0 70 60 
300 121 123 0 75 94 0 82 65 344 0 62 14 73 62 384 435 587 0 0 0 0 177 124 0 69 60 
302 126 118 0 75 83 0 80 64 349 0 60 14 59 62 359 465 600 0 0 0 0 137 124 0 68 60 
301 131 117 0 76 75 0 75 64 345 0 58 13 71 62 389 436 630 0 0 0 0 196 124 0 67 60 
300 134 118 0 76 74 0 81 64 344 0 54 14 82 62 371 433 650 0 0 0 0 193 124 0 68 60 
299 132 117 0 75 78 0 79 65 342 0 56 14 80 63 419 443 634 0 0 0 0 167 124 0 68 60 
295 141 114 0 75 81 0 77 66 338 0 53 15 61 63 383 438 593 0 0 0 0 140 124 0 68 60 
295 124 117 0 75 89 0 74 65 339 0 45 14 41 63 381 445 572 0 0 0 0 215 124 0 68 60 
306 133 114 0 75 95 0 75 65 348 0 42 14 47 63 363 456 488 0 0 0 0 190 124 0 67 60 
297 133 117 0 75 94 0 77 64 347 0 39 14 64 63 390 435 635 0 0 0 0 145 124 0 68 60 
298 129 118 0 75 92 0 75 63 344 0 38 15 70 63 343 384 667 0 0 0 0 153 124 0 68 60 
304 130 118 0 75 88 0 80 64 341 0 40 14 68 65 371 388 624 0 0 0 0 232 124 0 67 60 
299 128 115 0 75 82 0 80 64 350 0 46 16 66 63 389 393 614 0 0 0 0 146 124 0 68 60 
300 129 118 0 74 81 0 80 64 354 0 55 15 77 63 387 469 568 0 0 0 0 181 124 0 69 60 
300 118 115 0 73 80 0 81 65 351 0 61 16 70 65 407 449 619 0 0 0 0 145 124 0 69 60 
305 130 117 0 74 80 0 75 65 346 0 63 16 71 64 371 428 536 0 0 0 0 194 124 0 69 60 
301 131 119 0 74 87 0 81 66 343 0 63 15 63 65 404 448 534 0 0 0 0 177 124 0 69 60 
302 130 120 0 74 83 0 80 65 345 0 58 15 71 66 394 438 600 0 0 0 0 179 124 0 69 60 
302 120 120 0 74 79 0 71 66 347 0 52 16 71 64 428 455 601 0 0 0 0 155 124 0 69 60 
302 127 118 0 74 78 0 76 66 347 0 53 16 83 64 380 400 566 0 0 0 0 186 124 0 68 60 
300 132 119 0 74 83 0 82 65 347 0 48 16 73 63 424 414 558 0 0 0 0 193 124 0 68 60 
307 130 120 0 74 78 0 77 65 352 0 48 16 63 65 417 444 579 0 0 0 0 198 124 0 67 60 
300 129 121 0 74 79 0 76 64 349 0 47 15 65 65 391 432 552 0 0 0 0 132 124 0 67 60 
307 129 118 0 74 80 0 78 64 349 0 49 14 93 63 393 428 561 0 0 0 0 209 124 0 68 60 
307 130 123 0 75 87 0 79 65 347 0 49 14 82 64 388 437 580 0 0 0 0 153 124 0 68 60 
301 130 117 0 75 87 0 76 63 345 0 46 13 62 65 355 451 552 0 0 0 0 139 124 0 68 60 
302 128 122 0 75 91 0 75 65 335 0 41 13 51 65 421 427 527 0 0 0 0 133 124 0 68 60 
305 131 120 0 75 96 0 79 66 339 0 39 13 80 64 393 431 557 0 0 0 0 167 124 0 68 60 
303 127 121 0 76 94 0 82 65 349 0 37 12 82 64 372 440 591 0 0 0 0 202 124 0 67 60 
299 131 109 0 76 94 0 75 65 347 0 41 13 83 63 350 441 562 0 0 0 0 176 124 0 67 60 
304 128 121 0 77 93 0 78 65 345 0 43 12 56 64 424 422 631 0 0 0 0 165 124 0 67 60 
305 132 122 0 77 100 0 78 65 341 0 45 12 59 65 367 428 554 0 0 0 0 213 124 0 68 60 
300 131 121 0 76 96 0 79 65 343 0 45 12 69 64 377 446 556 0 0 0 0 190 124 0 67 60 
300 131 121 0 75 97 0 76 66 351 0 43 12 76 64 410 439 536 0 0 0 0 158 124 0 68 60 
302 128 119 0 73 85 0 71 66 350 0 43 14 72 63 377 431 604 0 0 0 0 153 124 0 68 60 
301 129 119 0 72 79 0 79 66 345 0 51 13 69 63 385 430 678 0 0 0 0 215 124 0 68 60 
306 131 120 0 71 76 0 83 65 346 0 53 13 59 63 385 457 590 0 0 0 0 148 124 0 67 60 
297 135 123 0 71 78 0 84 64 340 0 51 13 60 64 365 725 642 0 0 0 0 149 124 0 67 60 
296 124 120 0 72 79 0 78 64 346 0 49 13 66 65 385 555 622 0 0 0 0 129 124 0 66 60 
306 131 120 0 73 85 0 81 63 350 0 45 12 66 68 396 547 646 0 0 0 0 168 124 0 65 60 
302 138 119 0 74 88 0 79 64 348 0 47 12 73 68 382 495 526 0 0 0 0 126 124 0 65 60 
301 129 123 0 76 85 0 78 64 342 0 47 12 61 65 427 502 598 0 0 0 0 152 124 0 66 60 
300 125 119 0 76 85 0 78 65 341 0 43 13 71 63 362 474 652 0 0 0 0 181 124 0 68 60 
305 129 116 0 78 85 0 73 65 348 0 47 14 81 61 371 461 683 0 0 0 0 170 124 0 69 60 
302 137 118 0 78 85 0 76 65 354 0 48 14 82 63 385 444 616 0 0 0 10 152 124 0 70 60 
303 133 115 0 79 89 0 77 65 348 0 48 13 63 64 431 498 620 0 0 0 0 184 124 0 71 60 
304 132 119 0 79 97 0 73 66 344 0 48 12 41 67 390 493 619 0 0 0 0 189 124 0 71 60 
305 141 120 0 79 100 0 77 66 343 0 51 12 45 70 433 499 656 0 0 0 0 182 124 0 70 60 
304 127 116 0 79 100 0 75 64 343 0 55 12 66 67 361 491 651 0 0 0 0 128 124 0 68 60 
301 128 116 0 79 91 0 79 64 347 0 53 13 70 63 397 459 627 0 0 0 0 161 124 0 67 60 
298 132 117 0 79 87 0 84 65 345 0 56 12 68 63 375 450 703 0 0 0 0 208 124 0 67 60 
306 127 118 0 78 85 0 80 64 345 0 58 14 67 64 396 435 682 0 0 0 0 150 124 0 66 60 
307 123 117 0 77 81 0 78 64 348 0 55 13 77 66 421 450 631 0 0 0 0 228 124 0 65 60 
297 126 122 0 75 79 0 76 65 347 0 59 12 70 64 375 445 667 0 0 0 0 195 124 0 66 60 
302 124 117 0 76 84 0 73 65 348 0 57 14 72 64 398 436 617 0 0 0 0 161 124 0 66 60 
304 121 119 0 75 90 0 80 65 348 0 56 16 64 65 382 409 642 0 0 0 0 177 124 0 66 60 
304 127 117 0 72 86 0 77 65 342 0 57 15 72 66 331 444 659 0 0 0 0 154 124 0 65 60 
305 131 116 0 74 82 0 78 65 335 0 54 14 70 65 408 462 680 0 0 0 0 160 124 0 66 60 
303 130 117 0 74 85 0 82 65 340 0 52 16 85 67 427 480 602 0 0 0 0 151 124 0 66 60 
302 123 119 0 73 89 0 76 64 350 0 50 16 75 73 394 492 607 0 0 0 0 191 124 0 66 60 
301 131 118 0 70 92 0 77 65 349 0 53 16 63 65 390 422 696 0 0 0 0 169 124 0 68 60 
304 127 119 0 75 84 0 76 65 344 0 53 15 68 65 403 461 645 0 0 0 0 140 124 0 69 60 
303 124 119 0 74 77 0 77 67 343 0 51 17 93 63 401 444 636 0 0 0 0 165 124 0 68 60 
301 137 115 0 70 81 0 81 66 347 0 52 17 80 64 391 422 575 0 0 0 0 159 124 0 69 60 
302 133 117 0 77 81 0 76 65 352 0 52 17 62 66 377 426 635 0 0 0 0 211 124 0 68 60 
302 127 119 0 70 81 0 75 64 346 0 49 16 52 65 411 406 554 0 0 0 0 157 124 0 68 60 
303 132 120 0 70 79 0 79 64 344 0 50 17 81 65 373 443 600 0 0 0 0 202 124 0 68 60 
299 132 118 0 78 82 0 78 63 343 0 47 15 82 64 388 435 593 0 0 0 0 181 124 0 68 60 
302 130 117 0 69 79 0 77 65 338 0 45 13 82 64 432 467 575 0 0 0 0 196 124 0 68 60 
300 128 117 0 74 84 0 77 66 344 0 42 14 56 63 397 443 574 0 0 0 0 185 124 0 69 60 
306 129 117 0 77 90 0 83 65 347 0 43 14 60 64 430 398 561 0 0 0 0 194 124 0 69 60 
299 131 117 0 78 92 0 81 65 345 0 47 14 72 63 363 445 632 0 0 0 0 152 124 0 68 60 
300 133 119 0 77 91 0 79 63 339 0 55 14 75 65 411 421 607 0 0 0 0 185 124 0 69 60 
302 130 120 0 77 91 0 75 64 343 0 53 13 72 63 417 418 595 0 0 0 0 169 124 0 69 60 
304 128 117 0 77 93 0 81 64 350 0 56 12 70 63 392 462 575 0 0 0 0 157 124 0 69 60 
303 129 118 0 77 89 0 81 64 354 0 57 11 59 66 392 437 594 0 0 0 10 186 124 0 69 60 
301 127 116 0 76 89 0 77 65 351 0 54 12 60 65 418 453 528 0 0 0 10 171 124 0 69 60 
297 135 120 0 76 92 0 79 65 345 0 56 12 66 65 390 421 640 0 0 0 0 172 124 0 68 60 
300 127 119 0 76 105 0 76 64 346 0 55 13 66 67 400 388 579 0 0 0 0 154 124 0 68 60 
300 124 121 0 76 106 0 71 64 347 0 55 13 73 64 377 416 564 0 0 0 0 151 124 0 68 60 
304 134 117 0 76 104 0 74 64 348 0 58 12 59 64 386 422 587 0 0 0 0 163 124 0 68 60 
301 136 119 0 76 92 0 78 65 344 0 54 14 71 65 366 424 574 0 0 0 0 127 124 0 67 60 
306 124 120 0 77 82 0 75 64 348 0 54 13 80 65 424 473 558 0 0 0 0 151 124 0 67 60 
305 124 121 0 77 76 0 79 66 347 0 54 12 82 68 421 425 471 0 0 0 0 212 124 0 67 60 
301 133 118 0 77 77 0 78 66 349 0 53 12 66 66 373 404 623 0 0 0 0 159 124 0 67 60 
299 130 115 0 77 79 0 80 66 346 0 54 12 40 65 423 379 576 0 0 0 0 205 124 0 67 60 
303 134 117 0 77 84 0 84 65 346 0 52 12 45 65 371 451 607 0 0 0 0 167 124 0 67 60 
302 141 119 0 76 83 0 78 65 340 0 57 12 64 63 395 484 647 0 0 0 0 121 124 0 67 60 
301 131 115 0 77 74 0 80 64 331 0 61 12 71 64 356 459 558 0 0 0 0 153 124 0 67 60 
308 128 118 0 75 69 0 84 64 342 0 60 11 67 63 339 401 562 0 0 0 0 114 124 0 67 60 
301 133 114 0 76 75 0 71 64 347 0 57 10 65 64 416 401 577 0 0 0 0 170 130 0 67 60 
300 130 120 0 75 83 0 77 65 342 0 56 11 79 63 425 456 643 0 0 0 0 182 130 0 66 60 
302 131 119 0 75 83 0 75 64 342 0 56 11 68 65 388 451 599 0 0 0 0 198 130 0 66 60 
303 127 120 0 75 90 0 76 65 341 0 54 12 70 65 401 440 644 0 0 0 0 205 130 0 65 60 
303 126 118 0 75 97 0 81 64 347 0 52 12 65 63 375 414 617 0 0 0 0 208 130 0 65 60 
304 121 118 0 75 102 0 78 66 351 0 53 12 70 66 446 450 611 0 0 0 0 174 130 0 66 60 
302 124 118 0 75 105 0 78 64 345 0 54 12 69 64 401 398 577 0 0 0 0 168 130 0 66 60 
302 126 119 0 75 101 0 82 64 346 0 57 12 87 62 370 412 625 0 0 0 0 209 130 0 65 60 
302 133 118 0 74 92 0 76 64 344 0 63 12 75 67 417 428 612 0 0 0 0 173 130 0 65 60 
300 127 122 0 73 83 0 75 64 341 0 61 14 62 64 396 407 602 0 0 0 0 189 130 0 66 60 
301 122 119 0 73 74 0 74 65 349 0 63 14 67 66 413 393 663 0 0 0 0 203 130 0 65 60 
298 124 120 0 73 71 0 72 64 348 0 62 13 92 68 384 450 587 0 0 0 0 165 130 0 66 60 
304 129 120 0 74 72 0 77 65 344 0 54 13 80 65 398 422 574 0 0 0 0 168 130 0 66 60 
302 128 119 0 75 73 0 79 65 340 0 55 12 63 61 382 463 609 0 0 0 0 196 130 0 66 60 
301 133 120 0 76 77 0 80 66 344 0 49 13 52 62 370 448 665 0 0 0 0 177 130 0 67 60 
305 130 124 0 76 84 0 83 66 351 0 47 12 78 62 364 445 603 0 0 0 0 150 130 0 68 60 
304 138 121 0 76 96 0 77 67 351 0 47 13 82 65 405 447 550 0 0 0 0 156 130 0 68 60 
301 133 123 0 77 98 0 78 66 344 0 48 14 83 67 385 432 636 0 0 0 0 234 130 0 67 60 
305 133 123 0 78 95 0 79 64 345 0 48 13 56 68 399 427 517 0 0 0 0 135 130 0 66 60 
301 127 122 0 79 89 0 76 63 343 0 51 13 59 67 433 432 601 0 0 0 0 141 130 0 67 60 
302 126 121 0 79 80 0 77 64 349 0 52 13 73 65 373 455 648 0 0 0 0 226 130 0 66 60 
300 129 119 0 80 75 0 75 65 347 0 53 12 75 62 362 436 630 0 0 0 0 182 130 0 65 60 
300 132 122 0 80 76 0 76 65 348 0 57 13 70 65 375 453 632 0 0 0 0 125 130 0 66 60 
305 128 122 0 81 71 0 77 66 349 0 57 12 70 65 367 442 619 0 0 0 0 228 130 0 65 60 
301 132 126 0 81 68 0 83 65 348 0 56 12 61 64 436 466 608 0 0 0 0 158 130 0 66 60 
304 131 118 0 80 63 0 80 65 349 0 52 13 58 65 382 411 482 0 0 0 0 205 130 0 66 60 
297 130 122 0 79 66 0 77 64 349 0 46 14 68 64 400 426 550 0 0 0 0 140 130 0 67 60 
304 129 118 0 79 76 0 82 65 344 0 42 13 67 65 399 445 628 0 0 0 0 145 130 0 68 60 
302 131 122 0 78 77 0 76 65 337 0 39 12 73 65 394 414 588 0 0 0 0 124 130 0 67 60 
302 129 122 0 77 83 0 78 66 342 0 42 13 58 64 402 397 566 0 0 0 0 196 130 0 67 60 
299 128 122 0 76 90 0 78 66 351 0 43 12 72 65 419 428 587 0 0 0 0 158 130 0 68 60 
303 134 120 0 75 99 0 76 65 353 0 51 12 81 65 379 438 566 0 0 0 0 160 130 0 67 60 
302 136 125 0 75 111 0 78 64 344 0 53 13 80 63 381 404 534 0 0 0 0 138 130 0 66 60 
302 125 120 0 74 111 0 74 63 344 0 55 13 63 63 415 377 595 0 0 0 10 209 130 0 66 60 
304 134 121 0 74 107 0 81 64 343 0 56 13 41 64 377 413 579 0 0 0 0 159 130 0 65 60 
302 133 120 0 73 103 0 79 64 351 0 59 13 47 64 396 479 588 0 0 0 0 170 130 0 65 60 
305 137 112 0 74 98 0 74 64 348 0 60 12 67 65 374 457 535 0 0 0 0 149 130 0 65 60 
302 130 121 0 75 93 0 78 63 343 0 61 12 72 64 370 423 539 0 0 0 10 185 130 0 65 60 
305 130 121 0 75 90 0 79 64 341 0 55 12 65 63 449 418 609 0 0 0 0 169 130 0 66 60 
302 128 119 0 76 92 0 78 63 341 0 59 13 66 63 376 392 569 0 0 0 0 170 130 0 66 60 
304 125 117 0 76 85 0 77 65 342 0 57 12 78 62 398 462 605 0 0 0 0 192 130 0 66 60 
303 135 119 0 76 69 0 74 64 348 0 58 12 65 64 393 439 612 0 0 0 0 194 130 0 65 60 
302 131 117 0 75 72 0 78 66 344 0 61 12 70 64 370 444 545 0 0 0 0 157 130 0 65 60 
305 132 119 0 76 72 0 80 66 340 0 62 12 66 63 376 462 551 0 0 0 0 168 130 0 66 60 
301 131 122 0 75 71 0 76 65 344 0 59 11 70 64 374 476 605 0 0 0 0 167 130 0 66 60 
299 125 118 0 76 72 0 81 65 350 0 58 12 72 65 366 445 615 0 0 0 0 204 130 0 65 60 
301 125 119 0 75 75 0 80 64 355 0 54 12 87 66 373 436 612 0 0 0 0 156 130 0 66 60 
301 124 118 0 75 74 0 76 65 350 0 50 13 72 65 433 395 625 0 0 0 0 200 130 0 66 60 
305 126 115 0 76 72 0 72 65 345 0 48 12 61 66 438 425 590 0 0 0 0 185 130 0 66 60 
301 130 119 0 75 71 0 79 66 345 0 43 12 74 66 365 435 595 0 0 0 0 187 130 0 66 60 
307 129 119 0 74 73 0 81 65 348 0 47 13 98 65 369 433 582 0 0 0 0 199 130 0 67 60 
303 127 119 0 74 71 0 81 65 348 0 41 12 74 63 406 430 630 0 0 0 0 187 130 0 68 60 
301 129 119 0 74 68 0 80 66 343 0 34 13 57 65 388 420 612 0 0 0 0 163 130 0 69 60 
301 134 119 0 74 69 0 80 65 347 0 34 13 62 64 437 389 696 0 0 0 0 166 130 0 70 60 
298 128 116 0 74 70 0 81 65 347 0 32 12 81 63 426 440 622 0 0 0 0 129 130 0 71 60 
301 130 119 0 74 69 0 79 65 346 0 36 13 83 64 390 454 615 0 0 0 0 171 130 0 70 60 
305 131 119 0 74 66 0 74 65 347 0 41 13 80 64 403 438 632 0 0 0 0 158 130 0 71 60 
298 134 121 0 74 67 0 76 66 345 0 45 12 52 64 388 451 610 0 0 0 0 162 130 0 70 60 
305 131 119 0 73 69 0 81 67 336 0 54 12 65 64 371 448 648 0 0 0 0 168 130 0 71 60 
304 129 118 0 73 65 0 76 66 335 0 55 14 71 65 393 453 664 0 0 0 0 177 130 0 70 60 
306 126 118 0 74 65 0 72 65 341 0 43 13 78 63 367 440 624 0 0 0 0 121 130 0 70 60 
305 127 117 0 74 65 0 70 64 333 0 33 11 0 54 349 440 621 0 0 0 0 205 130 0 68 60 
305 0 74 0 71 67 0 28 41 111 0 33 10 0 0 408 453 653 0 0 0 0 212 130 0 67 60 
305 0 0 0 62 62 0 0 0 0 0 31 0 0 0 377 426 666 0 0 0 0 125 130 0 66 60 
307 0 0 0 52 61 0 0 0 0 0 30 0 0 0 391 456 675 0 0 0 0 161 130 0 66 60 
305 0 0 0 37 62 0 0 0 0 0 32 0 0 0 394 362 665 0 0 0 0 157 130 0 66 60 
90 0 0 0 21 63 0 0 0 0 0 32 0 0 0 257 379 434 0 0 0 0 156 130 0 66 60 
0 0 0 0 10 62 0 0 0 0 0 29 0 0 0 248 364 431 0 0 0 0 155 130 0 66 60 
0 0 0 0 0 61 0 0 0 0 0 33 0 0 0 246 363 432 0 0 0 0 155 130 0 66 60 
0 0 0 0 0 63 0 0 0 0 0 31 0 0 0 250 376 430 0 0 0 0 154 130 0 68 60 
0 0 0 0 0 63 0 0 0 0 0 32 10 0 0 241 366 431 0 0 0 0 153 130 0 67 60 
0 0 0 0 0 63 0 0 0 0 0 33 10 0 0 255 364 447 0 0 0 0 153 130 0 68 60 
0 11 0 0 0 63 0 0 0 0 0 30 10 0 0 247 375 440 0 0 0 0 153 130 0 67 60 
0 205 0 0 0 64 0 0 0 0 0 31 0 0 0 245 372 430 0 0 0 0 153 130 0 67 60 
0 0 0 0 0 64 0 0 0 0 0 31 0 0 0 247 362 436 0 0 0 0 152 130 0 66 60 
0 14 0 0 0 63 0 0 0 0 0 30 10 0 0 259 365 429 0 0 0 0 151 130 0 66 60 
0 63 0 0 0 62 0 0 0 0 0 33 0 0 0 254 372 430 0 0 0 0 152 130 0 66 60 
0 105 0 0 0 64 0 0 0 0 0 31 0 0 0 258 371 435 0 0 0 0 152 130 0 66 60 
0 0 0 0 0 65 0 0 0 0 0 28 0 0 0 258 370 431 0 0 0 0 151 130 0 65 60 
0 54 0 0 0 63 0 0 0 0 0 32 10 0 0 250 371 444 0 0 0 0 152 130 0 66 60 
0 178 0 0 0 63 0 0 0 0 0 34 0 0 0 249 377 443 0 0 0 0 152 130 0 67 60 
0 295 0 0 0 64 0 0 0 0 0 32 0 0 0 255 363 444 0 0 0 0 152 130 0 68 60 
0 175 0 0 0 64 0 0 0 0 0 32 10 0 0 254 364 445 0 0 0 0 150 130 0 69 60 
0 378 0 0 0 63 0 0 0 0 0 32 10 0 0 258 377 442 0 0 0 0 152 130 0 69 60 
0 151 0 0 0 62 0 0 0 0 0 32 0 0 0 259 366 430 0 0 0 0 151 130 0 70 60 
0 84 0 0 0 62 0 0 0 0 0 31 0 0 0 253 374 440 0 0 0 0 151 130 0 69 60 
0 176 0 0 0 64 0 0 0 0 0 30 0 0 0 248 375 445 0 0 0 0 151 130 0 68 60 
0 161 0 0 0 63 0 0 0 0 0 32 10 0 0 258 371 445 0 0 0 0 151 130 0 67 60 
0 252 0 0 0 62 0 0 0 0 0 30 10 0 0 259 374 443 0 0 0 0 151 130 0 66 60 
0 163 0 0 0 65 0 0 0 0 0 32 10 0 0 258 377 433 0 0 0 0 151 130 0 66 60 
0 176 0 0 0 61 0 0 0 0 0 32 0 0 0 253 373 427 0 0 0 0 151 130 0 66 60 
0 196 0 0 0 61 0 0 0 0 0 32 0 0 0 249 377 439 0 0 0 0 150 130 0 66 60 
0 273 0 0 0 62 0 0 0 0 0 30 0 0 0 260 377 438 0 0 0 0 151 130 0 66 60 
0 169 0 0 0 63 0 0 0 0 0 32 0 0 0 258 368 440 0 0 0 0 151 130 0 66 60 
0 178 0 0 0 63 0 0 0 0 0 33 0 0 0 258 367 440 0 0 0 0 151 130 0 66 60 
0 287 0 0 0 63 0 0 0 0 0 34 0 0 0 252 364 444 0 0 0 0 151 130 0 65 60 
0 278 0 0 0 62 0 0 0 0 0 30 10 0 0 255 376 431 0 0 0 0 151 130 0 66 60 
0 476 0 0 0 65 0 0 0 0 0 29 0 0 0 248 368 435 0 0 0 0 150 130 0 66 60 
0 281 0 0 0 63 0 0 0 0 0 33 0 0 0 258 363 443 0 0 0 0 151 130 0 66 60 
0 270 0 0 0 62 0 0 0 0 0 32 0 0 0 248 361 437 0 0 0 10 150 130 0 66 60 
0 381 0 0 0 62 0 0 0 0 0 33 0 0 0 245 364 438 0 0 0 0 150 130 0 65 60 
0 581 0 0 0 63 0 0 0 0 0 33 0 0 0 254 372 426 0 0 0 0 149 130 0 65 60 
0 239 0 0 0 63 0 0 0 0 0 32 0 0 0 257 365 445 0 0 0 0 150 130 0 65 60 
0 512 0 0 0 63 0 0 0 0 0 32 0 0 0 261 374 440 0 0 0 0 151 130 0 66 60 
0 165 0 0 0 64 0 0 0 0 0 31 0 0 0 244 372 443 0 0 0 0 150 130 0 66 60 
0 386 0 0 0 65 0 0 0 0 0 31 0 0 0 258 368 442 0 0 0 0 151 130 0 66 60 
0 476 0 0 0 63 0 0 0 0 0 32 0 0 0 258 362 430 0 0 0 0 150 130 0 66 60 
0 438 0 0 0 61 0 0 0 0 0 31 0 0 0 258 377 427 0 0 0 0 151 130 0 66 60 
0 233 0 0 0 63 0 0 0 0 0 34 0 0 0 248 376 442 0 0 0 0 150 130 0 67 60 
0 397 0 0 0 64 0 0 0 0 0 34 0 0 0 250 363 433 0 0 0 0 149 130 0 66 60 
0 330 0 0 0 63 0 0 0 0 0 32 0 0 0 258 365 435 0 0 0 0 150 130 0 65 60 
0 352 0 0 0 61 0 0 0 0 0 32 0 0 0 259 374 427 0 0 0 0 150 130 0 65 60 
0 331 0 0 0 63 0 0 0 0 0 32 0 0 0 259 364 440 0 0 0 0 150 130 0 65 60 
0 307 0 0 0 63 0 0 0 0 0 32 0 0 0 248 367 442 0 0 0 0 149 130 0 65 60 
0 275 0 0 0 62 0 0 0 0 0 33 0 0 0 251 373 426 0 0 0 0 150 130 0 65 60 
0 273 0 0 0 63 0 0 0 0 0 33 0 0 0 250 371 440 0 0 0 0 150 130 0 66 60 
0 273 0 0 0 64 0 0 0 0 0 31 0 0 0 245 365 434 0 0 0 0 150 130 0 66 60 
0 259 0 0 0 64 0 0 0 0 0 32 10 0 0 246 376 422 0 0 0 0 150 130 0 66 60 
0 263 0 0 0 62 0 0 0 0 0 31 10 0 0 245 368 442 0 0 0 0 151 130 0 65 60 
0 236 0 0 0 61 0 0 0 0 0 33 11 0 0 244 362 437 0 0 0 0 150 130 0 66 60 
0 189 0 0 0 64 0 0 0 0 0 34 11 0 0 243 375 440 0 0 0 0 149 130 0 67 60 
0 200 0 0 0 63 0 0 0 0 0 34 11 0 0 247 372 428 0 0 0 0 149 130 0 68 60 
0 207 0 0 0 61 0 0 0 0 0 33 10 0 0 246 362 425 0 0 0 0 150 130 0 68 60 
0 204 0 0 0 61 0 0 0 0 0 33 10 0 0 257 370 427 0 0 0 0 150 130 0 68 60 
0 199 0 0 0 58 0 0 0 0 0 34 11 0 0 251 371 428 0 0 0 0 150 130 0 68 60 
0 216 0 0 0 61 0 0 0 0 0 33 11 0 0 247 374 424 0 0 0 0 150 130 0 68 60 
0 223 0 0 0 59 0 0 0 0 0 35 11 0 0 243 362 427 0 0 0 0 149 130 0 68 60 
0 201 0 0 0 58 0 0 0 0 0 33 11 0 0 258 375 429 0 0 0 0 150 130 0 68 60 
0 206 0 0 0 62 0 0 0 0 0 34 11 0 0 257 365 422 0 0 0 0 150 130 0 67 60 
0 200 0 0 0 62 0 0 0 0 0 34 11 0 0 251 364 425 0 0 0 0 150 130 0 67 60 
0 162 0 0 0 61 0 0 0 0 0 33 11 0 0 253 371 430 0 0 0 0 149 130 0 67 60 
0 208 0 0 0 62 0 0 0 0 0 33 11 0 0 252 378 427 0 0 0 0 150 130 0 66 60 
0 212 0 0 0 62 0 0 0 0 0 36 11 0 0 248 364 437 0 0 0 0 150 130 0 66 60 
0 189 0 0 0 60 0 0 0 0 0 32 11 0 0 253 362 436 0 0 0 0 150 130 0 66 60 
0 198 0 0 0 61 0 0 0 0 0 34 11 0 0 247 372 439 0 0 0 0 150 130 0 65 60 
0 208 0 0 0 63 0 0 0 0 0 33 11 0 0 243 362 442 0 0 0 0 149 130 0 66 60 
0 212 0 0 0 63 0 0 0 0 0 34 11 0 0 247 372 441 0 0 0 0 149 130 0 66 60 
0 207 0 0 0 63 0 0 0 0 0 33 11 0 0 258 374 442 0 0 0 10 150 130 0 65 60 
0 202 0 0 0 62 0 0 0 0 0 34 11 0 0 259 361 426 0 0 0 0 150 130 0 66 60 
0 185 0 0 0 63 0 0 0 0 0 33 10 0 0 258 361 431 0 0 0 0 149 130 0 66 60 
0 188 0 0 0 65 0 0 0 0 0 33 11 0 0 258 376 438 0 0 0 0 150 130 0 66 60 
0 208 0 0 0 62 0 0 0 0 0 33 11 0 0 257 369 436 0 0 0 0 149 130 0 66 60 
0 199 0 0 0 62 0 0 0 0 0 35 11 0 0 256 376 435 0 0 0 0 150 130 0 66 60 
0 197 0 0 0 62 0 0 0 0 0 33 11 0 0 250 365 427 0 0 0 0 149 130 0 68 60 
0 192 0 0 0 63 0 0 0 0 0 33 11 0 0 244 364 424 0 0 0 0 150 130 0 69 60 
0 189 0 0 0 61 0 0 0 0 0 34 11 0 0 258 374 433 0 0 0 0 149 130 0 70 60 
0 194 0 0 0 61 0 0 0 0 0 34 11 0 0 257 376 427 0 0 0 0 150 130 0 71 60 
0 197 0 0 0 64 0 0 0 0 0 33 11 0 0 247 376 423 0 0 0 0 150 130 0 71 60 
0 195 0 0 0 64 0 0 0 0 0 33 11 0 0 246 375 438 0 0 0 0 149 130 0 71 60 
0 177 0 0 0 62 0 0 0 0 0 33 11 0 0 259 378 423 0 0 0 0 150 130 0 71 60 
0 193 0 0 0 62 0 0 0 0 0 35 11 0 0 245 368 429 0 0 0 0 149 130 0 71 60 
0 180 0 0 0 62 0 0 0 0 0 34 11 0 0 247 377 441 0 0 0 0 149 130 0 70 60 
0 191 0 0 0 62 0 0 0 0 0 33 11 0 0 259 364 426 0 0 0 0 150 130 0 71 60 
0 182 0 0 0 60 0 0 0 0 0 33 11 0 0 250 375 433 0 0 0 0 150 130 0 70 60 
0 202 0 0 0 61 0 0 0 0 0 33 11 0 0 247 370 425 0 0 0 0 149 130 0 70 60 
0 183 0 0 0 57 0 0 0 0 0 35 11 0 0 258 377 435 0 0 0 0 149 130 0 70 60 
0 175 0 0 0 60 0 0 0 0 0 34 11 0 0 259 375 430 0 0 0 0 149 130 0 68 60 
0 190 0 0 0 56 0 0 0 0 0 33 11 0 0 258 374 430 0 0 0 0 149 130 0 68 60 
0 180 0 0 0 59 0 0 0 0 0 35 11 0 0 246 374 427 0 0 0 0 149 130 0 67 60 
0 189 0 0 0 61 0 0 0 0 0 34 11 0 0 252 375 424 0 0 0 0 149 130 0 66 60 
0 189 0 0 0 60 0 0 0 0 0 34 10 0 0 244 375 437 0 0 0 0 149 130 0 66 60 
0 200 0 0 0 60 0 0 0 0 0 33 10 0 0 249 361 433 0 0 0 0 149 130 0 65 60 
0 176 0 0 0 61 0 0 0 0 0 33 10 0 0 254 366 442 0 0 0 0 149 130 0 66 60 
0 146 0 0 0 63 0 0 0 0 0 34 12 0 0 251 377 438 0 0 0 0 149 130 0 66 60 
0 45 0 0 0 61 0 0 0 0 0 33 12 0 0 248 367 423 0 0 0 0 149 130 0 67 60 
0 19 0 0 0 61 0 0 0 0 0 34 12 0 0 244 375 433 0 0 0 0 149 130 0 67 60 
0 0 0 0 0 60 0 0 0 0 0 34 12 0 0 250 362 427 0 0 0 0 149 130 0 68 60 
0 0 0 0 0 62 0 0 0 0 0 33 12 0 0 257 372 441 0 0 0 0 148 130 0 68 60 
0 0 0 0 0 61 0 0 0 0 0 33 12 0 0 245 376 436 0 0 0 0 149 130 0 68 60 
0 53 0 0 0 60 0 0 0 0 0 33 12 0 0 259 365 422 0 0 0 0 149 130 0 68 60 
0 13 0 0 0 62 0 0 0 0 0 33 12 0 0 257 368 433 0 0 0 0 149 130 0 68 60 
0 0 0 0 0 63 0 0 0 0 0 33 12 0 0 259 368 425 0 0 0 0 150 130 0 68 60 
0 0 0 0 0 61 0 0 0 0 0 35 12 0 0 248 373 430 0 0 0 0 149 130 0 67 60 
0 0 0 0 0 61 0 0 0 0 0 33 12 0 0 247 367 440 0 0 0 0 148 130 0 67 60 
0 19 0 0 0 61 0 0 0 0 0 33 12 0 0 258 365 438 0 0 0 0 149 130 0 67 60 
0 0 0 0 0 62 0 0 0 0 0 33 12 0 0 255 376 428 0 0 0 0 149 130 0 67 60 
0 0 0 0 0 60 0 0 0 0 0 33 10 0 0 258 364 425 0 0 0 0 149 130 0 67 60 
0 0 0 0 0 60 0 0 0 0 0 34 10 0 0 252 364 434 0 0 0 0 149 130 0 67 60 
0 0 0 0 0 62 0 0 0 0 0 33 11 0 0 248 375 424 0 0 0 0 149 130 0 67 60 
0 0 0 0 0 61 0 0 0 0 0 34 11 0 0 259 374 440 0 0 0 0 149 130 0 67 60 
0 0 0 0 0 59 0 0 0 0 0 33 11 0 0 255 366 442 0 0 0 0 149 130 0 66 60 
0 0 0 0 0 58 0 0 0 0 0 32 11 0 0 250 366 428 0 0 0 0 149 130 0 66 60 
0 0 0 0 0 62 0 0 0 0 0 34 11 0 0 246 376 442 0 0 0 0 149 130 0 66 60 
0 0 0 0 0 62 0 0 0 0 0 33 11 0 10 242 372 435 0 0 0 0 149 130 0 66 60 
0 0 0 0 0 61 0 0 0 0 0 34 11 0 0 254 376 424 0 0 0 0 149 130 0 65 60 
0 0 0 0 0 59 0 0 0 0 0 35 11 0 0 248 362 442 0 0 0 0 149 130 0 65 60 
0 0 0 0 0 63 0 0 0 0 0 34 11 0 0 246 372 436 0 0 0 0 149 130 0 65 60 
0 0 0 0 0 60 0 0 0 0 0 34 11 0 10 255 364 430 0 0 0 0 149 130 0 65 60 
0 0 0 0 0 61 0 0 0 0 0 33 11 0 0 245 363 426 0 0 0 0 148 130 0 66 60 
0 0 0 0 0 62 0 0 0 0 0 35 11 0 0 254 365 440 0 0 0 0 149 130 0 66 60 
0 0 0 0 0 65 0 0 0 0 0 34 11 0 0 249 372 440 0 0 0 0 149 130 0 67 60 
0 0 0 0 0 64 0 0 0 0 0 33 11 0 0 246 376 436 0 0 0 0 149 130 0 68 60 
0 0 0 0 0 63 0 0 0 0 0 35 11 0 0 252 360 435 0 0 0 0 149 130 0 69 60 
0 0 0 0 0 63 0 0 0 0 0 35 12 0 0 259 366 423 0 0 0 0 149 130 0 71 60 
0 24 0 0 0 75 0 14 0 20 0 42 16 60 27 242 361 430 0 0 0 0 149 130 0 70 60 
0 126 80 0 0 100 0 70 36 221 0 51 22 68 64 255 360 425 0 0 0 0 149 130 0 71 60 
0 125 113 0 13 153 0 70 66 379 0 65 29 59 62 243 363 425 0 0 0 0 149 130 0 70 60 
0 121 112 0 27 200 0 61 64 352 0 85 33 61 64 243 377 425 0 0 0 0 148 130 0 71 60 
0 122 113 0 46 200 0 71 64 351 0 100 38 66 63 256 338 443 0 0 0 0 170 130 0 72 60 
260 130 115 0 65 200 0 69 64 356 0 100 43 72 63 35 0 88 0 0 0 0 144 130 0 72 60 
265 122 115 0 79 200 0 66 63 352 0 100 48 77 63 100 70 86 0 0 0 0 61 130 0 73 60 
278 126 116 0 89 200 0 66 64 347 0 100 50 66 63 338 415 511 0 0 0 0 94 130 0 73 60 
281 125 115 0 93 177 0 70 65 342 0 100 49 82 66 398 514 604 0 0 0 0 143 130 0 71 60 
288 129 117 0 92 137 0 69 66 342 0 100 46 79 71 403 527 610 0 0 0 0 141 130 0 69 60 
293 129 112 0 90 103 0 72 66 351 0 100 42 77 75 421 507 627 0 0 0 0 149 130 0 68 60 
296 135 118 0 88 92 0 74 66 349 0 100 37 59 75 349 483 636 0 0 0 0 206 130 0 66 60 
296 131 118 0 85 78 0 69 66 339 0 100 33 42 67 379 473 709 0 0 0 0 172 130 0 66 60 
296 121 117 0 85 80 0 75 65 340 0 91 27 47 62 363 540 715 0 0 0 0 186 130 0 66 60 
292 125 120 0 85 85 0 75 65 346 0 79 23 64 63 406 483 682 0 0 0 0 222 130 0 66 60 
301 129 118 0 86 93 0 72 66 358 0 63 17 69 63 424 452 683 0 0 0 0 166 130 0 66 60 
298 134 115 0 86 91 0 77 65 353 0 47 15 63 62 411 458 703 0 0 0 0 174 130 0 67 60 
293 135 116 0 86 78 0 75 65 346 0 35 13 64 66 377 416 663 0 0 0 0 193 130 0 66 60 
301 130 115 0 86 75 0 76 66 346 0 30 12 81 65 372 425 709 0 0 0 0 203 130 0 66 60 
302 125 120 0 85 76 0 76 66 346 0 28 15 69 64 394 461 701 0 0 0 0 180 130 0 67 60 
298 126 117 0 85 79 0 74 66 349 0 28 13 68 63 374 474 717 0 0 0 0 199 130 0 67 60 
301 128 117 0 85 82 0 77 65 347 0 27 13 65 63 404 441 661 0 0 0 0 159 130 0 68 60 
298 129 116 0 84 83 0 79 65 347 0 30 11 71 64 425 467 690 0 0 0 0 152 130 0 68 60 
302 132 118 0 84 87 0 76 66 352 0 25 12 65 64 380 474 701 0 0 0 0 149 130 0 68 60 
298 131 120 0 84 87 0 80 65 348 0 29 13 85 64 412 441 724 0 0 0 0 164 130 0 68 60 
301 128 118 0 82 84 0 82 65 349 0 27 13 78 65 419 474 704 0 0 0 0 187 130 0 68 60 
307 124 118 0 81 78 0 78 64 349 0 27 13 63 65 389 446 664 0 0 0 0 151 130 0 69 60 
299 125 118 0 80 83 0 77 65 337 0 27 14 63 65 400 426 693 0 0 0 0 237 130 0 69 60 
302 128 120 0 78 84 0 81 65 334 0 28 15 92 67 425 410 724 0 0 0 0 180 130 0 69 60 
305 133 122 0 77 81 0 80 65 339 0 30 15 85 68 396 442 632 0 0 0 0 166 130 0 70 60 
305 127 120 0 75 81 0 76 64 353 0 26 13 66 72 349 424 719 0 0 0 0 177 130 0 70 60 
305 127 118 0 75 83 0 76 66 348 0 27 13 49 87 348 414 644 0 0 0 0 188 130 0 70 60 
305 134 121 0 75 81 0 74 65 341 0 28 14 77 87 407 524 596 0 0 0 0 164 130 0 71 60 
297 131 117 0 75 78 0 73 65 338 0 28 14 82 65 400 488 560 0 0 0 0 152 130 0 70 60 
306 132 122 0 75 79 0 75 63 346 0 28 14 85 62 390 424 612 0 0 0 0 165 130 0 68 60 
305 130 122 0 75 82 0 74 63 351 0 31 15 63 61 372 416 445 0 0 0 0 163 130 0 67 60 
306 134 123 0 77 83 0 80 63 346 0 34 14 50 60 441 384 596 0 0 0 0 127 130 0 66 60 
302 132 120 0 78 85 0 79 65 342 0 33 14 69 60 373 420 607 0 0 0 10 170 130 0 66 60 
308 131 122 0 78 86 0 77 65 338 0 31 14 75 60 396 437 608 0 0 0 10 202 130 0 65 60 
305 128 119 0 79 87 0 83 66 342 0 32 15 74 59 378 433 605 0 0 0 10 219 130 0 65 60 
303 132 122 0 79 89 0 79 66 349 0 29 15 65 60 400 414 590 0 0 0 10 158 130 0 65 60 
304 131 121 0 78 89 0 77 67 350 0 29 15 67 62 337 398 520 0 0 0 0 202 130 0 65 60 
301 128 116 0 78 99 0 81 65 345 0 31 15 60 62 380 457 527 0 0 0 0 146 130 0 66 60 
302 133 121 0 77 100 0 73 64 343 0 31 17 64 62 423 414 579 0 0 0 0 192 130 0 65 60 
306 126 122 0 76 95 0 77 63 346 0 30 16 65 63 372 422 604 0 0 0 0 192 130 0 65 60 
304 128 118 0 77 88 0 77 65 356 0 33 15 74 62 422 418 546 0 0 0 0 181 130 0 65 60 
302 130 121 0 76 92 0 73 65 354 0 30 17 65 63 377 452 500 0 0 0 0 122 130 0 66 60 
302 132 120 0 75 99 0 78 65 342 0 29 16 62 62 374 457 583 0 0 0 0 147 130 0 67 60 
302 128 121 0 74 106 0 88 64 346 0 31 18 84 63 430 452 552 0 0 0 0 158 130 0 66 60 
304 133 125 0 73 112 0 77 64 342 0 27 18 81 63 379 424 572 0 0 0 0 137 130 0 66 60 
299 131 121 0 73 111 0 75 64 348 0 28 20 71 64 392 436 578 0 0 0 0 217 130 0 66 60 
305 133 119 0 73 109 0 74 64 346 0 28 18 48 64 411 444 552 0 0 0 0 164 130 0 65 60 
301 133 119 0 73 95 0 78 66 335 0 30 16 44 63 418 390 539 0 0 0 0 183 130 0 66 60 
301 138 123 0 72 94 0 73 67 349 0 29 16 57 62 379 443 501 0 0 0 0 169 130 0 65 60 
297 123 122 0 75 95 0 72 66 350 0 25 15 71 63 402 461 570 0 0 0 0 170 130 0 65 60 
297 124 120 0 75 87 0 76 65 348 0 27 16 67 64 356 421 581 0 0 0 0 216 130 0 65 60 
307 131 119 0 76 72 0 81 64 348 0 30 15 64 63 414 430 573 0 0 0 0 179 130 0 65 60 
