302 127 87 0 84 0 80 89 108 348 0 29 29 20 27 370 449 670 0 0 0 86 212 140 0 74 73 
299 128 86 0 85 0 79 85 108 342 0 29 29 22 27 331 426 692 0 0 0 89 157 140 0 74 73 
301 133 88 0 85 0 80 93 109 350 0 27 30 22 26 356 430 752 0 0 0 93 155 140 0 74 73 
302 131 86 0 85 0 77 92 109 351 0 29 29 23 25 400 475 729 0 0 0 95 172 140 0 74 73 
303 123 84 0 86 0 80 85 110 350 0 28 31 21 27 396 437 729 0 0 0 93 198 140 0 74 73 
296 123 85 0 86 0 81 91 107 348 0 29 32 19 26 342 437 633 0 0 0 83 133 140 0 74 73 
300 125 89 0 87 0 85 90 108 343 0 28 30 22 26 382 414 705 0 0 0 84 182 140 0 74 73 
298 128 88 0 86 0 84 89 109 340 0 29 29 21 26 382 447 724 0 0 0 87 179 140 0 74 73 
301 130 88 0 86 0 85 86 107 336 0 29 30 24 26 368 477 689 0 0 0 90 187 140 0 74 73 
303 130 86 0 85 0 85 89 107 349 0 28 30 26 27 374 403 761 0 0 0 91 181 140 0 74 73 
301 125 84 0 85 0 85 86 108 353 0 28 29 26 26 342 422 716 0 0 0 93 200 140 0 74 73 
298 123 84 0 85 0 84 85 108 346 0 29 31 24 26 362 448 655 0 0 0 91 182 140 0 74 73 
304 128 89 0 85 0 85 91 107 344 0 28 31 26 25 362 471 691 0 0 0 86 188 140 0 74 73 
307 127 86 0 85 0 87 88 108 346 0 31 30 25 25 344 421 740 0 0 0 82 135 140 0 74 73 
297 133 86 0 86 0 87 94 111 353 0 30 30 22 24 344 433 748 0 0 0 77 135 140 0 74 73 
309 130 88 0 85 0 85 93 111 348 0 28 31 23 24 373 446 651 0 0 0 78 228 140 0 74 73 
301 129 87 0 85 0 87 89 108 345 0 29 31 21 25 367 434 704 0 0 0 76 150 140 0 74 73 
302 131 89 0 84 0 88 89 107 341 0 29 31 20 24 339 421 661 0 0 0 75 171 140 0 74 73 
303 137 85 0 83 0 86 88 108 340 0 26 30 19 26 346 439 665 0 0 0 81 171 140 0 74 73 
304 132 87 0 84 0 85 89 109 344 0 26 31 18 24 367 443 726 0 0 0 86 189 140 0 74 73 
304 128 86 0 84 0 86 89 109 349 0 26 29 20 24 358 425 685 0 0 0 91 179 140 0 74 73 
303 128 89 0 85 0 86 82 108 349 0 27 29 21 25 365 448 750 0 0 0 95 191 140 0 74 73 
304 126 89 0 86 0 86 88 108 340 0 27 28 21 25 345 400 657 0 0 0 93 184 140 0 74 73 
307 130 89 0 87 0 88 91 109 341 0 26 29 23 25 364 435 680 0 0 0 90 184 140 0 74 73 
302 131 86 0 87 0 90 89 109 352 0 29 30 28 26 396 421 543 0 0 0 89 145 140 0 74 73 
305 133 88 0 87 0 91 90 108 352 0 26 29 28 26 343 398 661 0 0 0 84 181 140 0 74 73 
302 135 86 0 87 0 90 85 107 345 0 31 29 29 25 368 450 649 0 0 0 85 170 140 0 74 73 
302 124 89 0 86 0 91 85 107 343 0 28 32 29 25 365 459 696 0 0 0 81 125 140 0 74 73 
302 128 86 0 84 0 93 83 109 346 0 29 32 29 25 379 425 630 0 0 0 79 140 140 0 74 73 
304 132 88 0 83 0 93 89 110 350 0 30 29 25 26 391 428 650 0 0 0 76 163 140 0 74 73 
301 125 86 0 82 0 94 89 109 348 0 29 29 23 26 367 418 615 0 0 0 80 184 140 0 74 73 
300 126 87 0 82 0 96 88 108 348 0 31 31 22 25 360 408 650 0 0 0 84 223 140 0 74 73 
298 132 85 0 83 0 98 89 108 352 0 27 32 22 26 355 410 621 0 0 0 84 153 140 0 74 73 
301 127 88 0 84 0 95 86 109 351 0 31 29 20 26 408 462 615 0 0 0 88 152 140 0 74 73 
299 131 87 0 86 0 93 92 108 350 0 29 30 20 26 377 469 668 0 0 0 88 137 140 0 74 73 
303 137 89 0 86 0 91 90 109 346 0 36 32 17 25 353 433 555 0 0 0 90 148 140 0 74 73 
301 130 86 0 87 0 92 92 108 343 0 31 29 16 25 372 436 618 0 0 0 88 194 140 0 73 73 
302 128 86 0 88 0 88 88 107 334 0 33 29 17 27 396 472 670 0 0 0 84 185 140 0 73 73 
299 127 85 0 89 0 85 85 108 341 0 33 31 18 27 353 442 596 0 0 0 76 166 140 0 73 73 
301 127 87 0 90 0 83 90 107 351 0 32 29 22 28 372 454 670 0 0 0 77 209 140 0 73 73 
304 137 84 0 91 0 82 88 107 349 0 31 30 14 29 377 402 649 0 0 0 83 205 140 0 73 73 
303 133 87 0 91 0 76 91 108 340 0 33 30 0 27 348 405 624 0 0 0 89 172 140 0 73 73 
301 134 88 0 90 0 75 90 110 342 0 33 31 0 29 336 463 535 0 0 0 88 156 140 0 74 73 
308 131 85 0 89 0 77 91 110 347 0 30 31 0 28 339 420 610 0 0 0 87 179 140 0 74 73 
306 133 86 0 87 0 78 92 107 352 0 31 29 0 29 392 412 639 0 0 0 84 177 140 0 74 73 
308 126 85 0 86 0 80 86 106 347 0 31 30 0 29 350 448 678 0 0 0 86 180 140 0 74 73 
296 128 88 0 86 0 82 89 107 344 0 29 30 0 30 372 421 675 0 0 0 85 170 140 0 74 73 
309 124 86 0 85 0 82 86 109 338 0 27 30 0 30 383 458 664 0 0 0 85 167 140 0 74 73 
288 130 86 0 85 0 82 89 107 338 0 27 28 0 30 333 420 616 0 0 0 84 184 140 0 74 73 
307 127 84 0 85 0 81 90 107 346 0 29 30 0 31 354 449 610 0 0 0 77 189 140 0 74 73 
293 125 84 0 85 0 83 88 108 348 0 29 30 0 29 351 428 640 0 0 0 84 174 140 0 74 73 
315 126 89 0 85 0 82 89 110 345 0 28 29 0 29 382 451 605 0 0 0 84 201 140 0 74 73 
309 125 86 0 86 0 83 90 108 343 0 27 29 0 30 348 442 708 0 0 0 81 175 140 0 74 73 
302 132 83 0 87 0 84 90 108 347 0 27 28 0 30 373 461 635 0 0 0 83 213 140 0 74 73 
314 126 88 0 88 0 85 88 107 357 0 29 29 0 29 348 423 700 0 0 0 81 130 140 0 74 73 
305 132 84 0 88 0 86 86 107 353 0 28 28 0 29 374 427 616 0 0 0 78 164 140 0 74 73 
302 127 84 0 89 0 85 91 106 346 0 29 28 0 31 381 441 700 0 0 0 78 161 140 0 74 73 
307 130 86 0 88 0 86 86 106 345 0 27 29 0 31 344 378 721 0 0 0 77 153 140 0 74 73 
306 129 86 0 88 0 88 86 107 344 0 28 30 0 31 404 437 666 0 0 0 77 176 140 0 74 73 
298 126 86 0 86 0 88 90 109 349 0 29 29 0 32 383 466 647 0 0 0 77 176 140 0 74 73 
301 125 87 0 85 0 87 87 110 342 0 29 30 0 30 366 418 687 0 0 0 82 151 140 0 74 73 
302 133 88 0 84 0 86 86 109 344 0 31 30 0 31 353 416 671 0 0 0 82 182 140 0 74 73 
298 127 86 0 84 0 86 87 108 347 0 30 29 0 33 372 399 687 0 0 0 76 175 140 0 74 73 
302 130 86 0 83 0 84 98 108 347 0 28 29 0 32 342 443 680 0 0 0 76 149 140 0 74 73 
303 132 87 0 84 0 83 92 108 346 0 30 31 0 33 312 415 665 0 0 0 75 161 140 0 74 73 
301 131 85 0 84 0 83 88 109 345 0 30 30 0 32 333 447 689 0 0 0 80 161 140 0 74 73 
300 135 87 0 85 0 85 92 110 338 0 30 30 0 32 408 401 674 0 0 0 80 154 140 0 74 73 
299 127 86 0 86 0 87 88 107 330 0 28 29 0 30 360 435 705 0 0 0 80 162 140 0 74 73 
306 131 85 0 86 0 87 87 107 339 0 29 31 0 31 327 460 617 0 0 0 81 151 140 0 74 73 
300 130 87 0 86 0 89 83 109 348 0 30 30 0 31 355 424 662 0 0 0 81 177 140 0 74 73 
303 127 83 0 86 0 90 89 111 345 0 28 31 0 32 405 404 730 0 0 0 83 181 140 0 74 73 
299 130 87 0 85 0 90 85 110 343 0 29 30 0 31 383 430 675 0 0 0 84 165 140 0 74 73 
301 126 84 0 86 0 89 82 107 342 0 29 30 0 32 365 404 651 0 0 0 81 172 140 0 74 73 
309 130 87 0 86 0 90 91 107 345 0 27 31 0 32 381 438 624 0 0 0 84 185 140 0 74 73 
299 126 85 0 86 0 90 92 108 350 0 28 30 0 32 370 414 586 0 0 0 89 150 140 0 74 73 
304 134 85 0 87 0 90 93 108 343 0 27 30 0 31 354 367 663 0 0 0 93 181 140 0 74 73 
307 133 89 0 88 0 90 92 108 341 0 28 30 0 33 360 408 643 0 0 0 93 165 140 0 74 73 
302 125 84 0 87 0 90 89 106 339 0 28 30 0 33 367 479 675 0 0 0 92 189 140 0 74 73 
304 136 84 0 87 0 85 87 108 340 0 27 28 0 36 357 455 587 0 0 0 93 182 140 0 74 73 
303 135 87 0 86 0 85 85 109 348 0 27 30 0 35 339 432 673 0 0 0 93 179 140 0 74 73 
308 130 84 0 85 0 85 90 109 347 0 28 29 0 34 375 448 682 0 0 0 96 186 140 0 74 73 
306 142 89 0 84 0 86 89 107 343 0 27 28 0 33 367 451 629 0 0 0 100 180 140 0 74 73 
305 132 87 0 84 0 85 87 108 339 0 28 28 0 33 356 449 663 0 0 0 108 180 140 0 74 73 
304 128 86 0 84 0 83 93 107 348 0 28 31 0 32 373 434 624 0 0 0 107 167 140 0 74 73 
300 126 89 0 85 0 85 90 110 358 0 29 30 0 31 384 421 627 0 0 0 109 201 140 0 74 73 
302 126 86 0 85 0 83 89 109 352 0 27 29 0 32 362 451 535 0 0 0 114 143 140 0 74 73 
306 134 88 0 85 0 85 89 109 347 0 29 28 0 32 309 417 678 0 0 0 117 160 140 0 74 73 
301 139 85 0 86 0 84 89 108 341 0 31 29 0 31 325 437 662 0 0 0 117 155 140 0 74 73 
302 130 86 0 86 0 84 86 107 349 0 30 29 0 32 364 454 634 0 0 0 116 174 140 0 74 73 
303 132 88 0 87 0 83 84 107 347 0 33 28 0 32 395 432 663 0 0 0 110 158 140 0 74 73 
302 113 83 0 88 0 82 93 108 343 0 31 28 0 33 382 470 675 0 0 0 106 162 140 0 74 73 
301 131 89 0 89 0 83 90 108 348 0 30 30 0 33 373 447 604 0 0 0 99 165 140 0 74 73 
302 134 87 0 90 0 84 90 108 351 0 30 28 0 33 358 424 616 0 0 0 92 199 140 0 74 73 
300 106 87 0 91 0 85 92 108 348 0 30 27 0 32 372 437 703 0 0 0 93 181 140 0 74 73 
303 133 88 0 92 0 86 91 108 349 0 26 29 0 33 347 393 707 0 0 0 95 160 140 0 74 73 
303 134 85 0 92 0 87 88 106 347 0 29 30 0 32 362 457 712 0 0 0 101 187 140 0 74 73 
301 127 85 0 92 0 88 87 106 338 0 29 29 0 34 377 454 672 0 0 0 99 207 140 0 74 73 
299 131 86 0 91 0 87 95 109 336 0 27 29 0 31 415 455 646 0 0 0 102 146 140 0 74 73 
304 130 86 0 90 0 88 87 109 349 0 27 30 0 32 357 390 675 0 0 0 98 160 140 0 74 73 
301 135 87 0 89 0 88 85 108 353 0 27 30 0 32 352 399 650 0 0 0 101 200 140 0 74 73 
305 130 88 0 89 0 86 88 107 343 0 26 29 0 31 363 413 723 0 0 0 104 168 140 0 74 73 
307 132 83 0 88 0 86 84 106 344 0 26 28 0 31 382 452 691 0 0 0 106 188 140 0 74 73 
302 125 83 0 88 0 84 86 108 344 0 26 30 0 33 359 462 701 0 0 0 105 130 140 0 74 73 
299 127 84 0 86 0 85 88 108 348 0 28 29 0 32 339 474 721 0 0 0 103 137 140 0 74 73 
305 128 86 0 85 0 83 93 106 345 0 26 29 0 33 321 396 695 0 0 0 98 203 140 0 74 73 
308 131 88 0 85 0 83 91 107 342 0 27 32 0 32 374 426 631 0 0 0 94 143 140 0 74 73 
304 131 91 0 85 0 85 90 109 339 0 29 32 0 32 349 468 717 0 0 0 92 199 140 0 74 73 
303 129 87 0 86 0 85 93 108 338 0 27 31 0 32 336 474 748 0 0 0 93 199 140 0 74 73 
302 129 86 0 86 0 86 90 109 341 0 29 29 0 32 384 406 673 0 0 0 93 134 140 0 74 73 
304 133 87 0 87 0 86 89 108 347 0 26 31 0 32 362 423 687 0 0 0 91 135 140 0 74 73 
305 135 86 0 87 0 88 90 107 345 0 27 32 0 32 335 432 745 0 0 0 93 201 140 0 74 73 
306 127 87 0 87 0 86 88 108 340 0 26 31 0 30 356 411 653 0 0 0 95 150 140 0 74 73 
304 135 84 0 87 0 87 84 106 342 0 27 31 0 33 385 413 706 0 0 0 102 154 140 0 74 73 
305 128 87 0 86 0 89 87 106 356 0 27 31 0 32 378 403 711 0 0 0 107 183 140 0 74 73 
305 127 85 0 86 0 90 92 106 356 0 26 32 0 32 366 442 750 0 0 0 110 215 140 0 74 73 
304 126 86 0 86 0 88 88 108 351 0 27 30 0 33 338 454 705 0 0 0 109 155 140 0 74 73 
301 131 85 0 86 0 87 85 110 347 0 29 31 0 32 351 434 691 0 0 0 103 170 140 0 74 73 
299 134 86 0 86 0 88 89 109 344 0 26 31 0 31 364 435 638 0 0 0 100 166 140 0 74 73 
302 125 92 0 86 0 87 80 107 349 0 30 31 0 33 350 436 642 0 0 0 96 157 140 0 74 73 
296 130 85 0 86 0 85 84 107 347 0 29 30 0 33 324 414 745 0 0 0 99 174 140 0 74 73 
305 130 86 0 86 0 86 87 108 346 0 29 30 0 32 318 438 649 0 0 0 102 212 140 0 74 73 
299 133 91 0 86 0 86 91 109 350 0 27 31 0 31 392 432 645 0 0 0 100 184 140 0 74 73 
299 132 83 0 85 0 86 93 109 348 0 27 30 0 33 339 430 650 0 0 0 96 145 140 0 74 73 
304 131 86 0 84 0 86 84 107 349 0 27 29 0 31 336 430 616 0 0 0 91 156 140 0 74 73 
305 128 85 0 84 0 90 90 109 347 0 28 31 0 32 395 445 632 0 0 0 85 167 140 0 74 73 
300 131 85 0 84 0 91 92 109 340 0 29 31 0 32 328 459 601 0 0 0 87 177 140 0 74 73 
302 135 88 0 85 0 89 91 110 335 0 27 31 0 33 334 469 685 0 0 0 89 160 140 0 74 73 
304 132 87 0 86 0 90 88 110 337 0 28 30 0 32 382 439 686 0 0 0 97 192 140 0 74 73 
303 125 88 0 86 0 88 87 109 349 0 27 31 0 32 383 451 686 0 0 0 115 167 140 0 74 73 
304 132 81 0 87 0 91 89 108 346 0 28 31 0 33 387 426 651 0 0 0 117 198 140 0 72 73 
301 128 84 0 87 0 87 87 108 342 0 26 31 0 32 400 419 622 0 0 0 114 170 140 0 73 73 
304 137 85 0 88 0 88 92 107 341 0 27 32 0 32 338 479 648 0 0 0 105 154 140 0 73 73 
299 132 84 0 87 0 87 91 107 345 0 28 31 0 33 355 432 602 0 0 0 102 200 140 0 74 73 
299 129 87 0 86 0 85 87 108 350 0 26 32 0 31 345 485 646 0 0 0 102 206 140 0 73 73 
299 134 87 0 84 0 83 89 109 348 0 27 30 0 32 372 441 580 0 0 0 99 202 140 0 74 73 
306 126 88 0 82 0 81 88 109 343 0 25 32 0 34 384 377 565 0 0 0 103 221 140 0 74 73 
305 131 86 0 82 0 83 88 107 341 0 27 31 0 33 331 419 576 0 0 0 98 128 140 0 74 73 
299 130 84 0 81 0 83 89 107 340 0 27 32 0 32 323 442 616 0 0 0 98 155 140 0 74 73 
305 128 88 0 81 0 84 88 107 349 0 28 30 0 33 318 406 649 0 0 0 95 193 140 0 74 73 
299 133 88 0 82 0 85 88 107 349 0 27 31 0 33 369 404 659 0 0 0 92 172 140 0 74 73 
301 128 82 0 83 0 85 87 108 346 0 28 30 0 31 380 444 655 0 0 0 95 133 140 0 74 73 
304 122 82 0 84 0 84 89 107 340 0 28 29 0 33 349 458 575 0 0 0 97 207 140 0 74 73 
301 123 85 0 85 0 83 87 108 349 0 28 29 0 34 346 445 524 0 0 0 102 140 140 0 74 73 
303 126 86 0 86 0 84 86 108 358 0 28 32 0 32 367 428 676 0 0 0 99 146 140 0 74 73 
303 130 85 0 88 0 85 88 107 349 0 28 30 0 33 297 448 660 0 0 0 107 196 140 0 74 73 
302 133 86 0 88 0 85 90 107 344 0 27 29 0 34 378 383 671 0 0 0 111 168 140 0 74 73 
302 127 86 0 90 0 85 87 107 342 0 28 29 0 31 337 466 638 0 0 0 115 173 140 0 74 73 
296 126 87 0 90 0 85 88 109 344 0 29 29 0 32 359 482 713 0 0 0 114 168 140 0 74 73 
303 125 90 0 89 0 86 90 111 346 0 28 29 0 31 333 413 638 0 0 0 112 148 140 0 74 73 
300 130 87 0 88 0 83 87 109 343 0 29 29 0 32 337 415 620 0 0 0 109 195 140 0 74 73 
297 131 89 0 88 0 85 86 107 347 0 31 31 0 32 336 426 701 0 0 0 103 178 140 0 74 73 
304 128 89 0 86 0 88 91 107 350 0 30 30 0 32 396 466 690 0 0 0 99 163 140 0 74 73 
303 136 87 0 86 0 89 87 107 344 0 32 29 0 32 398 377 704 0 0 0 100 168 140 0 74 73 
301 129 89 0 86 0 89 94 108 348 0 28 29 0 33 335 424 683 0 0 0 98 171 140 0 74 73 
303 136 91 0 85 0 90 98 109 343 0 27 30 0 34 350 465 659 0 0 0 92 193 140 0 74 73 
296 130 88 0 85 0 92 97 108 339 0 30 30 0 34 363 415 663 0 0 0 93 207 140 0 74 73 
300 129 88 0 86 0 90 91 109 335 0 30 30 0 34 333 412 678 0 0 0 88 176 140 0 74 73 
304 132 88 0 86 0 92 84 108 348 0 28 30 0 33 384 463 721 0 0 0 91 206 140 0 74 73 
304 126 89 0 86 0 91 88 107 353 0 28 31 0 35 350 442 657 0 0 0 91 178 140 0 74 73 
301 133 84 0 87 0 92 86 107 344 0 28 31 0 34 403 475 700 0 0 0 91 144 140 0 74 73 
303 139 86 0 88 0 89 82 107 340 0 26 31 0 36 367 414 682 0 0 0 91 123 140 0 74 73 
301 128 88 0 89 0 88 91 108 344 0 28 31 0 57 327 469 620 0 0 0 99 230 140 0 74 73 
305 126 82 0 89 0 89 86 108 350 0 29 31 0 37 392 409 724 0 0 0 105 191 140 0 74 73 
305 132 90 0 89 0 86 85 108 350 0 29 31 0 34 360 437 748 0 0 0 101 187 140 0 74 73 
297 131 87 0 89 0 86 88 108 342 0 31 29 0 31 387 448 702 0 0 0 96 193 140 0 74 73 
298 132 85 0 88 10 87 91 108 344 0 33 30 0 32 366 373 692 0 0 0 94 190 140 0 74 73 
306 127 87 0 87 0 89 92 109 339 0 37 29 0 31 330 443 695 0 0 0 95 137 140 0 74 73 
303 130 85 0 86 0 87 87 108 343 0 36 29 0 31 348 423 599 0 0 0 99 132 140 0 74 73 
302 132 87 0 86 0 85 89 107 350 0 40 29 0 31 354 453 675 0 0 0 101 161 140 0 74 73 
303 134 86 0 86 0 86 88 106 346 0 35 30 0 30 355 492 723 0 0 0 101 184 140 0 74 73 
300 131 86 0 85 0 85 86 107 341 0 35 30 0 30 352 435 635 0 0 0 101 166 140 0 74 73 
303 130 84 0 86 0 84 87 109 342 0 37 31 0 30 351 420 660 0 0 0 100 170 140 0 74 73 
305 130 84 0 86 0 84 89 109 353 0 38 31 0 32 350 420 634 0 0 0 105 146 140 0 74 73 
303 124 90 0 87 0 85 90 110 354 0 38 31 0 30 359 439 654 0 0 0 101 214 140 0 74 73 
305 125 88 0 87 0 87 89 107 349 0 39 31 0 30 373 428 607 0 0 0 98 188 140 0 74 73 
300 131 84 0 87 0 87 90 107 344 0 36 30 0 31 384 397 659 0 0 0 94 150 140 0 74 73 
305 126 90 0 87 0 86 89 108 345 0 37 30 0 32 352 474 661 0 0 0 88 146 140 0 74 73 
303 135 84 0 87 0 88 86 108 348 0 32 31 0 31 395 460 663 0 0 0 91 192 140 0 74 73 
300 132 86 0 87 0 86 90 107 350 0 33 29 0 30 354 435 621 0 0 0 97 197 140 0 74 73 
305 133 88 0 87 0 86 89 108 346 0 32 28 0 31 386 430 691 0 0 0 105 139 140 0 74 73 
295 132 87 0 88 0 86 85 109 352 0 31 30 0 30 361 418 639 0 0 0 107 148 140 0 74 73 
304 128 87 0 88 0 88 87 109 351 0 32 32 0 30 374 397 629 0 0 0 107 110 140 0 74 73 
303 133 85 0 88 0 87 87 109 349 0 31 29 0 31 345 403 622 0 0 0 101 174 140 0 74 73 
301 130 85 0 87 0 87 91 109 348 0 31 29 0 31 392 440 675 0 0 0 96 227 140 0 74 73 
299 128 84 0 88 0 87 89 110 342 0 31 32 0 31 349 401 609 0 0 0 101 132 140 0 74 73 
301 130 85 0 87 0 86 94 107 336 0 30 32 0 31 360 426 581 0 0 0 109 174 140 0 74 73 
300 128 87 0 86 0 85 89 106 341 0 30 32 0 32 379 432 675 0 0 0 115 140 140 0 74 73 
303 126 83 0 86 0 86 89 106 349 0 31 33 0 31 375 413 652 0 0 0 113 179 140 0 74 73 
301 126 84 0 86 0 89 90 108 351 0 30 35 0 33 338 454 624 0 0 0 104 173 140 0 74 73 
299 123 87 0 85 0 88 87 109 343 0 32 34 0 33 370 449 623 0 0 0 101 166 140 0 74 73 
300 127 85 0 84 0 87 87 108 343 0 30 32 0 32 388 433 664 0 0 0 93 164 140 0 74 73 
302 126 86 0 85 0 88 82 108 345 0 29 32 0 32 346 466 602 0 0 0 88 158 140 0 74 73 
301 125 85 0 85 0 87 89 108 351 0 27 31 0 33 358 430 607 0 0 0 87 170 140 0 74 73 
299 124 87 0 85 0 86 87 109 345 0 29 31 0 34 387 397 675 0 0 0 85 197 140 0 74 73 
306 125 84 0 87 0 86 90 107 342 0 28 29 0 33 387 421 699 0 0 0 89 188 140 0 74 73 
297 131 85 0 87 0 88 90 108 341 0 30 31 0 33 324 411 675 0 0 0 91 159 140 0 74 73 
303 133 88 0 88 0 88 88 107 338 0 27 32 0 32 350 389 688 0 0 0 86 210 140 0 74 73 
304 128 85 0 90 0 85 92 109 346 0 27 29 0 31 382 428 658 0 0 0 81 211 140 0 74 73 
297 138 85 0 90 0 84 89 110 349 0 29 29 0 31 319 447 703 0 0 0 78 190 140 0 74 73 
303 129 89 0 92 0 85 91 110 347 0 26 30 0 30 366 457 585 0 0 0 81 180 140 0 74 73 
303 131 85 0 92 0 84 88 107 340 0 29 30 0 30 352 441 682 0 0 0 86 172 140 0 74 73 
303 133 89 0 91 0 83 88 106 347 0 27 28 0 30 344 410 722 0 0 0 91 126 140 0 74 73 
302 127 87 0 91 0 84 93 108 357 0 27 28 0 32 352 404 743 0 0 0 92 199 140 0 74 73 
306 128 87 0 90 0 86 86 109 355 0 28 29 0 31 366 420 704 0 0 0 88 185 140 0 74 73 
304 127 89 0 90 0 84 84 110 345 0 25 29 0 32 350 457 676 0 0 0 91 181 140 0 74 73 
301 128 88 0 88 0 83 90 109 347 0 28 28 0 32 355 462 667 0 0 0 88 175 140 0 74 73 
303 133 88 0 88 0 85 90 107 346 0 29 30 0 33 370 391 651 0 0 0 86 173 140 0 74 73 
304 134 87 0 87 0 85 87 107 349 0 26 31 0 33 385 431 731 0 0 0 92 164 140 0 74 73 
306 128 89 0 86 0 84 89 108 343 0 28 29 0 35 390 416 709 0 0 0 92 159 140 0 74 73 
303 129 88 0 85 0 83 84 107 348 0 27 29 0 34 372 396 640 0 0 0 88 158 140 0 74 73 
302 126 85 0 84 0 86 85 108 351 0 26 32 0 32 350 453 665 0 0 0 84 173 140 0 74 73 
306 131 89 0 84 0 85 85 109 346 0 28 30 0 33 375 440 726 0 0 0 79 188 140 0 74 73 
304 131 86 0 84 0 84 93 110 348 0 23 29 0 32 361 445 695 0 0 0 80 186 140 0 74 73 
304 128 85 0 85 0 85 90 108 347 0 26 29 0 32 386 450 686 0 0 0 80 183 140 0 74 73 
302 133 87 0 84 0 85 88 106 338 0 24 28 0 30 331 445 685 0 0 0 90 138 140 0 74 73 
297 130 86 0 84 0 85 91 106 332 0 27 29 0 31 368 428 674 0 0 0 98 190 140 0 74 73 
301 132 86 0 85 0 84 89 107 340 0 27 29 0 31 377 396 662 0 0 0 97 175 140 0 74 73 
301 134 87 0 85 0 87 89 108 352 0 29 29 0 31 372 446 521 0 0 0 99 161 140 0 74 73 
298 136 88 0 84 0 87 83 108 349 0 27 29 0 33 325 455 645 0 0 0 94 189 140 0 74 73 
297 125 86 0 83 0 87 88 108 341 0 29 29 0 32 371 463 670 0 0 0 96 184 140 0 74 73 
299 123 81 0 84 0 86 87 109 347 0 27 28 0 33 362 455 675 0 0 0 100 153 140 0 74 73 
301 134 86 0 85 0 88 86 109 347 0 27 30 0 32 404 437 632 0 0 0 102 186 140 0 74 73 
299 133 87 0 85 0 88 93 110 350 0 26 30 0 32 374 396 642 0 0 0 103 122 140 0 74 73 
303 130 89 0 85 0 86 90 107 344 0 28 30 0 32 347 450 647 0 0 0 98 176 140 0 74 73 
306 138 90 0 85 0 87 92 107 343 0 28 28 0 32 357 453 540 0 0 0 94 195 140 0 74 73 
300 127 87 0 86 0 87 87 107 341 0 26 30 0 33 363 504 636 0 0 0 94 157 140 0 74 73 
299 126 84 0 86 0 87 90 107 340 0 28 28 0 32 391 410 657 0 0 0 97 200 140 0 74 73 
306 129 86 0 86 0 86 89 108 349 0 28 29 0 33 421 394 671 0 0 0 95 130 140 0 74 73 
306 125 87 0 84 0 86 86 109 349 0 28 29 0 33 351 404 591 0 0 0 93 164 140 0 74 73 
303 133 85 0 81 0 89 89 109 341 0 32 29 0 32 341 439 606 0 0 0 83 191 140 0 74 73 
306 133 86 0 82 0 89 87 108 341 0 31 29 0 32 350 416 641 0 0 0 79 173 140 0 73 73 
302 127 89 0 80 0 90 87 107 350 0 32 29 0 33 342 436 611 0 0 0 74 167 140 0 74 73 
305 128 84 0 84 0 90 86 108 356 0 34 29 0 32 375 483 594 0 0 0 78 183 140 0 74 73 
305 125 89 0 83 0 90 91 107 349 0 34 30 0 32 378 405 601 0 0 0 80 193 140 0 73 73 
304 126 87 0 86 0 88 88 108 343 0 36 30 0 31 357 385 629 0 0 0 87 188 140 0 73 73 
300 125 81 0 85 0 88 89 108 345 0 35 28 0 33 389 460 561 0 0 0 89 158 140 0 73 73 
306 139 89 0 87 0 88 94 108 342 0 34 30 0 33 332 412 605 0 0 0 89 194 140 0 73 73 
307 136 85 0 81 0 88 90 107 347 0 36 30 0 32 386 431 666 0 0 0 91 190 140 0 74 73 
308 129 86 0 87 0 88 87 108 341 0 36 29 0 33 355 413 610 0 0 0 87 145 140 0 73 73 
303 127 87 0 88 0 87 88 110 346 0 35 28 0 32 322 433 670 0 0 0 89 175 140 0 73 73 
302 124 89 0 86 0 88 87 111 351 0 33 29 0 32 327 444 660 0 0 0 90 172 140 0 74 73 
299 127 85 0 84 0 88 90 109 349 0 37 29 0 33 350 461 627 0 0 0 90 146 140 0 73 73 
302 124 83 0 84 0 87 85 105 349 0 35 28 0 32 386 434 587 0 0 0 90 174 140 0 74 73 
302 127 84 0 83 0 87 88 107 345 0 35 29 0 32 363 426 647 0 0 0 92 173 140 0 74 73 
302 130 84 0 84 0 85 94 108 335 0 34 29 0 32 355 440 656 0 0 0 93 175 140 0 74 73 
299 128 86 0 84 0 83 93 108 334 0 31 30 0 32 327 423 673 0 0 0 90 169 140 0 74 73 
301 129 86 0 86 0 81 97 106 346 0 27 28 0 32 373 445 618 0 0 0 86 151 140 0 74 73 
300 133 88 0 87 0 79 88 108 355 0 30 29 0 32 380 425 653 0 0 0 89 176 140 0 74 73 
303 127 85 0 89 0 80 90 108 345 0 29 30 0 33 400 434 726 0 0 0 92 167 140 0 74 73 
301 128 85 0 90 0 79 85 109 343 0 32 29 0 33 345 408 650 0 0 0 92 165 140 0 74 73 
296 127 85 0 91 0 82 85 108 345 0 32 28 0 33 367 437 693 0 0 0 94 145 140 0 74 73 
299 133 86 0 92 0 84 87 107 350 0 30 29 0 33 389 439 650 0 0 0 97 204 140 0 74 73 
300 129 86 0 93 0 88 83 108 350 0 29 28 0 33 382 415 732 0 0 0 99 160 140 0 74 73 
304 133 87 0 92 0 87 91 107 342 0 32 28 0 32 337 430 689 0 0 0 96 147 140 0 74 73 
303 129 85 0 91 0 89 84 110 341 0 31 27 0 33 395 458 674 0 0 0 92 180 140 0 74 73 
304 132 84 0 90 0 91 85 109 337 0 32 29 0 32 364 437 673 0 0 0 88 190 140 0 74 73 
301 129 85 0 89 0 92 92 108 341 0 34 29 0 32 334 437 643 0 0 0 82 156 140 0 74 73 
301 128 84 0 87 0 91 92 107 349 0 35 28 0 32 365 441 685 0 0 0 78 196 140 0 74 73 
304 130 85 0 86 0 90 89 107 346 0 36 28 0 32 398 448 689 0 0 0 84 203 140 0 74 73 
308 131 85 0 85 0 91 86 108 343 0 32 27 0 32 364 443 723 0 0 0 91 178 140 0 74 73 
305 131 86 0 85 0 88 92 108 343 0 29 27 0 32 353 449 721 0 0 0 93 147 140 0 74 73 
308 131 87 0 85 0 88 87 108 349 0 29 26 0 32 348 416 655 0 0 0 95 197 140 0 74 73 
301 131 86 0 85 0 88 85 109 357 0 27 26 0 33 327 447 715 0 0 0 96 149 140 0 73 73 
303 139 85 0 85 0 88 90 107 347 0 27 28 0 32 348 392 725 0 0 0 92 183 140 0 73 73 
304 128 87 0 85 0 87 86 107 344 0 28 27 0 32 317 419 644 0 0 0 85 186 140 0 73 73 
301 124 87 0 87 0 85 87 107 348 0 28 27 0 34 387 444 687 0 0 0 84 176 140 0 73 73 
307 129 85 0 88 0 85 90 108 347 0 31 27 0 33 387 438 666 0 0 0 90 160 140 0 73 73 
304 129 88 0 89 0 86 92 109 349 0 26 29 0 34 355 446 622 0 0 0 95 143 140 0 74 73 
302 139 86 0 90 0 84 90 109 345 0 33 27 0 34 377 433 674 0 0 0 102 170 140 0 74 73 
299 136 88 0 89 0 84 88 109 349 0 32 27 0 34 333 406 720 0 0 0 102 176 140 0 74 73 
301 131 87 0 88 10 83 86 107 354 0 30 28 0 33 361 434 723 0 0 0 97 174 140 0 74 73 
301 137 84 0 88 0 85 84 106 349 0 36 27 0 33 326 424 660 0 0 0 94 187 140 0 74 73 
303 126 89 0 87 0 83 86 108 350 0 35 26 0 34 377 428 654 0 0 0 93 208 140 0 74 73 
297 128 88 0 86 0 85 94 107 342 0 35 27 0 34 362 421 662 0 0 0 94 189 140 0 74 73 
298 132 87 0 86 0 86 91 107 336 0 33 28 0 32 327 409 579 0 0 0 95 145 140 0 74 73 
298 128 85 0 86 0 86 93 108 337 0 33 28 0 32 365 435 599 0 0 0 96 127 140 0 74 73 
302 129 86 0 86 0 87 89 110 346 0 36 27 0 32 351 437 652 0 0 0 95 191 140 0 74 73 
301 128 88 0 86 0 87 92 110 351 0 34 29 0 31 404 442 715 0 0 0 94 167 140 0 74 73 
302 126 86 0 86 10 91 91 110 342 0 33 29 0 31 367 434 660 0 0 0 86 155 140 0 74 73 
303 122 88 0 86 0 86 86 109 340 0 37 27 0 32 372 475 706 0 0 0 89 185 140 0 74 73 
301 127 86 0 86 0 86 91 108 345 0 38 27 0 32 374 421 586 0 0 0 90 162 140 0 74 73 
302 131 87 0 86 0 86 83 109 348 0 33 28 0 32 380 428 620 0 0 0 90 191 140 0 74 73 
299 128 88 0 87 0 85 86 106 347 0 34 29 0 32 340 441 619 0 0 0 85 168 140 0 74 73 
305 123 86 0 87 0 84 88 107 341 0 32 29 0 32 415 415 666 0 0 0 78 178 140 0 74 73 
307 125 85 0 86 0 82 90 109 338 0 33 28 0 32 371 432 598 0 0 0 74 187 140 0 74 73 
307 130 84 0 87 0 84 89 109 337 0 34 30 0 33 341 440 572 0 0 0 74 170 140 0 74 73 
301 128 86 0 86 0 83 88 110 344 0 36 29 0 32 386 459 672 0 0 0 80 157 140 0 74 73 
302 130 85 0 87 0 86 94 109 352 0 34 28 0 32 363 405 658 0 0 0 86 148 140 0 74 73 
305 127 83 0 87 0 87 89 107 347 0 34 30 0 33 366 424 652 0 0 0 96 173 140 0 74 73 
302 131 89 0 87 10 88 89 107 342 0 32 30 0 32 372 386 672 0 0 0 102 139 140 0 74 73 
305 132 86 0 87 0 88 90 109 347 0 29 29 0 33 319 443 588 0 0 0 99 178 140 0 74 73 
310 136 83 0 86 0 87 89 109 357 0 28 28 0 32 342 410 656 0 0 0 96 174 140 0 74 73 
301 131 87 0 86 0 89 89 108 355 0 30 29 0 33 382 421 632 0 0 0 91 174 140 0 74 73 
303 127 87 0 86 0 88 89 106 348 0 28 31 0 32 345 445 678 0 0 0 88 174 140 0 74 73 
302 127 84 0 85 0 89 89 107 347 0 28 28 0 32 327 411 721 0 0 0 90 131 140 0 74 73 
301 124 87 0 85 0 90 89 109 349 0 28 29 0 32 357 433 743 0 0 0 95 158 140 0 74 73 
307 132 84 0 84 0 90 89 109 344 0 29 29 0 33 373 417 669 0 0 0 99 180 140 0 74 73 
303 133 87 0 84 10 91 86 109 343 0 27 29 0 32 362 456 695 0 0 0 98 164 140 0 74 73 
302 133 86 0 85 0 88 89 107 345 0 29 29 0 32 354 449 640 0 0 0 100 206 140 0 74 73 
301 128 90 0 86 0 88 84 107 350 0 27 28 0 33 390 382 680 0 0 0 99 165 140 0 74 73 
299 128 86 0 85 0 88 85 108 348 0 29 30 0 31 362 433 722 0 0 0 96 164 140 0 74 73 
302 129 85 0 87 10 87 87 108 348 0 28 29 0 32 359 475 728 0 0 0 91 161 140 0 74 73 
301 131 86 0 88 0 86 91 108 350 0 26 28 0 34 330 444 783 0 0 0 89 153 140 0 74 73 
305 131 84 0 88 0 86 90 108 340 0 28 28 0 32 342 434 729 0 0 0 89 181 140 0 74 73 
303 127 85 0 89 0 87 89 109 337 0 27 27 0 33 361 430 679 0 0 0 90 204 140 0 74 73 
299 130 85 0 89 0 85 86 109 340 0 27 27 0 32 385 388 680 0 0 0 91 164 140 0 74 73 
304 127 85 0 90 0 86 88 108 353 0 29 27 0 32 339 408 733 0 0 0 88 172 140 0 74 73 
295 131 86 0 91 0 88 94 108 351 0 30 27 0 31 403 471 712 0 0 0 87 173 140 0 72 73 
301 134 88 0 91 10 91 86 107 344 0 28 28 0 32 348 472 710 0 0 0 88 204 140 0 72 73 
303 133 88 0 91 10 89 88 107 345 0 29 26 0 33 348 432 765 0 0 0 89 206 140 0 72 73 
300 123 86 0 90 0 86 85 108 349 0 28 27 0 32 391 446 690 0 0 0 89 169 140 0 72 73 
300 132 91 0 89 0 87 85 109 351 0 28 29 0 32 347 434 677 0 0 0 94 206 140 0 73 73 
295 130 87 0 88 0 83 87 108 347 0 28 30 0 32 365 420 769 0 0 0 94 166 140 0 73 73 
305 138 83 0 87 0 82 91 108 343 0 29 30 0 32 389 378 734 0 0 0 90 176 140 0 73 73 
298 131 87 0 86 0 82 98 108 341 0 29 28 0 32 393 430 708 0 0 0 94 181 140 0 74 73 
303 137 86 0 85 0 84 88 107 338 0 26 28 0 32 374 435 676 0 0 0 96 132 140 0 74 73 
301 132 84 0 85 10 84 88 108 343 0 29 28 0 32 356 443 688 0 0 0 96 149 140 0 74 73 
303 129 88 0 85 0 83 90 108 349 0 26 27 0 32 355 398 582 0 0 0 89 151 140 0 74 73 
307 127 87 0 85 0 85 87 108 341 0 27 27 0 34 355 438 670 0 0 0 89 147 140 0 74 73 
309 129 86 0 85 0 85 84 108 340 0 28 29 0 33 346 397 672 0 0 0 92 146 140 0 74 73 
300 125 87 0 86 10 83 86 106 346 0 26 27 0 34 367 443 739 0 0 0 91 187 140 0 74 73 
307 129 87 0 86 0 84 93 105 353 0 27 26 0 34 333 415 707 0 0 0 90 178 140 0 74 73 
308 132 89 0 86 0 85 86 106 353 0 27 28 0 34 377 455 666 0 0 0 90 170 140 0 74 73 
299 128 85 0 86 0 85 90 109 343 0 27 28 0 32 360 414 639 0 0 0 96 208 140 0 74 73 
305 126 86 0 85 10 82 89 109 345 0 28 28 0 31 358 430 640 0 0 0 99 180 140 0 74 73 
301 122 86 0 86 0 84 88 109 345 0 28 28 0 32 324 399 667 0 0 0 99 182 140 0 74 73 
300 129 85 0 86 0 84 86 108 344 0 30 28 0 30 363 438 673 0 0 0 97 214 140 0 74 73 
303 137 88 0 86 0 84 92 106 346 0 28 28 0 32 368 415 637 0 0 0 91 177 140 0 74 73 
303 127 90 0 86 10 83 91 107 344 0 28 26 0 32 357 447 603 0 0 0 85 145 140 0 74 73 
302 129 84 0 86 0 81 85 107 352 0 30 28 0 32 340 450 647 0 0 0 84 168 140 0 74 73 
297 128 89 0 86 0 84 90 109 348 0 31 27 0 33 363 444 674 0 0 0 81 181 140 0 74 73 
306 126 88 0 86 0 83 89 108 347 0 30 27 0 33 355 423 605 0 0 0 86 208 140 0 74 73 
298 128 87 0 85 10 83 87 109 350 0 34 27 0 33 366 391 649 0 0 0 88 149 140 0 74 73 
302 132 87 0 85 0 82 84 110 338 0 31 28 0 33 350 421 625 0 0 0 88 191 140 0 74 73 
306 130 87 0 85 0 86 92 109 336 0 32 29 0 34 379 438 637 0 0 0 91 182 140 0 74 73 
301 132 89 0 85 0 86 92 110 341 0 32 28 0 34 378 413 552 0 0 0 92 154 140 0 74 73 
301 131 86 0 84 10 88 92 109 349 0 32 27 0 34 376 404 680 0 0 0 93 168 140 0 74 73 
300 134 90 0 84 0 90 93 109 347 0 31 28 0 36 312 493 677 0 0 0 93 187 140 0 74 73 
304 137 88 0 85 0 90 94 108 342 0 30 29 0 34 371 398 575 0 0 0 93 143 140 0 74 73 
303 138 85 0 85 10 88 86 106 342 0 33 28 0 33 326 382 709 0 0 0 98 185 140 0 73 73 
303 125 86 0 85 10 87 86 108 346 0 33 26 0 33 377 402 663 0 0 0 98 147 140 0 72 73 
301 133 88 0 85 0 89 89 109 345 0 37 27 0 33 364 435 601 0 0 0 102 208 140 0 71 73 
299 131 88 0 85 0 88 82 110 345 0 40 27 0 32 365 472 604 0 0 0 100 158 140 0 71 73 
306 130 88 0 86 0 89 84 109 341 0 40 26 0 33 355 418 646 0 0 0 93 128 140 0 71 73 
299 135 88 0 87 0 89 86 107 342 0 46 25 0 32 343 434 686 0 0 0 89 159 140 0 71 73 
302 129 88 0 88 0 90 90 107 341 0 54 27 0 32 379 424 716 0 0 0 86 168 140 0 73 73 
308 130 87 0 87 0 88 89 108 343 0 50 27 0 32 342 447 664 0 0 0 88 135 140 0 73 73 
302 127 90 0 85 10 88 91 109 348 0 50 26 0 32 354 438 615 0 0 0 89 187 140 0 73 73 
302 130 88 0 83 0 87 89 107 342 0 51 28 0 31 366 428 650 0 0 0 86 174 140 0 74 73 
308 135 88 0 82 0 87 82 107 341 0 50 29 0 31 355 466 642 0 0 0 85 161 140 0 74 73 
302 132 87 0 82 0 86 89 108 350 0 49 28 0 32 369 433 661 0 0 0 87 171 140 0 74 73 
302 130 86 0 82 0 85 85 109 358 0 53 26 0 32 328 448 700 0 0 0 90 179 140 0 74 73 
301 133 89 0 84 0 88 87 109 353 0 48 26 0 31 378 462 742 0 0 0 90 150 140 0 74 73 
303 139 86 0 86 0 88 85 109 346 0 47 26 0 32 342 422 705 0 0 0 86 190 140 0 74 73 
299 138 83 0 88 0 88 93 110 347 0 45 26 0 33 341 438 702 0 0 0 87 166 140 0 74 73 
303 125 87 0 89 10 89 89 108 349 0 45 26 0 33 362 433 659 0 0 0 91 206 140 0 74 73 
304 126 91 0 90 0 90 85 107 347 0 47 26 0 32 343 419 682 0 0 0 88 173 140 0 74 73 
301 129 89 0 89 0 89 90 107 345 0 43 27 0 33 353 404 686 0 0 0 83 154 140 0 74 73 
301 132 88 0 91 0 88 89 108 346 0 42 27 0 32 368 447 718 0 0 0 81 164 140 0 74 73 
302 129 89 0 91 0 89 88 109 351 0 39 26 0 34 353 400 663 0 0 0 82 165 140 0 74 73 
299 133 85 0 90 0 87 89 108 344 0 41 27 0 32 377 447 665 0 0 0 88 146 140 0 74 73 
304 134 85 0 90 0 85 88 109 346 0 49 28 0 32 365 411 677 0 0 0 96 165 140 0 74 73 
300 121 82 0 89 0 86 85 109 348 0 49 26 0 31 350 407 662 0 0 0 97 151 140 0 74 73 
299 128 84 0 88 10 86 85 108 335 0 50 26 0 32 344 451 693 0 0 0 99 168 140 0 74 73 
303 132 89 0 87 0 87 90 108 333 0 54 27 0 32 362 452 684 0 0 0 94 200 140 0 74 73 
301 130 89 0 86 0 83 93 108 346 0 49 26 0 32 383 440 672 0 0 0 89 171 140 0 74 73 
303 135 86 0 85 0 84 93 108 350 0 52 25 0 31 333 422 685 0 0 0 87 160 140 0 74 73 
304 128 87 0 85 10 85 93 108 347 0 50 25 0 32 358 409 582 0 0 0 85 189 140 0 74 73 
302 130 85 0 84 0 84 92 109 342 0 51 27 0 32 335 447 611 0 0 0 89 173 140 0 74 73 
302 125 85 0 84 0 82 88 109 346 0 52 28 0 33 385 417 667 0 0 0 94 196 140 0 74 73 
301 127 89 0 85 0 83 88 109 350 0 49 26 0 32 382 435 676 0 0 0 89 161 140 0 74 73 
307 127 84 0 86 0 84 85 108 350 0 45 28 0 32 345 442 686 0 0 0 90 186 140 0 74 73 
299 128 85 0 88 0 82 86 107 346 0 43 27 0 32 401 425 692 0 0 0 90 172 140 0 74 73 
306 133 86 0 89 0 83 89 109 344 0 44 26 0 32 326 448 636 0 0 0 86 150 140 0 74 73 
301 121 88 0 89 10 83 90 110 341 0 47 27 0 32 399 528 596 0 0 0 83 172 140 0 74 73 
301 127 87 0 89 0 85 90 110 341 0 51 27 0 32 343 432 596 0 0 0 84 162 140 0 74 73 
304 126 85 0 89 0 84 90 107 350 0 50 26 0 32 398 415 655 0 0 0 86 193 140 0 74 73 
304 120 86 0 88 0 88 89 107 347 0 48 25 0 32 386 424 605 0 0 0 83 174 140 0 74 73 
299 129 85 0 88 10 89 91 106 341 0 47 26 0 33 403 438 537 0 0 0 89 198 140 0 74 73 
305 127 84 0 88 0 92 89 108 344 0 44 27 0 31 344 474 670 0 0 0 90 203 140 0 74 73 
303 130 85 0 87 0 90 88 109 352 0 35 26 0 32 338 459 637 0 0 0 90 201 140 0 74 73 
304 130 87 0 86 0 90 92 107 355 0 33 25 0 32 383 448 593 0 0 0 91 172 140 0 74 73 
298 130 85 0 86 10 91 91 109 349 0 33 25 0 31 365 445 659 0 0 0 98 192 140 0 74 73 
303 131 83 0 87 0 88 89 109 342 0 29 25 0 33 391 448 608 0 0 0 97 216 140 0 74 73 
303 134 85 0 87 0 87 87 106 347 0 30 25 0 32 344 406 630 0 0 0 97 172 140 0 74 73 
298 128 85 0 86 0 87 89 107 343 0 29 25 0 32 352 426 535 0 0 0 97 158 140 0 74 73 
307 126 86 0 87 10 87 91 107 348 0 30 26 0 32 361 436 654 0 0 0 97 150 140 0 74 73 
303 142 87 0 87 0 86 87 108 347 0 30 24 0 34 341 410 600 0 0 0 94 170 140 0 74 73 
306 129 84 0 87 0 84 92 107 349 0 31 24 0 34 346 384 695 0 0 0 94 208 140 0 74 73 
299 130 88 0 87 0 86 83 108 350 0 30 25 0 35 388 438 687 0 0 0 92 135 140 0 74 73 
303 128 84 0 87 10 87 83 109 344 0 30 25 0 36 368 438 658 0 0 0 86 153 140 0 74 73 
303 127 87 0 88 0 87 86 108 349 0 31 26 0 33 333 450 656 0 0 0 84 206 140 0 74 73 
301 130 89 0 87 0 85 89 109 345 0 31 26 0 33 330 421 605 0 0 0 83 156 140 0 74 73 
299 129 85 0 87 0 86 89 109 335 0 33 24 0 32 338 471 652 0 0 0 81 192 140 0 74 73 
304 129 87 0 87 10 86 87 107 339 0 32 26 0 32 337 436 680 0 0 0 82 194 140 0 74 73 
301 128 84 0 86 0 87 86 106 348 0 33 25 0 31 348 416 692 0 0 0 88 155 140 0 74 73 
305 127 85 0 86 0 88 87 107 352 0 32 25 0 32 397 460 711 0 0 0 93 174 140 0 74 73 
300 127 85 0 86 0 90 91 107 343 0 31 27 0 32 332 393 638 0 0 0 98 175 140 0 74 73 
302 132 86 0 86 10 89 86 108 343 0 30 26 0 33 382 453 668 0 0 0 102 142 140 0 74 73 
300 138 87 0 86 0 87 84 109 348 0 29 26 0 32 343 417 671 0 0 0 99 167 140 0 74 73 
302 120 84 0 86 0 85 87 109 346 0 29 25 0 33 341 425 694 0 0 0 94 187 140 0 74 73 
305 128 88 0 85 0 84 89 108 348 0 28 25 0 32 415 411 659 0 0 0 91 191 140 0 72 73 
298 132 88 0 83 0 82 85 108 341 0 26 25 0 32 345 442 735 0 0 0 86 186 140 0 71 73 
297 136 84 0 82 0 84 89 108 341 0 28 26 0 32 352 445 703 0 0 0 84 158 140 0 70 73 
301 131 86 0 83 0 86 90 108 339 0 25 25 0 32 379 462 748 0 0 0 85 143 140 0 70 73 
298 133 85 0 83 0 87 91 107 341 0 27 26 0 31 403 447 784 0 0 0 91 188 140 0 70 73 
306 132 86 0 84 10 85 88 108 347 0 27 26 0 32 374 474 676 0 0 0 98 155 140 0 70 73 
302 127 86 0 86 0 84 90 108 345 0 25 25 0 33 374 461 705 0 0 0 97 179 140 0 70 73 
301 127 88 0 87 0 82 88 108 338 0 28 26 0 32 372 412 649 0 0 0 98 176 140 0 70 73 
300 128 86 0 88 0 80 87 108 345 0 27 26 0 33 377 393 716 0 0 0 97 162 140 0 70 73 
300 131 85 0 88 0 78 89 110 352 0 29 26 0 33 391 398 660 0 0 0 95 194 140 0 70 73 
305 135 88 0 87 0 80 88 110 352 0 30 25 0 31 360 417 678 0 0 0 87 170 140 0 70 73 
304 125 85 0 89 0 82 89 107 345 0 27 25 0 32 409 384 773 0 0 0 81 187 140 0 70 73 
308 127 84 0 90 10 83 86 107 343 0 26 25 0 33 360 427 709 0 0 0 80 148 140 0 72 73 
302 126 85 0 91 10 85 93 108 344 0 27 24 0 31 367 438 691 0 0 0 87 187 140 0 72 73 
298 121 87 0 92 0 86 90 109 347 0 28 25 0 32 327 440 682 0 0 0 92 147 140 0 73 73 
307 128 88 0 92 0 89 90 110 346 0 28 25 0 33 361 435 725 0 0 0 95 199 140 0 73 73 
306 131 90 0 91 10 89 91 107 347 0 26 25 0 33 370 464 567 0 0 0 92 154 140 0 74 73 
305 134 86 0 90 0 89 86 108 349 0 28 24 0 33 312 421 701 0 0 0 95 145 140 0 74 73 
307 124 85 0 89 0 91 88 111 350 0 26 29 0 33 345 391 660 0 0 0 94 151 140 0 74 73 
304 127 87 0 88 0 91 90 107 349 0 27 27 0 33 388 438 729 0 0 0 94 151 140 0 74 73 
304 130 83 0 86 10 89 92 109 349 0 27 25 0 32 336 426 625 0 0 0 96 184 140 0 74 73 
301 123 83 0 85 0 90 85 108 338 0 27 24 0 32 341 458 704 0 0 0 101 169 140 0 74 73 
304 128 83 0 84 0 91 89 107 332 0 25 24 0 32 390 414 614 0 0 0 103 211 140 0 74 73 
301 132 85 0 85 0 90 94 109 343 0 27 25 0 32 359 418 611 0 0 0 98 201 140 0 74 73 
302 130 85 0 85 10 89 91 105 350 0 28 24 0 33 375 461 653 0 0 0 94 146 140 0 74 73 
305 130 86 0 85 0 88 95 108 347 0 26 24 0 32 394 447 641 0 0 0 90 169 140 0 74 73 
299 131 86 0 86 0 88 93 108 337 0 27 25 0 32 353 437 693 0 0 0 90 207 140 0 74 73 
301 133 85 0 86 0 84 90 103 343 0 26 24 0 32 355 400 616 0 0 0 83 161 140 0 74 73 
302 134 86 0 86 10 84 87 108 346 0 28 25 0 32 334 380 653 0 0 0 78 160 140 0 74 73 
301 126 84 0 86 0 82 84 109 350 0 28 25 0 33 349 423 653 0 0 0 76 183 140 0 74 73 
301 130 86 0 85 0 82 85 110 347 0 26 25 0 32 373 450 641 0 0 0 81 150 140 0 74 73 
300 129 87 0 85 0 79 86 109 342 0 26 24 0 34 367 449 672 0 0 0 81 176 140 0 74 73 
301 134 86 0 85 0 80 83 108 342 0 26 24 0 33 415 424 645 0 0 0 89 197 140 0 74 73 
296 133 86 0 84 0 82 89 107 342 0 27 24 0 32 365 443 605 0 0 0 93 202 140 0 74 73 
304 133 85 0 84 0 82 91 107 349 0 26 24 0 34 353 411 554 0 0 0 96 214 140 0 74 73 
301 131 86 0 84 0 82 91 108 349 0 25 24 0 32 366 416 623 0 0 0 98 160 140 0 74 73 
302 133 87 0 84 10 84 90 107 341 0 28 24 0 35 361 468 664 0 0 0 95 168 140 0 74 73 
304 129 85 0 84 0 84 87 109 344 0 23 25 0 31 358 389 618 0 0 0 95 182 140 0 74 73 
299 132 84 0 84 0 84 87 110 355 0 26 25 0 32 345 412 666 0 0 0 93 119 140 0 74 73 
306 129 87 0 84 10 84 87 109 356 0 28 26 0 31 349 436 620 0 0 0 97 150 140 0 74 73 
305 122 88 0 84 10 84 90 106 355 0 26 24 0 32 366 404 640 0 0 0 102 175 140 0 74 73 
301 133 86 0 84 0 85 86 108 343 0 25 25 0 33 325 447 622 0 0 0 105 149 140 0 74 73 
303 133 83 0 83 0 84 94 107 344 0 23 24 0 32 370 435 682 0 0 0 100 192 140 0 74 73 
304 136 89 0 83 0 85 88 108 343 0 24 25 0 33 342 430 647 0 0 0 95 165 140 0 74 73 
301 122 88 0 84 0 86 88 108 346 0 26 25 0 34 390 405 662 0 0 0 88 150 140 0 74 73 
303 133 86 0 84 0 87 87 108 343 0 26 25 0 33 336 443 678 0 0 0 86 148 140 0 74 73 
303 131 88 0 84 0 84 89 109 348 0 25 27 0 33 317 445 632 0 0 0 84 166 140 0 74 73 
306 131 85 0 84 0 87 91 110 349 0 26 26 0 33 389 431 655 0 0 0 83 184 140 0 73 73 
304 128 86 0 85 0 87 84 109 350 0 25 28 0 32 342 451 653 0 0 0 84 197 140 0 73 73 
304 130 88 0 84 0 89 90 108 347 0 27 28 0 32 360 422 762 0 0 0 78 150 140 0 72 73 
303 130 87 0 86 0 86 89 107 347 0 26 26 0 31 366 464 605 0 0 0 79 173 140 0 73 73 
302 122 86 0 87 0 89 88 107 329 0 25 27 0 31 348 473 727 0 0 0 88 171 140 0 73 73 
304 128 89 0 86 0 89 89 107 338 0 24 27 0 31 333 446 702 0 0 0 91 172 140 0 73 73 
302 134 88 0 86 0 88 93 107 345 0 25 27 0 32 375 465 663 0 0 0 88 203 140 0 73 73 
299 133 86 0 84 0 88 95 109 353 0 27 27 0 32 368 435 665 0 0 0 89 175 140 0 73 73 
301 131 89 0 82 10 90 85 108 347 0 26 26 0 34 357 392 655 0 0 0 87 167 140 0 73 73 
302 130 90 0 81 0 91 91 109 344 0 26 28 0 35 335 406 670 0 0 0 87 204 140 0 73 73 
301 126 86 0 82 0 90 91 108 344 0 27 26 0 33 366 447 646 0 0 0 88 172 140 0 73 73 
300 125 86 0 82 0 91 88 107 347 0 27 25 0 34 316 445 739 0 0 0 88 170 140 0 73 73 
300 124 87 0 85 0 90 89 107 347 0 24 27 0 32 357 403 609 0 0 0 89 178 140 0 73 73 
298 135 87 0 85 0 90 85 108 344 0 27 27 0 34 330 406 641 0 0 0 89 180 140 0 74 73 
302 131 87 0 87 0 88 83 108 339 0 23 26 0 34 355 443 693 0 0 0 93 171 140 0 74 73 
302 129 88 0 89 0 90 86 108 343 0 25 25 0 34 385 426 655 0 0 0 92 180 140 0 74 73 
296 125 88 0 89 10 91 89 107 347 0 25 26 0 34 325 404 697 0 0 0 89 175 140 0 74 73 
302 127 88 0 89 0 91 92 107 349 0 25 26 0 32 345 425 664 0 0 0 86 170 140 0 74 73 
298 132 88 0 91 0 90 86 110 349 0 28 25 0 33 328 459 630 0 0 0 85 149 140 0 73 73 
302 128 88 0 89 0 90 93 111 340 0 25 25 0 31 345 475 527 0 0 0 84 174 140 0 73 73 
303 135 88 0 91 11 91 92 109 344 0 27 25 0 30 361 473 691 0 0 0 84 147 140 0 73 73 
297 130 89 0 91 0 90 86 107 352 0 28 26 0 32 385 441 672 0 0 0 81 175 140 0 73 73 
297 128 89 0 89 0 91 88 106 352 0 27 26 0 31 389 384 649 0 0 0 85 161 140 0 72 73 
306 128 85 0 89 0 92 87 108 349 0 28 26 0 33 358 413 641 0 0 0 89 166 140 0 71 73 
302 131 87 0 87 0 93 89 108 341 0 26 26 0 32 359 416 632 0 0 0 92 160 140 0 71 73 
306 129 86 0 85 0 88 85 108 346 0 28 26 0 31 384 423 632 0 0 0 95 129 140 0 70 73 
304 130 86 0 85 0 88 90 108 344 0 28 26 0 32 351 402 618 0 0 0 93 192 140 0 71 73 
302 133 84 0 85 0 87 93 109 341 0 26 26 0 32 385 447 627 0 0 0 98 176 140 0 72 73 
305 130 90 0 85 10 86 87 110 341 0 27 26 0 31 360 433 664 0 0 0 97 193 140 0 72 73 
302 130 90 0 85 0 85 88 109 351 0 26 25 0 33 350 417 600 0 0 0 94 181 140 0 73 73 
309 131 86 0 87 0 83 85 109 355 0 27 26 0 34 355 409 625 0 0 0 96 191 140 0 73 73 
302 132 91 0 89 0 83 83 107 351 0 27 26 0 33 322 435 651 0 0 0 96 165 140 0 73 73 
304 131 88 0 90 10 81 84 107 353 0 28 27 0 33 375 428 648 0 0 0 99 130 140 0 74 73 
305 131 83 0 90 0 82 92 109 344 0 26 26 0 33 325 424 590 0 0 0 99 182 140 0 74 73 
302 131 84 0 88 0 83 93 109 334 0 25 27 0 33 388 416 662 0 0 0 98 204 140 0 73 73 
305 130 81 0 89 10 84 87 108 345 0 26 28 0 32 376 407 605 0 0 0 95 172 140 0 73 73 
301 133 88 0 89 0 83 88 107 353 0 26 26 0 38 358 440 614 0 0 0 89 165 140 0 73 73 
302 131 89 0 87 0 84 86 108 352 0 27 26 0 38 353 416 571 0 0 0 87 196 140 0 73 73 
301 132 89 0 86 0 86 89 108 344 0 26 26 0 34 357 424 626 0 0 0 89 161 140 0 73 73 
298 134 89 0 87 10 86 90 108 342 0 26 26 0 33 345 434 674 0 0 0 90 131 140 0 73 73 
302 138 85 0 86 0 87 89 108 349 0 26 25 0 32 342 446 637 0 0 0 92 157 140 0 73 73 
299 125 86 0 85 0 86 87 108 350 0 28 26 0 31 361 407 713 0 0 0 93 165 140 0 74 73 
300 126 87 0 85 0 89 85 108 346 0 25 26 0 31 337 424 648 0 0 0 95 186 140 0 73 73 
297 132 88 0 85 11 87 89 107 343 0 26 27 0 32 327 430 638 0 0 0 95 139 140 0 74 73 
301 133 87 0 85 0 86 92 106 338 0 26 26 0 31 339 440 605 0 0 0 90 182 140 0 74 73 
304 135 83 0 85 0 87 87 106 337 0 25 27 0 32 399 463 680 0 0 0 90 157 140 0 74 73 
299 131 87 0 86 0 87 92 109 343 0 27 29 0 31 368 439 659 0 0 0 87 174 140 0 74 73 
302 132 86 0 87 10 85 90 110 348 0 25 27 0 30 376 401 648 0 0 0 87 159 140 0 74 73 
304 130 86 0 87 0 85 88 109 342 0 24 26 0 31 350 409 728 0 0 0 85 175 140 0 74 73 
301 129 88 0 87 0 88 89 108 339 0 25 26 0 32 370 440 648 0 0 0 88 141 140 0 74 73 
303 127 83 0 87 0 87 85 105 349 0 26 27 0 32 385 413 718 0 0 0 90 183 140 0 74 73 
301 130 86 0 86 11 84 88 108 356 0 25 26 0 30 345 435 676 0 0 0 84 177 140 0 74 73 
300 134 89 0 87 0 84 87 108 353 0 26 26 0 30 353 452 664 0 0 0 83 161 140 0 74 73 
305 129 87 0 86 0 84 89 107 347 0 25 27 0 31 362 448 718 0 0 0 84 214 140 0 74 73 
302 125 89 0 87 0 85 88 108 343 0 24 26 0 31 391 472 794 0 0 0 91 183 140 0 74 73 
308 127 85 0 86 11 84 89 109 349 0 25 27 0 31 384 452 735 0 0 0 89 198 140 0 74 73 
307 126 87 0 87 0 85 90 109 350 0 24 26 0 33 355 418 661 0 0 0 84 193 140 0 73 73 
306 127 88 0 87 0 84 89 109 349 0 24 26 0 33 397 454 692 0 0 0 84 177 140 0 72 73 
301 127 87 0 87 0 84 91 108 350 0 26 27 0 31 377 415 695 0 0 0 83 145 140 0 72 73 
307 133 88 0 86 10 82 89 108 353 0 24 25 0 32 381 413 685 0 0 0 83 149 140 0 72 73 
307 126 87 0 84 0 85 90 108 351 0 26 25 0 33 361 466 714 0 0 0 90 173 140 0 72 73 
302 127 88 0 84 0 85 87 107 350 0 26 26 0 31 367 411 705 0 0 0 96 158 140 0 72 73 
308 128 85 0 83 0 84 92 105 349 0 25 26 0 33 371 442 682 0 0 0 100 181 140 0 72 73 
304 126 86 0 83 10 85 89 107 337 0 28 28 0 32 381 359 670 0 0 0 98 149 140 0 73 73 
300 124 89 0 84 0 85 86 107 332 0 27 27 0 32 336 419 721 0 0 0 96 201 140 0 73 73 
305 133 84 0 84 0 86 90 110 341 0 29 27 0 32 378 435 686 0 0 0 96 182 140 0 73 73 
298 129 86 0 87 0 83 94 110 348 0 29 25 0 32 346 475 706 0 0 0 93 168 140 0 73 73 
294 130 85 0 87 10 85 95 107 347 0 30 25 0 32 353 437 651 0 0 0 94 180 140 0 73 73 
301 132 88 0 88 0 83 88 107 344 0 32 25 0 32 341 408 714 0 0 0 95 144 140 0 74 73 
300 133 87 0 88 0 85 89 108 343 0 34 25 0 33 338 457 549 0 0 0 93 145 140 0 74 73 
300 131 86 0 88 10 83 90 109 345 0 32 24 0 34 353 380 634 0 0 0 90 192 140 0 73 73 
296 128 89 0 89 10 81 83 108 345 0 33 25 0 32 348 435 708 0 0 0 87 188 140 0 72 73 
300 125 87 0 90 0 82 84 107 343 0 33 25 0 32 410 393 677 0 0 0 88 181 140 0 73 73 
299 139 86 0 91 0 81 88 108 342 0 32 25 0 33 315 399 663 0 0 0 91 179 140 0 72 73 
296 131 88 0 91 10 82 87 108 340 0 27 25 0 32 373 420 664 0 0 0 91 174 140 0 73 73 
305 129 84 0 91 10 84 83 110 343 0 31 26 0 32 340 443 648 0 0 0 91 143 140 0 73 73 
303 133 84 0 91 0 88 85 110 347 0 29 26 0 33 322 421 542 0 0 0 85 143 140 0 73 73 
299 130 87 0 89 0 85 92 109 347 0 29 24 0 32 368 471 595 0 0 0 88 172 140 0 73 73 
299 135 87 0 88 0 86 89 108 339 0 29 24 0 33 373 419 660 0 0 0 90 181 140 0 74 73 
301 128 86 0 87 0 85 90 107 340 0 27 24 0 33 379 403 704 0 0 0 92 181 140 0 74 73 
304 128 86 0 86 0 85 90 107 351 0 28 24 0 33 362 449 550 0 0 0 92 162 140 0 74 73 
303 133 86 0 86 0 83 86 108 354 0 26 25 0 33 375 485 616 0 0 0 89 144 140 0 74 73 
298 128 84 0 85 0 83 88 108 351 0 27 26 0 32 393 408 622 0 0 0 90 176 140 0 74 73 
303 127 85 0 85 0 85 87 108 346 0 29 26 0 32 367 498 632 0 0 0 88 208 140 0 74 73 
305 131 84 0 85 0 82 90 109 344 0 28 26 0 32 339 438 600 0 0 0 88 193 140 0 74 73 
306 139 87 0 85 0 80 85 108 347 0 27 25 0 32 364 440 642 0 0 0 90 171 140 0 73 73 
304 122 85 0 86 10 80 91 108 343 0 28 25 0 33 382 448 610 0 0 0 91 186 140 0 72 73 
305 126 86 0 86 0 78 91 107 344 0 27 26 0 33 373 469 568 0 0 0 93 176 140 0 72 73 
301 126 85 0 85 0 77 88 107 347 0 27 26 0 33 377 424 639 0 0 0 92 189 140 0 71 73 
303 132 87 0 86 0 76 91 107 352 0 27 27 0 32 371 425 639 0 0 0 88 195 140 0 71 73 
305 133 86 0 86 10 77 87 108 349 0 26 26 0 32 326 423 637 0 0 0 89 110 140 0 72 73 
305 130 88 0 86 0 77 87 108 347 0 29 27 0 31 348 438 663 0 0 0 85 184 140 0 72 73 
302 130 87 0 87 0 76 85 108 345 0 27 26 0 32 336 401 577 0 0 0 84 210 140 0 73 73 
305 131 84 0 86 0 77 90 108 335 0 26 26 0 31 371 439 677 0 0 0 82 144 140 0 73 73 
298 124 84 0 85 10 79 89 108 335 0 31 28 0 31 326 457 638 0 0 0 86 160 140 0 73 73 
302 127 84 0 86 0 79 90 107 350 0 31 27 0 32 365 420 648 0 0 0 90 195 140 0 74 73 
300 131 86 0 85 0 80 94 107 351 0 35 26 0 32 330 447 638 0 0 0 87 183 140 0 73 73 
301 130 86 0 85 0 82 89 109 347 0 35 27 0 33 383 429 702 0 0 0 97 150 140 0 72 73 
299 132 87 0 85 0 82 89 109 341 0 41 27 0 33 318 451 669 0 0 0 99 133 140 0 71 73 
303 126 86 0 84 0 82 92 109 345 0 38 27 0 33 370 438 647 0 0 0 101 142 140 0 70 73 
300 127 87 0 85 0 82 93 107 351 0 41 27 0 32 384 398 678 0 0 0 101 158 140 0 69 73 
301 124 83 0 85 0 83 91 106 345 0 39 26 0 33 349 460 655 0 0 0 101 182 140 0 71 73 
302 126 86 0 85 0 82 83 107 345 0 41 27 0 33 359 457 704 0 0 0 98 179 140 0 72 73 
301 128 84 0 84 0 81 83 110 338 0 43 28 0 32 324 436 706 0 0 0 95 127 140 0 72 73 
301 131 86 0 84 0 82 85 109 339 0 42 25 0 31 368 431 752 0 0 0 90 139 140 0 73 73 
301 123 87 0 84 0 81 86 108 343 0 37 26 0 32 342 434 712 0 0 0 89 160 140 0 74 73 
303 128 86 0 84 0 83 91 109 345 0 33 25 0 31 365 466 713 0 0 0 86 195 140 0 73 73 
300 130 88 0 84 0 81 91 108 344 0 31 25 0 32 317 431 636 0 0 0 88 310 140 0 74 73 
300 127 87 0 85 0 81 91 107 337 0 30 25 0 32 371 408 711 0 0 0 92 130 140 0 74 73 
303 126 86 0 87 0 82 89 106 343 0 29 27 0 33 333 486 749 0 0 0 91 139 140 0 72 73 
304 129 87 0 87 0 81 89 107 355 0 27 25 0 33 389 435 608 0 0 0 84 145 140 0 71 73 
304 138 87 0 88 0 82 91 108 352 0 27 26 0 33 358 427 749 0 0 0 80 196 140 0 70 73 
304 129 86 0 86 0 83 85 108 349 0 27 26 0 32 351 398 724 0 0 0 83 148 140 0 70 73 
302 128 87 0 84 0 84 91 108 341 0 27 26 0 33 366 375 685 0 0 0 83 169 140 0 69 73 
301 132 86 0 81 0 83 89 108 345 0 28 26 0 32 362 420 726 0 0 0 85 155 140 0 69 73 
309 134 85 0 79 0 84 88 109 349 0 29 25 0 32 354 423 750 0 0 0 87 171 140 0 70 73 
301 128 86 0 80 0 85 89 110 347 0 28 24 0 31 386 414 736 0 0 0 90 158 140 0 71 73 
303 124 85 0 81 0 87 91 108 350 0 25 26 0 31 349 438 668 0 0 0 96 166 140 0 72 73 
300 129 86 0 84 0 84 90 106 352 0 28 25 0 32 368 413 711 0 0 0 97 189 140 0 72 73 
302 131 89 0 86 0 85 86 106 349 0 25 26 0 32 359 433 547 0 0 0 96 210 140 0 73 73 
303 132 85 0 87 0 85 89 107 350 0 27 27 0 32 345 395 661 0 0 0 100 189 140 0 73 73 
304 135 84 0 88 0 86 82 108 348 0 27 26 0 33 416 433 728 0 0 0 101 179 140 0 74 73 
301 133 88 0 89 0 84 83 110 341 0 25 26 0 32 356 432 656 0 0 0 98 171 140 0 74 73 
303 136 87 0 89 0 86 89 109 332 0 26 26 0 32 387 467 680 0 0 0 92 138 140 0 74 73 
303 130 86 0 89 0 85 89 108 342 0 26 27 0 34 321 441 680 0 0 0 94 198 140 0 74 73 
302 130 87 0 90 0 84 91 107 350 0 28 28 0 33 364 440 684 0 0 0 92 199 140 0 74 73 
301 129 86 0 91 0 83 85 108 345 0 29 27 0 34 337 395 603 0 0 0 94 160 140 0 74 73 
302 131 89 0 90 0 82 92 108 343 0 27 28 0 34 365 442 654 0 0 0 91 180 140 0 74 73 
302 127 86 0 90 0 82 90 108 343 0 27 27 0 35 369 441 642 0 0 0 85 147 140 0 74 73 
301 129 90 0 90 0 79 86 106 347 0 25 26 0 32 355 424 676 0 0 0 82 157 140 0 74 73 
301 134 86 0 87 0 80 90 108 348 0 24 25 0 34 349 416 643 0 0 0 82 194 140 0 74 73 
303 123 85 0 87 0 79 87 109 344 0 26 24 0 31 368 432 696 0 0 0 80 142 140 0 74 73 
299 124 86 0 84 0 80 84 108 343 0 25 24 0 32 347 434 626 0 0 0 83 177 140 0 74 73 
300 130 83 0 85 0 78 91 108 342 0 26 23 0 33 384 411 666 0 0 0 82 202 140 0 74 73 
299 132 85 0 85 0 78 95 111 344 0 27 24 0 32 355 396 672 0 0 0 87 152 140 0 73 73 
303 136 86 0 86 0 79 89 109 347 0 28 26 0 32 354 392 687 0 0 0 94 168 140 0 73 73 
303 130 88 0 87 0 80 89 107 348 0 27 26 0 32 348 395 641 0 0 0 97 170 140 0 71 73 
300 135 88 0 87 0 80 93 107 344 0 27 26 0 32 341 420 633 0 0 0 95 224 140 0 69 73 
305 127 90 0 88 0 80 88 107 340 0 28 25 0 32 335 456 664 0 0 0 91 187 140 0 67 73 
300 130 86 0 88 0 82 92 109 353 0 29 26 0 32 373 455 714 0 0 0 92 210 140 0 66 73 
300 128 86 0 88 0 81 88 109 355 0 29 27 0 34 362 381 643 0 0 0 91 190 140 0 67 73 
304 132 87 0 88 0 81 86 109 355 0 32 25 0 33 358 461 739 0 0 0 93 159 140 0 67 73 
307 129 86 0 88 0 81 88 108 344 0 31 24 0 34 358 447 676 0 0 0 96 189 140 0 67 73 
302 130 84 0 89 0 82 87 109 343 0 31 24 0 34 380 416 609 0 0 0 101 140 140 0 69 73 
301 122 87 0 87 0 80 88 109 348 0 31 25 0 34 372 442 592 0 0 0 100 151 140 0 68 73 
301 124 87 0 88 0 80 86 108 348 0 30 24 0 32 354 457 680 0 0 0 96 146 140 0 68 73 
300 123 91 0 87 0 80 87 107 344 0 28 25 0 33 389 374 660 0 0 0 99 176 140 0 68 73 
307 129 87 0 86 0 80 93 108 349 0 29 25 0 31 383 416 786 0 0 0 99 187 140 0 68 73 
304 129 91 0 85 0 79 86 109 350 0 28 25 0 31 364 430 723 0 0 0 100 145 140 0 69 73 
303 131 87 0 85 0 79 87 110 348 0 25 24 0 33 326 481 706 0 0 0 93 152 140 0 69 73 
296 129 86 0 85 0 81 87 109 348 0 25 25 0 32 405 478 659 0 0 0 88 170 140 0 69 73 
303 127 85 0 85 0 80 89 107 348 0 28 26 0 32 393 449 682 0 0 0 84 180 140 0 70 73 
302 127 89 0 86 0 81 87 107 337 0 26 24 0 33 368 427 702 0 0 0 88 186 140 0 70 73 
299 130 86 0 87 0 81 86 108 333 0 25 24 0 34 370 434 665 0 0 0 87 164 140 0 69 73 
301 124 82 0 87 0 82 88 110 349 0 26 26 0 33 327 370 784 0 0 0 93 188 140 0 69 73 
309 130 83 0 87 0 82 90 109 349 0 26 24 0 32 379 423 709 0 0 0 92 139 140 0 71 73 
304 133 84 0 86 0 82 94 107 346 0 25 25 0 32 389 452 665 0 0 0 90 168 140 0 72 73 
302 132 84 0 87 0 84 90 106 341 0 27 24 0 32 342 469 718 0 0 0 90 152 140 0 73 73 
304 129 88 0 86 0 84 90 108 345 0 26 26 0 32 343 404 729 0 0 0 90 195 140 0 73 73 
304 132 89 0 86 0 82 89 107 351 0 26 24 0 33 383 445 736 0 0 0 89 164 140 0 74 73 
305 129 87 0 87 0 82 90 107 348 0 27 24 0 32 365 465 707 0 0 0 92 181 140 0 73 73 
304 129 84 0 88 0 81 87 107 342 0 28 25 0 33 392 416 689 0 0 0 100 159 140 0 74 73 
304 124 85 0 87 0 82 83 111 343 0 31 25 0 34 379 408 680 0 0 0 96 174 140 0 73 73 
300 127 86 0 88 0 82 89 110 339 0 36 27 0 33 340 392 659 0 0 0 94 161 140 0 72 73 
303 130 86 0 87 0 82 87 107 341 0 37 24 0 32 327 427 738 0 0 0 92 210 140 0 71 73 
297 129 83 0 86 0 84 82 106 347 0 37 27 0 34 368 444 678 0 0 0 86 189 140 0 71 73 
300 130 86 0 86 0 81 88 108 347 0 34 28 0 32 372 427 721 0 0 0 82 224 140 0 70 73 
302 133 90 0 85 0 82 90 108 339 0 32 27 0 32 342 420 656 0 0 0 82 184 140 0 70 73 
301 132 86 0 84 0 82 91 109 341 0 36 26 0 31 379 430 703 0 0 0 80 157 140 0 70 73 
299 125 87 0 84 0 84 87 107 352 0 34 26 0 32 326 449 559 0 0 0 82 186 140 0 70 73 
306 128 86 0 85 0 82 89 109 353 0 34 27 0 32 362 457 653 0 0 0 84 196 140 0 69 73 
301 129 83 0 86 0 82 85 108 349 0 31 23 0 32 350 436 704 0 0 0 89 167 140 0 68 73 
312 127 87 0 87 0 82 83 109 345 0 32 25 0 33 366 428 691 0 0 0 98 156 140 0 68 73 
300 127 86 0 87 0 83 92 110 343 0 30 27 0 33 338 411 634 0 0 0 92 139 140 0 68 73 
301 136 85 0 87 0 82 91 108 348 0 29 27 0 34 382 476 656 0 0 0 95 232 140 0 68 73 
304 141 86 0 87 0 82 91 107 343 0 27 27 0 33 358 445 647 0 0 0 93 138 140 0 68 73 
308 137 86 0 87 0 82 88 106 343 0 30 26 0 34 380 465 557 0 0 0 93 149 140 0 68 73 
299 129 86 0 87 0 82 91 108 351 0 29 27 0 32 358 429 652 0 0 0 91 217 140 0 69 73 
300 127 86 0 89 0 82 90 108 349 0 34 26 0 32 366 421 637 0 0 0 91 139 140 0 69 73 
300 126 87 0 91 0 80 87 109 352 0 32 26 0 33 374 411 626 0 0 0 92 148 140 0 69 73 
303 137 85 0 91 0 84 91 109 348 0 32 26 0 32 355 408 617 0 0 0 96 144 140 0 69 73 
302 130 84 0 91 0 82 85 109 346 0 30 27 0 32 415 452 600 0 0 0 96 187 140 0 68 73 
305 131 87 0 90 0 83 89 109 335 0 29 27 0 32 348 383 642 0 0 0 97 164 140 0 68 73 
302 129 87 0 89 0 83 89 108 340 0 32 26 0 32 389 455 626 0 0 0 93 160 140 0 67 73 
303 124 85 0 88 0 84 91 108 352 0 33 29 0 32 350 474 646 0 0 0 94 155 140 0 66 73 
303 127 86 0 86 0 84 93 108 347 0 32 27 0 32 351 429 623 0 0 0 92 154 140 0 66 73 
302 131 85 0 86 0 85 93 108 343 0 32 28 0 31 310 427 551 0 0 0 89 172 140 0 67 73 
302 137 86 0 85 0 86 89 109 342 0 30 26 0 32 341 425 537 0 0 0 87 177 140 0 68 73 
302 132 89 0 85 0 87 86 107 344 0 31 27 0 32 318 424 671 0 0 0 89 208 140 0 68 73 
299 125 89 0 84 0 85 92 107 351 0 32 26 0 32 361 387 643 0 0 0 89 192 140 0 70 73 
305 129 84 0 85 0 85 90 109 345 0 31 26 0 33 401 479 653 0 0 0 88 144 140 0 70 73 
301 121 85 0 85 0 87 86 112 343 0 34 27 0 32 410 453 646 0 0 0 84 145 140 0 70 73 
300 129 89 0 84 0 84 84 108 337 0 36 27 0 33 346 439 617 0 0 0 87 170 140 0 70 73 
297 126 86 0 84 0 85 87 106 339 0 37 27 0 33 350 406 622 0 0 0 89 171 140 0 70 73 
301 131 85 0 84 0 84 87 106 346 0 37 27 0 32 363 462 568 0 0 0 89 189 140 0 70 73 
303 129 84 0 84 0 84 88 109 347 0 37 27 0 33 348 445 648 0 0 0 89 152 140 0 70 73 
300 127 88 0 85 0 83 90 109 343 0 35 25 0 32 335 433 655 0 0 0 89 153 140 0 70 73 
299 125 88 0 86 0 84 90 108 340 0 35 26 0 33 401 451 714 0 0 0 89 129 140 0 71 73 
303 130 88 0 85 0 84 89 108 346 0 35 26 0 33 360 421 665 0 0 0 87 155 140 0 72 73 
300 126 88 0 85 0 84 91 109 354 0 34 26 0 33 385 411 668 0 0 0 96 158 140 0 71 73 
303 132 87 0 86 0 84 88 109 354 0 34 26 0 33 366 419 655 0 0 0 95 142 140 0 70 73 
302 129 88 0 85 0 83 90 108 348 0 35 25 0 34 362 409 625 0 0 0 92 174 140 0 70 73 
307 139 86 0 84 0 82 87 107 345 0 36 25 0 32 316 417 670 0 0 0 88 180 140 0 69 73 
304 128 86 0 85 0 83 88 106 348 0 36 28 0 32 348 438 684 0 0 0 82 159 140 0 69 73 
297 127 84 0 85 0 83 87 108 349 0 34 25 0 32 375 451 701 0 0 0 83 183 140 0 69 73 
297 128 86 0 84 0 83 87 109 344 0 35 24 0 34 365 437 634 0 0 0 80 177 140 0 69 73 
303 131 85 0 86 0 81 97 110 349 0 37 25 0 33 366 441 624 0 0 0 79 170 140 0 70 73 
302 131 87 0 86 0 81 90 107 351 0 40 26 0 34 377 450 679 0 0 0 84 214 140 0 70 73 
305 131 87 0 86 0 80 90 107 349 0 40 25 0 33 368 444 659 0 0 0 81 140 140 0 70 73 
303 129 87 0 85 0 80 85 108 348 0 42 24 0 33 395 431 686 0 0 0 87 195 140 0 70 73 
302 137 89 0 84 0 80 83 108 347 0 44 25 0 31 350 456 573 0 0 0 96 180 140 0 71 73 
306 127 88 0 83 0 78 86 109 339 0 38 27 0 32 375 412 677 0 0 0 97 198 140 0 72 73 
305 130 86 0 85 0 78 86 108 334 0 39 26 0 31 403 459 649 0 0 0 95 183 140 0 73 73 
307 130 92 0 86 0 77 94 108 347 0 37 25 0 32 362 422 680 0 0 0 91 163 140 0 72 73 
305 128 84 0 87 0 77 90 108 356 0 40 26 0 33 375 416 682 0 0 0 95 175 140 0 73 73 
305 128 87 0 88 0 74 89 108 346 0 35 24 0 33 355 444 713 0 0 0 98 220 140 0 73 73 
304 130 86 0 89 0 74 93 107 342 0 34 25 0 33 341 452 713 0 0 0 100 161 140 0 73 73 
304 131 87 0 89 0 74 93 107 343 0 40 25 0 32 364 360 601 0 0 0 97 162 140 0 72 73 
306 128 87 0 87 0 74 88 110 348 0 41 26 0 32 384 451 679 0 0 0 95 204 140 0 73 73 
305 134 87 0 85 0 74 88 110 347 0 45 26 0 32 353 442 581 0 0 0 93 207 140 0 73 73 
299 133 83 0 84 0 74 89 109 343 0 46 25 0 32 343 425 638 0 0 0 92 170 140 0 73 73 
305 130 86 0 82 0 75 85 106 342 0 48 27 0 32 359 459 634 0 0 0 90 140 140 0 73 73 
301 125 87 0 82 0 75 88 105 335 0 48 27 0 34 345 445 704 0 0 0 90 161 140 0 74 73 
302 125 84 0 83 0 78 94 108 343 0 40 27 0 34 370 402 668 0 0 0 85 186 140 0 74 73 
301 128 84 0 85 0 80 90 108 344 0 37 25 0 33 334 453 647 0 0 0 84 146 140 0 74 73 
302 136 87 0 87 0 82 90 108 347 0 36 26 0 33 375 429 617 0 0 0 84 174 140 0 74 73 
299 133 85 0 89 0 80 92 107 342 0 35 25 0 33 345 517 567 0 0 0 84 166 140 0 74 73 
298 131 88 0 89 0 82 89 109 342 0 37 26 0 33 373 438 634 0 0 0 87 145 140 0 74 73 
303 140 88 0 90 0 82 87 111 351 0 39 26 0 32 352 449 623 0 0 0 96 138 140 0 74 73 
303 135 87 0 91 0 82 86 110 351 0 36 25 0 33 363 425 647 0 0 0 101 186 140 0 74 73 
301 121 89 0 91 0 81 91 110 349 0 37 26 0 34 353 467 571 0 0 0 93 142 140 0 74 73 
299 133 88 0 91 0 81 90 106 348 0 35 25 0 33 332 468 641 0 0 0 89 171 140 0 74 73 
300 131 85 0 92 0 82 82 107 343 0 31 25 0 38 370 421 610 0 0 0 86 188 140 0 72 73 
303 133 86 0 92 0 82 92 107 346 0 33 27 0 37 380 423 602 0 0 0 85 154 140 0 73 73 
302 125 86 0 91 0 83 88 107 347 0 33 25 0 34 360 393 636 0 0 0 84 161 140 0 72 73 
302 127 88 0 91 0 84 84 107 345 0 30 25 0 33 364 409 612 0 0 0 85 189 140 0 72 73 
300 123 85 0 88 0 84 86 107 350 0 31 24 0 34 366 424 661 0 0 0 93 160 140 0 71 73 
308 132 87 0 86 0 82 89 109 346 0 30 25 0 31 374 427 574 0 0 0 90 181 140 0 71 73 
303 126 91 0 85 0 82 86 109 350 0 30 26 0 31 368 386 671 0 0 0 90 119 140 0 71 73 
306 129 87 0 84 0 83 85 107 350 0 28 25 0 32 361 424 595 0 0 0 90 184 140 0 70 73 
304 129 88 0 84 0 84 91 106 347 0 29 26 0 33 346 411 646 0 0 0 86 170 140 0 71 73 
301 124 88 0 85 0 82 86 107 337 0 30 26 0 31 422 475 680 0 0 0 88 162 140 0 71 73 
309 127 85 0 86 0 81 87 109 336 0 28 25 0 31 326 430 636 0 0 0 90 175 140 0 71 73 
308 128 88 0 87 0 81 86 109 350 0 28 24 0 31 356 412 595 0 0 0 87 169 140 0 71 73 
307 128 86 0 87 0 80 93 108 349 0 27 26 0 30 345 451 621 0 0 0 90 184 140 0 71 73 
305 129 86 0 88 0 80 94 107 344 0 27 24 0 29 389 453 655 0 0 0 88 188 140 0 71 73 
303 129 90 0 87 0 79 97 108 342 0 29 24 0 31 349 448 702 0 0 0 87 179 140 0 71 73 
309 132 90 0 88 0 80 96 111 342 0 28 25 0 32 332 468 736 0 0 0 89 177 140 0 72 73 
304 136 89 0 88 0 78 88 111 352 0 28 25 0 31 353 402 666 0 0 0 94 241 140 0 72 73 
301 129 90 0 87 0 78 87 108 345 0 30 26 0 32 344 432 645 0 0 0 98 187 140 0 73 73 
299 130 89 0 88 0 78 87 107 342 0 30 25 0 33 337 430 676 0 0 0 99 156 140 0 74 73 
299 131 87 0 88 0 78 84 108 343 0 30 27 0 30 321 412 690 0 0 0 97 217 140 0 73 73 
302 126 87 0 87 0 77 86 108 339 0 30 29 0 33 386 455 726 0 0 0 89 170 140 0 73 73 
298 127 86 0 85 0 78 89 109 344 0 32 27 0 32 386 438 737 0 0 0 94 144 140 0 73 73 
299 128 79 0 84 0 77 85 107 349 0 33 28 0 33 342 374 729 0 0 0 94 167 140 0 72 73 
307 135 86 0 83 0 77 85 107 343 0 34 28 0 32 361 419 668 0 0 0 99 147 140 0 71 73 
300 131 88 0 83 0 76 92 109 341 0 34 29 0 33 362 424 670 0 0 0 96 177 140 0 70 73 
301 128 87 0 84 0 76 94 109 342 0 33 30 0 32 383 416 733 0 0 0 87 134 140 0 69 73 
301 127 92 0 86 0 79 92 110 355 0 32 28 0 30 359 380 704 0 0 0 88 165 140 0 68 73 
301 131 86 0 87 0 78 83 108 355 0 31 27 0 32 380 409 747 0 0 0 92 168 140 0 68 73 
301 129 86 0 88 0 76 89 107 345 0 33 25 0 33 392 433 727 0 0 0 93 158 140 0 69 73 
301 130 85 0 87 0 76 88 109 346 0 37 25 0 33 361 422 723 0 0 0 92 166 140 0 70 73 
302 129 87 0 87 0 79 88 109 347 0 38 25 0 34 347 421 703 0 0 0 86 172 140 0 71 73 
302 135 87 0 86 0 79 87 110 351 0 39 25 0 41 386 438 695 0 0 0 84 162 140 0 72 73 
306 126 85 0 86 0 78 92 107 348 0 38 25 0 34 401 390 707 0 0 0 85 198 140 0 73 73 
301 132 87 0 86 0 77 89 108 347 0 37 24 0 34 358 450 714 0 0 0 85 195 140 0 74 73 
294 143 88 0 86 0 77 90 108 350 0 32 25 0 34 351 394 784 0 0 0 89 170 140 0 74 73 
307 123 87 0 87 0 78 89 107 349 0 32 24 0 33 396 433 681 0 0 0 93 181 140 0 74 73 
309 125 87 0 88 0 80 87 107 348 0 35 26 0 34 328 405 717 0 0 0 93 158 140 0 74 73 
305 127 87 0 88 0 82 90 107 347 0 37 24 0 33 359 447 558 0 0 0 93 156 140 0 74 73 
308 135 87 0 87 0 84 88 108 340 0 41 25 0 32 353 427 692 0 0 0 93 195 140 0 72 73 
302 134 85 0 87 0 83 89 109 333 0 39 24 0 31 380 432 726 0 0 0 95 167 140 0 72 73 
301 131 84 0 86 0 82 85 107 338 0 42 25 0 32 341 439 672 0 0 0 93 163 140 0 72 73 
306 138 91 0 84 0 82 91 105 350 0 46 26 0 31 355 434 673 0 0 0 94 182 140 0 72 73 
300 127 89 0 84 0 81 90 106 348 0 46 26 0 32 386 428 676 0 0 0 96 180 140 0 71 73 
301 127 85 0 84 0 82 88 108 343 0 44 25 0 31 366 409 686 0 0 0 92 163 140 0 70 73 
299 131 84 0 84 0 83 92 109 342 0 45 26 0 32 396 442 623 0 0 0 91 173 140 0 71 73 
306 128 83 0 85 0 85 87 109 346 0 47 26 0 31 380 442 663 0 0 0 83 155 140 0 72 73 
301 131 83 0 86 0 83 91 107 352 0 48 26 0 32 371 440 629 0 0 0 85 171 140 0 72 73 
301 128 87 0 87 0 82 90 107 345 0 44 25 0 33 367 416 688 0 0 0 89 157 140 0 72 73 
303 127 84 0 87 0 81 89 108 338 0 46 26 0 32 385 375 641 0 0 0 82 167 140 0 72 73 
296 125 87 0 87 0 80 87 108 342 0 43 25 0 32 356 445 648 0 0 0 84 165 140 0 72 73 
299 125 85 0 87 0 79 81 107 339 0 38 26 0 32 350 449 643 0 0 0 86 178 140 0 69 73 
305 129 84 0 88 0 81 84 107 347 0 37 26 0 32 367 441 655 0 0 0 86 159 140 0 68 73 
300 126 83 0 89 0 83 86 109 349 0 34 26 0 32 346 401 688 0 0 0 93 164 140 0 69 73 
300 130 86 0 91 0 83 89 110 346 0 33 26 0 32 386 459 647 0 0 0 100 164 140 0 70 73 
301 130 86 0 92 0 81 88 110 338 0 30 27 0 32 324 440 613 0 0 0 102 160 140 0 72 73 
300 125 88 0 93 0 81 92 109 349 0 29 26 0 31 361 418 610 0 0 0 103 147 140 0 73 73 
298 138 86 0 93 0 80 94 109 358 0 30 25 0 32 340 430 649 0 0 0 98 165 140 0 74 73 
300 127 86 0 90 0 79 89 107 354 0 30 27 0 33 368 463 649 0 0 0 97 215 140 0 74 73 
302 127 88 0 89 0 81 89 108 349 0 29 26 0 32 351 408 673 0 0 0 91 196 140 0 74 73 
300 132 84 0 87 0 81 89 106 346 0 28 26 0 32 355 432 710 0 0 0 94 139 140 0 74 73 
301 136 83 0 86 0 83 87 106 347 0 27 26 0 32 355 455 641 0 0 0 94 192 140 0 74 73 
303 131 87 0 86 0 82 88 107 345 0 27 28 0 32 362 412 629 0 0 0 92 174 140 0 74 73 
305 130 85 0 86 0 82 89 110 341 0 29 26 0 31 358 431 565 0 0 0 90 212 140 0 74 73 
310 130 84 0 85 0 82 88 110 349 0 26 26 0 32 331 404 698 0 0 0 92 172 140 0 74 73 
296 130 86 0 86 0 84 90 107 350 0 32 27 0 32 364 443 689 0 0 0 91 130 140 0 74 73 
304 128 85 0 85 0 83 89 106 345 0 32 26 0 32 324 421 739 0 0 0 88 190 140 0 74 73 
307 131 85 0 85 0 82 92 108 348 0 29 25 0 33 386 410 703 0 0 0 83 155 140 0 74 73 
306 130 85 0 84 0 81 86 109 346 0 29 25 0 32 399 473 685 0 0 0 80 173 140 0 74 73 
302 134 90 0 84 0 81 82 108 338 0 31 25 0 31 339 452 638 0 0 0 78 195 140 0 74 73 
307 131 84 0 84 0 82 91 106 332 0 31 26 0 33 368 420 657 0 0 0 86 193 140 0 72 73 
304 130 85 0 85 0 84 84 107 342 0 32 25 0 33 354 422 698 0 0 0 92 136 140 0 71 73 
303 127 86 0 85 0 85 90 108 352 0 28 25 0 32 366 411 689 0 0 0 92 180 140 0 70 73 
302 130 86 0 86 0 84 87 110 346 0 32 26 0 32 354 474 695 0 0 0 95 178 140 0 70 73 
304 130 84 0 87 0 84 90 110 341 0 29 26 0 32 389 421 700 0 0 0 93 189 140 0 71 73 
298 128 82 0 86 0 83 85 109 342 0 28 25 0 32 340 416 723 0 0 0 95 182 140 0 72 73 
310 135 89 0 86 0 83 92 108 350 0 27 26 0 32 393 408 657 0 0 0 94 178 140 0 72 73 
306 132 85 0 85 0 81 88 108 351 0 25 26 0 33 362 462 697 0 0 0 98 186 140 0 73 73 
302 132 87 0 84 0 82 84 108 346 0 28 25 0 32 371 424 706 0 0 0 98 179 140 0 73 73 
302 130 88 0 84 0 83 89 108 342 0 26 26 0 32 306 385 661 0 0 0 95 142 140 0 74 73 
299 144 84 0 85 0 83 86 108 340 0 25 26 0 33 344 415 699 0 0 0 97 190 140 0 73 73 
299 126 85 0 86 0 83 88 109 339 0 25 27 0 32 328 403 678 0 0 0 91 150 140 0 72 73 
304 123 85 0 86 0 83 88 110 352 0 27 26 0 32 412 428 667 0 0 0 91 172 140 0 73 73 
300 123 85 0 86 0 82 94 108 347 0 26 26 0 32 368 473 709 0 0 0 86 185 140 0 73 73 
296 133 83 0 85 0 82 90 108 344 0 28 26 0 34 375 449 702 0 0 0 84 149 140 0 72 73 
300 134 83 0 84 0 82 87 108 342 0 26 25 0 32 357 443 729 0 0 0 83 210 140 0 69 73 
297 133 87 0 83 0 82 91 108 349 0 29 26 0 33 385 435 639 0 0 0 81 212 140 0 70 73 
305 132 87 0 83 0 83 87 108 354 0 27 27 0 32 334 455 706 0 0 0 83 184 140 0 70 73 
301 130 89 0 84 0 83 86 108 348 0 29 27 0 31 345 466 540 0 0 0 83 126 140 0 70 73 
300 132 87 0 85 0 83 88 108 343 0 29 27 0 32 356 468 664 0 0 0 79 117 140 0 70 73 
301 125 86 0 85 0 84 91 109 341 0 29 26 0 32 368 427 714 0 0 0 83 163 140 0 72 73 
303 130 83 0 88 0 86 88 108 343 0 31 27 0 32 357 458 604 0 0 0 90 177 140 0 72 73 
305 135 86 0 87 0 84 88 109 346 0 31 25 0 32 368 430 646 0 0 0 94 143 140 0 73 73 
302 131 86 0 87 0 84 89 107 342 0 30 26 0 33 364 406 643 0 0 0 95 169 140 0 73 73 
307 124 84 0 87 0 87 90 107 348 0 28 25 0 33 362 422 691 0 0 0 92 208 140 0 72 73 
300 124 83 0 85 0 90 86 109 350 0 28 26 0 33 350 448 557 0 0 0 92 157 140 0 71 73 
299 126 85 0 83 0 93 90 110 348 0 28 27 0 32 364 443 631 0 0 0 89 166 140 0 71 73 
304 128 85 0 81 0 97 88 108 349 0 28 26 0 33 352 443 686 0 0 0 94 168 140 0 70 73 
307 129 86 0 80 0 101 87 107 345 0 26 28 0 33 366 433 624 0 0 0 93 155 140 0 70 73 
302 131 91 0 80 0 101 89 106 339 0 27 28 0 33 383 411 590 0 0 0 93 181 140 0 72 73 
305 127 83 0 82 0 102 90 108 337 0 27 28 0 34 370 430 646 0 0 0 93 166 140 0 72 73 
304 127 85 0 84 0 102 87 108 350 0 25 28 0 35 359 457 688 0 0 0 92 164 140 0 73 73 
302 129 86 0 86 0 100 86 108 354 0 27 28 0 35 349 434 655 0 0 0 93 200 140 0 74 73 
306 127 87 0 86 0 96 96 108 345 0 25 29 0 35 370 417 618 0 0 0 93 166 140 0 73 73 
301 125 86 0 87 0 94 92 109 343 0 26 28 0 34 357 437 588 0 0 0 95 181 140 0 74 73 
304 129 84 0 87 0 94 96 108 344 0 25 26 0 34 370 428 575 0 0 0 95 147 140 0 74 73 
302 129 86 0 88 0 92 89 107 349 0 24 27 0 39 363 436 575 0 0 0 89 149 140 0 74 73 
302 132 84 0 88 0 89 91 107 349 0 27 26 0 51 370 430 623 0 0 0 90 155 140 0 74 73 
301 130 85 0 91 0 89 86 107 339 0 26 25 0 34 374 382 640 0 0 0 87 208 140 0 74 73 
304 133 85 0 89 0 89 87 108 339 0 26 24 0 33 348 427 624 0 0 0 87 158 140 0 74 73 
299 130 85 0 91 0 88 87 108 337 0 28 25 0 32 325 450 695 0 0 0 87 190 140 0 74 73 
301 128 82 0 90 0 88 83 108 342 0 25 24 0 31 347 416 636 0 0 0 89 142 140 0 74 73 
303 127 86 0 88 0 87 89 108 349 0 28 25 0 30 351 412 675 0 0 0 90 166 140 0 74 73 
301 129 84 0 86 0 88 84 108 345 0 25 27 0 31 328 415 614 0 0 0 90 195 140 0 74 73 
303 132 83 0 85 0 85 91 109 341 0 26 27 0 30 335 378 690 0 0 0 88 200 140 0 74 73 
301 131 86 0 85 0 85 87 108 343 0 26 27 0 30 350 418 664 0 0 0 89 199 140 0 74 73 
301 134 86 0 84 0 85 91 107 353 0 27 26 0 30 396 415 741 0 0 0 86 173 140 0 74 73 
300 131 84 0 84 0 85 96 105 355 0 25 27 0 31 319 483 678 0 0 0 84 160 140 0 74 73 
300 133 87 0 85 0 83 85 105 349 0 25 25 0 30 352 454 679 0 0 0 87 161 140 0 74 73 
300 128 87 0 86 0 84 88 107 347 0 27 25 0 31 385 478 665 0 0 0 91 182 140 0 74 73 
307 130 86 0 86 0 84 87 109 345 0 26 24 0 30 365 440 627 0 0 0 89 158 140 0 74 73 
301 132 88 0 86 0 84 87 108 348 0 29 24 0 31 338 444 686 0 0 0 85 146 140 0 74 73 
304 133 86 0 87 0 81 90 107 344 0 27 25 0 30 348 437 724 0 0 0 88 163 140 0 74 73 
302 132 85 0 86 0 81 92 107 345 0 29 25 0 31 363 398 678 0 0 0 90 171 140 0 74 73 
305 133 87 0 86 0 82 88 107 351 0 30 25 0 31 342 453 692 0 0 0 88 186 140 0 74 73 
305 133 84 0 87 0 80 85 109 347 0 30 25 0 31 336 481 696 0 0 0 82 151 140 0 72 73 
300 124 88 0 87 0 81 90 109 348 0 30 24 0 31 379 426 692 0 0 0 80 160 140 0 72 73 
302 128 87 0 88 0 83 91 107 344 0 29 24 0 31 355 416 617 0 0 0 87 160 140 0 70 73 
305 129 89 0 87 0 83 87 108 339 0 32 24 0 31 382 414 781 0 0 0 96 153 140 0 71 73 
301 136 88 0 86 0 84 91 109 332 0 32 25 0 32 373 399 692 0 0 0 102 150 140 0 70 73 
302 138 89 0 84 0 83 87 109 339 0 32 25 0 32 352 436 768 0 0 0 106 162 140 0 70 73 
304 131 87 0 84 0 83 83 109 352 0 36 25 0 32 386 418 643 0 0 0 108 191 140 0 71 73 
298 130 86 0 83 0 83 89 111 349 0 32 25 0 31 380 406 711 0 0 0 108 139 140 0 72 73 
301 129 86 0 85 0 77 92 110 343 0 33 25 0 32 338 449 786 0 0 0 103 160 140 0 72 73 
306 128 86 0 87 0 77 95 107 347 0 32 25 0 32 391 424 737 0 0 0 100 183 140 0 72 73 
301 133 89 0 88 0 77 92 108 347 0 29 24 0 32 389 411 684 0 0 0 101 233 140 0 72 73 
301 130 88 0 89 0 75 95 107 350 0 26 25 0 32 364 419 667 0 0 0 98 145 140 0 72 73 
303 134 92 0 89 0 74 90 108 345 0 27 24 0 33 348 476 733 0 0 0 93 146 140 0 72 73 
299 126 88 0 87 0 74 87 109 342 0 28 25 0 33 349 422 615 0 0 0 86 196 140 0 71 73 
303 124 91 0 87 0 76 89 108 340 0 29 25 0 33 334 447 706 0 0 0 85 181 140 0 71 73 
302 126 88 0 87 0 78 84 108 339 0 30 26 0 34 340 421 730 0 0 0 81 137 140 0 72 73 
301 127 88 0 86 0 81 88 108 350 0 30 26 0 34 359 420 669 0 0 0 80 188 140 0 73 73 
302 126 86 0 88 0 83 85 108 351 0 31 25 0 33 309 448 665 0 0 0 75 164 140 0 73 73 
301 130 86 0 89 0 84 89 107 346 0 31 25 0 32 332 417 664 0 0 0 74 182 140 0 73 73 
305 127 84 0 89 0 83 92 107 344 0 34 25 0 32 353 383 667 0 0 0 80 145 140 0 73 73 
300 128 84 0 89 0 84 85 106 351 0 38 25 0 32 358 418 564 0 0 0 84 175 140 0 74 73 
305 129 88 0 88 0 85 92 107 358 0 37 24 0 32 370 480 640 0 0 0 86 157 140 0 74 73 
298 128 89 0 87 0 84 89 109 352 0 36 26 0 32 360 420 643 0 0 0 91 163 140 0 74 73 
301 130 90 0 86 0 81 88 109 347 0 40 26 0 31 327 442 759 0 0 0 90 152 140 0 74 73 
301 128 89 0 84 0 81 88 108 345 0 37 26 0 33 377 427 586 0 0 0 87 201 140 0 74 73 
300 131 85 0 84 0 81 90 106 345 0 37 26 0 34 346 423 651 0 0 0 87 168 140 0 74 73 
300 130 89 0 84 0 79 91 108 349 0 33 25 0 32 379 424 594 0 0 0 86 163 140 0 74 73 
304 130 86 0 85 0 81 85 110 343 0 29 25 0 32 324 477 646 0 0 0 86 201 140 0 74 73 
301 131 88 0 86 0 79 87 109 349 0 26 24 0 32 365 427 639 0 0 0 83 177 140 0 74 73 
296 132 90 0 87 0 82 89 108 350 0 26 24 0 31 368 415 639 0 0 0 88 150 140 0 74 73 
296 130 89 0 87 0 81 90 107 345 0 27 25 0 30 350 396 613 0 0 0 91 173 140 0 74 73 
306 129 88 0 87 0 83 87 107 347 0 25 25 0 30 359 479 562 0 0 0 90 188 140 0 74 73 
306 125 89 0 88 0 86 88 108 345 0 26 24 0 31 322 462 669 0 0 0 95 190 140 0 71 73 
296 127 87 0 89 0 86 86 107 335 0 26 25 0 30 433 400 670 0 0 0 99 144 140 0 71 73 
304 129 91 0 90 0 87 83 107 336 0 27 24 0 32 335 411 617 0 0 0 98 191 140 0 71 73 
310 130 87 0 91 0 88 85 108 348 0 27 24 0 31 367 446 684 0 0 0 94 177 140 0 71 73 
305 131 88 0 93 0 89 90 110 353 0 27 23 0 31 345 449 659 0 0 0 89 147 140 0 72 73 
296 130 89 0 94 0 89 88 108 347 0 26 24 0 32 345 483 600 0 0 0 88 180 140 0 72 73 
297 137 88 0 93 0 87 91 105 341 0 27 24 0 34 405 417 598 0 0 0 88 160 140 0 73 73 
311 127 86 0 92 0 89 91 107 347 0 26 25 0 34 381 419 665 0 0 0 91 148 140 0 74 73 
303 132 87 0 90 0 90 86 106 349 0 26 26 0 33 345 440 680 0 0 0 95 184 140 0 73 73 
305 131 86 0 89 0 87 93 108 350 0 29 26 0 33 368 402 661 0 0 0 95 164 140 0 72 73 
307 131 83 0 87 0 87 87 108 342 0 26 25 0 32 360 410 696 0 0 0 98 183 140 0 71 73 
302 129 89 0 87 0 87 87 108 343 0 28 24 0 31 379 446 607 0 0 0 92 199 140 0 70 73 
312 130 88 0 87 0 87 83 109 338 0 25 25 0 32 362 436 711 0 0 0 87 156 140 0 71 73 
304 136 87 0 86 0 85 90 110 341 0 27 25 0 32 323 404 660 0 0 0 81 190 140 0 73 73 
303 126 85 0 87 0 83 89 110 348 0 25 25 0 32 378 495 674 0 0 0 83 199 140 0 73 73 
301 124 84 0 86 0 83 87 108 345 0 28 25 0 32 365 419 683 0 0 0 88 169 140 0 73 73 
302 127 85 0 86 0 81 91 107 340 0 27 27 0 33 352 394 762 0 0 0 90 140 140 0 74 73 
302 133 87 0 85 0 78 87 107 343 0 31 26 0 33 370 416 715 0 0 0 93 145 140 0 73 73 
300 142 89 0 84 0 78 92 107 352 0 31 26 0 33 325 440 661 0 0 0 93 136 140 0 73 73 
302 130 88 0 84 0 78 86 107 355 0 32 26 0 32 346 418 686 0 0 0 95 188 140 0 72 73 
300 134 88 0 85 0 74 92 108 347 0 33 25 0 32 332 428 651 0 0 0 102 133 140 0 71 73 
302 130 91 0 86 0 75 85 108 344 0 32 25 0 32 376 428 736 0 0 0 99 187 140 0 72 73 
303 122 88 0 87 0 75 81 109 344 0 30 25 0 32 381 465 684 0 0 0 96 189 140 0 73 73 
300 129 86 0 87 0 75 91 109 347 0 29 25 0 32 363 411 776 0 0 0 92 155 140 0 73 73 
298 127 88 0 88 0 73 85 108 348 0 33 25 0 33 374 438 673 0 0 0 88 182 140 0 73 73 
302 130 85 0 87 0 73 85 107 344 0 33 25 0 33 352 442 686 0 0 0 91 177 140 0 73 73 
301 129 86 0 86 0 72 90 107 351 0 37 24 0 32 365 450 729 0 0 0 91 176 140 0 74 73 
301 124 85 0 85 0 71 91 108 350 0 37 26 0 33 392 427 747 0 0 0 95 182 140 0 73 73 
302 125 89 0 84 0 73 92 108 348 0 41 25 0 34 381 423 685 0 0 0 99 161 140 0 72 73 
302 124 85 0 85 0 76 88 107 351 0 43 24 0 32 372 436 671 0 0 0 98 139 140 0 72 73 
301 126 87 0 86 0 81 88 106 343 0 35 24 0 33 383 476 752 0 0 0 98 152 140 0 70 73 
302 132 88 0 88 0 83 86 108 335 0 32 25 0 34 317 458 601 0 0 0 92 174 140 0 70 73 
307 128 87 0 87 0 88 87 111 338 0 28 24 0 32 351 461 660 0 0 0 89 179 140 0 70 73 
302 128 86 0 87 0 89 92 110 348 0 26 24 0 32 392 445 702 0 0 0 88 166 140 0 70 73 
301 128 88 0 86 0 92 93 106 350 0 28 25 0 32 346 433 721 0 0 0 87 175 140 0 72 73 
304 124 88 0 84 0 89 87 106 343 0 25 27 0 33 358 421 655 0 0 0 87 160 140 0 73 73 
302 125 86 0 82 0 90 91 108 342 0 27 26 0 32 394 450 708 0 0 0 86 183 140 0 73 73 
304 129 85 0 83 0 91 95 108 347 0 28 25 0 32 347 447 685 0 0 0 88 174 140 0 73 73 
305 129 88 0 83 0 91 91 109 351 0 27 25 0 34 357 434 676 0 0 0 92 172 140 0 74 73 
304 130 87 0 85 0 88 87 108 349 0 28 25 0 32 383 431 632 0 0 0 94 194 140 0 74 73 
305 134 88 0 87 0 87 94 109 346 0 28 25 0 31 391 417 684 0 0 0 91 178 140 0 74 73 
306 137 89 0 88 0 87 88 109 344 0 28 26 0 32 353 388 683 0 0 0 90 219 140 0 74 73 
303 131 86 0 88 0 85 89 109 341 0 27 26 0 32 383 425 602 0 0 0 87 171 140 0 74 73 
307 138 86 0 88 0 83 84 109 345 0 27 26 0 32 322 416 681 0 0 0 82 191 140 0 74 73 
303 112 83 0 86 0 84 86 107 352 0 29 25 0 33 393 443 652 0 0 0 85 150 140 0 72 73 
304 126 87 0 85 0 84 86 107 346 0 30 25 0 31 350 425 657 0 0 0 92 127 140 0 71 73 
305 131 85 0 83 0 79 81 108 341 0 27 25 0 33 355 437 669 0 0 0 98 199 140 0 70 73 
303 130 86 0 82 0 79 88 110 345 0 29 25 0 33 348 469 658 0 0 0 101 202 140 0 69 73 
300 109 89 0 81 0 78 88 110 355 0 31 25 0 33 353 374 629 0 0 0 104 146 140 0 69 73 
303 131 83 0 82 0 78 95 107 352 0 32 26 0 32 350 407 570 0 0 0 98 164 140 0 69 73 
298 128 85 0 83 0 76 94 106 347 0 32 26 0 34 386 430 678 0 0 0 95 169 140 0 69 73 
299 134 86 0 84 0 74 87 108 344 0 33 25 0 33 397 465 683 0 0 0 93 187 140 0 70 73 
300 130 84 0 85 0 76 86 109 346 0 30 26 0 32 343 416 702 0 0 0 97 184 140 0 70 73 
303 133 83 0 86 0 76 87 108 347 0 29 25 0 32 391 446 671 0 0 0 100 201 140 0 70 73 
299 131 85 0 86 0 76 88 108 345 0 29 24 0 32 318 461 622 0 0 0 98 185 140 0 70 73 
299 131 83 0 87 0 77 85 109 346 0 31 24 0 33 350 446 647 0 0 0 98 192 140 0 70 73 
300 131 85 0 88 0 78 91 108 351 0 34 23 0 34 357 446 549 0 0 0 92 157 140 0 69 73 
301 135 83 0 89 0 78 88 106 349 0 34 25 0 35 366 434 707 0 0 0 89 161 140 0 69 73 
305 134 86 0 91 0 79 89 107 348 0 39 24 0 34 351 430 633 0 0 0 84 183 140 0 70 73 
304 127 84 0 91 0 80 88 108 347 0 36 24 0 34 370 443 706 0 0 0 80 150 140 0 68 73 
302 125 86 0 91 0 83 91 110 337 0 36 26 0 35 316 409 684 0 0 0 78 184 140 0 67 73 
300 136 84 0 90 0 87 90 110 332 0 36 26 0 32 372 439 708 0 0 0 81 145 140 0 67 73 
305 137 86 0 87 0 95 84 109 339 0 35 25 0 32 360 402 646 0 0 0 80 162 140 0 67 73 
303 138 83 0 86 0 102 87 106 349 0 33 25 0 32 407 478 711 0 0 0 85 202 140 0 68 73 
307 129 85 0 84 0 107 89 107 348 0 31 25 0 31 373 399 695 0 0 0 91 163 140 0 69 73 
306 134 84 0 83 0 105 89 109 343 0 29 25 0 31 370 449 625 0 0 0 96 195 140 0 70 73 
306 126 83 0 84 0 102 94 108 342 0 31 25 0 32 374 406 767 0 0 0 90 159 140 0 70 73 
306 127 88 0 84 0 102 95 107 345 0 29 24 0 32 355 437 680 0 0 0 90 154 140 0 70 73 
308 127 84 0 85 0 99 89 107 351 0 32 25 0 31 366 461 691 0 0 0 94 155 140 0 69 73 
307 133 83 0 85 0 94 91 109 345 0 29 25 0 33 336 413 667 0 0 0 92 192 140 0 68 73 
302 130 83 0 86 0 90 90 110 343 0 28 25 0 33 360 452 676 0 0 0 95 166 140 0 67 73 
306 125 86 0 86 0 88 88 110 342 0 29 24 0 33 375 414 775 0 0 0 95 148 140 0 68 73 
304 127 85 0 87 0 82 88 109 341 0 26 25 0 34 380 418 697 0 0 0 93 179 140 0 70 73 
301 128 85 0 88 0 76 89 107 347 0 26 24 0 33 397 423 721 0 0 0 89 152 140 0 71 73 
302 132 86 0 88 0 73 87 107 349 0 26 24 0 33 385 437 643 0 0 0 90 196 140 0 72 73 
302 131 83 0 88 0 70 83 107 343 0 28 25 0 31 354 413 654 0 0 0 88 164 140 0 72 73 
294 132 82 0 89 0 64 89 107 342 0 30 25 0 34 342 391 683 0 0 0 86 157 140 0 71 73 
306 122 85 0 89 0 63 89 107 345 0 34 25 0 33 353 486 731 0 0 0 91 164 140 0 70 73 
301 129 86 0 88 0 63 93 107 357 0 35 25 0 33 341 430 702 0 0 0 91 153 140 0 70 73 
301 129 84 0 87 0 64 88 110 352 0 36 26 0 34 374 416 669 0 0 0 91 165 140 0 70 73 
297 127 89 0 85 0 66 93 108 343 0 37 25 0 34 312 445 639 0 0 0 92 172 140 0 69 73 
303 128 84 0 84 0 69 92 106 343 0 38 25 0 33 351 450 600 0 0 0 95 150 140 0 69 73 
300 129 84 0 84 0 71 87 106 346 0 35 24 0 33 387 500 646 0 0 0 98 189 140 0 69 73 
299 128 86 0 84 0 74 91 107 347 0 35 24 0 33 395 461 733 0 0 0 98 202 140 0 69 73 
304 135 84 0 86 0 75 88 108 344 0 35 26 0 33 369 376 694 0 0 0 96 180 140 0 70 73 
297 133 86 0 88 0 78 88 108 346 0 37 25 0 33 359 441 666 0 0 0 90 170 140 0 72 73 
300 127 84 0 88 0 83 86 106 351 0 39 25 0 38 320 421 655 0 0 0 90 164 140 0 72 73 
305 131 90 0 88 0 83 93 107 347 0 40 26 0 37 341 452 651 0 0 0 86 136 140 0 73 73 
302 133 83 0 87 0 86 91 109 349 0 37 25 0 32 331 447 587 0 0 0 81 176 140 0 74 73 
303 127 88 0 86 0 86 85 109 349 0 32 25 0 33 359 408 617 0 0 0 83 171 140 0 73 73 
303 127 89 0 85 0 88 90 109 337 0 34 26 0 32 384 421 611 0 0 0 84 215 140 0 71 73 
303 132 89 0 85 0 88 86 108 336 0 32 24 0 32 358 422 735 0 0 0 84 163 140 0 69 73 
308 131 87 0 86 0 91 86 107 343 0 30 24 0 31 378 462 609 0 0 0 86 153 140 0 69 73 
305 127 86 0 88 0 92 86 107 353 0 28 24 0 31 349 422 625 0 0 0 91 162 140 0 67 73 
305 132 79 0 89 0 95 87 108 349 0 32 24 0 30 353 492 644 0 0 0 97 178 140 0 67 73 
304 136 88 0 88 0 100 91 108 342 0 35 24 0 30 390 459 618 0 0 0 96 165 140 0 67 73 
308 132 87 0 88 0 103 89 108 343 0 39 25 0 30 364 436 599 0 0 0 88 159 140 0 67 73 
301 131 88 0 86 0 105 94 109 347 0 41 23 0 31 389 435 658 0 0 0 91 142 140 0 67 73 
306 128 87 0 84 0 105 90 109 349 0 40 25 0 30 383 419 645 0 0 0 91 175 140 0 67 73 
305 127 89 0 84 0 101 90 109 344 0 40 24 0 32 358 440 530 0 0 0 100 162 140 0 67 73 
306 135 88 0 84 0 99 90 108 342 0 39 24 0 32 373 467 622 0 0 0 101 158 140 0 67 73 
308 134 88 0 84 0 95 87 107 341 0 30 24 0 31 379 394 602 0 0 0 98 199 140 0 67 73 
302 136 87 0 84 0 88 83 107 342 0 26 25 0 31 351 412 622 0 0 0 93 209 140 0 68 73 
306 123 87 0 85 0 83 85 108 344 0 24 25 0 32 402 398 681 0 0 0 89 182 140 0 68 73 
299 124 86 0 86 0 79 89 108 347 0 24 25 0 32 355 421 569 0 0 0 93 150 140 0 68 73 
302 134 89 0 86 0 72 88 108 342 0 26 27 0 31 360 456 595 0 0 0 92 177 140 0 69 73 
297 134 83 0 86 0 66 86 107 340 0 26 25 0 32 365 457 627 0 0 0 88 188 140 0 68 73 
306 138 86 0 85 0 64 92 109 350 0 25 26 0 31 382 417 648 0 0 0 86 160 140 0 68 73 
300 127 88 0 86 0 63 90 109 355 0 25 26 0 31 343 455 633 0 0 0 92 204 140 0 67 73 
297 131 90 0 87 0 66 87 107 350 0 26 26 0 32 348 441 694 0 0 0 87 194 140 0 67 73 
301 129 87 0 88 0 70 92 108 345 0 26 27 0 32 290 482 662 0 0 0 84 162 140 0 68 73 
299 126 85 0 90 0 69 83 108 346 0 25 26 0 31 348 418 649 0 0 0 82 160 140 0 68 73 
300 127 87 0 92 0 73 85 110 349 0 24 27 0 32 365 408 677 0 0 0 84 170 140 0 69 73 
301 129 89 0 92 0 75 86 108 347 0 25 28 0 32 381 455 633 0 0 0 87 149 140 0 69 73 
301 129 85 0 92 0 75 88 106 344 0 27 28 0 31 362 420 709 0 0 0 89 121 140 0 69 73 
299 128 88 0 91 0 77 88 106 348 0 25 27 0 32 366 475 689 0 0 0 89 152 140 0 69 73 
303 125 89 0 89 0 78 86 107 352 0 25 25 0 34 342 418 723 0 0 0 87 133 140 0 69 73 
301 126 87 0 88 0 77 90 110 349 0 26 26 0 32 336 429 691 0 0 0 82 214 140 0 69 73 
299 132 89 0 88 0 78 86 109 349 0 28 25 0 32 351 447 692 0 0 0 83 164 140 0 68 73 
304 133 86 0 87 0 79 88 108 345 0 27 25 0 34 357 424 641 0 0 0 92 155 140 0 68 73 
307 128 87 0 88 0 82 86 107 338 0 27 25 0 34 345 438 720 0 0 0 90 175 140 0 69 73 
302 128 88 0 88 0 83 88 107 336 0 28 26 0 35 383 451 740 0 0 0 90 171 140 0 70 73 
302 127 89 0 86 0 84 88 107 348 0 29 25 0 34 351 379 703 0 0 0 89 160 140 0 72 73 
307 127 89 0 86 0 85 84 107 349 0 29 25 0 34 335 426 709 0 0 0 87 187 140 0 73 73 
305 127 87 0 86 0 84 92 107 344 0 31 25 0 33 367 416 726 0 0 0 89 139 140 0 74 73 
302 126 90 0 85 0 86 86 107 340 0 29 24 0 32 384 425 728 0 0 0 89 162 140 0 74 73 
307 130 88 0 85 0 87 86 109 344 0 36 25 0 35 349 449 718 0 0 0 89 155 140 0 73 73 
302 125 86 0 86 0 87 95 109 348 0 36 25 0 42 388 450 694 0 0 0 98 192 140 0 74 73 
306 136 87 0 86 0 88 92 108 350 0 35 24 0 32 365 445 725 0 0 0 106 199 140 0 74 73 
301 127 84 0 87 0 89 91 109 346 0 37 24 0 32 368 452 697 0 0 0 104 196 140 0 74 73 
302 130 84 0 88 0 88 90 107 341 0 40 24 0 32 421 437 641 0 0 0 97 174 140 0 73 73 
305 128 89 0 88 0 89 90 108 340 0 39 24 0 32 341 478 577 0 0 0 92 183 140 0 73 73 
299 131 89 0 88 0 88 88 107 343 0 38 25 0 32 360 478 676 0 0 0 90 155 140 0 73 73 
302 127 88 0 86 0 86 83 105 348 0 39 24 0 32 377 437 723 0 0 0 85 175 140 0 73 73 
301 127 85 0 85 0 87 91 107 345 0 42 22 0 32 358 454 688 0 0 0 89 147 140 0 74 73 
299 131 85 0 84 0 87 86 110 340 0 44 23 0 32 339 432 667 0 0 0 90 168 140 0 74 73 
300 135 83 0 84 0 85 84 111 344 0 50 23 0 32 376 411 696 0 0 0 84 192 140 0 74 73 
300 127 86 0 85 0 85 87 110 352 0 53 22 0 33 384 464 661 0 0 0 83 208 140 0 74 73 
304 129 88 0 85 0 84 94 107 354 0 50 22 0 31 377 434 629 0 0 0 85 161 140 0 74 73 
298 132 89 0 86 0 79 94 107 351 0 51 23 0 32 353 408 647 0 0 0 86 197 140 0 74 73 
297 131 88 0 86 0 78 89 109 346 0 53 24 0 32 334 425 670 0 0 0 84 140 140 0 74 73 
301 127 90 0 85 0 78 90 110 347 0 54 23 0 31 338 410 678 0 0 0 87 152 140 0 74 73 
301 133 88 0 84 0 77 84 107 347 0 56 23 0 31 341 410 651 0 0 0 91 128 140 0 74 73 
301 129 87 0 82 0 76 91 106 347 0 53 23 0 32 357 463 676 0 0 0 92 197 140 0 74 73 
300 130 92 0 81 0 77 86 108 344 0 55 21 0 31 337 406 664 0 0 0 97 182 140 0 74 73 
301 133 85 0 82 0 77 88 108 349 0 57 22 0 31 361 400 624 0 0 0 99 139 140 0 74 73 
303 130 86 0 82 0 79 92 109 350 0 55 22 0 31 389 479 699 0 0 0 98 152 140 0 74 73 
305 124 86 0 84 0 78 89 109 348 0 54 23 0 32 374 416 623 0 0 0 99 172 140 0 74 73 
303 124 86 0 86 0 76 93 109 347 0 48 24 0 32 324 435 650 0 0 0 93 174 140 0 74 73 
303 124 85 0 87 0 77 87 108 344 0 44 23 0 32 362 450 611 0 0 0 92 202 140 0 74 73 
306 137 87 0 87 0 77 89 108 336 0 37 22 0 32 346 452 659 0 0 0 87 166 140 0 74 73 
307 131 87 0 87 0 75 87 107 340 0 34 22 0 32 332 421 653 0 0 0 87 164 140 0 74 73 
303 134 84 0 85 0 76 86 108 349 0 35 23 0 31 415 394 701 0 0 0 85 166 140 0 74 73 
308 130 84 0 84 0 79 88 109 351 0 36 22 0 33 356 461 707 0 0 0 81 183 140 0 74 73 
300 126 87 0 82 0 80 89 108 346 0 36 21 0 32 373 401 674 0 0 0 81 154 140 0 74 73 
302 128 87 0 81 0 81 89 110 342 0 34 23 0 32 376 416 643 0 0 0 88 161 140 0 74 73 
307 131 88 0 81 0 81 89 108 347 0 35 24 0 33 377 459 642 0 0 0 97 186 140 0 74 73 
306 131 89 0 82 0 82 92 108 349 0 32 23 0 32 361 430 727 0 0 0 99 197 140 0 74 73 
300 129 87 0 83 0 81 90 108 348 0 35 23 0 32 362 408 664 0 0 0 97 155 140 0 74 73 
302 124 90 0 84 0 82 86 108 342 0 31 22 0 32 361 420 747 0 0 0 96 162 140 0 74 73 
301 125 90 0 85 0 84 90 108 341 0 33 22 0 31 343 449 787 0 0 0 92 183 140 0 74 73 
303 125 87 0 86 0 82 90 108 338 0 31 22 0 32 346 420 704 0 0 0 95 179 140 0 74 73 
304 133 86 0 86 0 83 88 108 345 0 29 23 0 33 377 430 652 0 0 0 99 184 140 0 74 73 
304 128 85 0 88 0 83 87 108 349 0 29 22 0 31 355 418 707 0 0 0 103 165 140 0 74 73 
300 128 87 0 90 0 84 83 108 344 0 28 22 0 32 354 409 736 0 0 0 106 161 140 0 74 73 
302 129 86 0 90 0 82 86 109 339 0 28 23 0 33 392 470 713 0 0 0 98 157 140 0 74 73 
304 128 87 0 92 0 81 84 106 344 0 28 22 0 33 356 438 759 0 0 0 96 184 140 0 74 73 
298 127 85 0 92 0 81 91 107 353 0 28 22 0 32 361 367 726 0 0 0 94 187 140 0 74 73 
303 131 85 0 91 0 80 90 110 353 0 27 22 0 31 347 444 707 0 0 0 89 158 140 0 74 73 
307 126 87 0 88 0 75 90 110 346 0 27 22 0 32 343 473 716 0 0 0 89 177 140 0 74 73 
302 135 85 0 87 0 77 93 108 342 0 25 22 0 33 408 443 679 0 0 0 89 177 140 0 74 73 
302 130 87 0 85 0 78 90 106 344 0 27 23 0 32 340 462 759 0 0 0 87 176 140 0 74 73 
300 131 86 0 85 0 78 91 107 348 0 26 23 0 34 353 434 726 0 0 0 86 165 140 0 74 73 
300 135 84 0 85 0 76 84 108 347 0 27 22 0 33 309 428 705 0 0 0 90 158 140 0 74 73 
300 127 88 0 85 0 79 93 110 345 0 28 22 0 34 344 383 700 0 0 0 93 190 140 0 74 73 
302 132 86 0 86 0 80 85 108 350 0 27 22 0 33 367 479 694 0 0 0 92 182 140 0 74 73 
304 130 87 0 86 0 82 84 108 349 0 26 21 0 35 397 444 703 0 0 0 88 191 140 0 74 73 
303 128 86 0 87 0 84 93 110 348 0 24 22 0 34 352 459 690 0 0 0 89 161 140 0 74 73 
298 129 89 0 86 0 84 89 107 343 0 26 22 0 34 351 430 718 0 0 0 90 180 140 0 74 73 
303 137 88 0 87 0 86 88 107 329 0 28 22 0 33 321 396 685 0 0 0 95 169 140 0 74 73 
302 130 87 0 85 0 88 86 106 324 0 28 22 0 32 362 423 716 0 0 0 96 142 140 0 74 73 
308 138 87 0 88 0 89 85 107 344 0 29 23 0 31 379 449 579 0 0 0 98 150 140 0 74 73 
302 126 85 0 88 0 89 84 108 357 0 32 23 0 32 345 454 651 0 0 0 99 171 140 0 74 73 
298 130 87 0 88 0 91 86 109 354 0 32 22 0 31 345 397 716 0 0 0 97 186 140 0 74 73 
302 131 86 0 85 0 90 94 108 341 0 35 23 0 32 317 445 699 0 0 0 90 196 140 0 74 73 
305 132 87 0 88 0 90 91 108 344 0 34 22 0 31 323 387 690 0 0 0 88 193 140 0 74 73 
300 127 87 0 84 0 90 90 109 347 0 36 23 0 31 353 403 596 0 0 0 83 192 140 0 74 73 
305 134 83 0 85 0 89 90 110 351 0 36 25 0 31 340 419 626 0 0 0 82 184 140 0 74 73 
301 132 88 0 78 0 87 90 108 346 0 38 24 0 31 395 398 556 0 0 0 81 167 140 0 74 73 
303 133 85 0 83 0 88 87 106 343 0 40 23 0 31 354 454 671 0 0 0 82 186 140 0 74 73 
307 130 85 0 84 0 88 87 105 338 0 35 24 0 32 369 479 651 0 0 0 75 201 140 0 74 73 
307 123 85 0 84 0 85 89 107 340 0 32 23 0 32 382 406 627 0 0 0 79 199 140 0 74 73 
301 127 85 0 86 0 83 84 109 347 0 34 23 0 32 388 443 619 0 0 0 84 199 140 0 74 73 
303 131 88 0 84 0 80 89 109 348 0 35 23 0 32 373 401 682 0 0 0 88 136 140 0 74 73 
301 135 84 0 88 0 80 93 109 342 0 39 22 0 33 359 403 575 0 0 0 95 163 140 0 74 73 
302 135 84 0 88 0 78 88 107 342 0 45 22 0 33 369 383 697 0 0 0 94 167 140 0 74 73 
307 132 86 0 86 0 77 93 108 352 0 47 23 0 32 328 413 651 0 0 0 95 109 140 0 74 73 
299 131 85 0 86 0 77 87 109 355 0 41 24 0 32 393 472 641 0 0 0 91 151 140 0 74 73 
299 123 88 0 86 0 80 90 108 353 0 38 23 0 33 382 400 518 0 0 0 94 177 140 0 74 73 
306 128 89 0 88 0 77 87 107 345 0 39 24 0 32 385 440 607 0 0 0 96 170 140 0 74 73 
304 129 86 0 88 0 78 89 107 345 0 38 22 0 32 377 459 626 0 0 0 99 145 140 0 74 73 
304 131 87 0 89 0 79 90 108 347 0 43 22 0 33 374 452 668 0 0 0 103 161 140 0 74 73 
300 128 86 0 89 0 79 90 109 349 0 44 23 0 32 365 429 641 0 0 0 105 163 140 0 74 73 
306 127 87 0 88 0 81 90 108 344 0 47 23 0 33 365 409 732 0 0 0 98 193 140 0 74 73 
298 125 83 0 87 0 81 86 108 349 0 45 23 0 32 311 421 641 0 0 0 97 200 140 0 74 73 
304 125 87 0 85 0 81 91 111 349 0 44 23 0 33 337 425 623 0 0 0 93 210 140 0 74 73 
303 127 89 0 85 0 80 86 109 349 0 47 23 0 31 372 437 601 0 0 0 88 156 140 0 74 73 
301 131 86 0 84 0 80 94 107 347 0 44 24 0 34 376 451 650 0 0 0 87 143 140 0 74 73 
300 128 88 0 84 0 80 93 107 348 0 44 24 0 32 375 446 679 0 0 0 86 150 140 0 74 73 
301 131 87 0 85 0 81 85 107 337 0 42 21 0 32 391 432 704 0 0 0 83 189 140 0 74 73 
301 124 87 0 85 0 79 87 108 336 0 44 22 0 32 374 415 745 0 0 0 84 185 140 0 74 73 
303 130 88 0 86 0 83 88 108 348 0 44 24 0 33 361 442 639 0 0 0 88 191 140 0 74 73 
301 127 86 0 86 0 84 88 108 351 0 44 23 0 31 338 435 660 0 0 0 86 148 140 0 74 73 
301 131 85 0 85 0 86 86 108 343 0 46 23 0 32 288 403 642 0 0 0 85 177 140 0 74 73 
302 127 85 0 86 0 86 86 108 338 0 46 23 0 33 370 441 646 0 0 0 87 192 140 0 74 73 
305 130 87 0 87 0 89 90 109 342 0 48 22 0 32 335 418 698 0 0 0 91 126 140 0 74 73 
301 132 89 0 88 0 88 93 108 348 0 50 21 0 32 360 423 717 0 0 0 96 140 140 0 74 73 
306 133 88 0 91 0 89 98 108 348 0 52 21 0 33 337 421 659 0 0 0 93 171 140 0 74 73 
305 131 89 0 92 0 87 90 107 344 0 51 21 0 32 360 408 693 0 0 0 95 172 140 0 74 73 
301 131 87 0 93 10 88 89 107 344 0 55 21 0 32 323 435 626 0 0 0 97 179 140 0 74 73 
300 128 85 0 93 10 87 92 110 345 0 57 21 0 33 383 411 697 0 0 0 94 135 140 0 74 73 
305 129 87 0 92 0 84 85 109 346 0 56 22 0 32 401 404 731 0 0 0 96 172 140 0 74 73 
307 128 87 0 91 0 83 85 107 348 0 57 23 0 31 367 388 660 0 0 0 93 171 140 0 74 73 
307 135 88 0 90 12 80 86 106 345 0 57 22 0 32 365 413 729 0 0 0 90 202 140 0 74 73 
302 129 86 0 90 10 77 88 108 339 0 58 21 0 32 384 426 632 0 0 0 88 150 140 0 74 73 
303 136 88 0 90 0 75 85 109 343 0 58 20 0 31 352 429 672 0 0 0 82 191 140 0 74 73 
302 125 85 0 90 0 75 86 108 352 0 58 21 0 33 355 440 747 0 0 0 80 191 140 0 74 73 
303 129 84 0 89 10 75 92 108 353 0 55 22 0 34 410 435 663 0 0 0 79 163 140 0 74 73 
302 132 86 0 88 10 79 92 107 345 0 61 21 0 33 408 454 808 0 0 0 83 151 140 0 74 73 
303 127 85 0 87 0 79 91 107 343 0 61 22 0 34 362 400 682 0 0 0 90 192 140 0 74 73 
302 128 90 0 85 0 78 87 107 344 0 58 22 0 33 367 422 677 0 0 0 92 151 140 0 74 73 
300 129 86 0 85 11 81 90 107 348 0 63 21 0 32 337 407 584 0 0 0 95 186 140 0 74 73 
300 130 90 0 86 0 81 89 107 344 0 61 20 0 33 407 446 722 0 0 0 98 159 140 0 74 73 
307 135 89 0 86 0 81 84 110 344 0 62 21 0 32 377 432 717 0 0 0 95 155 140 0 74 73 
301 126 85 0 86 0 83 90 110 351 0 63 21 0 33 338 457 660 0 0 0 97 141 140 0 74 73 
304 126 86 0 88 0 84 87 108 351 0 62 21 0 32 334 443 705 0 0 0 97 181 140 0 74 73 
303 127 88 0 88 0 84 85 106 348 0 63 21 0 33 356 425 673 0 0 0 97 183 140 0 74 73 
302 129 88 0 88 0 87 87 106 348 0 61 21 0 34 305 423 620 0 0 0 91 173 140 0 74 73 
301 133 86 0 87 0 87 88 107 341 0 57 21 0 34 377 435 659 0 0 0 93 149 140 0 74 73 
302 132 89 0 86 0 87 90 108 336 0 54 21 0 33 358 428 640 0 0 0 93 188 140 0 74 73 
303 131 86 0 85 0 87 88 108 342 0 47 21 0 33 384 385 656 0 0 0 94 149 140 0 74 73 
304 130 85 0 85 0 85 89 107 353 0 46 20 0 32 340 405 667 0 0 0 92 176 140 0 74 73 
305 124 88 0 84 0 86 85 108 351 0 45 21 0 34 333 400 630 0 0 0 95 195 140 0 74 73 
299 127 87 0 86 0 86 87 108 344 0 49 21 0 33 345 418 655 0 0 0 89 178 140 0 74 73 
297 131 84 0 86 0 84 89 111 345 0 52 21 0 32 360 407 678 0 0 0 88 195 140 0 74 73 
304 127 90 0 87 0 85 89 108 346 0 55 22 0 32 346 430 634 0 0 0 87 167 140 0 74 73 
301 130 86 0 87 0 84 93 107 350 0 58 22 0 33 365 415 624 0 0 0 88 184 140 0 74 73 
303 126 85 0 86 0 81 94 106 346 0 59 21 0 34 373 476 626 0 0 0 89 174 140 0 74 73 
305 123 85 0 84 0 80 89 107 343 0 58 21 0 34 387 484 605 0 0 0 90 174 140 0 74 73 
296 126 85 0 83 0 81 90 108 340 0 55 21 0 34 340 435 537 0 0 0 94 174 140 0 74 73 
301 130 83 0 83 0 81 88 108 338 0 50 21 0 33 364 405 698 0 0 0 90 175 140 0 74 73 
299 130 84 0 84 0 82 88 108 346 0 44 21 0 32 365 427 697 0 0 0 89 152 140 0 74 73 
308 129 87 0 85 0 86 83 109 349 0 41 22 0 31 376 450 609 0 0 0 85 164 140 0 74 73 
303 127 88 0 86 0 89 84 109 341 0 36 23 0 30 361 464 724 0 0 0 85 219 140 0 74 73 
303 131 85 0 87 0 91 91 107 340 0 38 21 0 30 378 418 581 0 0 0 87 197 140 0 74 73 
305 127 82 0 88 0 90 87 107 349 0 43 22 0 29 379 416 662 0 0 0 92 159 140 0 74 73 
304 126 84 0 86 0 89 91 108 356 0 42 21 0 32 373 415 623 0 0 0 92 200 140 0 74 73 
305 134 85 0 86 0 89 90 109 352 0 47 20 0 31 365 417 661 0 0 0 89 174 140 0 74 73 
300 132 91 0 85 0 87 91 108 346 0 46 21 0 32 375 435 661 0 0 0 88 163 140 0 74 73 
301 130 88 0 83 0 83 88 107 343 0 54 21 0 32 342 454 677 0 0 0 88 190 140 0 74 73 
303 131 87 0 83 0 80 90 107 344 0 54 21 0 32 346 445 692 0 0 0 89 178 140 0 74 73 
303 134 85 0 82 0 79 90 110 348 0 50 20 0 32 382 415 684 0 0 0 88 193 140 0 74 73 
299 130 87 0 82 0 75 87 111 344 0 45 20 0 34 365 419 687 0 0 0 87 169 140 0 74 73 
306 126 87 0 83 0 75 90 108 347 0 44 20 0 35 375 436 615 0 0 0 87 196 140 0 74 73 
296 128 82 0 84 0 76 86 108 353 0 45 20 0 32 389 400 734 0 0 0 89 170 140 0 74 73 
300 131 83 0 84 0 78 87 107 349 0 45 21 0 33 370 475 691 0 0 0 91 149 140 0 74 73 
302 128 85 0 84 0 79 84 108 350 0 49 21 0 33 336 431 674 0 0 0 96 187 140 0 74 73 
301 136 88 0 85 0 80 93 108 347 0 52 22 0 32 348 440 653 0 0 0 96 149 140 0 74 73 
298 128 88 0 87 0 83 91 108 336 0 47 21 0 32 339 426 716 0 0 0 98 149 140 0 74 73 
301 127 86 0 88 0 82 87 108 333 0 43 21 0 32 359 434 688 0 0 0 96 152 140 0 74 73 
298 132 85 0 90 0 82 84 108 343 0 42 22 0 31 372 457 675 0 0 0 94 217 140 0 74 73 
304 131 85 0 91 0 83 83 109 351 0 45 21 0 32 386 473 674 0 0 0 95 183 140 0 74 73 
307 134 86 0 92 0 82 87 109 345 0 46 21 0 33 349 418 703 0 0 0 91 179 140 0 74 73 
301 129 85 0 92 0 81 87 108 342 0 50 22 0 32 342 409 675 0 0 0 91 140 140 0 74 73 
305 130 85 0 90 0 81 92 107 343 0 48 22 0 32 361 461 678 0 0 0 91 184 140 0 74 73 
306 131 86 0 88 0 79 88 106 347 0 43 23 0 33 362 451 681 0 0 0 90 213 140 0 74 73 
303 137 84 0 87 0 79 86 109 347 0 45 22 0 33 362 420 733 0 0 0 93 144 140 0 74 73 
307 133 87 0 86 0 77 93 110 344 0 45 23 0 32 378 437 643 0 0 0 92 167 140 0 74 73 
305 123 86 0 86 0 75 90 107 341 0 45 22 0 32 346 420 667 0 0 0 93 150 140 0 74 73 
301 131 86 0 85 0 76 84 107 340 0 45 22 0 33 311 442 618 0 0 0 89 118 140 0 74 73 
305 128 86 0 86 0 78 85 107 340 0 44 22 0 32 360 442 722 0 0 0 87 194 140 0 74 73 
301 136 84 0 85 0 77 87 109 348 0 42 23 0 33 355 384 563 0 0 0 87 198 140 0 74 73 
306 137 89 0 86 0 78 85 109 349 0 45 23 0 33 359 483 619 0 0 0 86 168 140 0 74 73 
305 126 86 0 86 0 76 88 108 341 0 47 24 0 32 365 415 692 0 0 0 84 200 140 0 74 73 
302 131 86 0 86 0 77 92 109 343 0 46 22 0 32 380 404 641 0 0 0 76 168 140 0 74 73 
304 126 84 0 86 0 77 89 109 350 0 45 23 0 33 372 457 608 0 0 0 78 180 140 0 74 73 
305 131 86 0 87 0 76 91 108 354 0 45 23 0 31 350 416 618 0 0 0 84 145 140 0 74 73 
303 131 85 0 88 0 76 95 106 349 0 42 22 0 31 392 358 665 0 0 0 91 166 140 0 74 73 
303 133 86 0 89 0 80 87 106 343 0 43 22 0 32 376 435 593 0 0 0 95 180 140 0 74 73 
297 132 84 0 89 0 82 87 108 344 0 43 23 0 32 341 427 663 0 0 0 95 170 140 0 74 73 
306 128 85 0 89 0 88 88 109 345 0 42 23 0 32 353 398 615 0 0 0 92 141 140 0 74 73 
302 124 86 0 89 0 89 92 110 344 0 43 23 0 32 389 435 654 0 0 0 89 168 140 0 74 73 
300 124 85 0 87 0 89 86 108 345 0 38 23 0 32 355 466 537 0 0 0 85 186 140 0 74 73 
300 133 87 0 85 0 90 90 106 348 0 34 23 0 32 370 449 665 0 0 0 89 157 140 0 74 73 
299 137 82 0 84 0 91 92 107 348 0 38 23 0 32 356 426 612 0 0 0 92 174 140 0 74 73 
302 132 86 0 84 0 92 87 108 348 0 37 21 0 32 349 415 616 0 0 0 97 140 140 0 74 73 
299 124 88 0 85 0 92 89 107 351 0 38 23 0 32 354 451 622 0 0 0 98 163 140 0 74 73 
302 130 88 0 86 0 90 91 107 345 0 42 23 0 33 365 438 612 0 0 0 94 177 140 0 74 73 
301 128 86 0 86 0 93 89 108 332 0 46 23 0 33 365 402 625 0 0 0 91 173 140 0 74 73 
302 126 86 0 88 0 90 86 108 335 0 50 22 0 32 335 432 569 0 0 0 86 169 140 0 74 73 
302 126 87 0 87 0 88 91 110 349 0 46 23 0 31 384 438 639 0 0 0 85 193 140 0 74 73 
301 130 87 0 86 0 86 92 109 348 0 45 22 0 32 381 430 616 0 0 0 85 149 140 0 74 73 
303 127 87 0 86 0 84 87 109 344 0 43 22 0 31 371 422 639 0 0 0 82 179 140 0 74 73 
301 128 86 0 86 0 80 86 107 342 0 42 22 0 32 371 423 652 0 0 0 82 182 140 0 74 73 
297 132 83 0 86 0 77 88 108 347 0 45 22 0 33 386 455 628 0 0 0 85 189 140 0 74 73 
311 127 87 0 87 0 76 94 108 349 0 43 22 0 32 393 450 602 0 0 0 88 214 140 0 74 73 
307 132 86 0 88 0 78 93 107 347 0 49 22 0 32 355 424 588 0 0 0 96 165 140 0 74 73 
306 129 86 0 88 0 76 91 107 342 0 53 23 0 33 370 424 679 0 0 0 97 150 140 0 74 73 
304 135 90 0 88 0 78 89 108 339 0 50 22 0 33 356 402 680 0 0 0 97 188 140 0 74 73 
303 131 87 0 88 0 79 87 110 339 0 49 22 0 33 334 428 709 0 0 0 93 178 140 0 74 73 
306 131 84 0 85 0 79 88 109 345 0 50 21 0 31 361 451 687 0 0 0 88 179 140 0 74 73 
304 132 84 0 85 0 76 84 107 347 0 57 22 0 33 326 416 650 0 0 0 86 145 140 0 74 73 
310 125 85 0 85 0 76 87 107 342 0 56 22 0 32 389 435 646 0 0 0 87 190 140 0 74 73 
300 129 87 0 84 0 76 90 109 339 0 57 22 0 32 388 415 668 0 0 0 92 222 140 0 74 73 
309 129 87 0 85 0 76 86 108 344 0 58 23 0 33 370 438 652 0 0 0 100 196 140 0 74 73 
305 132 85 0 85 0 79 87 108 356 0 53 23 0 33 323 455 699 0 0 0 99 166 140 0 74 73 
305 132 87 0 85 0 81 89 107 353 0 55 23 0 31 402 454 744 0 0 0 92 188 140 0 74 73 
304 136 89 0 85 0 81 94 107 345 0 56 23 0 32 337 456 702 0 0 0 89 147 140 0 74 73 
299 131 88 0 85 0 78 90 109 343 0 57 23 0 32 378 389 716 0 0 0 93 136 140 0 74 73 
297 130 88 0 85 0 80 86 109 344 0 56 22 0 32 339 429 690 0 0 0 93 146 140 0 74 73 
303 133 88 0 85 0 82 88 108 350 0 59 23 0 33 389 445 704 0 0 0 92 141 140 0 74 73 
301 122 87 0 86 0 81 86 108 348 0 63 23 0 32 409 411 696 0 0 0 91 173 140 0 74 73 
300 127 87 0 87 0 81 88 106 349 0 59 23 0 33 365 378 709 0 0 0 91 161 140 0 74 73 
298 129 86 0 89 0 81 87 107 354 0 60 24 0 33 385 396 703 0 0 0 93 162 140 0 74 73 
299 133 86 0 91 0 84 92 108 349 0 57 23 0 33 371 436 719 0 0 0 93 202 140 0 74 73 
298 133 86 0 91 0 86 86 108 351 0 52 22 0 33 378 428 696 0 0 0 96 161 140 0 74 73 
301 132 89 0 92 0 87 88 107 351 0 47 24 0 33 391 474 733 0 0 0 93 149 140 0 74 73 
304 132 89 0 91 0 86 92 109 340 0 42 23 0 33 428 442 772 0 0 0 93 190 140 0 74 73 
298 126 87 0 89 0 85 86 109 334 0 36 22 0 33 327 433 677 0 0 0 92 196 140 0 74 73 
302 128 88 0 89 0 82 92 108 344 0 35 22 0 32 351 425 652 0 0 0 90 178 140 0 74 73 
301 130 91 0 88 0 81 83 107 352 0 33 23 0 32 314 432 692 0 0 0 91 141 140 0 74 73 
301 129 87 0 87 0 81 84 108 348 0 33 23 0 32 389 442 593 0 0 0 91 172 140 0 74 73 
306 129 89 0 89 0 79 86 108 344 0 30 24 0 32 351 415 660 0 0 0 89 169 140 0 74 73 
303 128 91 0 87 0 80 85 108 344 0 30 23 0 34 348 455 747 0 0 0 88 166 140 0 74 73 
303 123 87 0 87 0 80 93 109 349 0 35 23 0 32 331 463 756 0 0 0 84 125 140 0 74 73 
304 128 88 0 86 0 78 89 107 348 0 36 23 0 32 368 487 653 0 0 0 85 201 140 0 74 73 
305 129 88 0 83 0 78 94 107 343 0 42 23 0 32 355 481 675 0 0 0 89 169 140 0 74 73 
306 130 89 0 83 0 77 89 109 340 0 45 22 0 32 353 430 662 0 0 0 82 166 140 0 74 73 
306 128 89 0 84 0 76 89 108 342 0 47 23 0 32 378 405 591 0 0 0 81 164 140 0 74 73 
305 130 88 0 84 0 77 90 105 344 0 48 23 0 33 352 416 665 0 0 0 76 176 140 0 74 73 
303 126 86 0 86 0 78 92 108 350 0 47 23 0 33 371 445 617 0 0 0 81 169 140 0 74 73 
305 127 87 0 87 0 81 86 109 345 0 41 22 0 32 361 427 649 0 0 0 83 188 140 0 74 73 
307 129 86 0 87 0 82 83 109 343 0 42 22 0 32 329 426 699 0 0 0 90 170 140 0 74 73 
304 126 90 0 87 0 82 89 108 342 0 43 20 0 33 358 437 691 0 0 0 95 197 140 0 74 73 
309 137 88 0 86 0 82 90 106 354 0 41 22 0 33 379 427 648 0 0 0 98 135 140 0 74 73 
304 134 88 0 86 0 84 91 107 355 0 40 23 0 32 360 413 663 0 0 0 99 142 140 0 74 73 
304 131 89 0 85 0 83 94 109 349 0 39 22 0 31 387 416 684 0 0 0 98 145 140 0 74 73 
303 131 88 0 85 0 84 89 109 342 0 41 23 0 32 354 441 603 0 0 0 96 178 140 0 74 73 
302 131 83 0 85 0 82 90 110 345 0 40 23 0 31 342 460 629 0 0 0 100 176 140 0 74 73 
296 131 85 0 84 0 85 88 109 345 0 38 22 0 32 366 455 585 0 0 0 106 149 140 0 74 73 
302 125 88 0 86 0 88 89 108 348 0 34 22 0 33 393 441 677 0 0 0 106 196 140 0 74 73 
300 130 89 0 87 0 87 90 108 347 0 35 22 0 32 375 445 680 0 0 0 104 194 140 0 74 73 
300 129 89 0 87 0 89 86 107 352 0 34 22 0 32 351 436 668 0 0 0 96 204 140 0 74 73 
299 130 88 0 86 0 90 90 107 350 0 35 22 0 33 370 412 778 0 0 0 92 188 140 0 74 73 
299 133 89 0 85 0 90 85 107 350 0 39 22 0 32 345 435 624 0 0 0 90 189 140 0 74 73 
301 127 87 0 84 0 88 88 107 347 0 42 23 0 32 356 424 570 0 0 0 88 162 140 0 74 73 
304 133 90 0 83 0 88 89 110 342 0 42 22 0 33 388 408 614 0 0 0 88 175 140 0 74 73 
303 129 86 0 84 0 88 88 110 334 0 43 21 0 32 391 441 775 0 0 0 86 151 140 0 74 73 
302 127 89 0 85 0 89 90 109 338 0 44 21 0 32 337 417 699 0 0 0 87 146 140 0 74 73 
304 128 86 0 86 0 85 83 108 349 0 48 21 0 34 368 389 709 0 0 0 89 158 140 0 74 73 
303 129 88 0 87 0 82 88 107 348 0 49 22 0 32 339 424 739 0 0 0 91 160 140 0 74 73 
299 129 89 0 87 0 82 86 108 343 0 50 23 0 32 333 458 656 0 0 0 93 132 140 0 74 73 
308 134 84 0 87 0 80 88 107 341 0 50 22 0 33 320 406 704 0 0 0 92 195 140 0 74 73 
305 135 89 0 87 0 76 90 106 343 0 55 22 0 32 370 398 684 0 0 0 88 158 140 0 74 73 
