305 125 120 0 79 88 0 86 64 352 0 26 24 85 60 383 430 626 0 0 0 0 180 120 0 65 60 
301 134 123 0 79 84 0 87 65 348 0 25 25 79 60 409 414 678 0 0 0 0 135 120 0 65 60 
300 124 122 0 77 83 0 88 64 345 0 29 24 67 58 365 428 695 0 0 0 0 172 120 0 65 60 
302 132 123 0 75 87 0 86 65 349 0 28 24 43 60 369 450 644 0 0 0 0 157 120 0 66 60 
302 133 122 0 73 87 0 91 66 349 0 28 22 43 59 405 421 653 0 0 0 0 193 120 0 66 60 
300 131 116 0 72 84 0 93 66 345 0 28 24 62 59 406 403 697 0 0 0 0 172 120 0 66 60 
304 132 116 0 71 81 0 90 66 348 0 27 23 73 61 390 467 701 0 0 0 0 215 120 0 68 60 
304 126 122 0 71 78 0 89 66 350 0 28 22 68 60 401 425 668 0 0 0 0 200 120 0 68 60 
302 128 121 0 72 77 0 90 65 349 0 28 23 63 60 362 408 648 0 0 0 0 136 120 0 68 60 
304 128 126 0 74 78 0 90 64 348 0 31 23 78 59 374 413 704 0 0 0 0 153 120 0 68 60 
305 126 120 0 76 74 0 86 64 344 0 29 24 71 60 338 411 635 0 0 0 0 196 120 0 68 60 
304 124 122 0 77 79 0 90 65 334 0 29 23 68 63 396 428 604 0 0 0 0 130 120 0 68 60 
305 131 120 0 78 75 0 85 65 339 0 29 23 68 62 390 490 734 0 0 0 0 165 120 0 67 60 
300 128 121 0 79 76 0 83 65 348 0 31 23 73 61 395 442 704 0 0 0 0 166 120 0 67 60 
304 127 120 0 78 75 0 90 63 349 0 28 22 67 59 379 439 670 0 0 0 0 190 120 0 67 60 
302 125 119 0 78 86 0 87 64 342 0 29 23 86 60 392 443 658 0 0 0 0 187 120 0 67 60 
301 127 120 0 79 100 0 93 64 342 0 29 22 80 62 437 445 646 0 0 0 0 181 120 0 66 60 
306 129 119 0 79 110 0 91 65 347 0 27 24 65 60 379 454 637 0 0 0 0 159 120 0 66 60 
301 130 120 0 80 119 0 92 64 349 0 28 23 64 60 390 403 627 0 0 0 0 223 120 0 66 60 
298 136 120 0 80 111 0 92 67 345 0 29 24 93 60 411 410 646 0 0 0 0 168 120 0 67 60 
304 131 116 0 80 104 0 88 66 343 0 29 23 86 60 364 413 670 0 0 0 0 165 120 0 68 60 
298 131 113 0 79 90 0 90 65 338 0 28 23 63 61 350 390 638 0 0 0 0 166 120 0 68 60 
300 131 120 0 78 87 0 87 63 340 0 26 23 50 62 440 387 633 0 0 0 0 164 120 0 68 60 
303 132 123 0 77 90 0 87 64 345 0 28 23 78 61 410 428 645 0 0 0 0 187 120 0 68 60 
294 126 117 0 76 93 0 86 65 344 0 28 24 81 62 367 433 629 0 0 0 0 167 120 0 68 60 
299 127 118 0 74 94 0 87 65 339 0 27 23 85 60 367 456 587 0 0 0 0 179 120 0 68 60 
299 131 116 0 74 90 0 92 66 340 0 30 24 62 60 404 411 598 0 0 0 0 153 120 0 67 60 
297 132 119 0 73 87 0 87 66 349 0 29 22 55 61 415 423 632 0 0 0 0 168 120 0 66 60 
305 141 115 0 73 88 0 87 66 352 0 29 21 68 61 393 409 595 0 0 0 0 200 120 0 67 60 
301 127 121 0 74 84 0 89 64 345 0 29 22 75 61 399 443 651 0 0 0 0 146 120 0 67 60 
302 129 120 0 74 83 0 84 64 342 0 28 23 74 59 382 418 609 0 0 0 0 181 120 0 67 60 
304 129 119 0 75 83 0 87 65 341 0 27 24 66 60 392 430 598 0 0 0 0 148 120 0 68 60 
304 133 119 0 75 85 0 85 66 347 0 27 24 65 59 413 446 649 0 0 0 0 127 120 0 68 60 
305 130 119 0 77 84 0 94 65 341 0 27 24 60 61 360 433 624 0 0 0 0 188 120 0 69 60 
303 127 117 0 77 83 0 88 66 348 0 30 22 65 62 386 430 607 0 0 0 0 152 120 0 70 60 
303 127 115 0 77 81 0 89 66 350 0 26 21 66 61 434 481 575 0 0 0 0 177 120 0 69 60 
305 127 118 0 76 79 0 92 66 349 0 30 22 75 64 387 476 629 0 0 0 0 181 120 0 67 60 
305 130 121 0 76 79 0 86 65 348 0 29 22 63 64 406 463 580 0 0 0 0 178 120 0 69 60 
303 139 121 0 76 84 0 90 63 348 0 28 22 65 60 377 408 666 0 0 0 0 210 120 0 69 60 
300 139 120 0 76 91 0 90 64 342 0 32 22 86 59 367 434 636 0 0 0 0 177 120 0 70 60 
301 127 119 0 77 91 0 85 64 334 0 29 23 83 59 374 400 613 0 0 0 0 159 120 0 71 60 
308 123 116 0 76 90 0 88 64 344 0 30 23 69 60 386 401 637 0 0 0 0 147 120 0 71 60 
299 135 119 0 76 91 0 87 65 352 0 28 24 44 62 365 476 599 0 0 0 0 204 120 0 72 60 
295 131 119 0 76 87 0 91 65 343 0 27 24 44 62 365 477 691 0 0 0 0 236 120 0 72 60 
305 137 122 0 75 84 0 87 64 343 0 30 23 59 63 400 408 655 0 0 0 0 138 120 0 72 60 
293 127 119 0 74 83 0 94 64 342 0 31 24 74 61 376 440 736 0 0 0 0 173 120 0 71 60 
306 129 118 0 74 83 0 90 65 349 0 29 23 69 59 388 452 653 0 0 0 0 123 120 0 70 60 
304 139 118 0 74 81 0 87 65 347 0 27 22 63 60 416 449 604 0 0 0 0 174 120 0 69 60 
277 121 115 0 74 83 0 90 66 344 0 30 23 76 60 425 409 642 0 0 0 0 197 120 0 68 60 
304 123 120 0 74 84 0 85 66 341 0 29 23 72 61 385 444 656 0 0 0 0 158 120 0 68 60 
304 132 119 0 75 93 0 89 67 339 0 28 23 69 61 399 434 653 0 0 0 0 165 120 0 67 60 
303 129 117 0 76 95 0 88 65 344 0 28 23 64 59 387 450 612 0 0 0 0 162 120 0 67 60 
306 132 118 0 76 96 0 89 63 350 0 28 23 73 61 379 462 722 0 0 0 0 149 120 0 67 60 
307 126 118 0 77 91 0 87 64 344 0 30 23 67 62 410 414 673 0 0 0 0 181 120 0 66 60 
305 122 118 0 76 88 0 88 65 341 0 27 23 84 61 368 420 694 0 0 0 0 204 120 0 66 60 
307 125 118 0 76 88 0 90 65 348 0 28 22 81 62 384 403 652 0 0 0 0 162 120 0 65 60 
304 127 116 0 76 89 0 89 66 359 0 26 24 66 60 368 434 690 0 0 0 0 182 120 0 65 60 
300 127 117 0 75 98 0 90 65 353 0 26 23 63 61 395 421 695 0 0 0 0 178 120 0 66 60 
304 131 118 0 74 106 0 89 65 348 0 27 24 89 60 375 455 653 0 0 0 0 162 120 0 68 60 
308 131 120 0 75 105 0 89 64 347 0 26 22 91 61 423 400 711 0 0 0 0 189 120 0 68 60 
299 124 120 0 74 98 0 86 65 347 0 29 23 65 60 391 449 610 0 0 0 0 159 120 0 69 60 
307 128 118 0 75 90 0 87 65 350 0 27 23 47 60 382 427 690 0 0 0 0 189 120 0 69 60 
303 127 120 0 76 82 0 91 65 349 0 27 22 78 61 389 457 665 0 0 0 0 163 120 0 70 60 
302 124 115 0 76 77 0 85 65 350 0 27 24 84 60 385 441 672 0 0 0 0 214 120 0 70 60 
307 124 114 0 76 71 0 84 65 351 0 28 24 84 61 411 416 692 0 0 0 0 181 120 0 70 60 
303 131 115 0 76 75 0 96 64 350 0 26 22 63 61 372 447 649 0 0 0 0 165 120 0 70 60 
306 130 118 0 75 83 0 89 64 350 0 28 21 53 60 430 470 688 0 0 0 0 194 120 0 70 60 
301 130 117 0 74 85 0 93 65 344 0 26 22 69 60 427 481 522 0 0 0 0 190 120 0 69 60 
305 134 114 0 73 82 0 89 65 335 0 27 20 74 60 415 430 650 0 0 0 0 150 120 0 70 60 
300 130 114 0 72 86 0 89 65 338 0 30 20 75 59 368 479 664 0 0 0 0 230 120 0 71 60 
305 134 115 0 72 98 0 86 65 348 0 27 20 65 60 412 423 628 0 0 0 0 193 120 0 70 60 
303 133 118 0 73 100 0 83 64 349 0 30 20 63 60 370 429 621 0 0 0 0 160 120 0 69 60 
304 131 119 0 74 96 0 88 63 341 0 32 22 61 60 392 422 583 0 0 0 0 152 120 0 69 60 
304 133 119 0 75 86 0 89 63 339 0 33 22 65 60 359 405 687 0 0 0 0 161 120 0 68 60 
302 128 116 0 76 81 0 85 64 344 0 32 21 64 60 384 407 540 0 0 0 0 185 120 0 67 60 
304 132 117 0 76 83 0 84 64 350 0 33 21 75 62 402 426 582 0 0 0 0 192 120 0 68 60 
301 130 120 0 76 93 0 89 65 348 0 30 22 61 61 365 437 629 0 0 0 0 160 120 0 67 60 
300 125 120 0 76 103 0 93 66 344 0 31 22 63 61 404 417 699 0 0 0 0 126 120 0 66 60 
303 131 117 0 76 109 0 90 65 341 0 29 21 84 59 399 428 579 0 0 0 0 166 120 0 67 60 
303 128 123 0 76 114 0 90 67 341 0 31 23 82 59 408 464 589 0 0 0 0 160 120 0 67 60 
302 135 123 0 77 119 0 87 66 349 0 32 24 68 61 386 396 611 0 0 0 0 160 120 0 67 60 
302 125 122 0 78 116 0 87 65 347 0 32 23 42 60 369 396 538 0 0 0 0 181 120 0 68 60 
304 129 118 0 79 91 0 88 64 343 0 30 23 44 60 383 411 538 0 0 0 0 168 120 0 67 60 
300 134 120 0 81 71 0 87 64 343 0 31 22 60 59 338 429 612 0 0 0 0 134 120 0 68 60 
309 128 117 0 81 69 0 90 65 353 0 31 23 71 60 394 432 578 0 0 0 0 139 120 0 69 60 
299 137 123 0 81 78 0 89 66 356 0 28 22 69 61 384 430 479 0 0 0 0 194 120 0 70 60 
304 120 121 0 81 97 0 88 65 347 0 29 24 64 61 385 456 554 0 0 0 0 179 120 0 70 60 
303 120 124 0 79 108 0 89 65 343 0 28 23 75 60 399 426 600 0 0 0 0 168 120 0 70 60 
301 124 120 0 77 105 0 92 64 343 0 27 23 70 61 391 438 612 0 0 0 0 170 120 0 70 60 
303 131 121 0 76 92 0 91 64 347 0 27 23 70 59 371 387 599 0 0 0 0 136 120 0 70 60 
301 138 117 0 76 75 0 84 64 345 0 26 23 65 59 396 452 566 0 0 0 0 167 120 0 69 60 
302 129 115 0 74 69 0 85 66 345 0 28 22 73 60 376 468 570 0 0 0 0 198 120 0 68 60 
302 116 124 0 75 63 0 89 65 350 0 26 23 70 61 379 479 574 0 0 0 0 158 120 0 67 60 
306 134 119 0 74 69 0 90 66 352 0 26 23 85 60 415 440 614 0 0 0 0 199 120 0 67 60 
304 129 126 0 74 74 0 88 64 349 0 29 23 79 60 388 424 609 0 0 0 0 194 120 0 67 60 
306 124 120 0 74 85 0 90 64 345 0 25 22 65 61 402 398 637 0 0 0 0 229 120 0 69 60 
304 134 120 0 74 91 0 93 65 339 0 26 23 65 58 386 405 581 0 0 0 0 161 120 0 69 60 
300 133 121 0 75 97 0 88 65 334 0 28 22 93 60 431 460 629 0 0 0 0 158 120 0 70 60 
300 134 121 0 75 95 0 88 65 344 0 25 22 84 63 383 462 677 0 0 0 0 189 120 0 70 60 
301 132 125 0 75 92 0 92 65 353 0 29 24 64 60 412 423 595 0 0 0 0 168 120 0 70 60 
306 126 120 0 74 89 0 86 64 348 0 27 22 48 62 359 460 660 0 0 0 0 204 120 0 70 60 
302 130 123 0 75 87 0 87 63 344 0 28 22 80 62 391 462 598 0 0 0 0 114 120 0 70 60 
302 126 121 0 75 79 0 84 63 343 0 30 23 82 60 404 432 680 0 0 0 0 163 120 0 70 60 
304 127 125 0 75 76 0 88 64 350 0 33 22 82 58 386 447 647 0 0 0 0 164 120 0 71 60 
300 133 118 0 76 81 0 86 64 351 0 35 24 58 58 371 407 627 0 0 0 0 191 120 0 71 60 
302 129 117 0 76 81 0 87 66 345 0 35 22 57 59 370 471 632 0 0 0 0 194 120 0 71 60 
300 133 116 0 76 77 0 94 65 341 0 38 24 70 60 362 436 630 0 0 0 0 167 120 0 71 60 
305 135 115 0 76 78 0 90 66 340 0 39 24 74 62 370 431 690 0 0 0 0 153 120 0 71 60 
301 126 123 0 76 87 0 91 65 343 0 37 24 73 65 366 417 659 0 0 0 0 146 120 0 71 60 
306 136 125 0 75 89 0 89 64 349 0 36 23 68 62 401 455 721 0 0 0 0 112 120 0 70 60 
301 127 120 0 74 91 0 91 64 344 0 35 24 61 60 396 449 666 0 0 0 0 163 120 0 69 60 
305 132 117 0 74 92 0 89 64 343 0 33 23 61 59 397 387 683 0 0 0 0 218 120 0 68 60 
298 138 117 0 73 94 0 91 65 345 0 29 23 66 58 363 430 637 0 0 0 0 167 120 0 66 60 
297 137 119 0 74 93 0 91 65 357 0 28 23 66 61 401 448 679 0 0 0 0 162 120 0 66 60 
303 132 119 0 74 97 0 82 65 353 0 27 24 75 60 380 423 698 0 0 0 0 158 120 0 65 60 
301 128 125 0 74 105 0 87 64 344 0 28 22 62 60 404 433 643 0 0 0 0 157 120 0 66 60 
305 131 122 0 74 110 0 91 65 342 0 28 22 67 60 378 441 655 0 0 0 0 222 120 0 66 60 
304 131 119 0 75 108 0 92 64 345 0 28 22 84 60 388 445 609 0 0 0 0 149 120 0 66 60 
306 132 118 0 74 101 0 89 65 346 0 28 21 84 62 401 394 655 0 0 0 0 156 120 0 66 60 
303 128 117 0 73 99 0 88 64 346 0 27 22 63 61 382 426 670 0 0 0 0 212 120 0 67 60 
301 135 119 0 73 83 0 85 65 346 0 27 22 41 61 376 452 663 0 0 0 0 155 120 0 67 60 
304 127 120 0 72 70 0 83 66 351 0 27 23 46 61 405 421 661 0 0 0 0 150 120 0 67 60 
305 129 123 0 72 66 0 85 66 348 0 29 22 65 60 402 424 613 0 0 0 0 175 120 0 67 60 
304 131 120 0 74 66 0 89 66 350 0 29 23 71 60 416 448 605 0 0 0 0 183 120 0 68 60 
301 138 118 0 74 71 0 88 65 348 0 29 22 69 59 367 457 544 0 0 0 0 204 120 0 68 60 
307 129 122 0 76 84 0 88 66 341 0 27 22 66 60 378 437 628 0 0 0 0 132 120 0 69 60 
301 130 118 0 77 85 0 90 64 332 0 25 22 77 62 412 458 621 0 0 0 0 187 120 0 69 60 
300 131 119 0 77 86 0 90 66 344 0 29 24 70 58 348 394 603 0 0 0 0 186 120 0 69 60 
306 127 118 0 78 83 0 89 64 352 0 28 22 71 60 396 418 613 0 0 0 0 192 120 0 69 60 
301 139 119 0 78 78 0 86 65 346 0 28 22 64 60 396 399 641 0 0 0 0 157 120 0 69 60 
305 136 122 0 77 74 0 86 65 342 0 29 21 73 59 398 450 635 0 0 0 0 158 120 0 69 60 
299 135 119 0 76 76 0 83 64 347 0 30 23 69 59 386 449 549 0 0 0 0 196 120 0 69 60 
303 123 119 0 73 77 0 90 65 350 0 28 21 86 61 393 437 582 0 0 0 0 157 120 0 68 60 
300 124 116 0 71 80 0 93 65 346 0 33 21 73 62 374 421 678 0 0 0 0 152 120 0 68 60 
305 127 118 0 70 83 0 91 65 342 0 35 22 63 61 345 460 610 0 0 0 0 167 120 0 68 60 
299 135 118 0 71 86 0 92 65 341 0 37 21 67 60 352 472 501 0 0 0 0 188 120 0 68 60 
302 136 123 0 72 85 0 87 66 339 0 35 21 93 60 396 421 636 0 0 0 0 169 120 0 68 60 
302 131 122 0 74 85 0 92 65 345 0 35 23 81 60 392 415 672 0 0 0 0 160 120 0 68 60 
300 130 119 0 76 79 0 86 64 349 0 35 23 64 61 373 401 607 0 0 0 0 152 120 0 68 60 
305 137 120 0 77 81 0 88 64 345 0 38 23 52 61 405 388 610 0 0 0 0 120 120 0 68 60 
300 129 116 0 78 87 0 89 65 344 0 38 23 81 61 402 414 622 0 0 0 0 150 120 0 67 60 
300 123 114 0 78 88 0 89 65 348 0 41 23 82 64 383 436 594 0 0 0 0 189 120 0 67 60 
305 130 118 0 78 96 0 90 67 357 0 42 21 83 63 386 449 561 0 0 0 0 148 120 0 66 60 
302 126 116 0 78 103 0 89 65 355 0 42 22 57 61 351 438 634 0 0 0 0 195 120 0 66 60 
302 128 118 0 79 106 0 90 65 348 0 45 22 58 62 393 408 708 0 0 0 0 164 120 0 65 60 
305 125 120 0 79 96 0 87 65 344 0 43 22 70 60 408 508 604 0 0 0 0 150 120 0 65 60 
305 125 120 0 81 86 0 89 65 345 0 41 22 74 61 373 436 646 0 0 0 0 212 120 0 66 60 
302 131 119 0 82 87 0 89 66 346 0 39 21 73 59 416 427 649 0 0 0 0 189 120 0 66 60 
305 130 118 0 81 92 0 87 65 343 0 35 21 68 60 399 460 664 0 0 0 0 166 120 0 66 60 
302 130 116 0 80 98 0 92 66 346 0 35 21 61 61 372 428 624 0 0 0 0 171 120 0 66 60 
307 135 116 0 79 99 0 87 65 350 0 37 20 60 60 369 392 626 0 0 0 0 195 120 0 66 60 
305 127 120 0 77 100 0 89 65 348 0 40 21 67 60 388 403 662 0 0 0 0 183 120 0 65 60 
301 129 117 0 75 91 0 90 64 349 0 40 21 66 60 406 467 726 0 0 0 0 141 120 0 65 60 
302 129 117 0 74 85 0 86 64 344 0 35 21 71 60 411 413 705 0 0 0 0 173 120 0 65 60 
302 130 115 0 72 75 0 85 66 339 0 32 22 59 59 389 438 668 0 0 0 0 193 120 0 65 60 
303 124 114 0 72 74 0 92 65 335 0 29 21 68 59 411 410 652 0 0 0 0 177 120 0 65 60 
304 126 118 0 73 70 0 97 66 346 0 26 21 81 61 334 438 685 0 0 0 0 176 120 0 65 60 
302 132 118 0 74 73 0 95 65 349 0 26 20 82 61 394 424 667 0 0 0 0 199 120 0 66 60 
301 132 117 0 75 74 0 90 66 346 0 27 20 63 59 358 427 670 0 0 0 0 129 120 0 65 60 
302 133 116 0 76 79 0 91 64 343 0 26 21 38 61 410 431 710 0 0 0 0 148 120 0 65 60 
305 134 118 0 76 80 0 87 64 345 0 26 21 45 60 384 417 662 0 0 0 0 186 120 0 65 60 
306 127 116 0 77 77 0 83 64 352 0 25 22 65 60 395 407 646 0 0 0 0 194 120 0 66 60 
307 134 117 0 77 77 0 83 64 349 0 26 22 71 60 376 450 705 0 0 0 0 144 120 0 66 60 
299 126 119 0 77 74 0 87 64 345 0 28 22 67 60 378 464 707 0 0 0 0 199 120 0 66 60 
304 127 119 0 76 70 0 86 65 342 0 26 22 65 62 355 445 678 0 0 0 0 147 120 0 66 60 
297 127 119 0 76 71 0 84 65 338 0 29 22 77 62 366 453 627 0 0 0 0 173 120 0 66 60 
305 131 118 0 76 81 0 90 65 346 0 25 22 67 64 396 442 716 0 0 0 0 148 120 0 65 60 
302 135 118 0 76 89 0 90 66 348 0 26 23 72 60 407 440 637 0 0 0 0 196 120 0 66 60 
299 131 120 0 77 93 0 90 66 342 0 26 23 63 58 375 400 654 0 0 0 0 194 120 0 66 60 
301 133 119 0 77 90 0 87 66 338 0 26 22 70 59 362 438 686 0 0 0 0 197 120 0 66 60 
302 131 121 0 77 87 0 86 64 345 0 26 23 71 58 357 441 657 0 0 0 0 148 120 0 66 60 
302 129 122 0 76 78 0 88 64 352 0 26 23 85 60 402 442 712 0 0 0 0 205 120 0 65 60 
302 127 121 0 75 75 0 85 65 351 0 27 20 73 62 396 463 628 0 0 0 0 183 120 0 65 60 
303 125 119 0 74 71 0 91 64 345 0 29 20 61 64 351 408 674 0 0 0 0 177 120 0 65 60 
301 131 118 0 72 75 0 89 64 345 0 26 21 70 63 382 418 596 0 0 0 0 193 120 0 65 60 
301 132 120 0 73 76 0 87 63 343 0 26 20 95 60 381 435 578 0 0 0 0 183 120 0 65 60 
303 126 112 0 73 81 0 89 64 347 0 28 22 75 62 374 464 739 0 0 0 0 129 120 0 65 60 
304 135 122 0 74 90 0 87 65 343 0 25 22 58 61 396 435 677 0 0 0 0 146 120 0 67 60 
305 130 119 0 76 102 0 89 65 348 0 28 21 59 61 340 394 613 0 0 0 0 139 120 0 68 60 
297 131 123 0 77 112 0 88 65 349 0 27 21 84 62 359 398 628 0 0 0 0 165 120 0 68 60 
306 124 119 0 77 107 0 90 65 347 0 26 21 81 59 409 401 595 0 0 0 0 207 120 0 68 60 
301 130 119 0 77 102 0 86 65 350 0 26 21 76 60 382 434 599 0 0 0 0 151 120 0 68 60 
300 133 121 0 77 95 0 89 65 347 0 27 21 52 60 393 422 599 0 0 0 0 165 120 0 68 60 
300 137 118 0 75 85 0 88 65 340 0 27 22 65 61 427 424 592 0 0 0 0 162 120 0 68 60 
306 126 121 0 75 81 0 90 66 336 0 27 22 71 61 404 405 623 0 0 0 0 157 120 0 69 60 
302 135 120 0 75 85 0 89 66 346 0 27 23 76 60 361 468 572 0 0 0 0 190 120 0 69 60 
296 128 121 0 74 93 0 93 64 352 0 30 22 69 61 373 459 614 0 0 0 0 117 120 0 69 60 
302 129 117 0 75 96 0 91 64 343 0 31 22 72 62 375 399 676 0 0 0 0 139 120 0 69 60 
302 130 120 0 76 90 0 90 63 342 0 31 21 58 60 384 447 582 0 0 0 0 175 120 0 69 60 
303 126 120 0 76 86 0 90 63 345 0 30 22 63 60 422 404 608 0 0 0 0 149 120 0 68 60 
301 130 116 0 77 83 0 89 63 349 0 32 21 68 60 388 401 629 0 0 0 0 187 120 0 67 60 
301 129 114 0 77 78 0 89 64 348 0 30 21 69 61 391 390 622 0 0 0 0 156 120 0 67 60 
299 124 114 0 77 76 0 83 66 344 0 29 22 72 61 392 426 558 0 0 0 0 193 120 0 66 60 
303 128 121 0 76 77 0 85 65 342 0 28 20 59 60 359 440 604 0 0 0 0 181 120 0 65 60 
303 128 121 0 76 82 0 86 66 340 0 28 20 78 60 404 433 642 0 0 0 0 177 120 0 66 60 
305 128 118 0 74 79 0 87 65 346 0 28 19 80 59 384 431 634 0 0 0 0 173 120 0 66 60 
299 126 117 0 73 78 0 91 65 348 0 26 20 79 60 365 468 623 0 0 0 0 155 120 0 65 60 
301 132 115 0 73 83 0 93 65 342 0 28 20 53 60 377 436 651 0 0 0 0 179 120 0 65 60 
308 130 117 0 72 88 0 95 65 341 0 28 21 41 60 377 420 601 0 0 0 0 182 120 0 65 60 
302 128 118 0 73 82 0 93 65 347 0 29 20 52 62 391 399 569 0 0 0 0 209 120 0 65 60 
307 126 119 0 74 88 0 93 65 357 0 29 21 71 59 341 443 646 0 0 0 0 182 120 0 65 60 
304 126 121 0 75 91 0 87 66 353 0 28 20 69 62 402 456 652 0 0 0 0 182 120 0 65 60 
304 128 118 0 75 92 0 87 65 345 0 29 20 65 59 393 459 711 0 0 0 0 173 120 0 65 60 
303 133 118 0 77 87 0 90 66 344 0 26 21 68 59 408 421 629 0 0 0 0 187 120 0 65 60 
302 129 117 0 76 86 0 87 65 346 0 28 19 75 62 391 428 689 0 0 0 0 194 120 0 66 60 
305 128 116 0 76 89 0 88 65 348 0 29 20 67 60 363 418 590 0 0 0 0 172 120 0 67 60 
303 130 119 0 76 88 0 87 65 346 0 29 20 72 63 370 421 592 0 0 0 0 184 120 0 67 60 
305 133 118 0 76 86 0 95 65 349 0 29 20 67 60 354 452 727 0 0 0 0 193 120 0 68 60 
302 131 120 0 77 88 0 88 64 351 0 31 20 66 59 352 416 674 0 0 0 0 219 120 0 69 60 
305 132 117 0 79 96 0 87 65 351 0 29 22 79 61 380 395 672 0 0 0 0 122 120 0 70 60 
298 128 119 0 80 99 0 84 66 347 0 30 20 84 61 409 434 653 0 0 0 0 161 120 0 71 60 
299 128 116 0 81 103 0 82 65 347 0 29 21 71 61 393 505 653 0 0 0 0 148 120 0 69 60 
304 127 115 0 82 93 0 85 66 336 0 31 20 61 60 392 398 625 0 0 0 0 168 120 0 70 60 
301 131 121 0 81 87 0 88 65 333 0 31 20 79 60 352 426 672 0 0 0 0 126 120 0 69 60 
302 131 118 0 80 79 0 94 65 342 0 32 19 96 60 396 464 654 0 0 0 0 151 120 0 68 60 
300 127 121 0 79 72 0 88 64 349 0 32 20 70 62 404 434 608 0 0 0 0 176 120 0 67 60 
302 135 118 0 77 62 0 87 64 343 0 32 20 54 60 452 428 663 0 0 0 0 129 120 0 68 60 
300 131 119 0 76 65 0 89 64 339 0 29 19 63 60 370 435 592 0 0 0 0 180 120 0 68 60 
304 129 116 0 75 68 0 90 64 344 0 31 19 82 60 405 443 654 0 0 0 0 184 120 0 69 60 
296 127 116 0 75 63 0 86 65 349 0 30 20 83 62 391 423 651 0 0 0 0 182 120 0 68 60 
303 135 120 0 75 63 0 87 65 347 0 30 20 75 60 409 412 642 0 0 0 0 182 120 0 67 60 
304 125 123 0 74 66 0 87 66 343 0 29 19 50 61 390 463 649 0 0 0 0 165 120 0 67 60 
302 133 120 0 76 65 0 87 65 343 0 28 21 67 61 400 438 612 0 0 0 0 162 120 0 66 60 
306 135 118 0 74 61 0 88 65 342 0 29 22 71 60 409 427 641 0 0 0 0 151 120 0 66 60 
298 134 118 0 75 63 0 93 64 348 0 27 20 76 61 359 469 500 0 0 0 0 187 120 0 66 60 
302 126 118 0 75 65 0 87 65 351 0 29 19 66 59 368 446 583 0 0 0 0 145 120 0 65 60 
307 127 119 0 73 64 0 87 64 343 0 29 18 70 59 359 422 585 0 0 0 0 160 120 0 65 60 
301 123 120 0 75 63 0 93 65 341 0 25 19 58 62 362 440 642 0 0 0 0 177 120 0 66 60 
307 136 119 0 73 64 0 90 65 349 0 28 19 61 60 385 411 610 0 0 0 0 170 120 0 67 60 
303 137 119 0 75 65 0 88 64 356 0 30 18 68 63 395 431 634 0 0 0 0 171 120 0 68 60 
302 132 118 0 73 64 0 85 65 352 0 27 20 70 63 341 421 613 0 0 0 0 182 120 0 67 60 
305 124 119 0 76 64 0 89 64 344 0 26 19 68 61 361 437 602 0 0 0 0 173 120 0 67 60 
304 130 119 0 76 65 0 90 65 344 0 26 19 60 60 408 409 603 0 0 0 0 176 120 0 66 60 
304 123 119 0 73 67 0 88 65 343 0 27 18 79 57 361 421 571 0 0 0 0 150 120 0 65 60 
303 127 119 0 76 64 0 92 66 345 0 27 18 78 58 422 428 602 0 0 0 0 171 120 0 65 60 
306 126 116 0 76 64 0 87 65 340 0 26 19 77 58 353 445 543 0 0 0 0 183 120 0 65 60 
300 116 119 0 75 66 0 81 64 306 0 27 17 0 36 359 455 609 0 0 0 0 191 120 0 65 60 
302 0 38 0 63 70 0 28 34 65 0 23 17 0 0 395 428 588 0 0 0 0 164 120 0 65 60 
297 0 0 0 60 66 0 0 0 0 0 25 17 0 0 360 403 618 0 0 0 0 127 120 0 65 60 
302 0 0 0 38 65 0 0 0 0 0 25 17 0 0 413 379 563 0 0 0 0 184 120 0 65 60 
304 0 0 0 31 67 0 24 0 0 0 23 16 0 0 384 432 576 0 0 0 0 204 120 0 65 60 
26 0 0 0 16 67 0 0 0 0 0 24 16 0 0 236 407 447 0 0 0 0 202 120 0 64 60 
0 0 0 0 0 66 0 11 0 0 0 26 16 0 0 232 407 436 0 0 0 0 200 120 0 65 60 
0 0 0 0 0 65 0 0 0 0 0 25 16 0 0 240 408 450 0 0 0 0 200 120 0 66 60 
0 0 0 0 0 66 0 0 0 0 0 25 16 0 0 230 420 430 0 0 0 0 199 120 0 67 60 
0 0 0 0 0 67 0 12 0 0 0 25 16 0 0 228 406 443 0 0 0 0 198 120 0 67 60 
0 0 0 0 0 63 0 37 0 0 0 25 16 0 0 234 418 448 0 0 0 0 199 120 0 68 60 
0 0 0 0 0 68 0 27 0 0 0 23 15 0 0 234 420 446 0 0 0 0 198 120 0 68 60 
0 0 0 0 0 69 0 11 0 0 0 24 15 0 0 228 413 438 0 0 0 0 198 120 0 68 60 
0 0 0 0 0 69 0 33 0 0 0 27 15 0 0 239 418 433 0 0 0 0 198 120 0 69 60 
0 0 0 0 0 64 0 12 0 0 0 25 15 0 0 239 404 431 0 0 0 0 197 120 0 69 60 
0 0 0 0 0 67 0 21 0 0 0 23 15 0 0 232 405 431 0 0 0 0 196 120 0 69 60 
0 0 0 0 0 67 0 29 0 0 0 25 15 0 0 241 415 442 0 0 0 0 197 120 0 69 60 
0 0 0 0 0 64 0 0 0 0 0 26 15 0 0 239 409 428 0 0 0 0 197 120 0 69 60 
0 0 0 0 0 66 0 27 0 0 0 24 15 0 0 232 417 447 0 0 0 0 197 120 0 69 60 
0 0 0 0 0 65 0 0 0 0 0 25 15 0 0 231 418 447 0 0 0 0 196 120 0 69 60 
0 0 0 0 0 67 0 28 0 0 0 25 16 0 0 229 416 447 0 0 0 0 196 120 0 69 60 
0 0 0 0 0 65 0 15 0 0 0 25 16 0 0 243 416 430 0 0 0 0 196 120 0 68 60 
0 0 0 0 0 67 0 13 0 0 0 27 15 0 0 226 411 433 0 0 0 0 197 120 0 68 60 
0 0 0 0 0 66 0 25 0 0 0 25 16 0 0 234 417 434 0 0 0 0 197 120 0 67 60 
0 0 0 0 0 68 0 0 0 0 0 25 16 0 0 239 417 431 0 0 0 0 195 120 0 68 60 
0 0 0 0 0 65 0 30 0 0 0 24 15 0 0 232 409 440 0 0 0 0 196 120 0 67 60 
0 0 0 0 0 65 0 0 0 0 0 25 16 0 0 240 416 429 0 0 0 0 196 120 0 67 60 
0 0 0 0 0 59 0 15 0 0 0 26 16 0 0 231 416 432 0 0 0 0 196 120 0 67 60 
0 0 0 0 0 67 0 12 0 0 0 24 16 0 0 241 407 437 0 0 0 0 196 120 0 68 60 
0 0 0 0 0 66 0 0 0 0 0 26 16 0 0 241 413 441 0 0 0 0 196 120 0 70 60 
0 0 0 0 0 63 0 12 0 0 0 26 16 0 0 236 412 433 0 0 0 0 196 120 0 70 60 
0 0 0 0 0 66 0 0 0 0 0 24 16 0 0 237 405 444 0 0 0 0 196 120 0 70 60 
0 0 0 0 0 65 0 11 0 0 0 25 16 0 0 228 404 446 0 0 0 0 195 120 0 71 60 
0 0 0 0 0 62 0 0 0 0 0 25 16 0 0 239 402 428 0 0 0 0 195 120 0 72 60 
0 0 0 0 0 60 0 0 0 0 0 25 16 0 0 233 404 446 0 0 0 0 195 120 0 71 60 
0 0 0 0 0 59 0 0 0 0 0 24 16 0 0 243 405 430 0 0 0 0 195 120 0 71 60 
0 0 0 0 0 69 0 0 0 0 0 25 16 0 0 233 416 443 0 0 0 0 195 120 0 70 60 
0 0 0 0 0 69 0 0 0 0 0 26 16 0 0 232 415 440 0 0 0 0 196 120 0 70 60 
0 0 0 0 0 69 0 0 0 0 0 26 16 0 0 230 414 436 0 0 0 0 195 120 0 68 60 
0 0 0 0 0 66 0 0 0 0 0 24 16 0 0 228 415 446 0 0 0 0 195 120 0 67 60 
0 0 0 0 0 69 0 0 0 0 0 26 16 0 0 228 416 430 0 0 0 0 196 120 0 68 60 
0 0 0 0 0 66 0 0 0 0 0 25 16 0 0 227 417 433 0 0 0 0 195 120 0 69 60 
0 0 0 0 0 67 0 0 0 0 0 26 16 0 0 232 418 443 0 0 0 0 195 120 0 70 60 
0 0 0 0 0 69 0 0 0 0 0 26 16 0 0 232 415 435 0 0 0 0 195 120 0 71 60 
0 0 0 0 0 71 0 0 0 0 0 25 16 0 0 230 417 431 0 0 0 0 195 120 0 72 60 
0 0 0 0 0 62 0 0 0 0 0 25 16 0 0 233 411 445 0 0 0 0 195 120 0 72 60 
0 0 0 0 0 58 0 0 0 0 0 26 16 0 0 233 416 442 0 0 0 0 195 120 0 72 60 
0 0 0 0 0 66 0 0 0 0 0 26 16 0 0 228 412 444 0 0 0 0 195 120 0 71 60 
0 28 0 0 0 65 0 0 0 0 0 26 16 0 0 227 417 445 0 0 0 0 195 120 0 70 60 
0 12 0 0 0 67 0 0 0 0 0 24 16 0 0 238 401 446 0 0 0 0 195 120 0 70 60 
0 24 0 0 0 66 0 0 0 0 0 26 16 0 0 236 402 433 0 0 0 0 194 120 0 70 60 
0 51 0 0 0 70 0 0 0 0 0 27 16 0 0 241 414 431 0 0 0 0 194 120 0 69 60 
0 58 0 0 0 61 0 0 0 0 0 25 16 0 0 229 408 433 0 0 0 0 195 120 0 68 60 
0 76 0 0 0 60 0 0 0 0 0 26 16 0 0 240 417 429 0 0 0 0 195 120 0 68 60 
0 78 0 0 0 64 0 0 0 0 0 26 16 0 0 231 402 443 0 0 0 0 194 120 0 67 60 
0 113 0 0 0 69 0 0 0 0 0 26 16 0 0 241 401 444 0 0 0 0 194 120 0 68 60 
0 128 0 0 0 65 0 0 0 0 0 25 16 0 0 242 404 434 0 0 0 0 195 120 0 68 60 
0 205 0 0 0 61 0 0 0 0 0 25 16 0 0 241 402 430 0 0 0 0 195 120 0 67 60 
0 302 0 0 0 63 0 0 0 0 0 27 16 0 0 228 408 433 0 0 0 0 194 120 0 67 60 
0 301 0 0 0 65 0 0 0 0 0 26 16 0 0 241 416 433 0 0 0 0 194 120 0 68 60 
0 361 0 0 0 61 0 0 0 0 0 27 16 0 0 241 402 435 0 0 0 0 194 120 0 69 60 
0 319 0 0 0 62 0 0 0 0 0 26 16 0 0 228 404 440 0 0 0 0 195 120 0 70 60 
0 353 0 0 0 63 0 0 0 0 0 25 16 0 0 242 408 445 0 0 0 0 194 120 0 70 60 
0 377 0 0 0 63 0 0 0 0 0 29 16 0 0 229 408 446 0 0 0 0 195 120 0 71 60 
0 370 0 0 0 58 0 0 0 0 0 27 17 0 0 238 413 448 0 0 0 0 194 120 0 71 60 
0 483 0 0 0 61 0 0 0 0 0 27 17 0 0 229 411 433 0 0 0 0 195 120 0 71 60 
0 487 0 0 0 62 0 0 0 0 0 28 17 0 0 242 411 438 0 0 0 0 195 120 0 72 60 
0 519 0 0 0 65 0 0 0 0 0 28 17 0 0 242 401 433 0 0 0 0 195 120 0 72 60 
0 472 0 0 0 60 0 0 0 0 0 28 17 0 0 229 413 434 0 0 0 0 194 120 0 72 60 
0 501 0 0 0 62 0 0 0 0 0 27 17 0 0 238 400 440 0 0 0 0 193 120 0 73 60 
0 506 0 0 0 64 0 0 0 0 0 27 16 0 0 239 404 428 0 0 0 0 194 120 0 72 60 
0 486 0 0 0 63 0 0 0 0 0 29 17 0 0 233 405 428 0 0 0 0 194 120 0 72 60 
0 451 0 0 0 60 0 0 0 0 0 27 17 0 0 231 416 445 0 0 0 0 194 120 0 72 60 
0 319 0 0 0 57 0 0 0 0 0 26 16 0 0 229 405 430 0 0 0 0 194 120 0 72 60 
0 254 0 0 0 58 0 0 0 0 0 29 16 0 0 232 411 428 0 0 0 0 193 120 0 70 60 
0 233 0 0 0 62 0 0 0 0 0 27 16 0 0 237 408 436 0 0 0 0 194 120 0 68 60 
0 222 0 0 0 62 0 0 0 0 0 30 16 0 0 236 405 431 0 0 0 0 194 120 0 67 60 
0 111 0 0 0 60 0 0 0 0 0 29 17 0 0 240 407 442 0 0 0 0 194 120 0 66 60 
0 40 0 0 0 67 0 0 0 0 0 27 16 0 0 230 402 438 0 0 0 0 194 120 0 66 60 
0 44 0 0 0 62 0 0 0 0 0 28 17 0 0 230 419 428 0 0 0 0 194 120 0 65 60 
0 35 0 0 0 61 0 0 0 0 0 28 17 0 0 225 416 427 0 0 0 0 194 120 0 65 60 
0 12 0 0 0 63 0 0 0 0 0 29 16 0 0 232 415 428 0 0 0 0 194 120 0 65 60 
0 21 0 0 0 67 0 0 0 0 0 29 17 0 0 227 411 446 0 0 0 0 193 120 0 65 60 
0 18 0 0 0 63 0 0 0 0 0 27 17 0 0 236 404 433 0 0 0 0 193 120 0 65 60 
0 0 0 0 0 60 0 0 0 0 0 30 17 0 0 241 404 426 0 0 0 0 194 120 0 65 60 
0 0 0 0 0 62 0 0 0 0 0 29 17 0 0 241 415 444 0 0 0 0 193 120 0 65 60 
0 0 0 0 0 63 0 0 0 0 0 27 17 0 0 230 416 442 0 0 0 0 193 120 0 66 60 
0 0 0 0 0 62 0 0 0 0 0 28 17 0 0 235 414 442 0 0 0 0 194 120 0 65 60 
0 0 0 0 0 62 0 0 0 0 0 28 17 0 0 227 413 437 0 0 0 0 194 120 0 65 60 
0 0 0 0 0 65 0 0 0 0 0 27 17 0 0 230 404 443 0 0 0 0 193 120 0 66 60 
0 0 0 0 0 66 0 0 0 0 0 29 17 0 0 241 406 442 0 0 0 0 194 120 0 67 60 
0 0 0 0 0 66 0 0 0 0 0 28 17 0 0 229 407 445 0 0 0 0 194 120 0 67 60 
0 0 0 0 0 61 0 0 0 0 0 28 17 0 0 235 404 443 0 0 0 0 193 120 0 67 60 
0 0 0 0 0 60 0 0 0 0 0 28 17 0 0 230 404 441 0 0 0 0 194 120 0 67 60 
0 0 0 0 0 64 0 0 0 0 0 29 18 0 0 241 407 430 0 0 0 0 194 120 0 66 60 
0 0 0 0 0 64 0 0 0 0 0 28 19 27 0 238 404 435 0 0 0 0 193 120 0 66 60 
0 106 0 0 0 58 0 38 0 80 0 39 24 42 57 237 410 445 0 0 0 0 194 120 0 65 60 
0 120 115 0 0 51 0 84 57 328 0 52 28 41 59 231 416 445 0 0 0 0 194 120 0 65 60 
0 120 110 0 18 53 0 74 66 369 0 61 34 57 59 230 407 445 0 0 0 0 194 120 0 66 60 
0 122 108 0 33 67 0 73 63 351 0 75 38 73 58 241 414 430 0 0 0 0 219 120 0 67 60 
33 117 109 0 53 82 0 76 64 344 0 87 44 66 57 129 165 290 0 0 0 0 110 120 0 67 60 
305 124 113 0 69 92 0 78 64 336 0 91 47 64 57 20 0 0 0 0 0 0 75 120 0 67 60 
274 125 115 0 81 104 0 76 65 339 0 86 48 76 57 221 248 305 0 0 0 0 66 120 0 67 60 
279 126 114 0 89 106 0 78 64 349 0 76 48 73 58 364 526 656 0 0 0 0 174 120 0 67 60 
284 127 110 0 91 108 0 81 63 348 0 68 44 65 59 405 587 670 0 0 0 0 182 120 0 67 60 
285 124 115 0 91 114 0 76 64 338 0 54 40 67 60 367 502 558 0 0 0 0 206 120 0 66 60 
292 118 114 0 89 114 0 86 63 338 0 41 35 66 61 421 488 605 0 0 0 0 193 120 0 67 60 
287 124 114 0 87 110 0 84 63 340 0 32 31 67 64 361 460 617 0 0 0 0 186 120 0 67 60 
295 127 115 0 86 100 0 86 63 344 0 31 25 82 70 387 468 612 0 0 0 0 201 120 0 67 60 
286 123 116 0 85 87 0 86 63 342 0 30 20 86 60 389 458 648 0 0 0 0 146 120 0 67 60 
295 124 119 0 86 83 0 84 63 341 0 31 19 67 59 372 463 610 0 0 0 0 175 120 0 67 60 
297 123 115 0 86 75 0 83 64 337 0 29 19 55 58 400 502 719 0 0 0 0 143 120 0 67 60 
285 127 116 0 86 75 0 83 63 337 0 29 20 70 57 390 448 627 0 0 0 0 151 120 0 67 60 
296 129 113 0 85 79 0 81 64 344 0 30 19 94 56 399 461 582 0 0 0 0 192 120 0 66 60 
296 120 117 0 84 86 0 79 65 343 0 29 18 75 56 424 486 638 0 0 0 0 118 120 0 66 60 
292 125 116 0 83 90 0 86 65 339 0 30 17 58 57 379 454 613 0 0 0 0 149 120 0 65 60 
296 120 120 0 80 91 0 84 65 335 0 27 19 57 57 394 447 620 0 0 0 0 168 120 0 66 60 
296 124 120 0 76 91 0 85 63 342 0 28 19 79 57 401 421 615 0 0 0 0 199 120 0 65 60 
296 125 119 0 75 87 0 87 62 349 0 30 19 79 57 388 401 619 0 0 0 0 169 120 0 66 60 
292 125 116 0 74 81 0 86 62 345 0 28 20 83 57 391 410 498 0 0 0 0 209 120 0 66 60 
299 127 116 0 74 78 0 87 63 338 0 30 19 57 56 375 420 529 0 0 0 0 185 120 0 65 60 
297 127 118 0 75 79 0 82 62 337 0 32 20 54 57 371 454 657 0 0 0 0 178 120 0 65 60 
297 125 112 0 77 80 0 85 63 336 0 28 20 69 57 383 439 595 0 0 0 0 161 120 0 66 60 
298 129 117 0 77 84 0 85 63 338 0 32 19 72 59 377 384 684 0 0 0 0 144 120 0 66 60 
295 128 118 0 78 91 0 82 64 336 0 32 20 69 58 382 424 576 0 0 0 0 185 120 0 66 60 
299 124 118 0 78 95 0 86 64 339 0 31 19 65 57 382 455 605 0 0 0 0 177 120 0 66 60 
293 123 118 0 77 95 0 87 63 342 0 32 20 62 59 404 429 443 0 0 0 0 197 120 0 66 60 
298 126 120 0 77 91 0 91 64 340 0 37 20 56 58 414 377 595 0 0 0 0 176 120 0 66 60 
298 126 115 0 77 87 0 84 63 341 0 34 19 64 59 383 448 666 0 0 0 0 171 120 0 66 60 
295 128 116 0 77 84 0 86 64 342 0 33 20 65 60 384 400 577 0 0 0 0 212 120 0 66 60 
291 133 121 0 78 76 0 87 65 332 0 32 20 70 60 363 405 585 0 0 0 0 170 120 0 66 60 
293 127 116 0 79 74 0 83 65 327 0 34 19 61 60 357 438 607 0 0 0 0 172 120 0 65 60 
294 124 120 0 80 82 0 87 64 336 0 31 19 59 60 393 469 586 0 0 0 0 199 120 0 65 60 
296 123 116 0 80 86 0 84 63 343 0 31 18 81 59 358 435 549 0 0 0 0 164 120 0 65 60 
296 125 119 0 79 95 0 85 63 339 0 32 19 77 58 402 387 573 0 0 0 0 127 120 0 65 60 
292 136 119 0 78 98 0 84 62 337 0 29 18 73 59 384 353 566 0 0 0 0 146 120 0 66 60 
296 134 117 0 76 101 0 85 63 338 0 31 19 50 59 391 524 514 0 0 0 0 203 120 0 66 60 
293 127 117 0 74 96 0 90 63 341 0 31 18 41 58 406 446 527 0 0 0 0 137 120 0 65 60 
294 123 114 0 72 94 0 83 63 340 0 28 18 50 59 414 372 582 0 0 0 0 169 120 0 65 60 
299 128 114 0 71 86 0 88 63 336 0 29 18 68 59 365 406 635 0 0 0 0 159 120 0 65 60 
291 127 118 0 71 76 0 87 63 333 0 31 17 68 61 395 460 544 0 0 0 0 173 120 0 65 60 
297 122 120 0 71 70 0 87 64 334 0 28 18 62 59 365 457 601 0 0 0 0 154 120 0 65 60 
298 127 118 0 72 71 0 90 63 333 0 29 19 68 60 388 466 568 0 0 0 0 153 120 0 65 60 
300 126 112 0 73 71 0 90 64 340 0 27 18 74 62 355 420 566 0 0 0 0 202 120 0 65 60 
296 134 112 0 73 72 0 86 64 337 0 29 19 63 57 398 410 583 0 0 0 0 141 120 0 65 60 
299 125 120 0 73 70 0 80 63 332 0 27 18 68 60 417 409 567 0 0 0 0 155 120 0 65 60 
297 124 117 0 74 73 0 74 62 333 0 26 18 66 59 389 427 585 0 0 0 0 199 120 0 65 60 
296 118 121 0 73 72 0 86 63 339 0 29 17 69 60 372 416 673 0 0 0 0 178 120 0 65 60 
298 125 119 0 74 77 0 86 63 347 0 26 17 73 59 398 398 637 0 0 0 0 195 120 0 66 60 
300 127 115 0 74 82 0 87 63 344 0 26 17 83 58 372 413 585 0 0 0 0 192 120 0 65 60 
301 126 114 0 74 87 0 91 64 337 0 28 18 71 58 436 429 650 0 0 0 0 187 120 0 65 60 
296 128 117 0 74 89 0 89 63 336 0 26 20 55 59 348 461 598 0 0 0 0 139 120 0 65 60 
298 123 120 0 75 89 0 91 63 341 0 26 19 68 58 350 425 644 0 0 0 0 174 120 0 65 60 
296 127 118 0 76 88 0 85 63 341 0 27 19 96 58 404 464 623 0 0 0 0 204 120 0 64 60 
294 130 117 0 77 88 0 87 63 337 0 28 19 73 59 370 438 701 0 0 0 0 188 120 0 65 60 
296 125 119 0 77 86 0 86 63 341 0 31 19 57 58 371 478 631 0 0 0 0 161 120 0 65 60 
298 126 115 0 76 86 0 85 63 345 0 30 20 54 61 416 441 624 0 0 0 0 202 120 0 65 60 
297 127 118 0 75 81 0 92 64 343 0 29 19 78 62 422 406 644 0 0 0 0 169 120 0 65 60 
295 129 115 0 73 81 0 83 65 343 0 32 20 79 58 400 427 648 0 0 0 0 186 120 0 65 60 
295 127 115 0 72 85 0 85 65 334 0 32 19 83 56 418 383 649 0 0 0 0 171 120 0 65 60 
295 129 118 0 70 88 0 90 65 328 0 31 19 56 58 366 384 614 0 0 0 0 193 120 0 65 60 
293 129 117 0 71 91 0 85 65 328 0 29 19 57 57 394 417 667 0 0 0 0 160 120 0 65 60 
298 129 119 0 71 98 0 88 64 341 0 30 18 70 59 358 419 709 0 0 0 0 155 120 0 65 60 
297 128 114 0 74 108 0 84 63 342 0 30 19 75 59 341 420 666 0 0 0 0 137 120 0 65 60 
299 125 115 0 75 107 0 87 63 337 0 30 18 69 59 392 435 632 0 0 0 0 157 120 0 66 60 
293 125 114 0 75 94 0 87 63 333 0 29 18 67 63 389 467 653 0 0 0 0 184 120 0 65 60 
296 126 113 0 76 79 0 85 63 336 0 29 18 63 59 355 409 701 0 0 0 0 173 120 0 65 60 
296 128 117 0 75 73 0 92 64 341 0 29 18 58 59 398 420 648 0 0 0 0 197 120 0 66 60 
297 128 114 0 74 68 0 87 64 342 0 30 20 65 57 397 399 685 0 0 0 0 128 120 0 65 60 
293 126 117 0 74 64 0 85 63 337 0 26 19 66 60 374 411 568 0 0 0 0 159 120 0 65 60 
297 126 115 0 73 67 0 86 61 334 0 27 18 73 60 439 380 667 0 0 0 0 176 120 0 65 60 
299 128 117 0 72 73 0 91 64 333 0 28 18 60 59 402 407 690 0 0 0 0 198 120 0 65 60 
297 129 115 0 72 76 0 89 62 340 0 27 18 63 61 396 389 675 0 0 0 0 209 120 0 65 60 
297 125 114 0 74 76 0 81 63 343 0 28 19 83 61 375 414 648 0 0 0 0 192 120 0 66 60 
299 123 118 0 75 77 0 84 65 338 0 28 19 80 59 384 434 602 0 0 0 0 145 120 0 65 60 
293 130 113 0 76 73 0 85 63 332 0 27 19 67 60 409 432 628 0 0 0 0 147 120 0 65 60 
297 127 119 0 76 75 0 86 63 340 0 28 18 42 60 383 452 559 0 0 0 0 163 120 0 65 60 
300 132 117 0 76 74 0 85 62 349 0 27 19 41 63 445 467 627 0 0 0 0 211 120 0 66 60 
300 136 116 0 75 77 0 89 62 347 0 27 18 57 61 386 407 630 0 0 0 0 202 120 0 66 60 
295 123 117 0 74 81 0 86 62 339 0 26 18 71 60 409 447 653 0 0 0 0 148 120 0 65 60 
293 120 116 0 73 85 0 86 64 338 0 28 18 67 58 392 439 648 0 0 0 0 132 120 0 65 60 
295 127 117 0 73 81 0 90 64 340 0 28 17 62 57 388 418 629 0 0 0 0 153 120 0 66 60 
296 127 118 0 71 81 0 87 65 341 0 27 18 72 60 370 398 665 0 0 0 0 102 120 0 66 60 
294 132 115 0 71 87 0 84 64 339 0 27 17 73 59 384 451 592 0 0 0 0 181 120 0 65 60 
296 132 114 0 71 87 0 85 63 340 0 27 18 66 62 358 440 584 0 0 0 0 165 120 0 65 60 
299 125 114 0 72 88 0 88 63 341 0 27 18 66 58 381 399 562 0 0 0 0 196 120 0 65 60 
296 123 114 0 72 92 0 84 63 340 0 25 19 71 59 385 434 645 0 0 0 0 154 120 0 65 60 
296 128 113 0 74 99 0 86 64 339 0 26 18 65 58 367 433 543 0 0 0 0 202 120 0 65 60 
298 123 113 0 74 98 0 88 62 338 0 28 18 80 57 396 431 672 0 0 0 0 163 120 0 65 60 
291 123 113 0 74 96 0 86 62 327 0 27 19 84 60 413 435 640 0 0 0 0 208 120 0 66 60 
297 128 118 0 74 94 0 85 63 325 0 28 20 69 59 392 427 621 0 0 0 0 155 120 0 67 60 
292 130 118 0 74 91 0 91 63 336 0 27 19 60 58 377 445 617 0 0 0 0 141 120 0 67 60 
294 126 114 0 73 88 0 86 64 343 0 33 20 82 60 365 449 619 0 0 0 0 146 120 0 67 60 
294 124 116 0 74 83 0 84 63 340 0 34 19 97 59 367 407 619 0 0 0 0 178 120 0 68 60 
294 125 112 0 75 85 0 87 65 336 0 31 18 69 60 395 409 596 0 0 0 0 147 120 0 68 60 
295 122 116 0 76 85 0 86 63 338 0 30 19 49 60 379 429 633 0 0 0 0 183 120 0 69 60 
299 125 118 0 77 77 0 91 64 342 0 33 19 68 59 379 435 619 0 0 0 0 218 120 0 70 60 
293 127 122 0 79 73 0 83 63 341 0 31 19 80 59 393 440 689 0 0 0 0 128 120 0 70 60 
292 121 118 0 79 74 0 86 63 339 0 32 19 80 61 345 421 648 0 0 0 0 161 120 0 71 60 
299 126 116 0 79 76 0 90 62 335 0 28 19 76 60 368 433 632 0 0 0 0 160 120 0 72 60 
293 124 119 0 78 81 0 87 64 333 0 30 19 51 58 374 421 639 0 0 0 0 147 120 0 73 60 
295 125 116 0 77 83 0 92 64 336 0 29 20 63 57 423 400 600 0 0 0 0 204 120 0 73 60 
298 123 118 0 76 88 0 88 66 341 0 33 17 69 59 391 434 672 0 0 0 0 182 120 0 74 60 
296 125 118 0 74 95 0 86 66 336 0 29 18 77 60 384 423 618 0 0 0 0 198 120 0 75 60 
299 135 119 0 74 103 0 84 65 332 0 30 18 67 59 368 391 660 0 0 0 0 163 120 0 76 60 
300 124 119 0 74 106 0 83 66 337 0 31 20 66 60 371 444 688 0 0 0 0 183 120 0 78 60 
300 129 115 0 73 107 0 83 64 346 0 27 20 60 60 369 441 681 0 0 0 0 158 120 0 79 60 
301 121 115 0 74 106 0 86 62 345 0 28 19 60 59 423 440 647 0 0 0 0 180 120 0 80 60 
296 128 115 0 74 88 0 84 63 340 0 28 19 63 59 439 434 615 0 0 0 0 183 120 0 81 60 
299 127 117 0 73 81 0 83 63 333 0 31 17 68 59 401 479 704 0 0 0 0 158 120 0 81 60 
294 131 114 0 73 73 0 87 63 337 0 31 17 74 60 382 416 685 0 0 0 0 167 120 0 81 60 
299 128 115 0 71 73 0 95 64 340 0 31 18 56 59 403 358 674 0 0 0 0 167 120 0 82 60 
298 126 120 0 72 74 0 92 64 340 0 31 19 70 59 384 406 688 0 0 0 0 186 120 0 82 60 
296 126 116 0 72 73 0 89 63 339 0 32 19 81 59 362 435 632 0 0 0 0 188 120 0 82 60 
292 128 119 0 71 76 0 87 63 344 0 35 20 80 59 379 417 687 0 0 0 0 179 120 0 82 60 
297 132 116 0 71 79 0 85 63 343 0 32 20 60 61 421 442 755 0 0 0 0 175 120 0 83 60 
293 130 117 0 72 80 0 87 65 342 0 32 23 40 60 395 411 707 0 0 0 0 161 120 0 84 60 
293 123 120 0 74 76 0 83 64 343 0 33 20 44 60 391 403 597 0 0 0 0 155 120 0 84 60 
297 125 116 0 75 75 0 93 64 335 0 32 18 59 58 387 396 677 0 0 0 0 229 120 0 84 60 
296 132 118 0 76 75 0 87 65 326 0 33 19 70 58 384 390 614 0 0 0 0 149 120 0 85 60 
297 124 117 0 76 74 0 88 64 336 0 31 19 66 60 401 378 617 0 0 0 0 147 120 0 82 60 
293 131 115 0 76 79 0 87 64 341 0 32 19 62 61 384 412 687 0 0 0 0 114 120 0 80 60 
297 124 118 0 75 84 0 88 62 341 0 28 18 77 62 392 450 707 0 0 0 0 159 120 0 79 60 
292 131 118 0 74 82 0 89 63 331 0 31 21 69 61 414 431 621 0 0 0 0 183 120 0 78 60 
299 127 116 0 72 86 0 80 63 333 0 30 18 67 60 379 441 641 0 0 0 0 159 120 0 77 60 
295 127 117 0 72 82 0 85 63 338 0 28 19 63 57 384 418 712 0 0 0 0 200 120 0 76 60 
293 135 116 0 71 89 0 86 63 341 0 29 18 71 58 406 396 580 0 0 0 0 164 120 0 75 60 
301 119 112 0 71 83 0 85 63 339 0 28 19 66 58 401 373 603 0 0 0 0 171 120 0 74 60 
296 127 118 0 73 79 0 89 63 335 0 26 19 83 59 390 403 637 0 0 0 0 192 120 0 73 60 
296 119 120 0 74 81 0 89 63 333 0 28 19 78 60 350 436 610 0 0 0 0 188 120 0 71 60 
301 122 114 0 73 84 0 89 64 334 0 26 19 63 60 391 410 615 0 0 0 0 170 120 0 69 60 
299 134 116 0 75 81 0 85 65 341 0 30 19 63 62 376 464 622 0 0 0 0 147 120 0 68 60 
293 135 116 0 74 81 0 91 65 339 0 30 19 88 59 405 451 611 0 0 0 0 219 120 0 67 60 
295 126 119 0 73 82 0 89 64 333 0 36 17 87 58 393 435 581 0 0 0 0 174 120 0 66 60 
298 129 115 0 72 79 0 85 63 334 0 41 18 65 57 348 411 592 0 0 0 0 201 120 0 64 60 
299 126 116 0 72 77 0 88 63 344 0 40 17 46 57 366 425 618 0 0 0 0 158 120 0 63 60 
301 126 115 0 71 77 0 82 63 344 0 44 17 75 61 367 446 647 0 0 0 0 210 120 0 61 60 
298 126 114 0 71 82 0 82 63 340 0 46 19 82 60 378 438 573 0 0 0 0 166 120 0 60 60 
297 129 116 0 71 82 0 84 64 336 0 42 17 81 61 444 432 617 0 0 0 0 178 120 0 59 60 
300 123 116 0 73 78 0 86 63 333 0 39 18 64 60 398 408 561 0 0 0 0 175 120 0 58 60 
290 128 119 0 75 76 0 88 63 339 0 41 17 52 59 378 399 568 0 0 0 0 159 120 0 56 60 
300 129 117 0 75 80 0 87 63 332 0 41 17 67 62 365 417 616 0 0 0 0 162 120 0 56 60 
296 119 116 0 76 76 0 93 62 340 0 46 18 72 61 377 415 583 0 0 0 0 185 120 0 56 60 
296 124 113 0 76 80 0 93 63 345 0 38 17 76 60 376 465 550 0 0 0 0 160 120 0 56 60 
293 122 115 0 76 83 0 88 62 326 0 34 18 65 60 426 388 548 0 0 0 0 170 120 0 57 60 
292 126 116 0 75 79 0 91 63 339 0 34 18 64 57 359 421 551 0 0 0 0 145 120 0 58 60 
290 126 118 0 74 84 0 87 63 342 0 32 18 59 58 401 418 599 0 0 0 0 171 120 0 59 60 
295 127 119 0 72 75 0 83 64 332 0 35 19 64 58 369 387 578 0 0 0 0 155 120 0 61 60 
295 123 117 0 70 70 0 86 65 327 0 36 17 65 59 336 443 613 0 0 0 0 147 120 0 62 60 
292 120 117 0 69 82 0 86 64 339 0 37 18 70 57 362 427 602 0 0 0 0 156 120 0 64 60 
294 124 119 0 70 84 0 87 64 344 0 36 18 68 59 391 441 561 0 0 0 0 157 120 0 64 60 
294 133 117 0 71 95 0 86 62 343 0 37 18 57 60 405 398 543 0 0 0 0 148 120 0 68 60 
297 131 116 0 72 110 0 86 63 335 0 41 19 79 56 367 431 618 0 0 0 0 174 120 0 69 60 
302 123 114 0 73 121 0 89 63 336 0 43 20 80 60 374 421 572 0 0 0 0 179 120 0 72 60 
290 129 116 0 74 118 0 82 63 340 0 45 20 75 58 402 385 615 0 0 0 0 189 120 0 74 60 
301 128 115 0 74 108 0 82 64 347 0 48 19 49 57 369 438 638 0 0 0 0 154 120 0 76 60 
296 133 117 0 75 98 0 83 64 340 0 47 20 42 59 390 439 593 0 0 0 0 168 120 0 77 60 
301 129 118 0 74 87 0 84 64 339 0 46 20 54 58 372 452 664 0 0 0 0 172 120 0 79 60 
298 128 115 0 75 83 0 87 62 335 0 43 19 67 61 379 377 590 0 0 0 0 174 120 0 79 60 
298 125 115 0 76 87 0 87 63 336 0 41 19 68 58 403 422 607 0 0 0 0 165 120 0 80 60 
298 128 114 0 76 103 0 90 63 342 0 35 18 66 60 354 457 606 0 0 0 0 170 120 0 80 60 
296 129 116 0 78 113 0 83 65 340 0 32 19 66 61 380 410 670 0 0 0 0 118 120 0 80 60 
301 125 116 0 79 99 0 88 64 335 0 32 20 75 58 430 453 660 0 0 0 0 146 120 0 79 60 
298 129 116 0 80 79 0 91 64 335 0 35 18 67 61 414 479 644 0 0 0 0 174 120 0 79 60 
300 132 117 0 79 71 0 84 63 344 0 36 18 69 62 365 446 611 0 0 0 0 260 120 0 78 60 
298 123 116 0 76 63 0 85 63 349 0 39 18 64 60 351 460 655 0 0 0 0 158 120 0 79 60 
297 125 114 0 75 62 0 82 63 343 0 47 19 70 59 388 435 622 0 0 0 0 147 120 0 78 60 
296 133 115 0 74 67 0 89 64 336 0 50 20 73 59 379 389 672 0 0 0 0 130 120 0 78 60 
293 128 112 0 73 77 0 86 64 339 0 56 20 82 60 420 445 689 0 0 0 0 169 120 0 78 60 
297 124 116 0 72 80 0 89 64 340 0 48 18 72 59 378 475 600 0 0 0 0 172 120 0 77 60 
299 131 119 0 71 77 0 87 64 341 0 54 18 59 60 366 458 583 0 0 0 0 155 120 0 77 60 
299 134 115 0 73 88 0 84 63 341 0 57 17 69 58 411 405 606 0 0 0 0 186 120 0 76 60 
292 132 114 0 73 91 0 89 64 343 0 58 18 95 59 371 431 696 0 0 0 0 200 120 0 77 60 
297 127 114 0 73 91 0 89 63 345 0 56 17 76 57 368 435 624 0 0 0 0 145 120 0 76 60 
292 132 112 0 74 85 0 86 65 343 0 58 18 55 59 405 365 623 0 0 0 0 189 120 0 77 60 
296 126 111 0 73 88 0 84 64 343 0 57 19 56 60 368 447 633 0 0 0 0 199 120 0 79 60 
300 127 112 0 74 98 0 86 63 338 0 56 19 80 58 381 384 496 0 0 0 0 163 120 0 80 60 
292 124 114 0 73 101 0 89 63 330 0 54 18 81 59 395 459 602 0 0 0 0 175 120 0 81 60 
296 129 113 0 73 100 0 88 63 330 0 46 18 80 58 367 423 629 0 0 0 0 197 120 0 82 60 
291 133 118 0 73 90 0 83 64 339 0 41 18 55 59 360 423 609 0 0 0 0 182 120 0 83 60 
292 129 114 0 73 87 0 92 63 343 0 34 18 61 59 354 440 590 0 0 0 0 175 120 0 83 60 
297 130 113 0 74 83 0 88 64 338 0 36 20 68 58 380 419 566 0 0 0 0 180 120 0 83 60 
296 122 114 0 76 80 0 86 64 334 0 38 20 77 59 417 438 579 0 0 0 0 171 120 0 83 60 
293 125 114 0 76 79 0 86 64 333 0 40 20 71 59 365 434 491 0 0 0 0 145 120 0 81 60 
297 121 116 0 77 88 0 91 63 340 0 49 21 68 56 418 450 642 0 0 0 0 193 120 0 79 60 
297 124 118 0 76 87 0 91 63 336 0 48 19 60 57 355 433 571 0 0 0 0 137 120 0 78 60 
293 124 120 0 74 80 0 82 63 334 0 45 19 59 60 310 450 580 0 0 0 0 142 120 0 77 60 
298 129 114 0 74 81 0 90 62 330 0 41 19 65 60 341 472 516 0 0 0 0 164 120 0 78 60 
294 132 116 0 73 83 0 86 63 331 0 43 19 64 62 452 379 581 0 0 0 0 132 120 0 78 60 
296 126 117 0 71 78 0 85 63 335 0 41 18 71 61 397 405 522 0 0 0 0 155 120 0 77 60 
296 121 116 0 71 72 0 85 64 341 0 38 19 62 60 365 408 511 0 0 0 0 158 120 0 76 60 
299 124 119 0 71 69 0 88 64 337 0 33 20 66 57 339 433 579 0 0 0 0 211 120 0 76 60 
297 126 116 0 72 72 0 95 65 332 0 33 20 81 58 384 416 571 0 0 0 0 131 120 0 74 60 
295 133 116 0 73 76 0 86 65 337 0 28 18 82 58 417 387 537 0 0 0 0 214 120 0 74 60 
297 125 118 0 75 79 0 92 65 345 0 29 19 67 59 398 425 413 0 0 0 0 184 120 0 74 60 
296 124 118 0 76 84 0 90 64 345 0 29 19 41 59 447 416 590 0 0 0 0 197 120 0 72 60 
295 135 118 0 75 87 0 86 63 338 0 25 20 44 60 380 443 590 0 0 0 0 172 120 0 73 60 
297 132 116 0 75 89 0 89 63 338 0 29 19 60 61 406 447 638 0 0 0 0 194 120 0 72 60 
301 126 118 0 74 87 0 81 64 342 0 27 21 70 59 369 451 556 0 0 0 0 154 120 0 74 60 
301 123 114 0 73 87 0 86 63 348 0 28 20 68 58 388 409 542 0 0 0 0 196 120 0 74 60 
293 126 115 0 72 85 0 82 64 339 0 29 22 65 58 387 434 531 0 0 0 0 163 120 0 74 60 
296 128 119 0 72 84 0 83 63 340 0 31 22 71 59 465 407 536 0 0 0 0 184 120 0 75 60 
295 125 119 0 73 84 0 90 64 341 0 31 21 70 58 412 411 627 0 0 0 0 188 120 0 75 60 
295 129 120 0 73 92 0 87 63 340 0 34 20 68 59 382 438 608 0 0 0 0 156 120 0 74 60 
299 131 119 0 75 95 0 98 64 341 0 36 20 65 59 365 450 675 0 0 0 0 128 120 0 74 60 
297 124 118 0 75 90 0 93 65 342 0 37 20 68 60 384 436 627 0 0 0 0 219 120 0 74 60 
294 124 120 0 75 86 0 83 64 330 0 36 19 67 60 370 386 549 0 0 0 0 168 120 0 74 60 
291 123 120 0 75 87 0 82 65 326 0 38 20 80 59 325 400 510 0 0 0 0 172 120 0 74 60 
295 125 120 0 75 92 0 91 64 340 0 35 18 81 60 379 458 620 0 0 0 0 178 120 0 73 60 
300 124 117 0 74 99 0 84 64 346 0 32 19 70 61 367 465 628 0 0 0 0 133 120 0 73 60 
297 126 117 0 73 100 0 85 63 339 0 34 18 60 59 349 389 606 0 0 0 0 210 120 0 73 60 
291 132 115 0 73 96 0 88 65 334 0 33 19 78 58 357 416 647 0 0 0 0 188 120 0 73 60 
295 128 119 0 72 94 0 87 63 337 0 30 20 96 59 390 452 625 0 0 0 0 172 120 0 72 60 
296 131 116 0 72 85 0 86 63 342 0 29 21 71 57 416 415 592 0 0 0 0 157 120 0 72 60 
298 122 116 0 72 80 0 81 63 340 0 28 19 52 60 392 398 635 0 0 0 0 156 120 0 72 60 
293 125 116 0 72 79 0 89 62 336 0 29 19 64 60 376 431 628 0 0 0 0 160 120 0 72 60 
296 133 112 0 73 71 0 82 63 334 0 26 19 83 58 331 472 653 0 0 0 0 183 120 0 72 60 
295 129 116 0 74 65 0 83 63 331 0 24 18 80 58 415 453 671 0 0 0 0 152 120 0 72 60 
295 130 116 0 74 69 0 84 65 332 0 29 18 76 60 383 406 652 0 0 0 0 138 120 0 71 60 
297 126 118 0 74 75 0 82 64 340 0 27 18 51 59 384 473 590 0 0 0 0 163 120 0 70 60 
299 127 118 0 74 79 0 87 64 339 0 29 18 65 59 401 391 635 0 0 0 0 162 120 0 70 60 
292 130 117 0 73 78 0 84 65 333 0 29 19 70 59 358 375 642 0 0 0 0 195 120 0 70 60 
296 131 119 0 74 79 0 97 63 336 0 31 19 76 58 387 400 659 0 0 0 0 176 120 0 70 60 
296 119 114 0 74 85 0 88 63 345 0 27 17 70 60 406 423 654 0 0 0 0 166 120 0 70 60 
294 125 116 0 74 86 0 86 63 346 0 27 18 69 60 423 382 651 0 0 0 0 166 120 0 70 60 
295 122 120 0 76 84 0 90 63 340 0 28 18 58 60 409 428 629 0 0 0 0 206 120 0 71 60 
295 123 116 0 78 83 0 84 62 335 0 28 20 58 60 391 421 516 0 0 0 0 162 120 0 72 60 
298 131 116 0 79 87 0 88 63 334 0 27 18 65 60 378 397 668 0 0 0 0 158 120 0 71 60 
294 138 118 0 80 90 0 84 63 342 0 27 20 65 60 377 408 639 0 0 0 0 195 120 0 73 60 
296 132 120 0 79 90 0 86 63 343 0 26 20 72 60 355 421 620 0 0 0 0 144 120 0 73 60 
293 122 115 0 79 93 0 86 63 341 0 24 18 58 63 410 428 633 0 0 0 0 204 120 0 74 60 
294 122 116 0 77 94 0 80 64 343 0 26 18 68 59 358 445 615 0 0 0 0 162 120 0 74 60 
295 126 117 0 76 93 0 86 63 343 0 26 18 80 58 433 425 663 0 0 0 0 196 120 0 74 60 
295 129 115 0 75 86 0 86 64 341 0 25 18 81 59 387 415 493 0 0 0 0 149 120 0 72 60 
297 128 118 0 74 81 0 86 63 343 0 26 18 66 59 406 412 590 0 0 0 0 160 120 0 72 60 
295 135 120 0 75 81 0 88 64 334 0 25 18 39 59 386 395 629 0 0 0 0 188 120 0 71 60 
299 127 118 0 75 82 0 91 65 327 0 26 18 43 59 353 411 652 0 0 0 0 175 120 0 71 60 
297 124 119 0 75 84 0 89 64 334 0 26 19 61 59 364 452 585 0 0 0 0 194 120 0 70 60 
300 122 116 0 74 96 0 87 65 345 0 23 18 71 59 379 403 562 0 0 0 0 216 120 0 70 60 
292 118 118 0 74 97 0 88 63 339 0 26 19 67 57 413 380 536 0 0 0 0 149 120 0 70 60 
294 127 118 0 73 93 0 87 63 334 0 26 18 64 59 376 428 580 0 0 0 0 137 120 0 70 60 
297 130 116 0 73 82 0 86 63 332 0 24 18 75 58 343 434 590 0 0 0 0 141 120 0 71 60 
297 128 119 0 72 79 0 83 64 332 0 30 18 70 59 378 442 571 0 0 0 0 166 120 0 70 60 
296 124 113 0 72 72 0 87 62 341 0 28 19 67 58 375 459 665 0 0 0 0 125 120 0 70 60 
297 126 116 0 72 72 0 89 62 337 0 30 18 66 58 417 434 567 0 0 0 0 145 120 0 70 60 
297 129 116 0 72 76 0 86 64 333 0 28 18 66 60 375 421 561 0 0 0 0 162 120 0 70 60 
295 122 119 0 74 85 0 87 63 331 0 31 19 67 60 399 379 635 0 0 0 0 200 120 0 70 60 
297 126 118 0 75 89 0 87 64 331 0 25 16 81 61 372 408 588 0 0 0 0 158 120 0 71 60 
298 125 114 0 75 88 0 81 64 335 0 27 17 80 61 378 396 544 0 0 0 0 189 120 0 71 60 
297 129 115 0 76 88 0 78 64 335 0 27 17 70 62 373 418 616 0 0 0 0 187 120 0 70 60 
298 126 117 0 76 84 0 86 64 331 0 28 18 63 58 414 406 578 0 0 0 0 191 120 0 69 60 
296 126 120 0 74 81 0 88 63 331 0 25 18 82 58 363 345 529 0 0 0 0 150 120 0 68 60 
295 138 116 0 74 77 0 91 64 341 0 29 17 94 60 379 421 646 0 0 0 0 158 120 0 67 60 
292 127 113 0 73 79 0 87 63 346 0 27 16 68 60 396 444 587 0 0 0 0 187 120 0 67 60 
295 126 116 0 72 86 0 87 64 341 0 27 17 50 61 368 422 602 0 0 0 0 194 120 0 67 60 
301 126 114 0 72 89 0 87 63 336 0 27 17 66 61 390 398 669 0 0 0 0 143 120 0 67 60 
295 123 117 0 72 85 0 84 64 336 0 27 18 80 57 378 426 623 0 0 0 0 190 120 0 67 60 
294 129 118 0 72 81 0 86 63 342 0 28 17 81 59 409 426 541 0 0 0 0 192 120 0 68 60 
297 127 119 0 74 75 0 81 63 341 0 26 18 74 57 425 453 552 0 0 0 0 152 120 0 70 60 
297 127 117 0 75 73 0 86 64 338 0 27 18 51 57 380 439 674 0 0 0 0 176 120 0 70 60 
295 128 113 0 75 70 0 88 63 343 0 27 19 65 59 364 441 624 0 0 0 0 198 120 0 71 60 
297 125 114 0 75 74 0 89 64 344 0 27 19 69 60 382 404 672 0 0 0 0 216 120 0 72 60 
295 127 114 0 74 89 0 89 63 346 0 27 18 75 63 393 409 678 0 0 0 0 138 120 0 72 60 
298 132 114 0 73 98 0 89 65 343 0 27 18 65 61 423 430 650 0 0 0 0 183 120 0 72 60 
297 129 114 0 71 96 0 88 64 338 0 26 18 69 60 415 475 625 0 0 0 0 189 120 0 72 60 
295 128 116 0 71 96 0 84 63 330 0 27 19 57 56 384 394 587 0 0 0 0 182 120 0 71 60 
299 126 114 0 72 89 0 88 63 333 0 26 18 59 57 372 425 627 0 0 0 0 183 120 0 72 60 
297 129 115 0 71 79 0 90 62 344 0 26 18 67 59 375 443 625 0 0 0 0 154 120 0 71 60 
297 132 111 0 73 76 0 83 65 342 0 28 17 67 60 435 389 722 0 0 0 0 181 120 0 70 60 
297 129 115 0 73 79 0 85 63 337 0 25 17 70 58 360 452 653 0 0 0 0 173 120 0 71 60 
298 132 116 0 74 94 0 90 64 337 0 27 17 56 59 376 432 673 0 0 0 0 144 120 0 70 60 
298 123 113 0 75 97 0 89 64 339 0 25 16 70 59 378 456 628 0 0 0 0 185 120 0 69 60 
299 125 118 0 75 111 0 82 65 344 0 26 16 80 60 389 385 636 0 0 0 0 137 120 0 70 60 
294 127 114 0 76 103 0 86 63 341 0 26 18 79 60 377 415 672 0 0 0 0 194 120 0 70 60 
293 127 116 0 75 87 0 91 63 335 0 24 17 64 61 401 375 650 0 0 0 0 171 120 0 71 60 
296 131 114 0 74 73 0 86 64 335 0 28 17 40 60 414 447 705 0 0 0 0 165 120 0 72 60 
295 135 117 0 73 67 0 85 61 334 0 26 16 43 59 381 449 653 0 0 0 0 196 120 0 72 60 
301 127 117 0 72 70 0 89 63 343 0 21 17 63 58 377 449 622 0 0 0 0 170 120 0 73 60 
299 125 116 0 69 77 0 87 62 341 0 26 17 70 57 350 377 721 0 0 0 0 180 120 0 72 60 
296 123 119 0 70 78 0 86 64 336 0 27 17 66 59 386 411 690 0 0 0 0 129 120 0 72 60 
296 132 115 0 70 78 0 86 63 336 0 26 18 63 60 391 414 649 0 0 0 0 170 120 0 72 60 
297 129 121 0 71 84 0 92 65 344 0 26 18 75 60 367 390 672 0 0 0 0 145 120 0 72 60 
296 126 118 0 72 86 0 80 65 347 0 28 19 68 59 409 375 672 0 0 0 0 116 120 0 73 60 
299 128 118 0 72 81 0 85 64 344 0 28 16 68 59 398 393 491 0 0 0 0 224 120 0 72 60 
296 128 118 0 74 76 0 95 64 337 0 25 17 65 60 399 445 608 0 0 0 0 167 120 0 73 60 
297 119 117 0 73 77 0 90 63 337 0 27 18 68 59 384 441 647 0 0 0 0 144 120 0 73 60 
293 121 117 0 74 77 0 89 62 339 0 27 16 65 60 426 398 647 0 0 0 0 157 120 0 73 60 
293 126 115 0 75 80 0 89 63 342 0 28 17 85 59 353 418 614 0 0 0 0 219 120 0 73 60 
297 130 114 0 75 86 0 84 63 338 0 28 16 79 59 376 398 625 0 0 0 0 161 120 0 72 60 
298 128 114 0 76 89 0 84 64 341 0 28 15 67 59 375 391 656 0 0 0 0 149 120 0 72 60 
299 126 118 0 78 91 0 81 62 339 0 27 17 64 59 394 384 523 0 0 0 0 206 120 0 71 60 
296 127 118 0 79 82 0 86 64 341 0 28 17 83 59 386 415 582 0 0 0 0 182 120 0 70 60 
293 124 119 0 79 80 0 86 63 341 0 28 17 90 59 397 469 552 0 0 0 0 169 120 0 69 60 
294 121 115 0 80 81 0 86 64 333 0 28 15 66 59 399 410 684 0 0 0 0 150 120 0 69 60 
299 122 119 0 78 83 0 82 64 329 0 28 17 47 60 375 425 588 0 0 0 0 169 120 0 69 60 
296 126 116 0 77 87 0 89 64 332 0 29 18 68 62 374 425 558 0 0 0 0 177 120 0 69 60 
296 124 119 0 75 91 0 90 63 346 0 27 18 79 60 376 414 591 0 0 0 0 172 120 0 69 60 
299 122 119 0 73 88 0 91 63 344 0 30 18 81 60 425 419 608 0 0 0 0 190 120 0 69 60 
295 126 116 0 73 77 0 86 65 335 0 28 17 71 57 386 450 597 0 0 0 0 176 120 0 69 60 
299 132 112 0 71 74 0 82 64 335 0 27 17 50 58 401 414 584 0 0 0 0 173 120 0 69 60 
296 130 116 0 72 78 0 85 64 340 0 27 16 67 60 392 433 593 0 0 0 0 164 120 0 69 60 
300 127 119 0 72 79 0 86 63 344 0 28 17 70 60 362 426 556 0 0 0 0 178 120 0 68 60 
297 126 116 0 73 78 0 85 63 341 0 26 17 75 59 371 458 564 0 0 0 0 149 120 0 68 60 
297 122 119 0 74 79 0 87 63 334 0 28 17 66 57 410 410 612 0 0 0 0 152 120 0 69 60 
299 128 110 0 73 88 0 87 63 334 0 31 17 68 59 370 437 557 0 0 0 0 169 120 0 69 60 
300 125 107 0 74 91 0 87 63 332 0 27 18 58 60 367 422 632 0 0 0 0 193 120 0 69 60 
297 128 119 0 73 83 0 87 63 339 0 25 19 61 59 403 440 568 0 0 0 0 202 120 0 69 60 
296 132 116 0 73 78 0 86 63 342 0 29 19 67 58 384 474 556 0 0 0 0 220 120 0 69 60 
291 125 117 0 73 83 0 88 63 336 0 28 16 69 57 394 387 547 0 0 0 0 170 120 0 69 60 
293 130 112 0 75 91 0 86 63 333 0 25 16 68 60 373 399 641 0 0 0 0 199 120 0 70 60 
294 126 114 0 75 94 0 82 64 340 0 27 17 58 58 339 445 578 0 0 0 0 166 120 0 69 60 
295 125 113 0 77 95 0 92 64 345 0 27 16 75 59 382 413 582 0 0 0 0 122 120 0 69 60 
299 132 116 0 77 90 0 86 63 341 0 26 17 76 58 425 427 654 0 0 0 0 156 120 0 68 60 
295 124 119 0 77 87 0 84 63 336 0 27 20 79 59 378 397 623 0 0 0 0 174 120 0 67 60 
294 138 115 0 78 75 0 89 62 338 0 25 17 56 60 378 422 589 0 0 0 0 162 120 0 68 60 
295 133 114 0 76 73 0 94 62 339 0 27 16 41 58 401 455 542 0 0 0 0 128 120 0 69 60 
295 129 115 0 76 79 0 87 64 340 0 26 16 45 58 375 420 640 0 0 0 0 204 120 0 69 60 
299 128 117 0 74 81 0 83 64 338 0 26 16 65 59 381 444 630 0 0 0 0 199 120 0 69 60 
298 123 116 0 73 83 0 93 63 343 0 27 17 69 58 397 420 643 0 0 0 0 151 120 0 69 60 
293 123 114 0 72 88 0 87 63 341 0 26 17 64 60 404 403 578 0 0 0 0 149 120 0 69 60 
295 121 116 0 71 95 0 86 64 340 0 25 17 65 60 382 408 666 0 0 0 0 185 120 0 69 60 
294 126 116 0 71 94 0 88 62 342 0 29 17 76 62 396 441 631 0 0 0 0 157 120 0 69 60 
297 130 118 0 73 88 0 84 64 337 0 27 17 64 60 408 431 557 0 0 0 0 164 120 0 69 60 
299 131 118 0 74 88 0 86 63 332 0 28 16 68 58 369 476 696 0 0 0 0 179 120 0 69 60 
293 130 116 0 75 94 0 86 63 331 0 25 17 63 58 387 429 646 0 0 0 0 167 120 0 68 60 
295 125 117 0 75 94 0 90 64 343 0 28 17 67 57 404 432 630 0 0 0 0 156 120 0 68 60 
296 125 116 0 75 86 0 89 64 345 0 25 17 68 60 428 442 555 0 0 0 0 177 120 0 68 60 
298 123 117 0 75 78 0 88 66 337 0 28 16 83 60 366 418 640 0 0 0 0 131 120 0 68 60 
298 128 119 0 73 79 0 90 63 334 0 28 17 73 63 380 425 657 0 0 0 0 226 120 0 68 60 
297 126 117 0 72 74 0 84 64 337 0 27 17 59 61 369 399 624 0 0 0 0 179 120 0 67 60 
298 126 116 0 72 73 0 88 63 338 0 27 16 69 59 402 421 637 0 0 0 0 195 120 0 68 60 
294 130 118 0 73 68 0 85 63 339 0 28 17 93 58 350 417 602 0 0 0 0 161 120 0 67 60 
301 129 118 0 74 77 0 86 63 334 0 26 16 76 57 375 412 636 0 0 0 0 119 120 0 68 60 
297 132 117 0 75 84 0 87 62 332 0 27 17 62 60 393 464 523 0 0 0 0 196 120 0 68 60 
297 119 116 0 75 95 0 82 64 332 0 28 18 54 60 409 448 547 0 0 0 0 208 120 0 68 60 
299 127 118 0 76 101 0 87 64 339 0 28 17 78 59 370 430 643 0 0 0 0 142 120 0 69 60 
295 131 113 0 76 97 0 91 65 343 0 27 18 79 59 340 437 588 0 0 0 0 143 120 0 70 60 
297 126 117 0 76 92 0 86 63 340 0 29 17 76 57 368 432 595 0 0 0 0 139 120 0 70 60 
298 122 120 0 74 87 0 85 65 333 0 29 17 56 59 397 438 597 0 0 0 0 120 120 0 70 60 
290 129 117 0 74 89 0 84 64 339 0 28 17 56 58 347 413 612 0 0 0 0 162 120 0 70 60 
294 122 116 0 72 92 0 81 63 346 0 31 18 70 58 388 407 533 0 0 0 0 172 120 0 70 60 
296 129 115 0 71 95 0 83 64 346 0 28 17 76 59 382 374 535 0 0 0 0 159 120 0 71 60 
293 128 115 0 71 93 0 83 63 339 0 31 16 68 59 343 407 564 0 0 0 0 179 120 0 70 60 
293 129 115 0 72 96 0 89 63 340 0 29 18 69 59 388 412 629 0 0 0 0 170 120 0 69 60 
294 127 118 0 72 88 0 86 62 339 0 30 16 62 60 421 427 588 0 0 0 0 156 120 0 68 60 
296 122 119 0 73 80 0 87 63 341 0 29 15 58 59 375 425 502 0 0 0 0 143 120 0 68 60 
296 132 115 0 73 74 0 89 63 339 0 27 16 66 60 420 445 565 0 0 0 0 246 120 0 67 60 
295 132 120 0 74 75 0 86 63 339 0 28 17 67 58 355 424 600 0 0 0 0 191 120 0 68 60 
294 128 113 0 73 73 0 87 63 342 0 29 17 73 58 389 449 618 0 0 0 0 182 120 0 68 60 
294 125 111 0 73 70 0 85 64 340 0 29 17 58 59 380 454 562 0 0 0 0 191 120 0 68 60 
296 127 111 0 73 74 0 85 65 342 0 27 17 69 58 400 411 559 0 0 0 0 183 120 0 68 60 
300 127 117 0 73 84 0 82 64 337 0 28 17 82 59 415 461 513 0 0 0 0 167 120 0 69 60 
292 130 116 0 73 83 0 88 64 334 0 29 17 79 56 400 396 578 0 0 0 0 187 120 0 69 60 
293 125 117 0 75 81 0 92 62 327 0 25 15 66 59 348 355 624 0 0 0 0 180 120 0 69 60 
296 134 112 0 76 81 0 84 64 336 0 27 16 42 60 406 449 574 0 0 0 0 122 120 0 68 60 
297 132 114 0 77 85 0 88 63 343 0 26 15 41 59 416 415 611 0 0 0 0 172 120 0 68 60 
295 129 114 0 78 87 0 86 63 340 0 26 16 61 60 390 446 574 0 0 0 0 204 120 0 69 60 
299 126 115 0 79 89 0 88 63 335 0 27 15 72 60 400 416 560 0 0 0 0 154 120 0 70 60 
297 130 117 0 80 95 0 89 63 335 0 27 18 67 58 399 458 540 0 0 0 0 155 120 0 71 60 
293 127 115 0 79 99 0 89 63 340 0 26 15 63 59 404 433 650 0 0 0 0 156 120 0 72 60 
297 128 118 0 78 102 0 84 63 344 0 27 17 78 60 372 413 606 0 0 0 0 197 120 0 72 60 
298 124 113 0 78 104 0 84 64 339 0 24 17 68 60 387 355 639 0 0 0 0 209 120 0 72 60 
302 125 115 0 76 100 0 90 64 338 0 26 17 65 60 368 421 610 0 0 0 0 179 120 0 73 60 
300 125 117 0 76 92 0 87 63 335 0 26 17 66 59 350 447 626 0 0 0 0 157 120 0 72 60 
294 126 118 0 75 80 0 85 64 335 0 26 17 71 58 379 405 664 0 0 0 0 172 120 0 72 60 
298 137 120 0 76 78 0 85 63 343 0 24 17 66 60 397 455 548 0 0 0 0 156 120 0 72 60 
298 120 117 0 75 73 0 88 62 341 0 26 17 84 60 368 424 618 0 0 0 0 220 120 0 72 60 
291 126 116 0 75 74 0 89 63 331 0 27 16 77 59 375 414 661 0 0 0 0 155 120 0 73 60 
299 132 119 0 75 72 0 87 64 336 0 28 15 63 59 386 426 689 0 0 0 0 135 120 0 71 60 
292 122 118 0 74 74 0 86 63 344 0 25 16 62 59 401 389 604 0 0 0 0 201 120 0 70 60 
293 132 117 0 73 82 0 86 64 349 0 27 16 89 57 397 415 684 0 0 0 0 176 120 0 70 60 
293 130 120 0 71 86 0 86 65 342 0 26 16 88 60 394 459 650 0 0 0 0 169 120 0 70 60 
294 132 120 0 71 85 0 91 65 336 0 25 17 65 59 391 399 622 0 0 0 0 217 120 0 69 60 
296 123 119 0 71 86 0 90 64 336 0 27 17 48 59 368 464 662 0 0 0 0 140 120 0 69 60 
300 124 118 0 72 92 0 83 63 341 0 26 15 74 60 355 453 576 0 0 0 0 141 120 0 69 60 
297 127 123 0 72 92 0 94 63 339 0 26 15 79 60 411 412 718 0 0 0 0 197 120 0 70 60 
293 128 114 0 74 91 0 94 62 337 0 27 16 83 60 373 371 621 0 0 0 0 172 120 0 70 60 
294 127 114 0 74 93 0 92 63 342 0 29 17 66 58 354 450 649 0 0 0 0 156 120 0 70 60 
297 128 120 0 75 97 0 87 63 339 0 28 17 51 59 374 429 705 0 0 0 0 165 120 0 70 60 
299 128 117 0 75 94 0 83 63 341 0 27 18 67 57 387 414 676 0 0 0 0 176 120 0 70 60 
301 125 123 0 75 88 0 90 63 342 0 27 16 72 58 389 439 672 0 0 0 0 155 120 0 70 60 
293 120 119 0 74 83 0 82 63 336 0 31 17 75 59 424 407 621 0 0 0 0 192 120 0 70 60 
294 119 121 0 73 86 0 84 63 327 0 25 17 64 57 405 410 682 0 0 0 0 131 120 0 69 60 
299 125 120 0 73 85 0 82 64 332 0 28 17 67 62 384 387 622 0 0 0 0 175 120 0 69 60 
297 125 118 0 72 87 0 86 64 342 0 26 16 59 60 389 411 589 0 0 0 0 135 120 0 69 60 
293 126 116 0 71 91 0 84 64 341 0 28 16 62 61 399 428 689 0 0 0 0 177 120 0 70 60 
296 129 118 0 72 94 0 79 64 335 0 30 16 65 62 452 423 647 0 0 0 0 198 120 0 70 60 
289 126 118 0 73 91 0 91 64 336 0 29 15 70 60 396 445 681 0 0 0 0 139 120 0 71 60 
292 126 119 0 74 87 0 88 65 338 0 32 15 66 58 379 428 583 0 0 0 0 192 120 0 71 60 
296 126 120 0 74 79 0 90 63 343 0 33 15 59 56 370 438 674 0 0 0 0 201 120 0 71 60 
298 125 119 0 75 85 0 88 63 338 0 31 16 81 58 339 455 515 0 0 0 0 189 120 0 71 60 
296 131 120 0 75 90 0 86 64 338 0 32 16 80 58 400 442 651 0 0 0 0 210 120 0 69 60 
297 127 112 0 74 81 0 85 63 334 0 28 19 72 60 402 432 600 0 0 0 0 185 120 0 69 60 
297 124 111 0 73 74 0 83 63 337 0 28 17 50 63 378 370 606 0 0 0 0 173 120 0 67 60 
294 123 117 0 71 75 0 87 63 341 0 31 17 42 62 408 396 639 0 0 0 0 162 120 0 67 60 
294 127 117 0 71 78 0 87 64 342 0 29 16 51 60 346 440 633 0 0 0 0 146 120 0 67 60 
297 130 121 0 71 80 0 85 63 334 0 28 16 69 58 394 418 624 0 0 0 0 170 120 0 67 60 
297 124 113 0 73 79 0 89 63 336 0 28 16 67 58 371 377 557 0 0 0 0 206 120 0 67 60 
295 127 113 0 74 75 0 88 64 342 0 31 15 61 61 377 463 595 0 0 0 0 108 120 0 67 60 
292 125 116 0 75 77 0 86 65 348 0 29 16 66 61 362 391 636 0 0 0 0 183 120 0 67 60 
291 126 116 0 76 83 0 90 65 345 0 29 17 74 60 365 396 608 0 0 0 0 160 120 0 67 60 
295 127 118 0 76 91 0 86 63 340 0 29 17 65 59 436 457 595 0 0 0 0 172 120 0 67 60 
295 132 119 0 76 85 0 83 64 336 0 33 16 65 60 401 449 599 0 0 0 0 157 120 0 67 60 
296 127 118 0 75 81 0 84 63 338 0 32 16 65 60 375 427 603 0 0 0 0 132 120 0 68 60 
294 133 112 0 75 80 0 86 63 340 0 34 16 64 61 421 412 629 0 0 0 0 132 120 0 69 60 
294 125 115 0 75 82 0 88 63 337 0 36 16 74 59 366 426 630 0 0 0 0 180 120 0 70 60 
298 124 118 0 74 77 0 86 63 343 0 39 16 84 57 386 492 629 0 0 0 0 141 120 0 70 60 
297 132 116 0 73 76 0 94 64 341 0 45 18 69 59 388 420 582 0 0 0 0 179 120 0 70 60 
301 126 117 0 72 75 0 89 63 342 0 46 16 58 62 372 424 541 0 0 0 0 153 120 0 70 60 
294 125 118 0 71 81 0 89 64 341 0 49 15 79 59 336 417 575 0 0 0 0 139 120 0 70 60 
292 123 115 0 71 82 0 88 63 337 0 46 14 96 59 395 378 626 0 0 0 0 177 120 0 70 60 
301 129 121 0 71 82 0 87 63 327 0 48 15 69 60 423 457 646 0 0 0 0 211 120 0 69 60 
297 128 115 0 72 85 0 90 63 324 0 51 16 50 58 377 405 663 0 0 0 0 172 120 0 69 60 
296 129 118 0 72 89 0 82 64 334 0 48 16 67 60 377 460 604 0 0 0 0 166 120 0 68 60 
301 127 117 0 72 89 0 85 64 343 0 45 16 81 59 393 440 621 0 0 0 0 199 120 0 67 60 
295 125 116 0 73 84 0 84 64 335 0 40 16 78 59 380 414 584 0 0 0 0 195 120 0 67 60 
293 125 118 0 73 85 0 84 65 334 0 34 17 74 59 348 394 661 0 0 0 0 167 120 0 66 60 
295 125 115 0 74 88 0 90 65 338 0 35 16 50 56 379 395 683 0 0 0 0 195 120 0 66 60 
299 130 117 0 75 97 0 83 64 341 0 34 18 65 60 367 435 685 0 0 0 0 163 120 0 65 60 
295 130 115 0 76 97 0 89 63 339 0 33 17 68 59 432 375 643 0 0 0 0 163 120 0 66 60 
295 132 115 0 77 100 0 88 63 335 0 28 15 77 59 372 411 647 0 0 0 0 140 120 0 66 60 
297 128 118 0 80 94 0 88 63 332 0 28 16 65 59 394 447 603 0 0 0 0 162 120 0 67 60 
294 131 114 0 79 82 0 90 63 334 0 25 17 67 59 404 395 504 0 0 0 0 160 120 0 67 60 
293 124 116 0 79 75 0 85 64 336 0 26 16 59 59 372 393 697 0 0 0 0 153 120 0 68 60 
294 131 114 0 79 78 0 90 63 343 0 28 16 63 60 396 502 653 0 0 0 0 192 120 0 69 60 
300 122 116 0 77 86 0 88 64 338 0 26 16 63 60 438 393 668 0 0 0 0 180 120 0 70 60 
301 134 115 0 76 94 0 83 63 333 0 25 16 71 59 348 417 602 0 0 0 0 166 120 0 70 60 
294 127 118 0 74 102 0 85 63 338 0 24 16 68 60 397 420 665 0 0 0 0 164 120 0 69 60 
297 119 117 0 73 105 0 87 63 346 0 27 17 57 59 384 421 649 0 0 0 0 185 120 0 69 60 
292 119 109 0 73 99 0 87 64 344 0 26 18 81 59 342 395 664 0 0 0 0 200 120 0 68 60 
295 118 115 0 72 81 0 84 64 338 0 27 16 80 58 375 430 683 0 0 0 0 185 120 0 67 60 
294 131 114 0 73 70 0 90 64 338 0 27 16 72 62 402 435 588 0 0 0 0 188 120 0 67 60 
297 127 116 0 73 66 0 86 63 336 0 27 16 50 61 414 464 651 0 0 0 0 166 120 0 68 60 
294 127 119 0 73 70 0 80 62 340 0 27 16 42 60 361 413 631 0 0 0 0 159 120 0 67 60 
292 122 115 0 73 71 0 82 63 340 0 27 16 54 59 397 414 612 0 0 0 0 177 120 0 67 60 
293 124 116 0 73 76 0 87 63 339 0 26 17 69 58 379 434 632 0 0 0 0 187 120 0 67 60 
296 122 113 0 73 81 0 87 63 344 0 27 17 71 62 418 450 655 0 0 0 0 156 120 0 67 60 
297 125 112 0 73 85 0 87 64 340 0 24 18 65 57 396 418 646 0 0 0 0 145 120 0 68 60 
295 126 112 0 73 85 0 86 64 341 0 24 18 69 59 361 428 640 0 0 0 0 195 120 0 67 60 
296 128 114 0 74 82 0 97 65 340 0 26 17 75 58 388 451 563 0 0 0 0 150 120 0 68 60 
299 129 114 0 75 84 0 90 64 330 0 26 17 67 58 391 410 524 0 0 0 0 150 120 0 69 60 
295 130 114 0 76 86 0 81 63 330 0 27 16 68 59 361 383 527 0 0 0 0 187 120 0 70 60 
297 133 113 0 77 89 0 86 65 339 0 28 17 67 59 417 417 635 0 0 0 0 142 120 0 70 60 
297 124 111 0 78 90 0 81 65 344 0 27 18 67 59 399 430 629 0 0 0 0 161 120 0 71 60 
293 130 115 0 77 99 0 84 64 338 0 28 18 76 58 409 416 628 0 0 0 0 214 120 0 70 60 
295 124 112 0 76 93 0 87 63 335 0 27 17 83 57 386 427 620 0 0 0 0 189 120 0 69 60 
296 124 115 0 76 87 0 91 63 335 0 27 16 73 60 392 464 544 0 0 0 0 146 120 0 69 60 
295 124 115 0 74 81 0 91 64 341 0 28 17 60 57 421 429 537 0 0 0 0 161 120 0 68 60 
301 131 115 0 73 82 0 87 63 341 0 26 16 77 60 399 421 524 0 0 0 0 149 120 0 67 60 
295 127 116 0 71 81 0 90 64 339 0 27 17 97 60 380 419 625 0 0 0 0 144 120 0 67 60 
296 132 114 0 71 81 0 89 64 335 0 27 18 69 59 428 370 643 0 0 0 0 157 120 0 66 60 
295 136 117 0 72 85 0 83 64 335 0 25 18 50 63 381 418 496 0 0 0 0 149 120 0 66 60 
293 123 117 0 73 88 0 85 64 338 0 27 18 65 61 399 435 589 0 0 0 0 211 120 0 66 60 
294 128 118 0 74 82 0 87 63 340 0 26 18 83 57 345 426 513 0 0 0 0 144 120 0 66 60 
296 125 114 0 75 75 0 91 63 337 0 25 18 80 58 418 423 553 0 0 0 0 150 120 0 66 60 
297 135 117 0 76 73 0 83 63 334 0 27 17 74 57 363 456 571 0 0 0 0 185 120 0 66 60 
295 125 119 0 74 70 0 88 63 337 0 27 18 52 59 384 419 615 0 0 0 0 203 120 0 66 60 
296 129 116 0 74 69 0 86 63 346 0 28 19 67 60 398 367 515 0 0 0 0 166 120 0 67 60 
292 125 119 0 74 75 0 85 64 344 0 28 17 69 61 399 451 494 0 0 0 0 201 120 0 67 60 
293 131 119 0 72 85 0 88 64 336 0 27 19 78 61 372 444 576 0 0 0 0 149 120 0 67 60 
298 127 113 0 72 88 0 85 64 337 0 26 17 68 59 369 423 606 0 0 0 0 213 120 0 68 60 
293 127 118 0 72 88 0 87 65 338 0 26 18 68 59 365 443 572 0 0 0 0 167 120 0 68 60 
299 118 119 0 73 85 0 86 65 341 0 28 17 61 57 377 407 602 0 0 0 0 188 120 0 68 60 
295 124 121 0 73 90 0 88 63 340 0 28 17 60 59 387 384 631 0 0 0 0 166 120 0 68 60 
299 132 115 0 76 92 0 87 63 341 0 27 17 66 59 355 446 589 0 0 0 0 210 120 0 68 60 
300 127 108 0 75 92 0 84 62 347 0 29 19 69 59 406 449 503 0 0 0 0 129 120 0 68 60 
292 135 117 0 75 94 0 86 63 343 0 29 19 72 59 384 430 650 0 0 0 0 147 120 0 68 60 
295 132 120 0 74 87 0 85 63 344 0 27 18 58 59 365 433 605 0 0 0 0 187 120 0 68 60 
299 127 120 0 74 88 0 87 64 342 0 26 18 72 59 418 452 670 0 0 0 0 226 120 0 67 60 
298 127 121 0 73 90 0 92 63 333 0 26 17 80 60 386 416 632 0 0 0 0 147 120 0 67 60 
297 123 120 0 72 89 0 93 63 329 0 29 18 78 58 359 398 628 0 0 0 0 141 120 0 65 60 
299 122 120 0 73 91 0 91 64 337 0 29 17 58 60 370 456 545 0 0 0 0 200 120 0 65 60 
299 122 112 0 72 88 0 89 63 343 0 31 17 41 59 398 425 597 0 0 0 0 144 120 0 65 60 
299 126 120 0 73 78 0 86 64 336 0 31 19 45 60 376 405 670 0 0 0 0 175 120 0 66 60 
295 127 117 0 73 73 0 87 64 334 0 27 19 62 60 414 407 635 0 0 0 0 131 120 0 65 60 
301 129 118 0 73 73 0 80 65 335 0 29 18 69 59 398 443 670 0 0 0 0 171 120 0 65 60 
297 128 114 0 73 80 0 83 64 339 0 28 18 68 59 413 447 619 0 0 0 0 152 120 0 65 60 
298 121 125 0 73 83 0 86 64 341 0 29 18 64 60 387 410 664 0 0 0 0 114 120 0 66 60 
296 124 116 0 73 84 0 79 64 338 0 29 18 76 60 401 416 628 0 0 0 0 173 120 0 66 60 
294 128 115 0 73 85 0 88 64 333 0 30 19 69 59 397 437 605 0 0 0 0 140 120 0 66 60 
293 129 112 0 73 89 0 93 63 334 0 27 17 68 60 353 418 670 0 0 0 0 143 120 0 65 60 
294 125 113 0 73 84 0 86 63 336 0 28 20 63 59 437 415 658 0 0 0 10 210 120 0 65 60 
295 123 113 0 73 83 0 85 64 343 0 30 17 72 58 418 391 619 0 0 0 10 161 120 0 66 60 
298 127 119 0 74 86 0 84 62 341 0 27 17 67 60 380 428 629 0 0 0 0 154 120 0 66 60 
294 130 120 0 76 90 0 86 62 335 0 27 17 84 59 368 380 596 0 0 0 0 147 120 0 65 60 
295 128 113 0 76 105 0 82 62 337 0 25 17 74 60 380 438 665 0 0 0 0 178 120 0 65 60 
294 121 116 0 77 118 0 88 62 347 0 27 17 64 59 415 428 706 0 0 0 0 172 120 0 65 60 
297 133 114 0 78 126 0 88 64 346 0 24 17 65 59 374 436 678 0 0 0 0 193 120 0 66 60 
297 124 115 0 78 110 0 88 65 339 0 27 18 90 60 400 421 628 0 0 0 0 175 120 0 67 60 
296 130 116 0 78 89 0 85 64 333 0 27 20 85 60 381 421 702 0 0 0 0 196 120 0 67 60 
299 134 118 0 78 76 0 87 64 339 0 26 18 63 59 385 424 511 0 0 0 0 185 120 0 68 60 
299 127 115 0 77 68 0 89 62 338 0 28 18 47 60 349 448 572 0 0 0 0 173 120 0 68 60 
294 122 116 0 76 65 0 84 63 340 0 27 19 78 61 348 397 665 0 0 0 0 193 120 0 68 60 
298 123 119 0 76 69 0 88 62 335 0 29 17 82 59 377 335 613 0 0 0 0 174 120 0 68 60 
295 128 114 0 76 73 0 89 64 339 0 31 17 83 59 403 428 597 0 0 0 0 150 120 0 68 60 
293 129 117 0 76 73 0 84 63 338 0 32 18 63 59 427 424 657 0 0 0 0 182 120 0 68 60 
298 124 116 0 76 72 0 86 64 338 0 32 19 54 58 412 393 632 0 0 0 0 220 120 0 67 60 
302 127 116 0 76 73 0 89 63 340 0 31 18 69 58 417 387 479 0 0 0 0 183 120 0 67 60 
297 126 119 0 74 76 0 86 63 331 0 33 19 70 58 379 425 553 0 0 0 0 166 120 0 66 60 
295 131 116 0 74 79 0 89 63 328 0 36 17 76 59 342 430 668 0 0 0 0 184 120 0 66 60 
298 127 119 0 73 78 0 91 63 339 0 35 18 66 58 374 443 626 0 0 0 0 155 120 0 65 60 
299 122 117 0 71 77 0 88 63 344 0 35 17 62 60 395 410 555 0 0 0 0 167 120 0 65 60 
293 127 116 0 71 87 0 88 64 343 0 38 18 59 59 431 452 597 0 0 0 0 161 120 0 66 60 
296 131 118 0 71 92 0 87 64 339 0 37 19 65 60 379 414 566 0 0 0 0 195 120 0 66 60 
293 126 118 0 71 96 0 90 64 338 0 37 19 67 59 396 370 610 0 0 0 0 152 120 0 66 60 
295 124 118 0 73 96 0 84 65 343 0 33 18 71 60 389 441 612 0 0 0 0 143 120 0 67 60 
293 130 117 0 74 101 0 85 64 344 0 31 17 67 60 413 385 561 0 0 0 0 184 120 0 67 60 
297 132 118 0 74 101 0 83 64 343 0 33 18 61 59 383 383 600 0 0 0 0 166 120 0 67 60 
297 134 117 0 75 88 0 81 63 336 0 31 19 79 60 357 461 522 0 0 0 0 192 120 0 66 60 
289 124 114 0 75 77 0 84 63 334 0 32 17 80 59 398 447 596 0 0 0 0 153 120 0 66 60 
288 128 113 0 75 76 0 85 62 337 0 35 18 75 58 380 421 643 0 0 0 0 167 120 0 65 60 
284 125 119 0 74 83 0 91 63 341 0 37 18 49 58 382 427 576 0 0 0 0 210 120 0 66 60 
281 130 118 0 74 81 0 89 64 340 0 41 19 41 57 410 435 592 0 0 0 0 147 120 0 66 60 
286 137 118 0 73 79 0 88 63 333 0 43 19 53 59 380 448 594 0 0 0 0 176 120 0 66 60 
278 128 118 0 73 82 0 88 63 333 0 50 18 67 59 349 389 550 0 0 0 0 163 120 0 66 60 
302 131 118 0 72 80 0 91 63 344 0 52 19 68 60 410 412 600 0 0 0 0 181 120 0 67 60 
271 126 113 0 72 75 0 94 63 345 0 51 18 65 62 396 401 635 0 0 0 0 168 120 0 67 60 
298 121 116 0 73 76 0 79 64 343 0 56 18 67 63 394 414 623 0 0 0 0 140 120 0 67 60 
296 124 119 0 74 81 0 87 65 336 0 54 19 74 58 387 417 650 0 0 0 0 170 120 0 67 60 
292 126 116 0 74 89 0 86 64 338 0 56 19 65 57 367 483 640 0 0 0 0 154 120 0 67 60 
301 125 115 0 75 91 0 83 63 336 0 52 19 69 58 373 380 587 0 0 0 0 221 120 0 68 60 
303 127 117 0 74 92 0 92 63 341 0 52 18 62 59 370 422 566 0 0 0 0 199 120 0 67 60 
299 127 118 0 74 93 0 84 63 338 0 52 18 69 59 363 450 515 0 0 0 0 127 120 0 67 60 
298 129 120 0 73 91 0 86 63 340 0 54 18 71 61 382 426 643 0 0 0 0 154 120 0 67 60 
302 123 115 0 72 90 0 84 64 342 0 48 18 83 64 388 451 627 0 0 0 0 161 120 0 66 60 
301 119 114 0 72 86 0 80 64 340 0 42 18 70 60 420 402 685 0 0 0 0 160 120 0 66 60 
298 122 116 0 72 87 0 86 63 342 0 42 19 59 62 396 451 623 0 0 0 0 153 120 0 66 60 
300 130 115 0 72 86 0 83 63 339 0 40 19 67 62 387 472 690 0 0 0 0 155 120 0 66 60 
299 129 115 0 74 89 0 89 64 331 0 40 18 91 65 396 461 546 0 0 0 0 167 120 0 65 60 
297 127 112 0 74 84 0 89 63 333 0 39 18 79 68 390 409 625 0 0 0 0 164 120 0 66 60 
297 124 114 0 75 82 0 86 64 342 0 45 18 61 61 399 424 692 0 0 0 0 181 120 0 65 60 
295 123 111 0 76 76 0 84 63 343 0 44 18 49 59 386 444 616 0 0 0 0 144 120 0 65 60 
299 126 114 0 76 72 0 89 64 336 0 45 18 78 58 355 424 667 0 0 0 0 183 120 0 66 60 
294 122 116 0 75 77 0 87 63 333 0 47 18 81 58 390 412 635 0 0 0 0 186 120 0 66 60 
297 124 115 0 75 82 0 87 63 339 0 47 19 82 58 384 429 646 0 0 0 0 196 120 0 66 60 
295 131 114 0 74 82 0 82 62 341 0 50 20 59 57 354 449 629 0 0 0 0 180 120 0 65 60 
295 124 115 0 74 86 0 85 62 339 0 48 19 56 59 361 468 646 0 0 0 0 136 120 0 65 60 
296 129 116 0 74 91 0 83 64 332 0 46 19 70 56 389 414 654 0 0 0 0 175 120 0 66 60 
299 130 115 0 73 87 0 86 64 331 0 41 19 74 60 430 403 609 0 0 0 0 169 120 0 65 60 
296 128 116 0 72 88 0 93 64 329 0 42 18 71 58 372 443 620 0 0 0 0 219 120 0 66 60 
293 123 118 0 71 90 0 87 63 336 0 40 20 67 57 392 428 544 0 0 0 0 183 120 0 65 60 
293 124 115 0 71 88 0 89 64 338 0 38 20 62 59 382 441 626 0 0 0 0 162 120 0 65 60 
296 124 120 0 71 80 0 84 63 336 0 32 19 58 58 412 407 653 0 0 0 0 190 120 0 67 60 
295 127 117 0 71 74 0 87 62 331 0 28 19 67 57 377 410 664 0 0 0 0 140 120 0 67 60 
296 123 116 0 71 74 0 83 63 340 0 28 21 63 58 364 402 648 0 0 0 0 177 120 0 67 60 
290 130 119 0 72 84 0 83 62 346 0 24 17 69 57 429 438 620 0 0 0 0 153 120 0 67 60 
296 135 117 0 73 90 0 91 63 347 0 27 17 64 58 363 448 620 0 0 0 0 145 120 0 66 60 
293 131 119 0 74 97 0 86 63 337 0 30 18 63 58 392 430 535 0 0 0 0 129 120 0 67 60 
294 126 116 0 75 96 0 90 63 337 0 33 19 80 59 372 430 581 0 0 0 0 254 120 0 67 60 
301 126 118 0 77 95 0 83 64 339 0 32 19 78 60 348 423 609 0 0 0 0 177 120 0 66 60 
296 126 119 0 77 89 0 86 64 341 0 30 18 70 60 339 416 626 0 0 0 0 183 120 0 66 60 
294 129 119 0 79 85 0 87 65 337 0 31 18 42 59 408 446 606 0 0 0 0 180 120 0 66 60 
299 122 118 0 79 78 0 86 64 338 0 31 18 40 57 364 426 603 0 0 0 0 129 120 0 65 60 
296 123 107 0 79 80 0 91 64 341 0 26 16 56 59 392 416 661 0 0 0 0 216 120 0 65 60 
296 127 117 0 79 81 0 83 62 342 0 28 17 68 59 340 419 578 0 0 0 0 168 120 0 65 60 
299 132 120 0 77 77 0 90 63 340 0 26 17 66 60 360 420 593 0 0 0 0 151 120 0 65 60 
298 130 121 0 76 77 0 85 64 338 0 26 18 62 59 414 437 587 0 0 0 0 171 120 0 66 60 
296 117 120 0 75 81 0 84 63 328 0 29 18 70 60 317 424 650 0 0 0 0 159 120 0 67 60 
300 126 119 0 74 84 0 87 63 328 0 31 17 72 60 338 430 514 0 0 0 0 191 120 0 67 60 
299 116 115 0 73 85 0 85 63 338 0 40 19 65 59 401 431 566 0 0 0 0 176 120 0 68 60 
297 133 117 0 73 88 0 93 64 341 0 40 17 65 59 382 397 552 0 0 0 0 157 120 0 69 60 
295 135 119 0 74 89 0 92 63 336 0 47 18 65 59 365 430 603 0 0 0 0 128 120 0 69 60 
297 126 118 0 73 89 0 90 64 333 0 47 17 64 59 383 404 615 0 0 0 0 189 120 0 69 60 
294 128 118 0 73 89 0 90 64 335 0 39 20 79 60 341 430 587 0 0 0 0 126 120 0 68 60 
292 126 115 0 72 95 0 89 64 340 0 36 18 80 58 360 392 560 0 0 0 0 173 120 0 67 60 
290 130 118 0 72 92 0 86 64 340 0 34 19 69 59 371 439 497 0 0 0 0 183 120 0 67 60 
298 130 117 0 72 87 0 86 63 336 0 32 17 61 60 365 401 663 0 0 0 0 172 120 0 67 60 
296 131 114 0 72 81 0 83 64 334 0 39 17 79 58 423 481 639 0 0 0 0 171 120 0 67 60 
296 126 116 0 73 82 0 83 65 335 0 36 18 95 57 381 471 655 0 0 0 0 177 120 0 67 60 
298 127 114 0 73 83 0 84 64 340 0 37 17 67 58 424 401 647 0 0 0 0 167 120 0 67 60 
295 128 111 0 75 82 0 84 63 341 0 39 17 50 59 375 406 622 0 0 0 0 180 120 0 67 60 
292 124 116 0 76 80 0 83 62 339 0 42 18 67 59 379 440 605 0 0 0 0 187 120 0 67 60 
298 120 116 0 76 76 0 86 63 334 0 40 18 82 59 425 416 608 0 0 0 0 127 120 0 67 60 
293 128 116 0 77 80 0 95 62 340 0 45 17 83 58 367 413 684 0 0 0 0 157 120 0 66 60 
293 125 114 0 77 76 0 85 63 348 0 43 18 69 59 413 423 588 0 0 0 0 139 120 0 66 60 
297 129 111 0 75 73 0 88 63 347 0 41 16 49 58 401 459 707 0 0 0 0 189 120 0 65 60 
295 127 116 0 75 76 0 86 64 340 0 34 16 68 59 384 443 677 0 0 0 0 156 120 0 66 60 
297 126 115 0 74 87 0 85 64 335 0 31 18 70 58 359 429 623 0 0 0 0 171 120 0 66 60 
298 125 115 0 73 89 0 87 64 339 0 32 20 76 57 421 411 592 0 0 0 0 190 120 0 67 60 
295 127 118 0 72 94 0 83 63 341 0 28 18 66 59 388 413 584 0 0 0 0 198 120 0 67 60 
294 126 115 0 72 92 0 93 64 337 0 29 20 68 60 407 424 738 0 0 0 0 154 120 0 67 60 
297 128 116 0 72 90 0 83 64 341 0 29 18 59 61 341 442 636 0 0 0 0 192 120 0 68 60 
296 134 113 0 72 87 0 85 63 341 0 33 18 62 61 413 450 707 0 0 0 0 195 120 0 67 60 
300 127 115 0 73 80 0 87 63 342 0 35 19 67 62 387 376 612 0 0 0 0 209 120 0 67 60 
295 125 111 0 74 83 0 87 64 340 0 38 19 70 56 359 379 666 0 0 0 0 128 120 0 69 60 
296 132 116 0 74 85 0 85 63 340 0 38 19 68 58 387 428 690 0 0 0 0 192 120 0 68 60 
296 126 118 0 74 88 0 84 64 333 0 37 20 60 58 366 434 648 0 0 0 0 177 120 0 69 60 
296 125 116 0 74 92 0 89 64 329 0 34 18 79 61 335 428 715 0 0 0 0 133 120 0 70 60 
300 124 116 0 73 94 0 91 63 339 0 33 18 76 59 380 396 632 0 0 0 0 184 120 0 70 60 
299 127 115 0 73 84 0 87 63 348 0 34 18 75 60 380 462 652 0 0 0 0 209 120 0 69 60 
296 130 115 0 73 85 0 88 63 343 0 32 19 53 61 387 450 630 0 0 0 0 204 120 0 69 60 
297 129 114 0 73 81 0 89 64 335 0 36 19 41 60 367 415 690 0 0 0 0 168 120 0 68 60 
293 128 118 0 74 76 0 91 65 337 0 35 19 50 59 377 398 696 0 0 0 0 172 120 0 68 60 
290 126 117 0 75 70 0 90 63 339 0 35 20 69 58 393 456 633 0 0 0 0 178 120 0 67 60 
295 120 120 0 76 70 0 86 63 339 0 39 19 67 59 386 432 630 0 0 0 0 144 120 0 67 60 
299 127 116 0 76 72 0 86 64 335 0 40 18 65 59 385 402 664 0 0 0 0 205 120 0 66 60 
292 124 113 0 76 77 0 86 65 333 0 37 18 67 59 383 445 670 0 0 0 0 126 120 0 66 60 
295 128 114 0 75 79 0 89 64 332 0 34 17 75 58 398 406 475 0 0 0 0 218 120 0 65 60 
294 131 114 0 74 81 0 85 64 335 0 32 20 66 59 379 434 618 0 0 0 0 176 120 0 66 60 
297 123 115 0 73 84 0 78 63 339 0 33 18 69 59 427 443 665 0 0 0 0 153 120 0 67 60 
294 127 116 0 73 87 0 87 63 339 0 28 19 65 59 391 492 653 0 0 0 0 173 120 0 67 60 
299 127 117 0 73 84 0 84 63 330 0 30 18 68 59 370 425 551 0 0 0 0 173 120 0 67 60 
290 133 117 0 73 81 0 85 62 337 0 29 19 73 59 408 404 589 0 0 0 0 155 120 0 68 60 
297 128 113 0 74 82 0 93 64 346 0 27 18 84 60 421 407 628 0 0 0 0 154 120 0 68 60 
295 119 116 0 74 86 0 88 63 347 0 25 18 70 59 363 414 605 0 0 0 0 200 120 0 68 60 
298 124 117 0 74 96 0 91 64 341 0 31 18 57 60 415 407 570 0 0 0 0 214 120 0 68 60 
297 134 119 0 73 100 0 85 63 337 0 29 19 70 59 372 393 540 0 0 0 0 132 120 0 69 60 
293 132 115 0 72 95 0 89 63 338 0 27 20 94 60 383 454 614 0 0 0 0 167 120 0 69 60 
297 138 110 0 72 82 0 85 64 340 0 26 20 73 61 402 433 510 0 0 0 0 182 120 0 69 60 
297 123 112 0 72 72 0 84 63 340 0 28 19 56 58 372 432 578 0 0 0 0 185 120 0 69 60 
295 128 119 0 72 71 0 90 63 341 0 28 19 59 58 384 391 610 0 0 0 0 177 120 0 69 60 
297 123 112 0 72 77 0 82 63 342 0 31 20 80 59 358 396 624 0 0 0 0 214 120 0 67 60 
295 124 117 0 73 83 0 89 64 344 0 34 19 81 59 412 424 588 0 0 0 0 115 120 0 67 60 
297 129 116 0 74 81 0 88 63 341 0 33 19 82 58 343 429 534 0 0 0 0 144 120 0 66 60 
297 126 114 0 75 81 0 87 63 345 0 33 19 53 59 396 425 561 0 0 0 0 131 120 0 66 60 
297 127 112 0 76 83 0 87 63 332 0 31 20 60 59 353 450 502 0 0 0 0 141 120 0 67 60 
299 127 117 0 77 82 0 85 62 326 0 29 19 72 59 339 421 634 0 0 0 0 207 120 0 67 60 
297 129 115 0 78 78 0 84 63 335 0 28 19 76 59 356 419 611 0 0 0 0 152 120 0 69 60 
295 119 115 0 77 78 0 83 64 340 0 26 18 71 60 428 404 624 0 0 0 0 174 120 0 69 60 
297 123 113 0 77 82 0 87 65 336 0 27 18 68 59 375 427 610 0 0 0 0 176 120 0 70 60 
296 124 115 0 77 80 0 88 64 334 0 27 19 60 59 401 418 559 0 0 0 0 144 120 0 71 60 
288 131 117 0 77 80 0 94 64 333 0 29 20 59 60 392 438 559 0 0 0 0 154 120 0 71 60 
298 128 114 0 77 86 0 87 63 341 0 31 17 66 60 380 425 495 0 0 0 0 166 120 0 71 60 
296 124 116 0 77 89 0 83 62 342 0 36 20 68 61 342 379 605 0 0 0 0 196 120 0 71 60 
295 123 117 0 77 87 0 88 63 339 0 37 19 74 60 415 366 612 0 0 0 0 154 120 0 71 60 
295 126 115 0 76 81 0 86 63 333 0 38 19 58 59 375 373 625 0 0 0 0 194 120 0 71 60 
294 128 116 0 76 85 0 84 64 332 0 35 18 68 58 401 451 593 0 0 0 0 175 120 0 70 60 
292 124 116 0 76 92 0 82 63 337 0 35 18 81 59 379 408 610 0 0 0 0 165 120 0 68 60 
296 123 118 0 75 94 0 86 65 342 0 29 18 79 59 382 455 588 0 0 0 0 162 120 0 68 60 
295 129 115 0 73 90 0 87 63 340 0 31 18 65 60 415 445 561 0 0 0 0 162 120 0 68 60 
292 131 117 0 72 87 0 85 63 335 0 36 20 41 59 380 421 637 0 0 0 0 169 120 0 67 60 
297 126 115 0 71 87 0 88 64 336 0 37 19 42 60 421 440 659 0 0 0 0 180 120 0 68 60 
294 128 118 0 71 87 0 89 63 344 0 42 18 59 59 391 376 640 0 0 0 0 165 120 0 68 60 
299 128 118 0 72 88 0 86 63 345 0 49 18 71 59 415 431 617 0 0 0 0 121 120 0 68 60 
297 129 118 0 72 92 0 88 62 338 0 44 18 67 59 385 445 627 0 0 0 0 208 120 0 69 60 
297 131 119 0 73 94 0 92 63 334 0 46 18 62 59 364 411 578 0 0 0 0 185 120 0 69 60 
301 126 118 0 74 89 0 86 62 335 0 46 18 76 58 382 405 608 0 0 0 0 144 120 0 69 60 
297 132 121 0 75 89 0 85 64 337 0 45 20 68 58 425 456 645 0 0 0 0 205 120 0 68 60 
299 126 119 0 75 89 0 86 63 338 0 46 19 66 59 373 385 629 0 0 0 0 186 120 0 68 60 
300 128 118 0 75 85 0 88 64 339 0 43 20 65 59 389 422 665 0 0 0 0 137 120 0 67 60 
297 127 117 0 74 80 0 85 64 341 0 43 19 69 59 377 473 610 0 0 0 0 144 120 0 66 60 
294 133 114 0 74 83 0 90 65 343 0 48 18 64 61 352 455 599 0 0 0 0 163 120 0 66 60 
297 127 114 0 73 91 0 88 64 341 0 55 18 83 59 402 434 597 0 0 0 0 168 120 0 65 60 
297 131 118 0 72 90 0 83 63 339 0 56 18 79 57 331 402 671 0 0 0 0 182 120 0 65 60 
298 126 122 0 72 87 0 89 62 332 0 67 18 67 60 440 414 631 0 0 0 0 138 120 0 66 60 
296 126 120 0 73 83 0 84 62 327 0 66 18 62 61 376 409 573 0 0 0 0 123 120 0 65 60 
293 125 116 0 72 79 0 86 63 335 0 65 19 90 61 381 393 620 0 0 0 0 195 120 0 65 60 
297 125 117 0 73 72 0 84 63 345 0 61 18 91 61 380 459 541 0 0 0 0 124 120 0 65 60 
293 126 119 0 73 72 0 85 63 341 0 58 18 66 59 413 421 593 0 0 0 0 149 120 0 66 60 
291 139 120 0 74 74 0 91 64 338 0 49 18 48 57 411 416 647 0 0 0 0 213 120 0 66 60 
300 135 119 0 74 82 0 84 64 335 0 46 18 72 58 391 418 633 0 0 0 0 188 120 0 66 60 
294 119 119 0 73 85 0 87 63 344 0 44 18 81 58 402 437 633 0 0 0 0 191 120 0 66 60 
295 121 115 0 73 89 0 91 63 343 0 40 19 82 58 372 430 553 0 0 0 0 186 120 0 67 60 
294 124 124 0 72 93 0 92 64 341 0 35 18 71 60 390 400 581 0 0 0 0 161 120 0 67 60 
295 127 117 0 71 91 0 93 63 337 0 36 19 50 61 370 383 502 0 0 0 0 211 120 0 67 60 
293 130 116 0 72 85 0 89 64 337 0 38 18 66 62 375 430 631 0 0 0 0 183 120 0 67 60 
295 132 121 0 71 84 0 90 64 339 0 38 18 71 60 360 435 596 0 0 0 0 186 120 0 67 60 
295 128 116 0 72 87 0 84 64 343 0 41 18 76 59 405 426 616 0 0 0 0 161 120 0 67 60 
293 129 109 0 73 91 0 83 63 341 0 52 18 64 58 396 447 581 0 0 0 0 225 120 0 67 60 
294 131 120 0 74 90 0 83 63 336 0 52 19 68 60 406 395 588 0 0 0 0 145 120 0 67 60 
295 124 119 0 74 87 0 85 62 337 0 51 19 58 60 409 464 616 0 0 0 0 163 120 0 66 60 
294 121 119 0 74 82 0 86 63 350 0 51 20 61 60 369 403 583 0 0 0 0 183 120 0 65 60 
296 123 113 0 74 84 0 83 63 349 0 51 18 66 59 425 468 526 0 0 0 0 142 120 0 66 60 
295 129 116 0 74 83 0 84 63 341 0 47 18 70 59 367 453 568 0 0 0 0 192 120 0 65 60 
300 126 118 0 74 78 0 90 64 336 0 49 19 70 60 392 385 569 0 0 0 0 179 120 0 66 60 
301 124 114 0 74 81 0 89 63 336 0 56 19 56 58 383 418 534 0 0 0 0 164 120 0 67 60 
296 124 117 0 75 82 0 88 63 338 0 58 19 78 60 367 423 625 0 0 0 0 154 120 0 67 60 
297 121 115 0 74 85 0 85 63 340 0 63 20 80 60 352 428 586 0 0 0 0 155 120 0 68 60 
297 131 117 0 74 85 0 83 64 340 0 57 19 76 59 418 402 520 0 0 0 0 164 120 0 68 60 
297 125 116 0 73 88 0 87 65 341 0 58 18 55 59 383 431 588 0 0 0 0 162 120 0 69 60 
302 125 115 0 72 89 0 83 64 342 0 55 18 41 57 387 462 622 0 0 0 0 158 120 0 69 60 
297 122 117 0 71 81 0 88 63 338 0 56 18 48 59 399 402 573 0 0 0 0 194 120 0 69 60 
299 122 115 0 70 80 0 87 63 338 0 56 18 67 58 328 419 535 0 0 0 0 177 120 0 69 60 
296 128 117 0 70 83 0 88 63 334 0 52 19 71 60 363 450 605 0 0 0 0 148 120 0 68 60 
296 132 117 0 71 84 0 85 63 326 0 53 19 65 60 358 423 648 0 0 0 0 163 120 0 67 60 
290 119 118 0 72 83 0 87 63 332 0 54 18 65 59 385 412 601 0 0 0 0 180 120 0 67 60 
296 123 116 0 72 84 0 92 64 342 0 57 18 77 60 395 445 602 0 0 0 0 156 120 0 67 60 
294 126 113 0 75 85 0 86 64 341 0 54 19 65 59 392 443 617 0 0 0 0 245 120 0 66 60 
294 133 118 0 76 89 0 86 64 337 0 57 18 68 59 343 394 637 0 0 0 0 180 120 0 67 60 
294 125 117 0 77 87 0 85 63 334 0 55 18 63 59 412 414 553 0 0 0 0 165 120 0 68 60 
291 127 119 0 78 85 0 85 63 342 0 55 19 70 59 416 417 624 0 0 0 0 193 120 0 69 60 
297 129 118 0 78 87 0 87 63 343 0 49 18 68 59 357 407 641 0 0 0 0 170 120 0 70 60 
291 127 118 0 78 95 0 88 64 339 0 49 20 85 58 386 436 653 0 0 0 0 143 120 0 70 60 
293 130 114 0 78 92 0 92 64 333 0 44 18 73 60 383 382 621 0 0 0 0 171 120 0 70 60 
296 125 116 0 77 93 0 87 64 334 0 35 19 59 59 386 437 602 0 0 0 0 161 120 0 69 60 
296 129 118 0 77 96 0 91 65 336 0 34 18 65 60 363 430 600 0 0 0 0 182 120 0 68 60 
297 124 116 0 76 92 0 90 64 342 0 33 17 93 59 400 409 598 0 0 0 0 172 120 0 67 60 
296 125 118 0 75 87 0 85 64 341 0 34 19 78 61 392 469 655 0 0 0 0 160 120 0 67 60 
299 133 118 0 75 80 0 84 63 336 0 32 18 60 62 380 420 644 0 0 0 0 185 120 0 67 60 
303 131 115 0 75 74 0 85 62 334 0 34 19 51 59 346 416 688 0 0 0 0 193 120 0 67 60 
294 127 117 0 74 75 0 82 63 345 0 35 19 78 60 385 401 622 0 0 0 0 170 120 0 68 60 
297 124 117 0 74 74 0 83 63 349 0 36 20 79 58 382 412 644 0 0 0 0 191 120 0 68 60 
301 125 117 0 73 77 0 83 63 345 0 35 18 84 58 406 448 620 0 0 0 0 136 120 0 67 60 
295 127 116 0 71 79 0 89 64 336 0 35 19 60 60 421 412 639 0 0 0 0 197 120 0 68 60 
297 130 118 0 71 76 0 90 64 336 0 34 17 55 59 411 424 709 0 0 0 0 185 120 0 68 60 
301 124 118 0 72 76 0 86 63 341 0 34 18 70 59 383 479 610 0 0 0 0 119 120 0 68 60 
296 130 115 0 71 74 0 93 64 339 0 35 19 74 60 390 445 675 0 0 0 0 161 120 0 68 60 
299 136 117 0 71 76 0 90 64 337 0 30 19 74 59 366 407 536 0 0 0 0 141 120 0 68 60 
298 131 117 0 73 74 0 85 64 341 0 28 19 66 59 389 421 579 0 0 0 0 128 120 0 68 60 
301 125 118 0 73 78 0 86 65 341 0 30 19 63 57 368 419 686 0 0 0 0 200 120 0 67 60 
297 129 120 0 76 87 0 87 65 341 0 32 17 59 59 396 443 673 0 0 0 0 214 120 0 67 60 
293 127 113 0 76 93 0 87 64 339 0 32 18 64 59 387 445 693 0 0 0 0 147 120 0 67 60 
298 130 113 0 73 91 0 82 63 336 0 31 18 65 59 398 404 668 0 0 0 0 200 120 0 67 60 
296 127 113 0 76 86 0 87 62 328 0 33 19 72 59 382 410 583 0 0 0 0 155 120 0 68 60 
293 132 116 0 75 92 0 85 63 326 0 38 19 63 59 360 396 474 0 0 0 0 182 120 0 68 60 
296 134 112 0 75 95 0 88 63 342 0 32 20 62 59 385 482 612 0 0 0 0 179 120 0 67 60 
292 129 112 0 74 101 0 87 64 341 0 31 19 82 59 395 469 642 0 0 0 0 196 120 0 67 60 
289 119 113 0 64 99 0 86 65 337 0 30 19 79 58 379 451 619 0 0 0 0 167 120 0 68 60 
293 129 111 0 66 96 0 84 64 336 0 27 18 72 57 383 447 661 0 0 0 0 112 120 0 69 60 
295 132 118 0 73 90 0 79 63 339 0 30 18 47 58 386 415 629 0 0 0 0 166 120 0 68 60 
294 122 115 0 73 83 0 87 63 344 0 29 18 42 59 393 435 580 0 0 0 0 224 120 0 68 60 
299 134 117 0 75 77 0 88 63 340 0 27 18 53 61 377 424 544 0 0 0 0 158 120 0 67 60 
297 131 114 0 75 78 0 86 63 337 0 33 19 70 61 405 409 634 0 0 0 0 157 120 0 68 60 
296 121 116 0 76 77 0 91 63 337 0 34 18 68 62 390 474 565 0 0 0 0 188 120 0 68 60 
293 124 116 0 76 80 0 83 63 336 0 39 19 62 61 345 447 625 0 0 0 0 150 120 0 67 60 
298 125 116 0 76 80 0 89 63 342 0 41 18 68 57 372 408 575 0 0 0 0 133 120 0 67 60 
302 128 118 0 76 84 0 89 62 340 0 40 18 73 61 353 383 583 0 0 0 0 123 120 0 67 60 
303 127 116 0 75 87 0 86 63 336 0 43 19 65 59 380 438 579 0 0 0 0 182 120 0 67 60 
291 124 116 0 75 81 0 85 63 335 0 41 18 67 59 373 432 581 0 0 0 0 147 120 0 66 60 
295 121 118 0 75 83 0 81 64 343 0 44 19 65 59 375 416 658 0 0 0 0 193 120 0 65 60 
302 125 114 0 75 84 0 86 64 349 0 44 18 69 61 391 423 622 0 0 0 0 172 120 0 65 60 
299 124 117 0 76 83 0 85 63 345 0 48 19 73 61 352 404 571 0 0 0 0 149 120 0 66 60 
301 124 116 0 76 83 0 89 63 337 0 47 19 83 59 375 438 467 0 0 0 0 186 120 0 66 60 
297 125 117 0 77 87 0 89 63 336 0 40 18 71 56 365 371 607 0 0 0 0 131 120 0 65 60 
297 137 119 0 76 83 0 88 62 340 0 38 19 58 58 387 426 638 0 0 0 0 149 120 0 66 60 
294 129 117 0 75 77 0 90 63 343 0 32 18 70 57 403 453 630 0 0 0 0 118 120 0 66 60 
296 122 115 0 75 73 0 86 62 337 0 28 18 96 60 396 408 606 0 0 0 0 178 120 0 65 60 
300 129 116 0 74 82 0 88 64 340 0 28 18 75 58 340 445 622 0 0 0 0 166 120 0 65 60 
298 136 118 0 74 87 0 89 64 341 0 29 19 58 58 416 423 582 0 0 0 0 171 120 0 65 60 
296 122 119 0 74 96 0 82 64 341 0 28 19 52 57 369 438 562 0 0 0 0 152 120 0 65 60 
297 124 112 0 73 109 0 90 65 340 0 35 19 80 59 399 426 638 0 0 0 0 183 120 0 65 60 
299 121 117 0 74 118 0 87 64 337 0 36 17 78 59 407 394 648 0 0 0 0 188 120 0 65 60 
290 126 120 0 74 122 0 85 63 330 0 44 19 80 60 381 389 660 0 0 0 0 176 120 0 65 60 
294 131 118 0 74 102 0 86 62 331 0 46 19 57 58 366 395 661 0 0 0 0 140 120 0 66 60 
296 126 117 0 73 85 0 89 62 343 0 55 19 56 59 391 437 632 0 0 0 0 199 120 0 66 60 
291 127 115 0 72 72 0 90 63 344 0 50 18 67 59 389 423 590 0 0 0 0 163 120 0 66 60 
293 125 118 0 71 68 0 83 64 337 0 47 20 75 59 345 472 606 0 0 0 0 194 120 0 67 60 
291 125 119 0 71 65 0 90 63 336 0 44 19 71 60 383 397 667 0 0 0 0 177 120 0 67 60 
295 126 116 0 71 67 0 86 63 336 0 43 18 67 61 367 394 598 0 0 0 0 178 120 0 69 60 
294 126 118 0 72 75 0 85 63 342 0 45 19 61 60 388 429 706 0 0 0 0 191 120 0 69 60 
294 133 113 0 73 84 0 89 62 339 0 54 18 58 58 353 407 682 0 0 0 0 198 120 0 69 60 
289 121 117 0 74 83 0 85 64 335 0 56 19 66 59 378 414 622 0 0 0 0 158 120 0 69 60 
296 122 118 0 75 80 0 86 64 335 0 56 20 64 57 415 412 617 0 0 0 0 181 120 0 69 60 
294 123 117 0 75 83 0 85 64 331 0 51 20 73 59 389 399 681 0 0 0 0 199 120 0 69 60 
299 126 121 0 77 84 0 94 65 336 0 47 19 63 58 381 381 681 0 0 0 0 186 120 0 69 60 
301 141 108 0 77 80 0 94 64 338 0 43 18 63 59 392 394 607 0 0 0 0 175 120 0 68 60 
293 129 113 0 78 83 0 88 65 336 0 41 19 82 59 379 438 695 0 0 0 0 189 120 0 68 60 
297 125 114 0 77 91 0 93 63 331 0 38 20 80 58 375 456 595 0 0 0 0 161 120 0 68 60 
297 128 120 0 77 95 0 88 63 337 0 42 19 71 59 352 398 585 0 0 0 0 137 120 0 68 60 
303 127 116 0 78 95 0 87 63 347 0 46 20 46 60 433 403 628 0 0 0 0 168 120 0 68 60 
299 135 115 0 78 87 0 80 64 344 0 46 20 42 59 395 406 673 0 0 0 0 170 120 0 68 60 
296 128 115 0 76 87 0 83 63 337 0 49 20 56 59 405 411 639 0 0 0 0 151 120 0 67 60 
296 130 118 0 77 81 0 89 63 336 0 47 19 69 60 352 372 589 0 0 0 0 145 120 0 67 60 
299 125 113 0 78 77 0 79 64 341 0 48 19 68 62 381 419 586 0 0 0 0 177 120 0 67 60 
299 130 118 0 77 77 0 83 62 344 0 45 20 63 59 367 411 513 0 0 0 0 207 120 0 66 60 
300 123 117 0 76 86 0 88 64 339 0 45 19 69 59 424 400 586 0 0 0 0 111 120 0 66 60 
299 122 116 0 75 84 0 90 64 343 0 48 20 73 58 356 415 658 0 0 0 0 128 120 0 67 60 
300 127 115 0 74 83 0 92 65 342 0 43 19 64 60 411 454 660 0 0 0 0 167 120 0 65 60 
300 126 115 0 73 85 0 85 64 342 0 45 19 67 59 382 439 595 0 0 0 0 151 120 0 66 60 
297 130 118 0 72 85 0 87 64 339 0 51 18 64 60 386 418 529 0 0 0 0 187 120 0 67 60 
292 122 114 0 71 84 0 82 63 338 0 47 20 67 59 383 436 605 0 0 0 0 199 120 0 68 60 
294 125 117 0 71 83 0 85 62 329 0 53 20 75 60 399 473 552 0 0 0 0 166 120 0 67 60 
293 125 117 0 72 87 0 87 63 327 0 50 18 82 58 340 406 581 0 0 0 0 177 120 0 67 60 
293 126 114 0 74 89 0 85 64 339 0 51 18 72 59 358 442 548 0 0 0 0 163 120 0 66 60 
296 124 114 0 74 92 0 91 63 340 0 53 19 59 60 415 380 561 0 0 0 0 185 120 0 66 60 
291 129 115 0 74 87 0 85 63 336 0 52 19 72 59 383 405 558 0 0 0 0 164 120 0 66 60 
298 125 119 0 75 94 0 84 63 334 0 51 19 96 59 389 452 651 0 0 0 0 158 120 0 66 60 
298 123 117 0 74 87 0 90 63 339 0 50 20 72 58 350 437 576 0 0 0 0 172 120 0 66 60 
297 127 117 0 74 79 0 85 63 347 0 42 19 55 59 370 484 503 0 0 0 0 219 120 0 66 60 
295 123 119 0 74 73 0 86 63 341 0 40 19 61 60 351 421 627 0 0 0 0 188 120 0 66 60 
291 126 114 0 72 76 0 81 62 337 0 37 19 80 60 330 404 614 0 0 0 0 181 120 0 66 60 
293 121 119 0 73 80 0 88 63 337 0 33 19 80 58 384 430 556 0 0 0 0 159 120 0 66 60 
298 128 114 0 73 82 0 88 64 333 0 32 19 80 58 405 397 420 0 0 0 0 156 120 0 65 60 
295 129 121 0 73 81 0 84 65 338 0 28 19 53 59 405 438 590 0 0 0 0 220 120 0 65 60 
292 130 116 0 73 77 0 93 65 342 0 27 19 59 56 392 462 624 0 0 0 0 172 120 0 65 60 
300 126 116 0 74 80 0 90 63 337 0 28 20 69 62 360 419 510 0 0 0 0 192 120 0 65 60 
301 131 118 0 74 80 0 90 64 331 0 28 18 76 61 375 438 586 0 0 0 0 149 120 0 66 60 
297 124 116 0 73 81 0 83 62 340 0 28 18 70 61 388 435 544 0 0 0 0 150 120 0 65 60 
299 130 115 0 73 84 0 93 63 347 0 27 17 68 62 373 413 549 0 0 0 0 176 120 0 66 60 
298 126 116 0 73 89 0 89 63 344 0 28 18 61 60 355 413 529 0 0 0 0 148 120 0 65 60 
293 130 118 0 72 88 0 84 64 334 0 27 19 58 57 358 455 615 0 0 0 0 200 120 0 66 60 
300 129 117 0 72 90 0 87 64 335 0 26 19 65 59 388 439 581 0 0 0 0 231 120 0 66 60 
295 135 116 0 72 86 0 85 64 336 0 27 19 65 57 390 411 634 0 0 0 0 126 120 0 65 60 
302 125 116 0 71 82 0 82 64 341 0 27 19 71 59 365 426 637 0 0 0 0 149 120 0 65 60 
297 123 117 0 71 82 0 85 63 338 0 23 19 60 59 403 418 632 0 0 0 0 154 120 0 66 60 
298 126 115 0 72 84 0 85 63 341 0 27 19 67 62 379 391 580 0 0 0 0 144 120 0 66 60 
299 130 117 0 72 88 0 91 65 342 0 27 19 81 62 404 411 543 0 0 0 0 158 120 0 66 60 
293 130 117 0 73 89 0 87 65 341 0 26 18 81 60 416 467 613 0 0 0 0 195 120 0 66 60 
297 126 122 0 73 89 0 89 64 342 0 28 19 68 58 376 417 609 0 0 0 0 134 120 0 66 60 
294 125 117 0 72 92 0 89 64 339 0 25 20 42 58 397 414 680 0 0 0 0 194 120 0 67 60 
293 127 113 0 73 93 0 84 63 329 0 27 19 43 59 395 459 629 0 0 0 0 158 120 0 67 60 
291 123 115 0 74 84 0 85 62 331 0 26 20 57 59 368 435 653 0 0 0 0 120 120 0 66 60 
296 128 115 0 74 80 0 87 63 341 0 27 17 71 60 361 398 590 0 0 0 0 160 120 0 66 60 
292 131 115 0 75 77 0 86 63 343 0 27 19 67 58 398 464 635 0 0 0 0 184 120 0 65 60 
295 124 113 0 75 88 0 85 63 336 0 25 19 62 58 387 388 668 0 0 0 0 140 120 0 66 60 
292 124 115 0 76 89 0 86 64 338 0 27 18 71 60 358 385 624 0 0 0 0 194 120 0 65 60 
293 122 112 0 75 89 0 89 64 339 0 26 19 72 59 421 399 682 0 0 0 0 182 120 0 65 60 
292 132 116 0 74 87 0 87 63 348 0 25 20 67 60 369 441 577 0 0 0 0 185 120 0 66 60 
295 139 116 0 73 81 0 87 63 339 0 26 18 64 61 353 388 657 0 0 0 0 146 120 0 66 60 
296 133 116 0 71 76 0 87 63 335 0 26 18 68 59 368 419 637 0 0 0 0 214 120 0 65 60 
300 127 115 0 71 72 0 81 64 333 0 26 19 67 58 434 416 674 0 0 0 0 186 120 0 66 60 
297 129 113 0 69 76 0 85 64 333 0 27 19 80 59 388 479 591 0 0 0 0 176 120 0 67 60 
293 122 120 0 70 85 0 83 63 338 0 24 18 82 58 401 452 609 0 0 0 0 146 120 0 67 60 
298 125 116 0 71 88 0 90 63 341 0 25 19 71 61 420 426 655 0 0 0 0 165 120 0 68 60 
303 134 122 0 73 91 0 88 63 333 0 27 18 62 59 404 385 572 0 0 0 0 171 120 0 69 60 
299 126 115 0 74 94 0 84 63 331 0 29 20 79 59 368 411 646 0 0 0 0 157 120 0 69 60 
298 130 119 0 77 91 0 88 63 339 0 30 19 95 58 366 429 721 0 0 0 0 136 120 0 68 60 
297 126 117 0 77 90 0 87 64 349 0 26 18 70 59 411 449 668 0 0 0 0 139 120 0 66 60 
296 121 118 0 78 88 0 92 64 345 0 26 18 50 60 391 446 620 0 0 0 0 135 120 0 66 60 
302 121 120 0 79 89 0 84 64 338 0 28 18 64 59 392 435 612 0 0 0 0 194 120 0 66 60 
299 120 116 0 79 84 0 84 62 336 0 26 19 81 59 388 386 688 0 0 0 0 205 120 0 65 60 
304 129 118 0 78 84 0 86 63 340 0 28 18 80 59 370 412 459 0 0 0 0 166 120 0 65 60 
293 128 119 0 78 82 0 83 63 344 0 27 21 75 59 377 420 584 0 0 0 0 196 120 0 65 60 
299 126 115 0 78 86 0 89 63 338 0 26 20 51 60 336 404 624 0 0 0 0 179 120 0 65 60 
294 122 120 0 77 84 0 87 63 342 0 28 20 64 59 365 429 694 0 0 0 0 217 120 0 65 60 
293 119 118 0 76 78 0 89 63 344 0 25 19 69 60 415 411 610 0 0 0 0 168 120 0 65 60 
292 129 119 0 76 74 0 86 63 342 0 29 20 75 59 373 433 593 0 0 0 0 164 120 0 65 60 
297 126 119 0 76 76 0 89 65 340 0 28 19 68 58 415 450 558 0 0 0 0 144 120 0 66 60 
296 125 112 0 75 83 0 88 64 337 0 26 18 68 62 396 428 596 0 0 0 0 156 120 0 65 60 
291 127 116 0 74 85 0 84 65 329 0 27 20 59 60 340 417 597 0 0 0 0 185 120 0 65 60 
298 128 118 0 73 89 0 87 64 329 0 30 20 59 58 370 423 604 0 0 0 0 169 120 0 66 60 
287 132 121 0 72 90 0 86 63 341 0 27 19 65 57 368 416 614 0 0 0 0 142 120 0 66 60 
296 129 118 0 72 83 0 91 62 343 0 27 20 66 60 401 410 520 0 0 0 0 174 120 0 67 60 
293 127 120 0 72 81 0 85 64 335 0 28 18 72 60 383 427 640 0 0 0 0 145 120 0 68 60 
293 127 123 0 73 82 0 84 63 335 0 28 19 58 59 453 432 644 0 0 0 0 168 120 0 68 60 
293 125 116 0 73 86 0 86 63 334 0 25 19 71 59 386 401 594 0 0 0 0 141 120 0 68 60 
295 126 116 0 72 94 0 87 63 343 0 28 18 81 59 344 432 603 0 0 0 0 140 120 0 68 60 
297 128 119 0 75 95 0 85 62 339 0 24 21 81 60 350 430 612 0 0 0 0 199 120 0 68 60 
296 123 116 0 76 92 0 87 63 337 0 27 20 66 60 404 437 544 0 0 0 0 153 120 0 68 60 
295 130 116 0 76 86 0 88 64 333 0 29 20 40 60 405 392 569 0 0 0 0 155 120 0 69 60 
293 128 122 0 77 78 0 85 64 335 0 29 18 45 58 392 428 588 0 0 0 0 174 120 0 70 60 
302 125 118 0 76 77 0 84 64 342 0 29 17 61 59 375 453 620 0 0 0 0 164 120 0 70 60 
296 128 119 0 76 75 0 86 64 344 0 30 19 71 59 369 412 596 0 0 0 0 212 120 0 70 60 
300 129 112 0 75 79 0 88 63 337 0 31 18 67 59 385 469 597 0 0 0 0 147 120 0 68 60 
295 124 112 0 74 81 0 82 63 336 0 30 17 63 59 406 449 571 0 0 0 0 178 120 0 67 60 
297 125 114 0 74 82 0 90 64 343 0 35 19 76 61 418 422 639 0 0 0 0 179 120 0 66 60 
297 135 119 0 74 81 0 91 64 353 0 36 19 67 61 394 410 513 0 0 0 0 162 120 0 66 60 
298 127 119 0 74 83 0 95 64 346 0 36 17 67 59 366 438 681 0 0 0 0 153 120 0 65 60 
301 129 115 0 73 78 0 88 63 339 0 33 17 65 60 366 417 629 0 0 0 0 157 120 0 65 60 
294 131 116 0 74 80 0 88 63 338 0 33 17 65 57 386 413 705 0 0 0 0 196 120 0 66 60 
297 131 116 0 73 82 0 89 62 340 0 33 17 66 60 385 422 635 0 0 0 0 179 120 0 65 60 
294 132 115 0 73 89 0 85 62 342 0 31 17 81 60 321 452 576 0 0 0 0 191 120 0 65 60 
297 127 117 0 73 88 0 83 63 337 0 28 18 80 60 379 417 628 0 0 0 0 185 120 0 65 60 
294 128 119 0 73 90 0 83 63 340 0 30 18 70 61 333 434 621 0 0 0 0 186 120 0 65 60 
295 131 112 0 73 89 0 86 64 343 0 27 18 62 62 410 423 682 0 0 0 0 177 120 0 65 60 
299 126 118 0 73 89 0 87 64 341 0 26 17 82 59 355 422 653 0 0 0 0 171 120 0 65 60 
290 137 118 0 74 83 0 86 64 340 0 28 18 93 58 396 436 641 0 0 0 0 207 120 0 65 60 
295 122 117 0 74 81 0 93 64 337 0 27 17 70 57 372 447 651 0 0 0 0 161 120 0 65 60 
294 129 114 0 74 85 0 88 63 329 0 28 18 50 59 390 423 628 0 0 0 0 212 120 0 66 60 
295 132 118 0 75 88 0 87 64 325 0 26 18 66 60 390 436 621 0 0 0 0 150 120 0 65 60 
294 125 115 0 75 91 0 86 63 336 0 29 19 80 61 362 435 652 0 0 0 0 165 120 0 66 60 
294 127 115 0 75 88 0 83 64 343 0 25 19 81 62 400 413 704 0 0 0 0 123 120 0 67 60 
296 126 115 0 75 88 0 80 63 334 0 28 18 74 60 389 394 591 0 0 0 0 183 120 0 67 60 
296 125 118 0 75 82 0 86 63 335 0 28 19 49 59 411 406 622 0 0 0 0 163 120 0 67 60 
295 130 118 0 75 80 0 84 64 335 0 30 18 65 57 372 371 586 0 0 0 0 150 120 0 67 60 
298 121 115 0 74 80 0 88 63 344 0 26 17 69 60 424 386 664 0 0 0 0 166 120 0 66 60 
304 124 120 0 73 84 0 86 63 339 0 29 18 76 59 372 449 638 0 0 0 0 200 120 0 66 60 
293 122 113 0 73 86 0 87 63 336 0 25 19 66 59 412 437 708 0 0 0 0 173 120 0 66 60 
294 125 116 0 74 83 0 85 64 336 0 25 18 70 60 372 426 609 0 0 0 0 202 120 0 65 60 
300 126 115 0 74 81 0 88 63 334 0 28 18 58 57 387 407 620 0 0 0 0 158 120 0 65 60 
299 124 116 0 74 84 0 91 64 337 0 25 19 60 60 377 445 611 0 0 0 0 162 120 0 65 60 
301 121 116 0 74 82 0 85 64 342 0 26 17 66 58 349 451 532 0 0 0 0 198 120 0 66 60 
295 126 116 0 74 84 0 87 64 338 0 25 18 66 60 391 415 590 0 0 0 0 147 120 0 66 60 
298 127 112 0 73 85 0 86 65 333 0 26 17 71 59 342 424 638 0 0 0 0 164 120 0 66 60 
