296 135 83 0 83 0 83 94 106 351 0 49 35 22 25 359 435 566 0 0 0 94 170 130 0 123 60 
303 130 90 0 83 0 83 91 107 344 0 45 38 20 26 389 416 707 0 0 0 90 225 130 0 122 60 
301 130 85 0 84 0 85 88 108 343 0 43 37 22 25 339 401 498 0 0 0 87 194 130 0 123 60 
302 130 83 0 86 0 88 90 109 338 0 46 35 22 24 371 426 577 0 0 0 83 169 130 0 123 60 
295 127 80 0 86 0 93 87 106 337 0 46 36 22 25 363 413 697 0 0 0 84 168 130 0 123 60 
303 132 84 0 87 0 92 86 108 345 0 48 36 27 25 396 449 637 0 0 0 87 166 130 0 123 60 
300 133 85 0 86 0 96 91 109 347 0 50 35 26 25 388 430 624 0 0 0 89 128 130 0 123 60 
300 132 86 0 87 0 98 85 110 341 0 52 35 25 26 364 453 600 0 0 0 91 160 130 0 123 60 
302 123 88 0 86 0 99 88 107 339 0 52 36 26 25 382 376 622 0 0 0 94 182 130 0 123 60 
304 132 85 0 88 0 98 89 108 345 0 53 38 25 25 404 424 539 0 0 0 91 197 130 0 123 60 
302 130 85 0 90 0 97 90 108 354 0 52 35 23 25 388 433 576 0 0 0 82 194 130 0 123 60 
304 137 88 0 92 0 96 88 109 351 0 56 36 23 26 417 433 584 0 0 0 78 161 130 0 123 60 
306 133 85 0 92 0 88 87 108 345 0 62 39 22 25 401 450 561 0 0 0 77 164 130 0 123 60 
306 128 84 0 92 0 86 89 108 346 0 66 38 21 26 351 431 493 0 0 0 75 148 130 0 123 60 
304 129 84 0 92 0 83 84 107 343 0 65 36 19 26 374 415 654 0 0 0 80 148 130 0 123 60 
300 131 85 0 89 0 82 89 108 350 0 64 36 18 27 382 411 635 0 0 0 87 185 130 0 123 60 
305 127 88 0 89 0 80 90 109 346 0 63 37 19 27 351 438 562 0 0 0 85 184 130 0 123 60 
305 135 87 0 88 10 79 88 109 347 0 65 37 21 29 372 453 561 0 0 0 83 175 130 0 123 60 
303 131 87 0 86 0 81 90 108 350 0 59 34 19 36 366 442 573 0 0 0 80 123 130 0 123 60 
304 132 86 0 86 0 82 91 107 347 0 63 37 22 30 403 420 555 0 0 0 80 165 130 0 123 60 
303 128 87 0 86 11 80 89 107 348 0 60 36 25 28 409 438 518 0 0 0 79 171 130 0 123 60 
306 124 88 0 86 12 83 87 107 348 0 63 36 26 27 385 439 552 0 0 0 78 141 130 0 123 60 
301 129 86 0 86 0 86 89 108 338 0 61 35 28 25 379 427 657 0 0 0 78 208 130 0 123 60 
304 121 85 0 86 0 85 90 108 334 0 62 36 28 28 416 409 564 0 0 0 78 174 130 0 123 60 
304 128 82 0 85 10 85 86 109 344 0 61 37 29 24 350 435 690 0 0 0 83 189 130 0 123 60 
302 128 85 0 85 12 83 85 110 351 0 60 35 28 25 369 423 585 0 0 0 87 190 130 0 123 60 
302 128 89 0 84 0 83 84 107 344 0 58 35 23 25 387 397 547 0 0 0 84 121 130 0 123 60 
302 125 85 0 85 0 79 87 107 341 0 51 39 23 25 372 416 613 0 0 0 81 170 130 0 123 60 
297 132 88 0 86 10 80 87 107 346 0 51 37 21 24 389 436 597 0 0 0 83 178 130 0 123 60 
305 127 88 0 86 11 82 89 106 349 0 52 35 20 25 349 425 637 0 0 0 85 143 130 0 123 60 
296 127 88 0 87 0 84 89 108 351 0 49 36 20 24 417 413 702 0 0 0 88 171 130 0 123 60 
304 131 87 0 87 0 83 92 107 342 0 49 37 19 24 348 411 680 0 0 0 87 189 130 0 123 60 
300 128 85 0 86 11 83 88 109 342 0 49 37 17 26 360 451 612 0 0 0 86 152 130 0 123 60 
298 130 87 0 85 11 84 92 110 341 0 50 35 16 25 408 438 667 0 0 0 87 136 130 0 123 60 
301 130 86 0 84 0 84 88 104 341 0 51 36 16 24 382 453 639 0 0 0 88 132 130 0 122 60 
297 127 88 0 83 0 84 91 108 350 0 49 38 19 25 365 400 664 0 0 0 85 173 130 0 123 60 
302 133 89 0 84 11 83 90 107 347 0 53 37 24 25 394 454 661 0 0 0 82 231 130 0 123 60 
304 132 86 0 84 11 86 88 106 341 0 54 35 24 25 407 414 719 0 0 0 80 161 130 0 123 60 
302 130 84 0 86 0 84 89 106 341 0 54 37 25 23 354 439 703 0 0 0 76 163 130 0 123 60 
303 124 86 0 86 0 87 87 106 347 0 55 38 25 25 370 442 660 0 0 0 76 155 130 0 121 60 
298 131 87 0 86 11 88 96 108 355 0 57 35 22 26 344 477 695 0 0 0 75 185 130 0 121 60 
305 129 84 0 86 10 89 89 111 345 0 57 34 25 26 373 391 649 0 0 0 78 144 130 0 121 60 
302 129 89 0 84 0 88 85 110 341 0 58 36 25 25 343 430 695 0 0 0 78 198 130 0 121 60 
308 126 86 0 83 0 90 89 108 343 0 55 37 25 24 367 464 666 0 0 0 82 167 130 0 121 60 
302 135 86 0 84 11 90 84 107 345 0 55 35 26 25 387 420 719 0 0 0 86 162 130 0 121 60 
301 131 86 0 84 10 90 86 109 346 0 57 36 27 25 393 421 619 0 0 0 89 182 130 0 122 60 
309 128 87 0 85 0 88 86 109 343 0 54 41 26 25 401 409 681 0 0 0 92 135 130 0 122 60 
311 129 85 0 87 0 87 91 109 349 0 58 38 24 25 358 421 676 0 0 0 89 153 130 0 123 60 
305 130 88 0 88 11 90 91 108 350 0 56 34 21 24 377 407 669 0 0 0 84 155 130 0 123 60 
305 132 86 0 88 0 88 89 108 347 0 54 36 19 27 387 416 665 0 0 0 78 153 130 0 123 60 
306 125 89 0 88 0 86 91 110 350 0 50 38 19 26 337 424 636 0 0 0 76 181 130 0 123 60 
299 136 89 0 86 10 85 89 110 342 0 48 35 17 27 398 430 633 0 0 0 77 164 130 0 123 60 
307 127 88 0 84 11 85 89 111 337 0 43 35 17 26 356 452 571 0 0 0 84 151 130 0 123 60 
304 122 85 0 81 0 82 83 107 340 0 40 38 18 27 399 442 646 0 0 0 82 166 130 0 123 60 
304 128 87 0 81 0 82 87 107 350 0 42 38 20 28 389 438 632 0 0 0 84 184 130 0 122 60 
307 131 84 0 81 11 85 89 108 352 0 46 36 21 26 396 404 653 0 0 0 87 161 130 0 122 60 
303 133 83 0 82 12 86 88 109 346 0 47 36 22 24 343 441 661 0 0 0 83 205 130 0 122 60 
301 133 86 0 84 0 87 90 107 343 0 50 37 24 25 356 450 656 0 0 0 82 150 130 0 122 60 
303 133 87 0 85 0 88 91 107 348 0 52 38 23 25 389 438 625 0 0 0 81 186 130 0 123 60 
302 137 89 0 86 11 88 88 109 350 0 47 35 24 24 353 428 537 0 0 0 79 148 130 0 123 60 
303 126 88 0 87 11 87 87 109 347 0 51 36 23 24 344 416 654 0 0 0 79 196 130 0 123 60 
306 126 87 0 88 0 84 89 108 345 0 47 38 25 25 376 435 650 0 0 0 80 177 130 0 123 60 
301 131 85 0 88 0 82 88 107 342 0 52 36 24 25 384 463 671 0 0 0 81 158 130 0 123 60 
301 130 86 0 90 11 83 87 109 341 0 49 34 24 25 379 474 645 0 0 0 81 173 130 0 123 60 
302 128 85 0 91 10 84 89 108 345 0 49 36 23 24 364 438 670 0 0 0 85 178 130 0 123 60 
305 125 85 0 92 0 87 91 108 351 0 49 36 21 24 326 431 648 0 0 0 85 201 130 0 123 60 
300 127 85 0 93 0 89 88 108 343 0 46 35 21 25 389 402 582 0 0 0 84 115 130 0 123 60 
302 126 87 0 92 11 91 90 107 343 0 48 35 21 25 348 447 654 0 0 0 83 154 130 0 123 60 
301 130 86 0 90 10 88 90 107 342 0 50 37 21 24 384 456 627 0 0 0 86 163 130 0 123 60 
302 127 89 0 88 0 88 89 108 349 0 50 37 22 24 359 389 577 0 0 0 87 174 130 0 123 60 
302 134 90 0 86 0 88 92 107 356 0 45 35 23 24 361 432 583 0 0 0 79 221 130 0 123 60 
304 129 85 0 84 12 87 91 108 346 0 50 36 21 26 409 435 663 0 0 0 78 143 130 0 123 60 
304 124 85 0 85 10 84 90 109 347 0 47 38 21 25 367 439 634 0 0 0 82 146 130 0 123 60 
302 132 83 0 85 0 85 87 108 348 0 46 36 20 25 356 424 621 0 0 0 87 164 130 0 123 60 
305 129 87 0 86 0 85 87 107 347 0 50 35 19 25 404 453 687 0 0 0 91 179 130 0 123 60 
302 129 86 0 86 12 87 91 106 347 0 53 36 20 26 353 418 666 0 0 0 91 141 130 0 123 60 
302 132 89 0 86 10 86 85 107 341 0 56 36 21 25 416 438 665 0 0 0 91 179 130 0 123 60 
302 128 87 0 88 0 84 88 109 350 0 56 38 19 26 356 462 560 0 0 0 87 185 130 0 122 60 
303 131 86 0 87 0 85 85 109 351 0 55 35 19 25 387 408 623 0 0 0 82 141 130 0 121 60 
303 131 86 0 87 12 84 90 110 344 0 58 36 22 25 348 400 617 0 0 0 84 173 130 0 121 60 
299 127 88 0 87 0 83 90 107 351 0 53 39 21 25 355 431 705 0 0 0 80 131 130 0 121 60 
305 132 87 0 88 0 86 91 107 342 0 52 38 21 25 404 413 702 0 0 0 80 163 130 0 121 60 
302 128 88 0 88 10 88 92 109 337 0 55 35 22 26 389 455 622 0 0 0 82 196 130 0 122 60 
303 129 85 0 88 12 87 86 108 337 0 54 36 21 25 387 397 614 0 0 0 82 185 130 0 122 60 
297 131 88 0 88 0 88 88 107 347 0 59 38 22 25 381 475 644 0 0 0 86 158 130 0 122 60 
304 135 87 0 87 0 91 87 109 335 0 57 36 22 25 395 409 640 0 0 0 90 174 130 0 123 60 
303 128 86 0 86 10 92 82 110 343 0 62 36 23 25 375 408 664 0 0 0 90 184 130 0 123 60 
302 127 92 0 84 12 92 86 109 341 0 64 36 24 25 388 448 745 0 0 0 88 155 130 0 123 60 
304 132 87 0 83 0 92 89 108 342 0 56 38 23 26 382 432 626 0 0 0 84 177 130 0 121 60 
301 136 87 0 83 0 93 86 108 344 0 58 36 25 25 353 383 640 0 0 0 83 198 130 0 118 60 
302 131 88 0 85 10 92 84 109 348 0 58 36 23 25 389 424 688 0 0 0 83 129 130 0 116 60 
301 133 89 0 86 11 92 89 107 346 0 54 39 22 24 352 406 684 0 0 0 88 199 130 0 115 60 
301 131 88 0 87 0 91 96 106 340 0 55 36 20 25 390 442 665 0 0 0 89 193 130 0 115 60 
302 129 86 0 88 0 92 92 106 340 0 56 36 18 26 374 436 638 0 0 0 91 167 130 0 115 60 
302 128 87 0 88 11 90 86 108 346 0 60 36 19 26 369 423 656 0 0 0 89 172 130 0 117 60 
306 131 86 0 87 10 86 89 110 352 0 55 37 20 25 380 411 549 0 0 0 90 178 130 0 119 60 
300 135 89 0 85 0 87 88 109 344 0 57 35 21 26 362 447 639 0 0 0 84 167 130 0 120 60 
301 122 87 0 85 0 86 87 107 340 0 57 34 23 24 353 433 719 0 0 0 81 209 130 0 122 60 
305 129 88 0 84 11 82 87 108 348 0 55 36 24 23 364 442 625 0 0 0 71 187 130 0 122 60 
299 131 88 0 86 10 84 90 108 355 0 53 36 27 24 383 403 640 0 0 0 71 161 130 0 121 60 
301 135 87 0 86 0 86 87 108 356 0 54 34 26 25 365 411 611 0 0 0 76 168 130 0 121 60 
304 136 88 0 87 0 86 87 107 348 0 54 35 24 24 358 400 652 0 0 0 81 165 130 0 120 60 
297 130 85 0 88 11 85 94 107 349 0 53 36 25 26 341 472 538 0 0 0 82 136 130 0 119 60 
301 131 82 0 87 10 86 86 106 349 0 52 36 25 26 399 422 642 0 0 0 84 161 130 0 118 60 
304 132 88 0 86 0 85 86 109 346 0 55 34 25 24 402 406 598 0 0 0 81 143 130 0 117 60 
300 124 86 0 85 0 82 88 109 348 0 56 36 25 26 373 453 619 0 0 0 76 182 130 0 118 60 
298 133 89 0 83 11 80 87 110 345 0 54 35 24 24 361 466 625 0 0 0 78 171 130 0 117 60 
305 132 87 0 83 0 78 87 108 349 0 55 35 24 24 374 480 612 0 0 0 79 137 130 0 117 60 
303 129 86 0 83 0 77 86 107 344 0 61 33 23 25 379 444 590 0 0 0 86 132 130 0 117 60 
302 130 86 0 84 0 79 93 108 343 0 62 35 20 27 362 414 620 0 0 0 93 166 130 0 117 60 
307 123 89 0 84 10 81 89 108 348 0 62 36 19 27 386 416 564 0 0 0 93 151 130 0 117 60 
300 127 87 0 85 0 82 91 108 340 0 64 35 16 26 364 433 584 0 0 0 95 195 130 0 117 60 
305 123 86 0 86 0 86 89 108 334 0 59 35 15 29 388 442 661 0 0 0 95 180 130 0 118 60 
302 127 87 0 86 0 88 90 110 341 0 62 37 15 32 366 394 585 0 0 0 98 161 130 0 120 60 
304 133 86 0 84 11 89 89 108 350 0 62 37 15 28 407 417 606 0 0 0 93 137 130 0 121 60 
305 130 86 0 86 0 93 88 108 350 0 62 35 16 28 366 418 663 0 0 0 88 171 130 0 122 60 
307 128 89 0 87 0 94 89 108 344 0 63 37 14 28 352 437 553 0 0 0 80 157 130 0 122 60 
304 124 84 0 89 10 92 82 108 343 0 60 38 18 28 413 412 655 0 0 0 74 139 130 0 122 60 
302 128 83 0 89 11 94 85 108 347 0 60 36 20 27 361 449 593 0 0 0 67 163 130 0 123 60 
302 130 90 0 92 0 93 88 108 348 0 63 33 22 27 333 436 569 0 0 0 72 175 130 0 121 60 
300 124 90 0 92 0 88 89 108 347 0 56 35 21 26 357 391 510 0 0 0 76 177 130 0 121 60 
300 130 87 0 90 10 89 90 109 341 0 56 38 25 26 402 448 631 0 0 0 79 204 130 0 122 60 
303 130 90 0 89 10 86 90 107 339 0 60 37 24 24 357 420 653 0 0 0 89 192 130 0 122 60 
306 136 87 0 88 0 85 93 107 341 0 60 36 26 24 363 438 607 0 0 0 96 174 130 0 122 60 
301 131 83 0 87 0 82 89 107 346 0 59 36 23 25 348 427 653 0 0 0 99 186 130 0 123 60 
301 128 83 0 87 10 82 89 108 350 0 54 38 25 24 383 411 633 0 0 0 89 159 130 0 123 60 
298 128 82 0 87 11 82 91 110 345 0 51 36 24 24 418 440 632 0 0 0 86 162 130 0 123 60 
299 129 84 0 87 0 85 89 108 344 0 48 35 22 24 357 435 565 0 0 0 83 143 130 0 123 60 
303 128 86 0 85 0 87 90 106 348 0 50 37 21 24 358 477 677 0 0 0 81 161 130 0 123 60 
303 127 88 0 86 0 89 89 106 353 0 54 37 21 25 365 397 646 0 0 0 82 176 130 0 123 60 
303 130 89 0 86 10 91 86 107 355 0 54 35 20 25 358 389 690 0 0 0 85 199 130 0 123 60 
301 127 84 0 85 0 91 89 109 346 0 52 35 21 26 397 447 646 0 0 0 89 168 130 0 123 60 
299 130 86 0 85 0 87 90 108 343 0 53 37 21 26 363 407 670 0 0 0 89 199 130 0 123 60 
303 128 85 0 86 10 84 89 109 345 0 50 38 22 27 396 446 674 0 0 0 89 192 130 0 123 60 
304 129 85 0 86 10 82 87 108 348 0 45 36 25 27 390 425 640 0 0 0 87 197 130 0 123 60 
303 130 82 0 87 0 81 82 107 346 0 41 37 25 27 379 406 669 0 0 0 84 125 130 0 123 60 
299 132 86 0 87 0 81 87 107 344 0 42 37 24 25 345 385 700 0 0 0 80 179 130 0 123 60 
303 130 86 0 88 12 85 84 107 353 0 43 36 23 26 398 443 725 0 0 0 77 151 130 0 123 60 
306 133 86 0 88 10 87 89 107 348 0 44 35 23 26 329 444 683 0 0 0 76 168 130 0 123 60 
301 129 85 0 87 0 86 90 108 347 0 46 38 23 24 396 430 696 0 0 0 78 175 130 0 123 60 
303 131 88 0 86 0 89 92 109 348 0 46 38 21 24 376 436 696 0 0 0 77 172 130 0 123 60 
302 138 87 0 85 11 89 88 109 340 0 45 36 20 25 305 425 656 0 0 0 82 177 130 0 123 60 
303 133 85 0 85 0 88 89 108 337 0 43 34 22 25 393 479 676 0 0 0 85 169 130 0 123 60 
307 121 85 0 83 0 84 94 110 346 0 42 37 22 25 377 396 697 0 0 0 88 179 130 0 123 60 
306 133 86 0 86 0 84 85 110 352 0 45 37 22 24 404 414 672 0 0 0 86 179 130 0 123 60 
303 134 83 0 87 11 84 88 106 351 0 46 34 21 25 365 450 650 0 0 0 88 171 130 0 123 60 
307 138 86 0 87 0 84 87 106 342 0 46 33 20 26 377 434 643 0 0 0 89 220 130 0 123 60 
305 128 87 0 86 0 84 88 106 344 0 46 35 22 25 371 430 700 0 0 0 88 133 130 0 123 60 
305 130 86 0 85 0 83 92 108 349 0 44 36 21 25 355 423 738 0 0 0 93 152 130 0 123 60 
303 127 86 0 84 11 85 90 108 349 0 40 35 23 25 372 440 635 0 0 0 89 202 130 0 123 60 
306 127 86 0 83 0 86 90 109 346 0 42 34 23 26 402 425 682 0 0 0 82 163 130 0 123 60 
300 130 86 0 83 0 85 88 108 342 0 41 35 22 25 394 441 665 0 0 0 81 182 130 0 123 60 
305 131 83 0 85 0 88 92 107 339 0 40 36 21 26 377 454 525 0 0 0 78 193 130 0 123 60 
304 132 88 0 87 10 90 90 107 339 0 41 34 20 26 374 429 650 0 0 0 82 142 130 0 123 60 
297 132 86 0 88 0 87 87 107 345 0 38 34 21 25 341 430 650 0 0 0 83 170 130 0 123 60 
303 128 85 0 89 0 88 85 107 346 0 40 36 23 25 390 395 655 0 0 0 81 164 130 0 123 60 
298 125 87 0 89 0 89 90 107 341 0 39 34 24 25 390 408 599 0 0 0 81 189 130 0 123 60 
303 125 89 0 88 10 87 93 107 338 0 42 36 26 25 325 443 695 0 0 0 78 132 130 0 123 60 
305 128 86 0 85 0 87 91 107 349 0 47 38 25 25 384 457 586 0 0 0 76 169 130 0 123 60 
299 127 85 0 84 0 87 89 108 353 0 53 37 25 26 372 431 629 0 0 0 74 137 130 0 123 60 
302 131 84 0 82 0 87 90 108 354 0 56 34 25 25 354 418 564 0 0 0 73 149 130 0 123 60 
302 126 86 0 81 10 86 87 109 344 0 58 36 24 25 377 414 696 0 0 0 80 183 130 0 123 60 
302 125 85 0 82 0 87 89 108 345 0 61 38 24 25 348 411 580 0 0 0 91 171 130 0 123 60 
300 127 88 0 84 0 85 93 107 349 0 61 36 22 26 364 440 622 0 0 0 92 157 130 0 123 60 
300 128 85 0 85 0 87 90 107 348 0 58 34 22 24 398 429 596 0 0 0 95 175 130 0 123 60 
307 127 83 0 86 0 86 87 109 346 0 58 36 22 25 366 426 605 0 0 0 94 196 130 0 123 60 
297 131 85 0 86 0 86 85 109 347 0 57 38 20 25 339 457 620 0 0 0 89 210 130 0 123 60 
302 132 86 0 87 0 87 87 109 351 0 57 38 19 25 348 453 615 0 0 0 84 177 130 0 123 60 
307 132 85 0 88 10 86 89 108 348 0 58 34 19 25 359 429 553 0 0 0 82 132 130 0 123 60 
302 132 85 0 89 0 84 84 108 349 0 64 35 20 25 338 413 593 0 0 0 82 134 130 0 123 60 
301 130 87 0 89 0 83 94 109 345 0 62 37 21 24 358 407 557 0 0 0 81 170 130 0 123 60 
306 132 87 0 91 0 83 94 109 337 0 60 35 22 25 367 439 636 0 0 0 82 187 130 0 123 60 
302 126 88 0 92 10 80 92 107 333 0 59 35 26 26 369 445 610 0 0 0 83 180 130 0 123 60 
299 126 89 0 92 0 79 91 108 346 0 58 35 29 26 358 475 588 0 0 0 84 174 130 0 123 60 
304 126 84 0 90 0 81 86 109 350 0 58 36 28 25 374 387 645 0 0 0 89 162 130 0 123 60 
306 133 85 0 89 0 83 89 110 347 0 58 35 29 26 393 401 582 0 0 0 89 194 130 0 122 60 
302 129 86 0 87 11 84 82 108 339 0 59 36 30 25 359 421 614 0 0 0 92 154 130 0 123 60 
305 130 87 0 85 0 86 87 107 345 0 59 36 30 25 387 401 614 0 0 0 84 179 130 0 123 60 
305 134 82 0 84 0 87 87 107 349 0 60 37 25 26 370 432 647 0 0 0 73 177 130 0 123 60 
304 130 87 0 85 0 90 85 108 348 0 60 36 24 26 358 424 623 0 0 0 74 183 130 0 123 60 
301 130 85 0 84 10 93 89 108 345 0 59 37 21 26 357 440 663 0 0 0 77 152 130 0 123 60 
299 131 87 0 84 0 95 83 107 342 0 56 38 21 27 380 449 622 0 0 0 85 163 130 0 123 60 
300 130 88 0 86 0 99 91 106 340 0 54 38 19 26 350 446 671 0 0 0 84 156 130 0 123 60 
302 130 87 0 87 0 102 88 106 340 0 49 35 18 26 366 440 586 0 0 0 81 176 130 0 123 60 
302 131 87 0 87 10 101 95 106 345 0 49 37 16 26 352 400 638 0 0 0 75 154 130 0 123 60 
299 132 86 0 86 0 101 89 107 345 0 47 37 15 24 357 477 690 0 0 0 78 189 130 0 123 60 
300 134 83 0 88 0 100 89 109 344 0 48 39 17 25 360 420 664 0 0 0 82 133 130 0 123 60 
301 128 84 0 88 10 97 91 108 340 0 46 36 21 26 377 431 700 0 0 0 82 178 130 0 123 60 
300 124 84 0 89 10 92 88 110 352 0 40 35 22 25 399 474 652 0 0 0 84 170 130 0 123 60 
300 128 88 0 89 0 88 86 108 353 0 42 36 25 25 342 414 651 0 0 0 87 179 130 0 123 60 
302 134 86 0 89 0 85 90 107 351 0 41 35 25 24 359 379 581 0 0 0 84 166 130 0 123 60 
296 133 87 0 88 0 80 89 108 340 0 41 35 24 25 375 417 706 0 0 0 85 166 130 0 123 60 
304 128 89 0 86 0 79 87 108 342 0 41 37 25 25 360 456 674 0 0 0 85 133 130 0 123 60 
303 136 87 0 85 0 81 87 108 342 0 39 36 24 24 357 433 639 0 0 0 85 175 130 0 123 60 
299 123 84 0 83 0 79 89 108 344 0 41 35 26 24 359 439 671 0 0 0 83 143 130 0 123 60 
305 129 84 0 83 0 78 91 107 343 0 38 36 25 25 351 420 647 0 0 0 83 179 130 0 122 60 
301 128 87 0 84 11 80 84 110 345 0 32 38 26 25 382 442 612 0 0 0 81 154 130 0 123 60 
301 127 87 0 85 0 79 91 110 348 0 35 37 27 26 335 455 665 0 0 0 78 162 130 0 123 60 
302 133 85 0 86 0 78 87 110 347 0 33 36 25 25 320 458 727 0 0 0 82 152 130 0 123 60 
307 125 87 0 87 10 82 85 106 348 0 32 37 23 27 393 416 628 0 0 0 84 191 130 0 123 60 
306 127 86 0 86 10 86 86 106 346 0 31 39 20 25 324 425 646 0 0 0 86 215 130 0 123 60 
301 126 88 0 86 0 88 89 107 335 0 30 37 20 25 430 459 695 0 0 0 85 161 130 0 123 60 
304 128 87 0 86 0 90 93 107 334 0 32 34 17 24 390 419 579 0 0 0 89 172 130 0 123 60 
303 128 86 0 84 11 90 88 106 347 0 32 37 18 25 443 418 628 0 0 0 95 161 130 0 123 60 
303 130 88 0 85 0 90 92 108 353 0 32 38 18 25 390 363 657 0 0 0 96 185 130 0 123 60 
306 131 87 0 85 0 90 95 110 346 0 31 35 18 26 382 427 665 0 0 0 93 164 130 0 123 60 
302 128 92 0 85 0 86 89 108 344 0 30 37 19 25 379 451 617 0 0 0 88 151 130 0 123 60 
306 127 89 0 87 10 86 89 107 347 0 32 38 22 24 411 456 611 0 0 0 86 175 130 0 123 60 
303 128 89 0 88 0 83 86 108 350 0 31 37 22 25 337 435 643 0 0 0 82 147 130 0 123 60 
301 127 88 0 87 0 81 84 108 350 0 32 36 24 25 337 409 622 0 0 0 80 187 130 0 123 60 
304 129 88 0 86 0 78 83 108 344 0 34 38 23 25 374 425 614 0 0 0 80 141 130 0 123 60 
301 131 88 0 85 0 76 87 108 342 0 34 38 23 24 386 435 600 0 0 0 81 177 130 0 123 60 
303 133 86 0 84 0 80 91 108 342 0 35 38 25 25 365 415 690 0 0 0 79 198 130 0 123 60 
303 133 89 0 83 0 82 90 109 342 0 37 36 24 26 344 440 620 0 0 0 79 190 130 0 122 60 
304 135 87 0 83 0 82 97 110 347 0 33 38 24 25 345 445 644 0 0 0 78 167 130 0 123 60 
297 126 88 0 84 10 86 87 110 344 0 31 38 24 24 372 429 632 0 0 0 82 153 130 0 123 60 
298 130 86 0 84 0 87 85 108 339 0 30 36 24 25 365 456 658 0 0 0 79 152 130 0 123 60 
299 126 87 0 86 0 83 88 106 344 0 31 36 21 25 391 429 599 0 0 0 78 172 130 0 123 60 
298 133 89 0 85 0 83 89 107 353 0 29 37 20 25 350 414 632 0 0 0 82 157 130 0 123 60 
303 128 88 0 87 10 84 89 108 357 0 32 38 20 25 369 405 591 0 0 0 78 176 130 0 123 60 
301 135 86 0 86 0 84 87 110 348 0 31 34 22 25 362 399 556 0 0 0 79 181 130 0 123 60 
301 133 92 0 87 0 83 88 108 342 0 30 35 21 26 358 431 615 0 0 0 81 255 130 0 123 60 
303 133 87 0 89 0 86 89 108 346 0 30 37 23 26 366 455 632 0 0 0 86 171 130 0 123 60 
303 133 87 0 90 0 89 88 109 343 0 29 36 23 26 399 476 682 0 0 0 88 172 130 0 123 60 
300 137 89 0 92 0 92 86 109 347 0 31 34 20 26 394 399 665 0 0 0 82 143 130 0 123 60 
306 126 83 0 93 0 91 89 107 348 0 30 35 21 25 361 448 598 0 0 0 77 173 130 0 123 60 
308 129 88 0 93 0 90 90 107 349 0 30 38 19 26 367 480 608 0 0 0 77 135 130 0 123 60 
299 132 90 0 93 0 91 86 108 351 0 31 37 20 25 334 452 647 0 0 0 76 140 130 0 123 60 
305 135 89 0 91 0 88 85 108 346 0 29 35 20 26 375 428 672 0 0 0 76 213 130 0 123 60 
308 132 88 0 89 0 88 89 109 347 0 30 36 19 25 363 432 656 0 0 0 76 179 130 0 123 60 
309 130 88 0 88 0 89 91 108 341 0 28 37 20 25 359 436 690 0 0 0 77 173 130 0 123 60 
308 131 88 0 88 10 90 92 108 332 0 30 35 19 26 385 452 658 0 0 0 81 170 130 0 123 60 
306 125 88 0 88 0 88 89 109 344 0 30 36 20 25 369 445 656 0 0 0 81 196 130 0 123 60 
302 130 87 0 88 0 90 86 108 350 0 29 36 20 24 395 453 641 0 0 0 84 198 130 0 123 60 
302 128 88 0 88 0 92 91 108 350 0 32 34 22 24 368 442 599 0 0 0 84 207 130 0 123 60 
302 138 88 0 85 0 91 89 108 340 0 29 36 21 25 351 417 725 0 0 0 87 168 130 0 123 60 
302 131 85 0 85 0 90 88 109 341 0 30 35 23 24 341 458 657 0 0 0 87 173 130 0 123 60 
306 133 89 0 85 0 89 89 108 344 0 30 35 21 25 394 451 748 0 0 0 83 165 130 0 123 60 
301 129 89 0 83 10 88 85 108 348 0 29 37 23 26 406 440 611 0 0 0 83 162 130 0 123 60 
299 125 84 0 85 0 87 89 108 343 0 29 34 23 25 343 468 698 0 0 0 81 153 130 0 123 60 
305 127 89 0 85 0 85 85 109 341 0 29 37 24 26 348 428 618 0 0 0 81 174 130 0 123 60 
301 132 92 0 87 0 83 89 109 335 0 28 37 24 25 338 440 724 0 0 0 86 171 130 0 123 60 
298 133 86 0 88 10 83 91 110 340 0 32 36 23 26 362 438 694 0 0 0 93 183 130 0 123 60 
298 131 86 0 89 0 81 91 109 343 0 31 34 21 26 354 423 635 0 0 0 92 157 130 0 123 60 
296 124 89 0 88 0 83 89 107 351 0 30 35 19 25 290 462 712 0 0 0 91 193 130 0 123 60 
307 131 83 0 87 0 85 93 108 342 0 30 37 19 25 379 445 627 0 0 0 89 170 130 0 123 60 
299 124 84 0 85 10 86 89 108 341 0 30 37 19 24 365 413 643 0 0 0 86 158 130 0 123 60 
298 128 87 0 84 0 86 85 107 352 0 31 35 21 24 374 424 687 0 0 0 83 139 130 0 123 60 
298 125 83 0 84 0 88 89 106 356 0 28 35 21 25 357 441 700 0 0 0 81 179 130 0 123 60 
299 130 89 0 84 0 90 89 107 354 0 31 37 24 25 378 420 726 0 0 0 79 173 130 0 123 60 
302 125 90 0 85 0 89 85 110 344 0 31 35 25 25 376 413 631 0 0 0 82 182 130 0 123 60 
300 125 88 0 85 0 87 86 110 343 0 31 35 26 26 346 433 621 0 0 0 85 174 130 0 123 60 
301 125 86 0 86 0 87 91 108 346 0 32 39 25 25 340 477 527 0 0 0 85 140 130 0 123 60 
302 130 85 0 85 0 86 90 108 348 0 32 36 26 25 321 414 636 0 0 0 88 149 130 0 123 60 
300 129 83 0 84 0 83 88 107 345 0 32 35 27 25 379 455 675 0 0 0 90 189 130 0 123 60 
305 130 82 0 83 0 81 88 107 348 0 34 36 26 26 338 426 638 0 0 0 91 171 130 0 123 60 
304 131 86 0 82 0 81 90 107 351 0 33 38 27 25 346 429 659 0 0 0 88 219 130 0 123 60 
306 132 87 0 83 0 80 87 107 347 0 34 36 24 26 395 494 666 0 0 0 83 139 130 0 123 60 
304 126 86 0 84 10 81 86 110 345 0 34 35 23 25 403 452 628 0 0 0 84 166 130 0 123 60 
302 130 87 0 85 0 83 90 111 346 0 35 35 23 24 324 428 517 0 0 0 84 152 130 0 123 60 
308 128 87 0 87 0 84 89 109 334 0 35 37 20 24 349 438 593 0 0 0 82 146 130 0 123 60 
301 125 88 0 88 0 87 84 107 335 0 36 34 18 24 354 413 592 0 0 0 86 200 130 0 123 60 
308 129 86 0 87 0 85 89 108 348 0 35 36 16 25 357 420 662 0 0 0 82 195 130 0 123 60 
306 137 83 0 88 0 94 94 109 349 0 36 36 15 26 357 391 565 0 0 0 81 163 130 0 123 60 
304 126 85 0 85 0 101 91 109 347 0 34 37 16 26 362 420 661 0 0 0 81 209 130 0 123 60 
305 129 85 0 84 0 105 87 108 343 0 33 35 17 26 353 407 579 0 0 0 82 125 130 0 123 60 
301 128 84 0 83 0 104 95 107 345 0 33 35 15 24 369 448 584 0 0 0 86 186 130 0 123 60 
307 133 87 0 81 0 106 88 106 351 0 34 40 15 25 362 436 653 0 0 0 85 166 130 0 123 60 
304 132 85 0 81 0 106 84 109 345 0 32 37 16 24 377 448 586 0 0 0 85 158 130 0 123 60 
298 133 86 0 82 0 102 84 111 343 0 32 34 19 23 371 416 609 0 0 0 85 142 130 0 123 60 
302 127 88 0 83 0 97 86 109 341 0 31 36 23 25 347 438 546 0 0 0 83 177 130 0 123 60 
302 135 87 0 85 0 94 87 106 341 0 31 36 22 25 371 404 649 0 0 0 85 179 130 0 123 60 
302 132 87 0 86 0 90 83 106 344 0 30 36 22 25 327 446 660 0 0 0 80 184 130 0 123 60 
299 133 85 0 86 0 81 88 108 349 0 30 34 25 24 370 438 665 0 0 0 84 188 130 0 123 60 
300 129 88 0 87 0 77 89 108 346 0 31 35 26 25 342 442 649 0 0 0 81 160 130 0 123 60 
303 133 87 0 89 0 75 90 107 338 0 32 37 26 26 373 452 557 0 0 0 84 151 130 0 123 60 
301 127 86 0 90 0 73 93 108 346 0 31 35 23 25 354 428 582 0 0 0 87 162 130 0 123 60 
299 124 92 0 92 10 72 91 109 355 0 30 36 24 24 383 438 518 0 0 0 87 156 130 0 123 60 
301 127 88 0 93 0 76 86 108 352 0 29 36 23 26 337 442 691 0 0 0 82 169 130 0 123 60 
298 137 86 0 92 0 79 85 108 345 0 31 37 21 27 343 434 650 0 0 0 80 183 130 0 123 60 
305 135 88 0 92 0 79 92 108 341 0 29 34 17 27 358 431 725 0 0 0 82 151 130 0 123 60 
299 132 88 0 89 0 81 88 109 342 0 32 35 17 26 353 442 668 0 0 0 83 142 130 0 123 60 
305 128 86 0 87 0 82 88 109 349 0 32 38 21 26 332 373 654 0 0 0 87 145 130 0 123 60 
301 131 84 0 87 0 85 90 108 349 0 30 37 22 27 398 391 638 0 0 0 89 173 130 0 123 60 
307 127 88 0 87 0 86 86 109 351 0 31 34 23 26 361 385 671 0 0 0 82 171 130 0 123 60 
301 128 83 0 86 10 89 89 109 351 0 31 35 23 25 391 439 666 0 0 0 81 192 130 0 123 60 
302 129 86 0 87 0 89 91 108 351 0 31 38 25 24 333 423 686 0 0 0 87 164 130 0 123 60 
310 133 86 0 87 0 91 88 108 348 0 33 37 23 23 365 431 716 0 0 0 89 142 130 0 123 60 
303 134 82 0 87 0 89 88 107 346 0 31 34 22 25 366 441 686 0 0 0 87 155 130 0 123 60 
296 124 85 0 87 0 89 86 109 339 0 30 36 24 24 331 417 704 0 0 0 86 179 130 0 123 60 
303 126 85 0 87 0 90 87 109 334 0 32 37 21 24 375 420 693 0 0 0 86 171 130 0 123 60 
301 127 85 0 86 0 91 89 108 347 0 30 36 21 24 353 409 697 0 0 0 81 182 130 0 123 60 
305 132 85 0 88 0 89 90 106 354 0 32 35 21 27 354 438 740 0 0 0 80 150 130 0 123 60 
306 124 86 0 89 0 87 94 106 348 0 31 36 21 27 341 434 666 0 0 0 79 192 130 0 123 60 
301 127 84 0 90 0 86 91 107 343 0 31 36 22 25 394 432 723 0 0 0 79 166 130 0 123 60 
303 129 85 0 89 0 85 90 109 343 0 33 35 23 27 319 415 670 0 0 0 81 163 130 0 123 60 
301 134 84 0 90 0 81 90 109 350 0 33 36 22 30 360 412 670 0 0 0 81 143 130 0 123 60 
302 127 87 0 88 0 83 89 108 348 0 35 36 21 33 318 403 739 0 0 0 82 177 130 0 123 60 
303 125 85 0 87 0 84 88 107 349 0 33 37 21 31 381 441 766 0 0 0 82 144 130 0 123 60 
302 132 87 0 86 0 82 85 106 343 0 33 34 21 30 396 464 672 0 0 0 80 182 130 0 123 60 
307 130 85 0 85 0 84 89 108 341 0 33 36 22 30 401 440 704 0 0 0 83 179 130 0 123 60 
306 130 86 0 84 0 83 86 107 342 0 34 37 23 28 340 438 688 0 0 0 85 174 130 0 123 60 
301 130 87 0 84 0 81 84 108 348 0 32 37 24 26 416 397 558 0 0 0 85 154 130 0 123 60 
300 133 87 0 86 0 78 91 108 349 0 35 33 23 25 375 483 664 0 0 0 91 186 130 0 123 60 
300 140 85 0 87 0 79 91 109 342 0 35 35 21 26 351 470 659 0 0 0 92 172 130 0 123 60 
306 126 84 0 88 0 79 90 110 339 0 41 37 20 26 349 414 721 0 0 0 94 210 130 0 123 60 
305 128 84 0 88 0 82 89 109 351 0 40 36 22 24 360 462 613 0 0 0 96 146 130 0 123 60 
301 128 82 0 86 0 84 93 109 353 0 42 35 25 24 352 448 634 0 0 0 97 206 130 0 123 60 
302 130 85 0 85 10 87 89 108 352 0 44 37 26 25 370 433 690 0 0 0 94 194 130 0 123 60 
301 138 85 0 85 0 91 91 106 345 0 42 36 24 26 362 433 614 0 0 0 93 162 130 0 123 60 
302 130 85 0 85 0 91 88 106 344 0 38 34 26 26 347 438 648 0 0 0 88 170 130 0 123 60 
301 131 85 0 86 0 92 88 106 352 0 38 35 25 27 350 442 629 0 0 0 82 185 130 0 123 60 
301 127 87 0 87 0 93 87 108 346 0 36 36 25 28 323 422 659 0 0 0 83 184 130 0 123 60 
300 130 85 0 88 0 97 85 109 349 0 39 36 23 27 383 425 600 0 0 0 79 140 130 0 123 60 
297 132 83 0 89 0 94 92 110 350 0 45 34 23 27 403 418 605 0 0 0 81 171 130 0 123 60 
302 128 83 0 88 0 95 92 107 352 0 49 34 23 25 367 483 650 0 0 0 86 191 130 0 123 60 
301 131 84 0 87 0 95 86 107 346 0 48 35 21 25 340 405 653 0 0 0 83 151 130 0 123 60 
301 136 87 0 86 0 93 89 108 346 0 50 35 18 26 369 440 675 0 0 0 78 164 130 0 123 60 
307 124 86 0 84 0 91 83 108 345 0 52 35 18 25 334 436 596 0 0 0 76 147 130 0 123 60 
299 128 85 0 84 0 89 84 107 335 0 47 36 19 25 361 412 599 0 0 0 72 192 130 0 123 60 
301 137 86 0 83 0 86 88 107 333 0 49 36 18 25 394 439 513 0 0 0 78 135 130 0 123 60 
299 130 88 0 84 0 82 86 107 350 0 50 35 21 26 334 444 675 0 0 0 81 148 130 0 123 60 
302 123 84 0 84 0 80 89 107 344 0 51 33 23 26 359 437 672 0 0 0 88 160 130 0 123 60 
305 129 86 0 85 0 77 88 109 345 0 53 36 28 25 366 436 683 0 0 0 91 188 130 0 123 60 
301 135 85 0 85 0 77 89 109 341 0 57 35 29 23 379 421 644 0 0 0 92 185 130 0 123 60 
303 133 84 0 85 0 79 89 108 344 0 57 34 28 24 316 433 654 0 0 0 88 196 130 0 123 60 
301 134 87 0 85 0 79 89 107 351 0 54 34 30 24 368 420 625 0 0 0 79 155 130 0 123 60 
300 133 88 0 86 0 83 91 107 345 0 50 34 30 26 377 400 678 0 0 0 76 151 130 0 123 60 
302 129 87 0 87 0 84 84 107 345 0 54 35 28 26 368 453 673 0 0 0 77 180 130 0 123 60 
304 129 87 0 88 0 86 85 107 340 0 55 33 24 25 371 403 642 0 0 0 81 199 130 0 123 60 
301 120 86 0 90 0 91 89 108 338 0 49 36 23 26 386 450 710 0 0 0 84 147 130 0 123 60 
303 131 87 0 92 0 93 89 110 344 0 44 36 22 26 397 399 697 0 0 0 83 186 130 0 123 60 
301 128 89 0 92 0 94 93 108 348 0 41 35 19 21 410 457 673 0 0 0 82 179 130 0 123 60 
304 132 89 0 92 0 93 87 108 347 0 43 34 20 19 354 427 638 0 0 0 80 178 130 0 123 60 
299 123 86 0 91 0 95 94 108 341 0 43 34 17 25 341 424 667 0 0 0 82 140 130 0 123 60 
302 126 87 0 89 0 94 90 109 346 0 42 35 16 24 357 396 721 0 0 0 82 120 130 0 123 60 
306 128 88 0 88 0 91 89 108 356 0 51 35 16 23 391 431 638 0 0 0 80 180 130 0 123 60 
302 125 87 0 87 0 89 92 107 353 0 53 36 17 25 361 438 767 0 0 0 79 149 130 0 123 60 
296 132 87 0 88 0 87 91 108 347 0 54 36 21 25 365 459 616 0 0 0 79 176 130 0 123 60 
297 127 85 0 88 0 84 91 110 344 0 58 37 24 26 381 452 719 0 0 0 82 143 130 0 123 60 
299 133 87 0 87 0 78 90 109 347 0 58 34 26 25 370 436 642 0 0 0 89 147 130 0 123 60 
301 126 89 0 86 0 76 89 107 348 0 54 35 24 25 315 403 709 0 0 0 85 183 130 0 123 60 
301 125 87 0 85 0 74 87 107 344 0 49 36 27 25 379 398 707 0 0 0 85 172 130 0 123 60 
302 129 89 0 84 0 77 86 109 345 0 47 36 26 26 379 428 651 0 0 0 81 208 130 0 123 60 
302 128 84 0 83 0 80 91 108 349 0 47 34 24 26 364 486 690 0 0 0 80 198 130 0 123 60 
302 131 85 0 84 0 83 86 109 348 0 45 35 25 26 363 413 679 0 0 0 81 155 130 0 123 60 
301 129 84 0 85 0 88 87 108 350 0 47 36 24 26 326 443 685 0 0 0 83 154 130 0 123 60 
300 129 85 0 86 0 89 87 108 345 0 42 37 25 26 356 464 682 0 0 0 84 172 130 0 123 60 
307 130 89 0 87 0 88 89 107 340 0 41 35 27 26 384 436 690 0 0 0 84 181 130 0 123 60 
301 130 88 0 87 0 89 88 108 333 0 42 36 24 26 336 418 683 0 0 0 88 204 130 0 123 60 
301 130 89 0 87 0 90 92 109 344 0 45 38 23 25 356 429 669 0 0 0 86 155 130 0 123 60 
305 130 89 0 87 0 84 91 109 353 0 48 35 22 27 353 437 640 0 0 0 80 143 130 0 123 60 
300 127 88 0 86 0 85 87 109 347 0 52 36 19 25 377 446 579 0 0 0 78 211 130 0 123 60 
303 130 88 0 86 0 86 85 109 344 0 58 35 17 26 354 476 685 0 0 0 75 153 130 0 123 60 
306 128 86 0 85 0 85 93 107 342 0 56 38 17 26 345 449 638 0 0 0 74 188 130 0 123 60 
299 130 86 0 85 0 86 96 107 350 0 53 34 18 26 382 440 648 0 0 0 77 142 130 0 123 60 
301 127 88 0 86 0 88 93 107 349 0 49 35 18 27 369 430 613 0 0 0 79 161 130 0 123 60 
304 130 87 0 87 0 88 89 109 345 0 43 36 20 25 387 397 716 0 0 0 80 159 130 0 123 60 
302 126 89 0 87 0 90 87 109 343 0 43 37 22 26 387 433 649 0 0 0 80 187 130 0 123 60 
306 131 86 0 87 0 89 88 109 341 0 45 34 22 26 341 433 595 0 0 0 79 186 130 0 123 60 
303 128 84 0 86 0 88 83 109 341 0 48 38 24 27 401 456 615 0 0 0 82 181 130 0 123 60 
304 127 89 0 84 0 88 87 109 347 0 45 36 24 27 361 432 691 0 0 0 81 150 130 0 122 60 
302 131 88 0 83 0 88 87 110 348 0 49 37 22 26 361 411 639 0 0 0 90 153 130 0 122 60 
301 135 88 0 82 0 88 84 108 344 0 50 34 25 26 362 463 622 0 0 0 90 154 130 0 123 60 
302 131 89 0 84 0 90 84 107 339 0 49 36 25 27 361 454 687 0 0 0 86 163 130 0 123 60 
301 133 88 0 85 0 91 89 107 351 0 50 36 24 28 335 467 631 0 0 0 82 172 130 0 123 60 
306 137 83 0 86 0 88 92 108 354 0 57 34 24 26 368 414 575 0 0 0 78 160 130 0 123 60 
301 126 89 0 87 0 88 92 108 348 0 56 34 22 27 379 389 641 0 0 0 83 152 130 0 123 60 
303 130 82 0 87 0 85 88 110 345 0 55 36 23 26 372 418 646 0 0 0 85 196 130 0 123 60 
299 130 86 0 87 0 84 89 108 343 0 57 37 21 25 335 447 581 0 0 0 93 202 130 0 123 60 
304 136 89 0 87 0 80 83 108 349 0 54 37 21 25 368 441 572 0 0 0 93 154 130 0 123 60 
299 136 87 0 86 0 82 89 108 349 0 56 37 21 26 314 388 662 0 0 0 91 162 130 0 123 60 
303 139 87 0 84 0 84 88 107 345 0 55 38 23 25 320 400 666 0 0 0 90 147 130 0 123 60 
300 126 87 0 83 0 86 89 109 351 0 62 37 21 26 390 441 658 0 0 0 92 179 130 0 123 60 
295 123 84 0 81 0 87 89 108 351 0 64 35 21 25 351 431 614 0 0 0 91 183 130 0 123 60 
303 127 86 0 82 0 89 91 107 351 0 64 37 20 24 355 385 670 0 0 0 90 159 130 0 123 60 
302 126 86 0 82 0 91 92 107 348 0 63 37 20 25 369 396 537 0 0 0 87 175 130 0 123 60 
302 127 84 0 84 0 89 87 108 348 0 69 36 21 25 382 420 608 0 0 0 83 173 130 0 123 60 
301 135 86 0 84 0 90 91 108 339 0 63 34 20 25 359 432 696 0 0 0 78 133 130 0 123 60 
299 130 87 0 85 0 88 88 109 338 0 63 36 19 26 346 421 641 0 0 0 80 184 130 0 123 60 
301 122 89 0 87 0 88 84 109 351 0 65 37 20 25 348 443 700 0 0 0 81 168 130 0 123 60 
304 122 85 0 88 0 87 87 107 352 0 66 35 20 25 363 405 708 0 0 0 80 180 130 0 123 60 
306 123 90 0 89 0 86 88 105 345 0 66 36 20 26 373 422 631 0 0 0 82 211 130 0 123 60 
302 131 84 0 91 0 89 89 107 343 0 67 37 21 25 358 415 667 0 0 0 79 155 130 0 123 60 
304 132 86 0 91 0 88 89 109 343 0 66 38 22 26 349 450 652 0 0 0 75 148 130 0 123 60 
308 132 87 0 92 0 85 92 108 344 0 64 35 21 26 375 418 686 0 0 0 74 154 130 0 123 60 
302 124 87 0 92 0 83 90 109 344 0 62 37 22 26 349 441 653 0 0 0 74 174 130 0 123 60 
304 128 87 0 90 0 83 86 108 343 0 59 37 21 25 396 436 729 0 0 0 73 181 130 0 123 60 
307 135 87 0 89 0 80 92 109 342 0 57 37 23 26 346 432 629 0 0 0 74 141 130 0 123 60 
304 126 85 0 88 0 80 91 109 336 0 53 36 24 26 348 402 664 0 0 0 83 171 130 0 123 60 
309 131 87 0 86 0 80 86 107 343 0 58 37 25 24 374 439 627 0 0 0 86 161 130 0 123 60 
304 129 88 0 86 0 82 89 108 347 0 56 37 25 25 367 442 652 0 0 0 87 168 130 0 123 60 
304 128 88 0 86 0 83 83 110 348 0 62 37 23 24 358 426 684 0 0 0 89 146 130 0 123 60 
305 130 87 0 86 0 84 85 112 340 0 61 36 22 25 397 468 671 0 0 0 85 168 130 0 123 60 
304 130 86 0 86 0 89 84 109 338 0 61 37 20 25 355 452 679 0 0 0 83 153 130 0 123 60 
304 135 86 0 86 0 96 87 108 353 0 60 38 19 24 355 401 586 0 0 0 81 221 130 0 123 60 
303 128 85 0 86 0 97 92 108 353 0 58 37 18 25 319 450 638 0 0 0 79 215 130 0 123 60 
303 126 89 0 85 0 101 86 109 349 0 58 36 19 25 370 423 677 0 0 0 82 164 130 0 123 60 
304 128 85 0 86 0 103 92 108 346 0 59 39 21 25 379 479 660 0 0 0 78 154 130 0 123 60 
298 132 86 0 87 0 104 90 109 346 0 62 39 23 25 365 440 695 0 0 0 78 175 130 0 123 60 
301 128 88 0 88 0 101 89 108 347 0 64 36 24 24 331 436 664 0 0 0 77 173 130 0 123 60 
297 130 85 0 89 0 96 88 108 344 0 65 37 26 25 365 428 614 0 0 0 80 163 130 0 123 60 
301 130 87 0 89 0 93 85 107 340 0 63 38 28 26 352 411 560 0 0 0 81 157 130 0 123 60 
305 132 87 0 89 0 86 89 107 348 0 62 39 23 24 361 412 654 0 0 0 86 182 130 0 123 60 
298 133 87 0 88 0 84 83 108 348 0 62 36 24 25 339 438 634 0 0 0 85 168 130 0 123 60 
297 130 86 0 85 0 80 89 108 349 0 63 37 24 24 373 438 653 0 0 0 81 167 130 0 123 60 
297 132 86 0 85 0 78 92 110 345 0 54 37 25 24 363 421 618 0 0 0 85 139 130 0 123 60 
301 128 89 0 84 0 77 88 109 342 0 55 35 25 25 404 422 630 0 0 0 84 227 130 0 123 60 
302 131 86 0 83 0 78 89 107 332 0 52 35 23 25 376 440 617 0 0 0 81 182 130 0 123 60 
302 135 89 0 84 0 80 85 106 336 0 54 36 23 25 358 438 580 0 0 0 81 153 130 0 123 60 
304 132 88 0 86 0 79 84 107 348 0 53 36 21 24 346 465 613 0 0 0 90 146 130 0 123 60 
299 133 84 0 86 0 78 83 108 346 0 54 35 20 26 402 441 572 0 0 0 90 153 130 0 123 60 
302 120 85 0 87 0 79 86 107 342 0 57 36 17 25 363 408 606 0 0 0 84 175 130 0 123 60 
303 128 87 0 87 0 81 91 107 341 0 59 38 16 25 375 417 634 0 0 0 80 201 130 0 123 60 
298 124 87 0 86 0 81 90 108 345 0 57 37 15 25 345 443 587 0 0 0 77 190 130 0 123 60 
306 135 85 0 85 0 79 87 110 348 0 56 34 15 27 330 448 555 0 0 0 75 179 130 0 123 60 
301 133 91 0 85 0 79 88 109 345 0 57 36 16 26 390 413 563 0 0 0 78 128 130 0 123 60 
301 141 89 0 85 0 80 91 108 341 0 57 37 14 25 378 392 630 0 0 0 82 198 130 0 123 60 
304 131 84 0 86 0 80 89 107 341 0 59 36 16 26 334 431 623 0 0 0 78 167 130 0 123 60 
301 133 84 0 87 0 82 85 107 341 0 55 34 17 25 322 428 622 0 0 0 81 127 130 0 123 60 
304 126 86 0 87 0 83 87 106 347 0 58 34 18 26 378 441 507 0 0 0 83 165 130 0 123 60 
305 131 85 0 87 0 86 84 107 349 0 59 36 22 25 353 445 675 0 0 0 88 155 130 0 123 60 
299 126 84 0 87 0 84 91 108 343 0 57 35 23 26 355 400 644 0 0 0 89 184 130 0 123 60 
306 129 85 0 86 0 85 91 110 338 0 56 33 24 26 371 445 587 0 0 0 86 206 130 0 123 60 
299 131 87 0 85 0 86 89 109 346 0 58 35 23 27 375 442 649 0 0 0 85 176 130 0 123 60 
307 126 85 0 84 0 86 89 107 354 0 54 35 23 26 360 466 612 0 0 0 80 154 130 0 123 60 
299 124 86 0 84 0 83 89 107 350 0 56 33 25 27 350 425 585 0 0 0 82 148 130 0 123 60 
299 124 84 0 84 0 85 92 108 345 0 53 34 23 26 356 416 536 0 0 0 83 155 130 0 123 60 
304 131 85 0 84 0 87 85 108 340 0 55 35 25 26 320 464 657 0 0 0 84 157 130 0 123 60 
297 132 83 0 84 0 88 90 108 348 0 57 35 23 26 368 438 651 0 0 0 85 161 130 0 123 60 
301 126 86 0 84 0 93 89 108 348 0 59 32 22 26 380 412 688 0 0 0 86 197 130 0 123 60 
300 129 85 0 84 0 94 87 107 344 0 62 33 22 26 358 455 706 0 0 0 85 157 130 0 123 60 
298 126 85 0 85 0 96 92 107 351 0 59 34 21 26 355 427 681 0 0 0 83 183 130 0 123 60 
299 128 86 0 85 0 97 87 109 347 0 59 34 20 25 375 440 600 0 0 0 80 143 130 0 123 60 
301 125 84 0 86 0 99 94 110 350 0 55 31 21 24 328 407 576 0 0 0 77 218 130 0 123 60 
301 127 83 0 87 0 97 89 108 349 0 53 33 24 24 373 399 714 0 0 0 76 191 130 0 123 60 
302 131 86 0 89 0 96 94 107 347 0 52 34 24 24 352 412 707 0 0 0 73 191 130 0 123 60 
302 128 85 0 90 0 91 91 106 336 0 56 32 26 24 402 415 724 0 0 0 72 174 130 0 123 60 
302 133 86 0 91 0 89 89 109 335 0 54 31 24 26 361 412 653 0 0 0 72 161 130 0 123 60 
305 136 87 0 92 0 87 90 108 349 0 58 34 24 25 353 415 682 0 0 0 80 162 130 0 123 60 
306 135 86 0 92 0 85 86 108 353 0 58 33 22 26 369 427 681 0 0 0 85 197 130 0 123 60 
298 129 85 0 91 0 83 92 108 345 0 59 32 21 26 344 492 725 0 0 0 90 136 130 0 122 60 
302 133 85 0 90 0 83 87 110 342 0 56 32 21 26 324 456 667 0 0 0 89 189 130 0 123 60 
307 128 85 0 90 0 83 88 109 344 0 52 32 20 27 376 464 643 0 0 0 92 158 130 0 123 60 
302 131 86 0 89 0 83 89 108 354 0 55 34 21 27 343 430 688 0 0 0 89 206 130 0 123 60 
307 124 84 0 89 0 81 89 108 345 0 53 31 22 26 349 421 632 0 0 0 85 177 130 0 123 60 
302 129 88 0 89 0 83 97 108 343 0 55 32 23 26 352 428 602 0 0 0 88 155 130 0 122 60 
301 130 86 0 88 0 85 91 109 341 0 59 33 22 26 328 433 713 0 0 0 90 176 130 0 123 60 
305 131 86 0 87 0 83 90 108 339 0 61 32 21 26 359 410 700 0 0 0 93 196 130 0 123 60 
304 131 88 0 86 0 85 88 108 344 0 58 32 19 25 355 439 622 0 0 0 95 160 130 0 123 60 
299 133 88 0 85 0 85 86 108 348 0 60 33 22 24 403 445 662 0 0 0 99 181 130 0 123 60 
307 131 85 0 84 0 86 86 108 347 0 57 33 22 24 351 426 671 0 0 0 96 169 130 0 123 60 
305 129 89 0 84 0 85 83 108 342 0 60 34 24 25 402 421 595 0 0 0 89 171 130 0 123 60 
307 129 85 0 85 0 85 88 108 346 0 59 33 23 24 336 466 624 0 0 0 88 176 130 0 123 60 
304 130 86 0 86 0 87 87 109 356 0 60 33 20 25 353 439 659 0 0 0 90 181 130 0 123 60 
308 138 88 0 88 0 87 80 110 350 0 64 33 21 25 370 431 654 0 0 0 88 150 130 0 123 60 
299 134 89 0 87 0 87 93 107 344 0 64 33 21 24 411 404 653 0 0 0 86 206 130 0 123 60 
302 129 86 0 87 0 86 94 106 343 0 67 33 22 26 373 424 635 0 0 0 83 156 130 0 123 60 
306 128 88 0 86 0 87 92 106 346 0 66 33 24 27 392 435 629 0 0 0 82 190 130 0 123 60 
309 128 87 0 85 0 86 91 108 351 0 64 33 26 25 362 362 621 0 0 0 86 168 130 0 123 60 
285 129 87 0 85 0 85 89 109 345 0 60 32 24 26 396 493 627 0 0 0 81 163 130 0 123 60 
307 132 88 0 84 0 84 88 109 350 0 58 36 26 28 382 438 645 0 0 0 81 140 130 0 123 60 
300 137 88 0 85 0 82 86 107 350 0 55 36 24 28 389 445 628 0 0 0 81 151 130 0 123 60 
310 132 87 0 85 0 81 89 107 351 0 55 34 24 32 355 441 598 0 0 0 84 149 130 0 123 60 
305 126 84 0 86 0 81 90 107 350 0 58 33 23 29 370 445 586 0 0 0 81 153 130 0 123 60 
307 124 84 0 86 0 83 85 108 348 0 64 34 22 29 331 448 664 0 0 0 80 195 130 0 123 60 
303 133 83 0 85 0 84 88 108 341 0 58 35 24 27 334 431 633 0 0 0 78 190 130 0 123 60 
303 130 83 0 84 0 87 90 107 336 0 59 33 20 27 341 416 640 0 0 0 80 163 130 0 123 60 
303 127 88 0 84 0 88 89 109 348 0 59 32 18 26 349 413 618 0 0 0 78 194 130 0 123 60 
302 130 87 0 83 0 88 86 109 356 0 56 34 19 28 360 418 646 0 0 0 81 178 130 0 123 60 
309 128 88 0 83 0 85 90 110 346 0 60 34 21 28 341 447 532 0 0 0 81 167 130 0 123 60 
301 128 87 0 84 0 86 88 108 342 0 60 32 20 27 396 439 624 0 0 0 83 125 130 0 123 60 
304 122 88 0 85 0 84 85 109 342 0 57 33 21 28 327 462 627 0 0 0 83 177 130 0 123 60 
306 128 86 0 86 0 86 89 108 346 0 57 33 24 27 392 430 637 0 0 0 81 160 130 0 123 60 
304 126 83 0 87 0 84 87 107 349 0 56 34 26 27 376 419 698 0 0 0 82 140 130 0 123 60 
305 135 87 0 87 0 84 91 106 343 0 54 32 30 27 341 473 623 0 0 0 80 157 130 0 123 60 
303 131 86 0 88 0 87 90 106 342 0 53 34 27 26 346 437 634 0 0 0 81 151 130 0 123 60 
304 121 86 0 87 0 90 91 109 339 0 53 34 29 26 355 471 554 0 0 0 81 184 130 0 123 60 
301 125 91 0 86 0 89 91 110 342 0 54 33 31 27 350 468 700 0 0 0 83 154 130 0 122 60 
304 125 88 0 85 0 91 89 109 349 0 56 31 27 27 398 429 670 0 0 0 87 189 130 0 122 60 
304 125 89 0 84 0 94 89 107 344 0 56 34 23 29 396 430 677 0 0 0 92 149 130 0 123 60 
302 131 86 0 83 0 93 89 108 341 0 55 35 23 31 372 438 696 0 0 0 93 154 130 0 123 60 
305 129 88 0 82 0 94 85 108 340 0 55 34 20 28 350 496 638 0 0 0 93 179 130 0 123 60 
305 128 85 0 82 0 94 84 107 350 0 53 33 20 27 356 427 621 0 0 0 87 194 130 0 123 60 
300 134 85 0 82 0 94 90 107 357 0 57 34 19 27 399 405 661 0 0 0 81 184 130 0 123 60 
304 132 87 0 83 0 94 91 107 351 0 55 34 17 26 348 408 737 0 0 0 76 179 130 0 123 60 
302 127 86 0 84 0 93 86 107 345 0 53 33 16 26 387 452 683 0 0 0 76 165 130 0 123 60 
301 129 85 0 85 0 90 89 108 346 0 53 35 16 26 381 447 702 0 0 0 79 178 130 0 123 60 
300 125 84 0 87 0 87 92 109 351 0 52 35 19 26 358 458 658 0 0 0 88 155 130 0 123 60 
302 132 83 0 88 0 81 89 110 347 0 56 34 23 25 345 369 620 0 0 0 92 169 130 0 123 60 
302 127 84 0 89 0 80 91 108 344 0 56 32 24 25 366 387 641 0 0 0 88 168 130 0 123 60 
299 132 89 0 90 0 77 92 107 347 0 58 34 24 26 379 445 622 0 0 0 91 153 130 0 123 60 
301 137 87 0 91 0 76 85 107 348 0 58 33 25 26 378 380 730 0 0 0 85 188 130 0 123 60 
302 133 87 0 91 0 75 89 108 347 0 59 33 25 26 376 445 650 0 0 0 84 165 130 0 123 60 
298 128 86 0 90 0 76 87 107 347 0 57 32 27 26 341 424 662 0 0 0 81 166 130 0 123 60 
304 124 83 0 88 0 82 86 107 343 0 56 33 24 27 335 405 635 0 0 0 84 203 130 0 123 60 
302 128 86 0 87 0 84 88 110 336 0 52 34 26 27 344 455 616 0 0 0 83 164 130 0 123 60 
305 130 87 0 86 0 85 92 108 334 0 56 33 25 26 344 430 726 0 0 0 78 184 130 0 123 60 
304 124 86 0 85 0 88 89 109 350 0 53 31 24 28 379 447 659 0 0 0 77 108 130 0 123 60 
299 132 87 0 85 0 92 85 108 349 0 59 33 24 28 360 390 647 0 0 0 72 170 130 0 123 60 
307 133 86 0 85 0 88 89 108 342 0 58 34 24 30 375 433 615 0 0 0 69 196 130 0 123 60 
300 127 90 0 85 0 90 85 108 340 0 61 32 21 27 366 476 692 0 0 0 71 167 130 0 123 60 
302 120 88 0 85 0 90 85 108 343 0 60 34 21 26 363 448 502 0 0 0 72 153 130 0 123 60 
304 105 88 0 85 0 89 87 110 349 0 58 33 19 26 340 428 592 0 0 0 76 191 130 0 123 60 
303 129 86 0 85 0 88 93 110 344 0 55 33 17 26 372 396 695 0 0 0 80 172 130 0 123 60 
308 127 85 0 86 0 87 92 108 344 0 57 31 17 25 339 433 684 0 0 0 83 149 130 0 123 60 
306 132 87 0 87 0 84 87 107 342 0 56 32 17 25 360 393 588 0 0 0 84 187 130 0 123 60 
306 137 87 0 88 0 83 88 107 338 0 57 34 19 26 398 439 626 0 0 0 83 192 130 0 123 60 
305 138 88 0 89 0 81 92 108 343 0 55 33 20 25 354 408 624 0 0 0 79 174 130 0 121 60 
299 135 84 0 89 0 80 90 109 348 0 52 32 22 25 358 416 506 0 0 0 79 199 130 0 121 60 
305 129 87 0 89 0 82 86 108 343 0 47 34 21 25 425 453 546 0 0 0 79 166 130 0 122 60 
302 130 87 0 88 0 84 87 107 341 0 42 34 23 26 394 437 616 0 0 0 78 193 130 0 122 60 
302 130 86 0 87 0 85 87 106 345 0 40 32 22 25 337 424 651 0 0 0 79 142 130 0 122 60 
304 129 87 0 86 0 87 88 106 356 0 43 32 22 24 401 432 610 0 0 0 79 139 130 0 123 60 
302 131 87 0 85 0 89 89 109 351 0 44 34 23 24 363 436 582 0 0 0 81 174 130 0 123 60 
303 132 85 0 85 0 87 90 109 347 0 46 33 24 24 401 457 653 0 0 0 82 225 130 0 123 60 
299 135 86 0 85 0 89 88 109 341 0 53 32 24 25 331 462 617 0 0 0 84 149 140 0 123 60 
302 123 83 0 86 0 90 89 109 345 0 56 32 23 25 358 448 661 0 0 0 80 144 140 0 123 60 
302 130 89 0 87 0 90 91 107 347 0 58 33 23 24 429 431 562 0 0 0 76 185 140 0 123 60 
302 129 87 0 87 0 90 89 108 343 0 53 32 22 25 343 436 582 0 0 0 78 172 140 0 123 60 
302 128 89 0 87 0 91 86 108 348 0 49 31 21 26 368 459 546 0 0 0 81 184 140 0 123 60 
302 125 90 0 86 0 93 88 108 350 0 49 34 20 24 309 447 599 0 0 0 85 158 140 0 123 60 
305 127 85 0 86 0 94 91 109 346 0 45 34 23 24 412 460 578 0 0 0 87 169 140 0 123 60 
300 128 87 0 86 0 93 84 109 350 0 47 31 22 25 339 412 662 0 0 0 88 187 140 0 123 60 
296 126 86 0 87 0 92 86 110 345 0 46 32 21 26 378 425 690 0 0 0 84 182 140 0 123 60 
305 132 86 0 87 0 92 90 109 337 0 48 33 21 25 356 404 596 0 0 0 80 176 140 0 123 60 
303 134 85 0 88 0 89 86 110 336 0 52 33 20 26 380 416 578 0 0 0 81 142 140 0 123 60 
301 131 89 0 88 0 88 91 110 350 0 63 31 20 25 355 396 598 0 0 0 81 155 140 0 123 60 
301 137 89 0 87 0 88 90 107 356 0 65 32 21 26 339 418 655 0 0 0 84 214 140 0 123 60 
299 131 86 0 87 0 86 91 106 348 0 64 34 20 25 356 392 636 0 0 0 89 155 140 0 123 60 
304 133 89 0 86 0 83 84 107 343 0 60 33 20 26 333 439 663 0 0 0 88 176 140 0 123 60 
305 129 89 0 85 0 83 87 107 347 0 57 31 20 26 387 443 681 0 0 0 87 137 140 0 123 60 
302 129 86 0 85 0 82 92 109 352 0 54 32 21 27 337 465 625 0 0 0 81 185 140 0 123 60 
300 131 89 0 85 0 80 90 109 349 0 53 33 21 25 369 428 638 0 0 0 82 154 140 0 123 60 
306 131 83 0 84 0 76 89 109 343 0 53 32 22 26 379 394 622 0 0 0 77 156 140 0 123 60 
307 128 88 0 84 0 78 87 108 343 0 52 31 21 26 365 423 674 0 0 0 76 167 140 0 123 60 
301 135 87 0 84 0 79 95 108 338 0 50 32 23 26 375 416 685 0 0 0 79 153 140 0 123 60 
305 130 88 0 84 0 77 93 109 346 0 52 32 22 25 361 472 700 0 0 0 80 162 140 0 123 60 
305 130 85 0 84 0 81 93 109 349 0 51 31 21 26 328 454 637 0 0 0 81 184 140 0 123 60 
301 128 88 0 84 0 83 91 109 344 0 54 30 23 26 325 401 680 0 0 0 85 147 140 0 123 60 
302 134 89 0 85 0 86 85 108 343 0 53 32 23 25 374 440 622 0 0 0 83 180 140 0 123 60 
298 133 87 0 87 0 88 87 108 346 0 51 32 23 26 380 467 724 0 0 0 81 156 140 0 123 60 
302 130 87 0 88 0 89 85 108 356 0 52 30 23 24 359 438 736 0 0 0 81 196 140 0 123 60 
307 127 86 0 89 0 89 84 109 354 0 58 31 23 25 362 447 677 0 0 0 82 163 140 0 123 60 
300 130 87 0 90 0 92 87 110 348 0 59 33 21 25 364 432 661 0 0 0 85 215 140 0 124 60 
305 138 88 0 91 0 92 87 109 345 0 60 34 18 26 354 433 675 0 0 0 83 169 140 0 123 60 
301 137 88 0 92 0 93 84 108 344 0 59 32 18 25 355 385 642 0 0 0 84 155 140 0 123 60 
304 126 84 0 92 0 93 86 108 347 0 62 32 19 25 383 458 695 0 0 0 83 177 140 0 123 60 
301 127 83 0 91 0 90 91 108 345 0 61 33 21 26 324 438 682 0 0 0 84 195 140 0 123 60 
303 128 84 0 91 0 88 96 108 345 0 59 34 22 25 372 411 691 0 0 0 85 161 140 0 123 60 
307 136 86 0 90 0 88 88 110 352 0 61 31 23 25 331 429 617 0 0 0 85 214 140 0 123 60 
303 138 78 0 90 0 89 89 109 348 0 62 32 23 26 345 404 612 0 0 0 85 157 140 0 123 60 
302 138 87 0 90 0 85 91 108 351 0 61 32 27 26 334 443 577 0 0 0 84 172 140 0 123 60 
303 126 86 0 89 0 88 88 108 347 0 60 33 25 26 362 441 624 0 0 0 83 140 140 0 123 60 
296 128 77 0 88 0 91 88 109 340 0 62 32 24 25 331 417 655 0 0 0 81 162 140 0 123 60 
307 124 85 0 86 0 91 88 108 335 0 59 32 26 25 357 416 687 0 0 0 78 195 140 0 123 60 
300 127 83 0 86 0 90 90 107 340 0 55 33 25 26 360 385 641 0 0 0 75 202 140 0 123 60 
300 130 86 0 84 0 90 86 108 352 0 57 31 23 27 342 453 634 0 0 0 73 156 140 0 123 60 
300 138 90 0 84 0 90 87 109 347 0 53 32 25 26 351 426 673 0 0 0 74 143 140 0 123 60 
300 131 86 0 85 0 88 93 109 338 0 51 32 23 25 326 432 603 0 0 0 85 164 140 0 123 60 
306 128 89 0 86 0 84 86 108 339 0 52 33 22 26 361 453 605 0 0 0 88 174 140 0 123 60 
299 129 87 0 87 0 81 92 106 345 0 51 31 20 27 328 424 667 0 0 0 94 146 140 0 123 60 
307 127 89 0 88 0 80 89 107 350 0 57 31 19 26 370 462 640 0 0 0 94 169 140 0 123 60 
298 129 88 0 87 0 77 85 108 346 0 60 34 17 27 367 456 562 0 0 0 95 160 140 0 123 60 
303 134 86 0 86 0 78 86 108 343 0 61 32 15 30 386 421 666 0 0 0 93 142 140 0 123 60 
305 131 86 0 86 0 78 88 108 343 0 61 32 15 39 348 463 654 0 0 0 90 189 140 0 123 60 
302 125 87 0 85 0 81 93 107 341 0 57 33 15 34 353 464 590 0 0 0 86 182 140 0 123 60 
302 129 88 0 85 0 81 91 106 350 0 54 34 14 29 362 442 667 0 0 0 84 188 140 0 123 60 
303 127 86 0 85 0 82 94 106 347 0 54 31 16 27 344 421 627 0 0 0 89 189 140 0 123 60 
302 128 89 0 86 0 85 89 107 343 0 54 31 17 28 343 378 555 0 0 0 86 192 140 0 123 60 
300 126 90 0 87 0 85 90 108 340 0 55 32 19 26 374 491 620 0 0 0 87 168 140 0 123 60 
306 133 87 0 87 0 82 87 108 347 0 59 35 20 25 349 434 645 0 0 0 88 158 140 0 123 60 
304 130 86 0 87 0 83 88 109 356 0 59 32 23 25 338 417 673 0 0 0 84 181 140 0 123 60 
300 127 87 0 86 0 84 88 108 351 0 56 32 23 25 372 435 632 0 0 0 85 170 140 0 123 60 
300 132 87 0 85 0 85 85 107 344 0 55 34 25 28 371 444 638 0 0 0 82 146 140 0 123 60 
307 130 85 0 84 0 84 86 107 348 0 50 32 24 26 367 395 682 0 0 0 83 182 140 0 123 60 
303 131 88 0 83 0 85 88 108 344 0 47 31 25 26 385 411 589 0 0 0 81 196 140 0 123 60 
302 133 88 0 84 0 88 91 108 347 0 48 31 25 25 360 379 623 0 0 0 82 162 140 0 123 60 
304 122 87 0 85 0 88 87 108 341 0 47 34 23 27 335 404 703 0 0 0 81 179 140 0 122 60 
300 134 87 0 85 0 86 90 107 350 0 52 32 24 27 367 449 701 0 0 0 80 149 140 0 122 60 
307 132 89 0 86 0 87 89 108 350 0 49 31 21 27 385 420 702 0 0 0 83 143 140 0 122 60 
303 130 86 0 86 0 88 92 109 349 0 50 34 21 27 377 472 672 0 0 0 87 167 140 0 122 60 
303 131 90 0 86 0 83 90 109 350 0 50 32 22 28 365 464 689 0 0 0 86 186 140 0 123 60 
305 127 87 0 86 0 85 89 107 342 0 48 30 22 30 375 449 699 0 0 0 86 142 140 0 123 60 
296 129 83 0 87 0 85 89 107 335 0 50 31 20 27 350 439 666 0 0 0 85 162 140 0 123 60 
303 137 89 0 86 0 86 87 108 335 0 47 32 22 26 337 397 662 0 0 0 85 195 140 0 123 60 
303 135 85 0 86 0 88 89 107 348 0 50 32 24 27 384 403 709 0 0 0 81 166 140 0 123 60 
301 126 83 0 84 0 89 84 108 350 0 47 30 25 27 335 382 707 0 0 0 82 168 140 0 123 60 
297 131 85 0 83 0 92 89 109 342 0 48 32 23 25 364 440 711 0 0 0 89 187 140 0 123 60 
298 125 88 0 82 0 91 90 110 340 0 52 34 23 26 336 447 688 0 0 0 84 137 140 0 123 60 
306 132 89 0 82 0 90 88 109 347 0 53 31 22 26 352 444 734 0 0 0 81 131 140 0 123 60 
301 135 87 0 82 0 90 89 108 350 0 57 31 22 25 371 420 702 0 0 0 83 199 140 0 123 60 
307 131 88 0 83 0 90 82 108 348 0 55 32 22 24 337 479 689 0 0 0 84 162 140 0 123 60 
303 123 83 0 84 0 86 86 108 343 0 54 32 21 24 374 423 688 0 0 0 83 173 140 0 123 60 
299 135 88 0 85 0 88 85 108 342 0 50 31 22 26 344 422 697 0 0 0 80 184 140 0 123 60 
306 129 89 0 86 0 88 87 108 339 0 50 31 22 25 383 442 639 0 0 0 81 200 140 0 123 60 
302 137 86 0 88 0 85 91 108 347 0 47 32 20 24 314 421 730 0 0 0 83 174 140 0 123 60 
303 137 89 0 88 0 83 91 108 350 0 50 33 19 24 361 428 777 0 0 0 82 181 140 0 123 60 
303 129 87 0 89 0 82 90 109 350 0 46 34 19 26 350 429 682 0 0 0 80 154 140 0 123 60 
305 132 87 0 90 0 82 90 110 339 0 45 33 20 24 361 472 701 0 0 0 82 196 140 0 123 60 
300 122 87 0 89 0 82 93 110 345 0 42 33 23 24 318 438 711 0 0 0 88 134 140 0 123 60 
304 125 85 0 89 0 82 93 107 354 0 41 33 23 26 362 415 713 0 0 0 92 166 140 0 123 60 
305 133 85 0 88 0 82 83 107 352 0 41 32 21 27 333 474 597 0 0 0 92 148 140 0 123 60 
303 134 85 0 87 0 82 87 108 345 0 38 33 23 27 365 443 646 0 0 0 92 174 140 0 123 60 
308 129 86 0 86 0 90 86 109 346 0 41 31 21 27 387 418 705 0 0 0 95 196 140 0 123 60 
309 124 89 0 85 0 92 87 107 346 0 39 30 22 28 375 425 683 0 0 0 89 184 140 0 123 60 
306 127 87 0 85 0 95 92 108 349 0 38 32 23 27 355 423 648 0 0 0 84 194 140 0 123 60 
305 125 86 0 85 0 97 91 108 343 0 37 32 24 28 369 434 658 0 0 0 77 199 140 0 123 60 
304 127 83 0 84 0 98 91 109 349 0 37 31 26 31 357 386 688 0 0 0 81 163 140 0 123 60 
297 131 85 0 84 0 97 91 109 351 0 35 31 26 36 362 432 598 0 0 0 83 164 140 0 123 60 
303 132 85 0 84 0 97 89 107 349 0 36 31 25 36 405 444 613 0 0 0 82 171 140 0 123 60 
300 121 85 0 86 0 94 88 107 351 0 34 31 25 29 387 404 677 0 0 0 83 138 140 0 123 60 
299 123 85 0 88 0 95 86 109 345 0 34 30 24 28 365 394 710 0 0 0 76 141 140 0 123 60 
300 128 89 0 88 0 92 92 109 335 0 35 30 22 26 369 399 655 0 0 0 75 148 140 0 123 60 
301 130 87 0 89 0 85 87 109 336 0 32 31 22 24 402 435 671 0 0 0 75 166 140 0 123 60 
299 128 83 0 89 0 84 88 108 347 0 32 30 21 25 386 425 641 0 0 0 73 160 140 0 123 60 
299 132 86 0 89 0 82 87 108 352 0 32 31 22 25 370 450 648 0 0 0 75 176 140 0 123 60 
301 132 87 0 88 0 81 92 109 343 0 33 31 19 26 365 429 627 0 0 0 81 187 140 0 123 60 
304 121 83 0 87 0 80 87 108 343 0 34 32 18 25 364 415 687 0 0 0 86 187 140 0 123 60 
297 131 85 0 86 0 80 89 109 343 0 38 30 19 24 354 412 652 0 0 0 82 158 140 0 123 60 
302 136 87 0 85 0 80 94 109 347 0 34 31 21 24 361 410 576 0 0 0 82 169 140 0 123 60 
300 127 86 0 85 0 80 94 107 346 0 35 32 21 25 328 447 664 0 0 0 83 185 140 0 123 60 
307 131 87 0 85 0 79 87 108 341 0 32 31 21 26 319 461 680 0 0 0 82 142 140 0 74 60 
302 127 87 0 86 0 79 87 106 342 0 35 30 24 24 365 479 645 0 0 0 88 179 140 0 74 60 
301 132 83 0 86 0 86 89 106 339 0 32 30 28 25 373 431 677 0 0 0 87 169 140 0 74 60 
299 127 87 0 86 0 88 85 109 343 0 30 31 28 26 324 425 630 0 0 0 85 169 140 0 74 60 
305 132 87 0 86 0 92 88 109 348 0 34 31 30 25 356 472 625 0 0 0 86 203 140 0 74 60 
303 135 83 0 86 0 94 97 109 343 0 33 30 28 25 372 464 625 0 0 0 86 182 140 0 74 60 
303 129 87 0 86 0 97 92 108 338 0 35 32 28 27 349 464 609 0 0 0 83 160 140 0 74 60 
306 133 85 0 87 0 95 93 106 343 0 37 31 24 27 370 464 692 0 0 0 83 177 140 0 74 60 
301 132 86 0 87 0 94 91 108 353 0 38 31 24 26 370 441 672 0 0 0 83 167 140 0 74 60 
305 121 84 0 88 0 93 89 107 356 0 36 31 21 26 391 415 643 0 0 0 80 159 140 0 74 60 
301 132 86 0 87 0 91 87 108 348 0 40 30 22 26 353 448 697 0 0 0 80 169 140 0 74 60 
305 127 87 0 89 0 85 86 107 346 0 40 31 19 26 334 411 709 0 0 0 79 175 140 0 74 60 
305 128 84 0 87 0 84 85 108 347 0 45 30 18 26 361 399 709 0 0 0 81 191 140 0 74 60 
310 134 86 0 87 0 85 85 110 348 0 48 30 15 24 356 399 652 0 0 0 85 184 140 0 74 60 
298 134 87 0 88 0 82 87 110 347 0 45 31 15 26 365 415 672 0 0 0 90 198 140 0 74 60 
302 131 85 0 86 10 81 87 108 347 0 47 30 16 24 365 439 608 0 0 0 95 170 140 0 74 60 
303 122 87 0 86 0 79 86 107 353 0 47 30 20 25 364 444 613 0 0 0 95 170 140 0 74 60 
302 124 87 0 85 0 77 92 108 351 0 45 31 23 25 372 441 590 0 0 0 92 162 140 0 74 60 
302 131 86 0 86 0 76 97 107 350 0 42 31 24 25 365 398 624 0 0 0 92 218 140 0 74 60 
303 134 87 0 83 10 78 93 106 348 0 43 31 25 24 371 412 607 0 0 0 85 115 140 0 74 60 
304 133 86 0 82 0 78 85 107 338 0 44 29 26 26 371 436 614 0 0 0 79 133 140 0 74 60 
301 137 84 0 80 0 78 87 108 336 0 45 30 25 26 374 517 643 0 0 0 81 176 140 0 74 60 
302 126 83 0 83 10 76 86 110 341 0 45 32 25 26 365 475 644 0 0 0 81 156 140 0 74 60 
302 125 84 0 85 10 78 87 108 350 0 46 30 24 26 363 446 737 0 0 0 84 156 140 0 74 60 
296 121 87 0 86 0 80 90 106 349 0 46 30 25 26 391 459 659 0 0 0 82 205 140 0 74 60 
297 133 84 0 86 0 81 92 107 341 0 44 31 25 26 380 413 659 0 0 0 85 158 140 0 74 60 
302 126 86 0 87 0 82 87 107 344 0 41 31 26 26 368 413 589 0 0 0 85 188 140 0 74 60 
296 129 84 0 86 0 87 89 108 346 0 39 30 24 25 344 403 652 0 0 0 81 142 140 0 74 60 
299 127 86 0 91 0 90 92 107 349 0 39 30 22 26 344 443 671 0 0 0 80 162 140 0 74 60 
299 127 85 0 92 0 89 90 106 345 0 39 32 22 25 384 433 687 0 0 0 83 150 140 0 74 60 
298 127 85 0 92 0 92 86 107 340 0 38 34 18 24 300 445 680 0 0 0 84 133 140 0 74 60 
303 125 83 0 93 0 94 85 110 339 0 41 30 18 25 364 441 671 0 0 0 82 151 140 0 74 60 
305 133 85 0 94 0 96 90 109 340 0 44 32 16 26 386 432 640 0 0 0 79 184 140 0 74 60 
301 128 89 0 93 0 96 86 109 349 0 45 32 17 24 342 428 658 0 0 0 79 171 140 0 74 60 
303 130 88 0 93 0 96 87 108 352 0 47 31 19 24 362 396 712 0 0 0 82 168 140 0 74 60 
305 125 86 0 92 0 99 90 107 342 0 48 29 22 25 322 437 701 0 0 0 85 175 140 0 74 60 
303 128 87 0 90 0 100 95 109 342 0 47 31 21 26 352 415 720 0 0 0 90 172 140 0 74 60 
302 130 89 0 89 0 95 92 108 350 0 47 30 22 26 342 416 624 0 0 0 86 205 140 0 74 60 
308 129 86 0 88 0 93 87 108 356 0 48 28 22 25 384 407 682 0 0 0 81 156 140 0 74 60 
303 133 84 0 86 0 93 95 108 350 0 48 29 22 25 385 411 710 0 0 0 78 178 140 0 74 60 
303 136 87 0 85 0 89 86 110 347 0 48 28 21 26 385 494 672 0 0 0 77 148 140 0 74 60 
308 131 87 0 85 0 85 86 109 348 0 48 28 25 26 346 465 680 0 0 0 76 152 140 0 74 60 
305 124 86 0 84 0 85 87 108 345 0 45 28 24 27 371 450 627 0 0 0 74 177 140 0 74 60 
307 135 88 0 85 0 85 84 107 345 0 47 28 23 26 365 438 678 0 0 0 80 201 140 0 74 60 
303 131 88 0 85 0 82 85 109 341 0 47 30 24 26 360 414 535 0 0 0 85 142 140 0 74 60 
300 127 87 0 86 0 83 86 108 345 0 47 28 24 27 339 438 703 0 0 0 84 217 140 0 74 60 
304 127 87 0 86 0 83 90 108 351 0 47 28 22 25 355 439 699 0 0 0 86 180 140 0 74 60 
305 124 80 0 86 0 80 88 108 347 0 47 28 21 25 343 425 622 0 0 0 84 156 140 0 74 60 
301 135 86 0 85 0 77 88 109 348 0 48 30 22 25 370 406 653 0 0 0 84 200 140 0 74 60 
298 130 86 0 84 0 76 92 108 343 0 48 29 21 26 378 436 564 0 0 0 82 166 140 0 74 60 
302 129 87 0 84 0 74 88 107 335 0 49 29 22 26 343 436 627 0 0 0 77 141 140 0 74 60 
301 141 86 0 84 0 75 87 108 339 0 50 29 22 26 416 461 526 0 0 0 73 220 140 0 74 60 
297 127 87 0 85 0 77 91 108 339 0 54 30 20 26 402 458 632 0 0 0 72 193 140 0 74 60 
302 133 86 0 85 0 80 89 109 356 0 51 29 18 27 352 393 622 0 0 0 71 178 140 0 74 60 
303 123 85 0 84 0 86 87 109 349 0 54 28 19 26 384 424 644 0 0 0 69 163 140 0 74 60 
