302 132 118 0 79 73 0 90 66 349 0 41 16 70 60 352 376 629 0 0 0 0 159 120 0 80 60 
302 131 117 0 80 74 0 86 65 349 0 47 15 65 60 401 408 624 0 0 0 0 183 120 0 80 60 
301 135 115 0 80 72 0 90 64 343 0 53 17 71 62 405 485 637 0 0 0 0 234 120 0 80 60 
296 126 116 0 80 76 0 89 64 333 0 55 17 71 60 387 457 600 0 0 0 0 156 120 0 81 60 
303 133 118 0 80 80 0 86 63 342 0 54 16 85 61 404 444 707 0 0 0 0 178 120 0 81 60 
299 127 120 0 80 87 0 90 64 350 0 53 16 73 60 396 446 609 0 0 0 0 141 120 0 80 60 
306 131 116 0 79 92 0 84 63 347 0 45 17 59 59 387 420 585 0 0 0 0 165 120 0 79 60 
300 134 117 0 78 89 0 89 64 341 0 45 17 70 58 386 408 571 0 0 0 0 156 120 0 78 60 
306 132 119 0 77 90 0 91 63 341 0 45 16 96 61 366 450 597 0 0 0 0 172 120 0 77 60 
299 128 120 0 76 90 0 86 64 350 0 48 16 74 62 358 485 583 0 0 0 0 120 120 0 78 60 
304 130 119 0 76 89 0 95 65 352 0 51 16 61 62 388 432 592 0 0 0 0 132 120 0 77 60 
300 132 119 0 75 87 0 99 66 345 0 50 18 61 62 416 438 607 0 0 0 0 174 120 0 77 60 
308 134 118 0 73 98 0 95 65 343 0 51 16 81 62 395 458 608 0 0 0 0 209 120 0 77 60 
305 135 119 0 73 107 0 91 66 340 0 51 17 81 59 391 413 605 0 0 0 0 121 120 0 77 60 
307 124 121 0 74 122 0 89 62 343 0 48 17 79 59 423 429 531 0 0 0 0 127 120 0 76 60 
308 134 118 0 74 129 0 90 63 345 0 53 18 53 57 380 406 646 0 0 0 0 149 120 0 77 60 
307 132 120 0 74 134 0 83 64 346 0 54 16 62 61 378 420 661 0 0 0 0 196 120 0 76 60 
302 134 117 0 75 132 0 84 64 337 0 53 16 72 59 396 447 622 0 0 0 0 177 120 0 76 60 
303 133 120 0 75 105 0 87 59 344 0 52 18 77 61 394 418 645 0 0 0 0 200 120 0 76 60 
304 130 120 0 75 81 0 89 64 353 0 45 17 66 64 387 409 593 0 0 0 0 175 120 0 76 60 
300 133 118 0 75 71 0 80 65 353 0 43 16 70 61 417 405 566 0 0 0 0 149 120 0 76 60 
300 128 121 0 75 73 0 87 64 344 0 38 17 60 60 384 447 614 0 0 0 0 140 120 0 76 60 
301 126 118 0 75 73 0 92 65 342 0 42 16 61 58 407 437 643 0 0 0 0 187 120 0 76 60 
302 131 115 0 76 73 0 91 65 344 0 50 17 66 60 376 423 651 0 0 0 0 150 120 0 76 60 
300 125 122 0 76 83 0 92 65 348 0 52 17 71 61 394 462 695 0 0 0 0 190 120 0 76 60 
308 129 122 0 76 86 0 85 66 344 0 54 17 73 61 418 422 648 0 0 0 0 150 120 0 75 60 
298 132 120 0 76 77 0 86 66 348 0 57 19 57 61 385 395 682 0 0 0 0 156 120 0 75 60 
300 120 120 0 76 76 0 86 65 348 0 53 17 78 60 390 442 629 0 0 0 0 179 120 0 75 60 
302 126 123 0 75 78 0 87 64 347 0 47 18 80 61 382 425 601 0 0 0 0 172 120 0 75 60 
305 122 121 0 75 86 0 89 65 348 0 46 17 79 62 331 445 676 0 0 0 0 172 120 0 75 60 
302 134 120 0 75 86 0 84 65 349 0 49 16 59 62 393 450 629 0 0 0 0 184 120 0 75 60 
300 129 120 0 74 86 0 89 65 338 0 50 17 42 62 368 449 673 0 0 0 0 168 120 0 75 60 
300 127 121 0 73 86 0 87 66 333 0 50 17 46 60 423 440 622 0 0 0 0 175 120 0 75 60 
304 125 117 0 75 90 0 88 66 348 0 57 17 67 62 393 418 648 0 0 0 0 195 120 0 76 60 
299 125 123 0 74 90 0 89 65 349 0 59 17 73 61 394 452 696 0 0 0 0 155 120 0 76 60 
307 132 119 0 74 88 0 88 65 344 0 55 17 66 61 432 427 679 0 0 0 0 150 120 0 76 60 
303 127 119 0 74 86 0 88 63 340 0 49 16 66 61 365 376 636 0 0 0 0 194 120 0 77 60 
301 132 117 0 73 83 0 86 65 344 0 45 17 79 59 399 429 577 0 0 0 0 203 120 0 77 60 
303 131 113 0 73 78 0 88 65 351 0 47 16 67 61 373 404 684 0 0 0 0 142 120 0 77 60 
305 128 115 0 72 81 0 89 65 343 0 46 17 71 61 397 405 562 0 0 0 0 200 120 0 78 60 
306 133 120 0 74 85 0 91 65 345 0 49 17 68 60 381 388 666 0 0 0 0 230 120 0 77 60 
303 131 121 0 74 86 0 95 64 339 0 51 16 69 60 409 439 613 0 0 0 0 143 120 0 76 60 
303 130 118 0 75 87 0 89 65 337 0 51 18 72 60 389 462 765 0 0 0 0 180 120 0 76 60 
301 128 117 0 75 87 0 88 65 343 0 48 17 86 60 387 430 644 0 0 0 0 179 120 0 75 60 
303 129 120 0 75 91 0 91 67 344 0 47 17 73 61 404 452 535 0 0 0 0 176 120 0 76 60 
299 138 118 0 76 89 0 88 65 341 0 47 17 59 58 430 453 674 0 0 0 0 163 120 0 76 60 
305 129 117 0 76 88 0 88 64 341 0 47 18 69 61 402 438 559 0 0 0 0 153 120 0 77 60 
302 133 120 0 77 89 0 84 64 349 0 49 16 97 60 412 442 553 0 0 0 0 138 120 0 77 60 
299 134 118 0 77 91 0 88 64 353 0 51 18 74 61 416 447 620 0 0 0 0 147 120 0 77 60 
304 131 120 0 77 86 0 87 64 352 0 48 16 58 59 389 431 668 0 0 0 0 177 120 0 77 60 
298 125 116 0 75 81 0 86 64 345 0 52 18 58 59 382 394 584 0 0 0 0 190 120 0 77 60 
300 127 121 0 74 80 0 89 64 341 0 50 18 80 60 408 415 679 0 0 0 0 242 120 0 76 60 
302 128 116 0 73 83 0 91 64 345 0 49 18 82 63 384 409 617 0 0 0 0 140 120 0 76 60 
301 130 118 0 72 87 0 89 65 343 0 47 16 81 60 404 456 532 0 0 0 0 163 120 0 75 60 
300 125 120 0 72 83 0 91 65 345 0 49 17 53 60 426 427 568 0 0 0 0 157 120 0 75 60 
301 130 117 0 72 93 0 92 65 349 0 52 17 64 59 376 402 565 0 0 0 0 168 120 0 75 60 
300 132 121 0 74 99 0 84 65 348 0 51 17 70 62 370 508 622 0 0 0 0 168 120 0 76 60 
302 133 122 0 75 97 0 88 66 344 0 51 19 80 65 374 428 553 0 0 0 0 163 120 0 77 60 
302 131 119 0 76 96 0 88 65 350 0 49 19 70 62 358 447 616 0 0 0 0 227 120 0 77 60 
297 122 119 0 77 88 0 85 64 340 0 45 20 70 60 377 403 637 0 0 0 0 205 120 0 78 60 
301 127 120 0 78 86 0 86 66 336 0 50 19 60 58 377 452 593 0 0 0 0 179 120 0 77 60 
307 128 119 0 78 81 0 93 65 342 0 56 19 60 60 353 398 732 0 0 0 0 168 120 0 77 60 
299 135 118 0 79 77 0 90 65 347 0 57 19 65 60 358 443 613 0 0 0 0 143 120 0 77 60 
307 134 121 0 80 81 0 88 64 337 0 56 18 68 61 411 453 578 0 0 0 0 154 120 0 77 60 
304 132 118 0 80 87 0 87 64 346 0 52 19 75 60 427 408 551 0 0 0 0 177 120 0 76 60 
302 131 120 0 80 90 0 83 63 344 0 51 19 57 58 396 418 660 0 0 0 0 184 120 0 75 60 
299 131 116 0 80 90 0 85 63 354 0 44 19 73 60 400 418 654 0 0 0 0 150 120 0 75 60 
305 128 121 0 80 84 0 88 64 348 0 42 20 82 58 385 418 658 0 0 0 0 170 120 0 75 60 
303 130 115 0 79 80 0 92 65 347 0 44 19 81 61 361 438 653 0 0 0 0 160 120 0 75 60 
305 129 119 0 78 75 0 93 66 339 0 45 20 59 60 418 430 643 0 0 0 0 160 120 0 74 60 
309 135 120 0 75 78 0 89 65 339 0 44 20 42 59 346 480 658 0 0 0 0 220 120 0 74 60 
300 127 121 0 76 79 0 88 65 352 0 43 19 46 61 404 440 576 0 0 0 0 181 120 0 74 60 
306 127 117 0 74 84 0 92 65 355 0 45 20 65 59 372 410 680 0 0 0 0 164 120 0 74 60 
296 127 116 0 74 85 0 86 64 349 0 45 18 71 60 411 439 635 0 0 0 0 198 120 0 73 60 
307 126 118 0 72 86 0 86 64 343 0 41 20 66 64 440 423 718 0 0 0 0 139 120 0 73 60 
306 130 116 0 73 89 0 85 65 349 0 35 20 65 63 416 470 653 0 0 0 0 155 120 0 73 60 
299 136 116 0 73 87 0 84 65 356 0 36 20 79 64 441 456 651 0 0 0 0 148 120 0 73 60 
302 124 119 0 74 83 0 89 65 350 0 36 19 69 62 390 460 586 0 0 0 0 184 120 0 73 60 
300 131 119 0 74 82 0 94 65 344 0 35 20 71 61 370 484 716 0 0 0 0 142 120 0 75 60 
304 131 122 0 75 82 0 90 63 344 0 43 18 66 59 409 378 750 0 0 0 0 165 120 0 76 60 
301 126 114 0 75 84 0 86 64 349 0 43 19 72 58 408 413 663 0 0 0 0 156 120 0 77 60 
300 125 116 0 76 83 0 94 64 347 0 48 20 70 58 322 489 697 0 0 0 0 184 120 0 79 60 
299 130 116 0 77 85 0 89 65 345 0 45 19 86 60 414 460 644 0 0 0 0 171 120 0 80 60 
302 126 117 0 77 88 0 87 64 349 0 42 20 74 61 369 404 641 0 0 0 0 218 120 0 81 60 
301 130 117 0 77 91 0 87 65 349 0 35 19 61 63 362 431 625 0 0 0 0 156 120 0 81 60 
301 130 116 0 77 88 0 89 65 351 0 31 20 69 61 425 423 697 0 0 0 0 169 120 0 79 60 
305 135 115 0 77 85 0 89 65 350 0 30 20 97 61 386 434 727 0 0 0 0 200 120 0 79 60 
300 126 118 0 77 89 0 87 65 343 0 36 19 78 58 398 420 661 0 0 0 0 169 120 0 77 60 
300 124 118 0 77 88 0 92 66 336 0 34 20 59 61 341 437 640 0 0 0 0 135 120 0 77 60 
304 130 117 0 77 81 0 86 66 344 0 34 19 58 60 383 428 561 0 0 0 0 239 120 0 76 60 
302 128 118 0 76 83 0 89 65 353 0 35 19 83 62 387 450 652 0 0 0 0 202 120 0 77 60 
302 128 119 0 75 88 0 88 64 349 0 31 19 79 62 385 408 730 0 0 0 0 164 120 0 78 60 
305 139 117 0 75 91 0 89 64 346 0 33 19 86 59 352 407 681 0 0 0 0 174 120 0 78 60 
305 129 120 0 74 87 0 86 65 341 0 33 20 55 61 350 431 601 0 0 0 0 152 120 0 78 60 
304 131 119 0 74 86 0 89 65 348 0 36 18 61 60 429 399 623 0 0 0 0 170 120 0 78 60 
307 126 119 0 75 84 0 91 66 351 0 36 19 70 60 418 432 618 0 0 0 0 183 120 0 78 60 
303 130 119 0 75 81 0 86 65 344 0 36 18 77 62 393 445 524 0 0 0 0 143 120 0 77 60 
305 132 119 0 75 82 0 86 65 343 0 38 18 70 60 372 467 633 0 0 0 0 152 120 0 77 60 
305 126 118 0 76 89 0 87 65 340 0 42 19 67 59 349 471 654 0 0 0 0 165 120 0 77 60 
303 127 122 0 76 93 0 90 65 342 0 41 19 59 60 376 448 636 0 0 0 0 219 120 0 77 60 
302 131 120 0 77 93 0 92 65 349 0 42 19 60 60 409 462 602 0 0 0 0 190 120 0 77 60 
301 132 122 0 76 86 0 93 65 345 0 35 19 65 60 411 434 617 0 0 0 0 136 120 0 77 60 
303 131 121 0 76 94 0 91 65 339 0 39 19 67 61 367 430 579 0 0 0 0 175 120 0 77 60 
302 124 121 0 76 98 0 89 64 339 0 39 19 74 58 404 388 530 0 0 0 0 137 120 0 77 60 
304 128 120 0 75 101 0 86 65 354 0 40 20 58 60 396 405 604 0 0 0 0 142 120 0 77 60 
301 126 122 0 74 95 0 86 64 353 0 38 19 73 60 404 403 651 0 0 0 0 145 120 0 78 60 
301 136 124 0 76 92 0 82 64 347 0 32 19 82 60 385 430 645 0 0 0 0 168 120 0 77 60 
301 135 114 0 75 82 0 89 65 345 0 33 19 81 60 390 443 554 0 0 0 0 166 120 0 77 60 
302 132 119 0 74 82 0 83 64 344 0 37 20 61 60 383 436 544 0 0 0 0 234 120 0 77 60 
303 135 123 0 76 81 0 85 65 346 0 39 19 42 59 367 442 577 0 0 0 0 161 120 0 78 60 
297 130 121 0 76 79 0 90 65 345 0 45 19 47 60 383 415 657 0 0 0 0 150 120 0 79 60 
300 126 124 0 75 84 0 94 66 347 0 49 18 63 60 389 451 618 0 0 0 0 187 120 0 80 60 
299 134 124 0 75 86 0 88 66 354 0 46 17 70 60 422 417 558 0 0 0 0 213 120 0 79 60 
303 134 123 0 75 95 0 87 64 348 0 46 18 66 61 435 421 560 0 0 0 0 151 120 0 80 60 
301 130 123 0 74 102 0 91 65 349 0 44 18 66 60 382 463 534 0 0 0 0 191 120 0 80 60 
296 128 119 0 74 105 0 87 64 344 0 41 19 77 58 384 426 607 0 0 0 0 144 120 0 79 60 
301 127 122 0 74 98 0 90 64 340 0 41 19 67 61 439 418 675 0 0 0 0 165 120 0 80 60 
307 129 121 0 73 91 0 89 65 337 0 41 19 71 62 400 430 605 0 0 0 0 131 120 0 80 60 
303 124 123 0 73 87 0 94 66 348 0 44 18 65 63 391 438 622 0 0 0 0 183 120 0 79 60 
305 134 128 0 73 88 0 88 66 352 0 44 17 71 61 361 412 535 0 0 0 0 161 120 0 79 60 
305 136 120 0 74 90 0 91 65 346 0 40 17 73 58 404 418 623 0 0 0 0 168 120 0 79 60 
300 128 122 0 74 87 0 91 65 343 0 45 18 84 60 387 426 553 0 0 0 0 164 120 0 79 60 
308 124 114 0 75 93 0 89 64 343 0 40 19 75 60 397 476 640 0 0 0 0 205 120 0 82 60 
302 127 115 0 76 86 0 91 64 353 0 40 19 59 60 410 432 592 0 0 0 0 135 120 0 85 60 
303 133 119 0 76 88 0 88 65 349 0 37 19 67 59 404 408 671 0 0 0 0 168 120 0 86 60 
306 132 121 0 76 89 0 89 64 344 0 37 20 98 60 423 413 587 0 0 0 0 196 120 0 87 60 
301 130 123 0 77 90 0 89 64 342 0 38 19 76 60 379 436 543 0 0 0 0 213 120 0 88 60 
307 131 119 0 77 80 0 89 64 340 0 39 19 58 60 401 425 696 0 0 0 0 221 120 0 91 60 
300 131 115 0 78 79 0 91 64 346 0 37 20 60 61 372 399 608 0 0 0 0 210 120 0 93 60 
302 132 119 0 78 89 0 93 65 345 0 36 21 83 60 418 451 675 0 0 0 0 161 120 0 92 60 
302 133 117 0 79 99 0 91 66 343 0 36 22 83 59 378 452 624 0 0 0 0 163 120 0 90 60 
305 132 120 0 80 102 0 89 66 342 0 39 23 80 60 359 406 663 0 0 0 0 167 120 0 89 60 
299 129 120 0 80 104 0 89 66 350 0 39 24 55 61 365 424 620 0 0 0 0 170 120 0 86 60 
301 130 121 0 80 98 0 91 66 358 0 41 23 63 60 393 439 625 0 0 0 0 199 120 0 84 60 
298 127 121 0 79 91 0 89 65 352 0 46 22 70 60 390 443 710 0 0 0 0 164 120 0 83 60 
300 127 117 0 78 81 0 87 62 348 0 44 21 78 60 346 430 675 0 0 0 0 125 120 0 83 60 
302 130 119 0 77 73 0 85 64 343 0 39 19 68 59 396 441 721 0 0 0 0 159 120 0 83 60 
300 126 118 0 76 75 0 88 65 346 0 45 20 70 58 401 405 657 0 0 0 0 154 120 0 84 60 
301 127 119 0 76 81 0 91 64 348 0 42 21 59 59 392 452 616 0 0 0 0 160 120 0 84 60 
302 131 121 0 74 98 0 86 64 343 0 46 20 61 60 422 399 598 0 0 0 0 193 120 0 84 60 
299 128 121 0 74 98 0 95 65 349 0 40 21 68 60 406 432 588 0 0 0 0 187 120 0 84 60 
307 125 120 0 74 94 0 93 65 348 0 43 21 68 60 399 483 653 0 0 0 0 176 120 0 83 60 
301 130 121 0 74 92 0 93 65 348 0 43 20 72 63 398 457 655 0 0 0 0 209 120 0 83 60 
299 127 116 0 73 92 0 93 65 349 0 39 20 59 62 361 443 721 0 0 0 0 167 120 0 81 60 
301 127 122 0 73 85 0 88 65 343 0 42 20 77 59 422 443 636 0 0 0 0 143 120 0 79 60 
305 131 119 0 75 84 0 92 66 337 0 42 19 81 58 435 397 631 0 0 0 0 180 120 0 77 60 
300 133 119 0 75 84 0 84 65 335 0 41 20 78 58 360 390 559 0 0 0 0 180 120 0 76 60 
302 132 123 0 75 80 0 89 66 349 0 43 21 52 59 389 474 538 0 0 0 0 200 120 0 76 60 
302 127 119 0 75 73 0 86 66 348 0 42 20 41 61 402 431 677 0 0 0 0 139 120 0 76 60 
304 131 120 0 75 75 0 86 64 343 0 41 21 52 63 408 441 672 0 0 0 0 182 120 0 75 60 
306 132 118 0 76 72 0 92 65 343 0 40 19 68 62 363 430 567 0 0 0 0 171 120 0 75 60 
306 133 118 0 76 66 0 89 64 346 0 40 18 68 62 387 437 629 0 0 0 0 162 120 0 75 60 
303 133 119 0 76 68 0 91 64 353 0 40 20 66 59 422 443 617 0 0 0 0 175 120 0 73 60 
300 132 119 0 75 75 0 86 64 346 0 43 19 66 58 387 433 604 0 0 0 0 135 120 0 72 60 
305 134 120 0 76 78 0 82 64 345 0 46 19 74 60 384 424 588 0 0 0 0 170 120 0 71 60 
304 126 120 0 75 81 0 84 64 342 0 47 20 67 60 346 426 637 0 0 0 0 166 120 0 71 60 
305 128 121 0 75 87 0 84 65 340 0 48 20 68 60 406 415 641 0 0 0 0 154 120 0 71 60 
302 132 116 0 75 92 0 93 65 345 0 50 20 67 60 395 452 531 0 0 0 0 150 120 0 72 60 
302 127 118 0 74 92 0 88 65 342 0 55 18 69 60 375 375 645 0 0 0 0 179 120 0 72 60 
304 132 117 0 75 95 0 85 65 340 0 48 18 80 61 412 433 598 0 0 0 0 177 120 0 72 60 
295 128 117 0 74 100 0 87 65 341 0 43 18 84 61 365 458 587 0 0 0 0 185 120 0 73 60 
300 125 118 0 75 91 0 91 64 348 0 42 17 73 64 373 448 643 0 0 0 0 150 120 0 72 60 
297 124 119 0 75 88 0 90 66 354 0 40 17 64 62 370 485 646 0 0 0 0 176 120 0 72 60 
303 124 120 0 76 86 0 85 64 349 0 45 17 80 61 401 429 552 0 0 0 0 203 120 0 72 60 
303 133 120 0 75 87 0 84 64 343 0 46 18 96 61 390 384 536 0 0 0 0 136 120 0 72 60 
299 130 113 0 75 83 0 86 65 344 0 42 17 69 60 351 418 627 0 0 0 0 186 120 0 72 60 
301 130 114 0 74 79 0 86 64 348 0 41 18 48 60 417 436 607 0 0 0 0 162 120 0 72 60 
300 122 115 0 74 76 0 90 66 350 0 38 18 74 61 403 437 690 0 0 0 0 160 120 0 72 60 
300 129 119 0 74 75 0 93 65 347 0 39 16 82 60 391 457 626 0 0 0 0 190 120 0 72 60 
301 126 118 0 74 88 0 90 65 353 0 39 16 85 60 413 431 604 0 0 0 0 206 120 0 73 60 
306 131 116 0 75 89 0 88 65 348 0 38 19 71 59 411 455 620 0 0 0 0 154 120 0 73 60 
297 130 110 0 76 100 0 90 65 348 0 40 18 52 60 418 385 566 0 0 0 0 177 120 0 73 60 
304 135 118 0 76 107 0 92 65 349 0 35 17 70 60 399 455 634 0 0 0 0 144 120 0 73 60 
304 131 117 0 76 99 0 85 65 343 0 36 19 72 59 401 457 670 0 0 0 0 215 120 0 73 60 
301 128 118 0 77 93 0 86 67 336 0 34 16 78 61 415 413 719 0 0 0 0 131 120 0 72 60 
308 131 117 0 77 88 0 88 67 342 0 31 16 68 59 387 450 651 0 0 0 0 168 120 0 70 60 
304 129 119 0 77 86 0 86 66 351 0 35 16 66 61 413 432 653 0 0 0 0 189 120 0 70 60 
303 130 119 0 77 84 0 91 65 347 0 33 17 59 59 382 454 638 0 0 0 0 183 120 0 69 60 
302 125 118 0 76 82 0 87 65 342 0 32 18 65 61 387 399 641 0 0 0 0 196 120 0 69 60 
308 129 119 0 74 89 0 90 64 342 0 30 18 67 60 381 438 654 0 0 0 0 188 120 0 69 60 
306 130 117 0 73 97 0 85 64 348 0 27 17 73 59 368 416 675 0 0 0 0 193 120 0 69 60 
305 132 119 0 71 95 0 89 65 352 0 30 17 68 61 416 416 730 0 0 0 0 162 120 0 70 60 
306 132 123 0 71 94 0 89 65 345 0 28 17 65 63 373 461 611 0 0 0 0 179 120 0 70 60 
300 130 121 0 72 88 0 85 66 344 0 28 16 84 61 364 426 622 0 0 0 0 198 120 0 71 60 
307 131 119 0 73 84 0 89 65 341 0 30 17 81 61 374 401 624 0 0 0 0 181 120 0 72 60 
297 127 118 0 74 68 0 89 65 344 0 27 17 73 58 384 438 745 0 0 0 0 140 120 0 72 60 
301 126 119 0 74 71 0 88 65 350 0 26 19 45 61 380 427 673 0 0 0 0 119 120 0 72 60 
306 137 119 0 76 75 0 84 66 347 0 29 20 44 60 398 421 616 0 0 0 0 167 120 0 73 60 
299 127 122 0 77 81 0 87 65 342 0 27 19 60 60 403 433 653 0 0 0 0 167 120 0 72 60 
299 130 121 0 78 82 0 93 65 340 0 30 19 73 59 370 413 537 0 0 0 0 150 120 0 73 60 
305 133 120 0 78 84 0 93 65 350 0 30 18 67 60 381 424 679 0 0 0 0 186 120 0 74 60 
302 141 121 0 79 85 0 93 65 353 0 27 19 65 61 426 444 667 0 0 0 0 183 120 0 74 60 
303 128 112 0 80 85 0 88 66 346 0 27 20 74 61 384 413 681 0 0 0 0 164 120 0 75 60 
302 122 114 0 80 82 0 88 64 343 0 29 18 71 62 341 419 709 0 0 0 0 233 120 0 75 60 
297 129 121 0 80 74 0 89 64 347 0 27 21 69 62 438 442 620 0 0 0 0 157 120 0 76 60 
297 133 120 0 79 81 0 85 64 351 0 31 18 68 59 409 413 640 0 0 0 0 153 120 0 75 60 
298 131 123 0 79 85 0 87 65 348 0 29 19 70 60 411 426 516 0 0 0 0 193 120 0 75 60 
304 135 121 0 78 91 0 88 66 345 0 34 19 69 59 343 444 562 0 0 0 0 159 120 0 74 60 
305 131 121 0 77 98 0 85 65 348 0 35 18 85 61 410 403 605 0 0 0 0 170 120 0 74 60 
296 131 118 0 75 110 0 89 65 348 0 36 18 82 62 416 417 619 0 0 0 0 187 120 0 73 60 
305 123 120 0 75 109 0 88 64 350 0 37 19 70 60 401 483 645 0 0 0 0 154 120 0 73 60 
307 127 120 0 74 105 0 92 65 345 0 35 18 64 61 435 466 604 0 0 0 0 165 120 0 73 60 
303 131 119 0 74 101 0 89 63 339 0 29 18 87 59 371 449 648 0 0 0 0 154 120 0 73 60 
303 133 122 0 73 94 0 87 65 333 0 32 20 93 58 380 400 557 0 0 0 0 141 120 0 72 60 
304 126 121 0 74 83 0 85 65 341 0 29 20 67 60 393 454 635 0 0 0 0 205 120 0 72 60 
304 125 116 0 75 75 0 87 64 350 0 30 20 48 61 356 418 577 0 0 0 0 123 120 0 72 60 
308 125 120 0 75 76 0 90 66 347 0 29 19 73 61 377 413 592 0 0 0 0 164 120 0 73 60 
305 124 115 0 76 76 0 90 63 340 0 31 20 84 63 435 447 522 0 0 0 0 177 120 0 73 60 
304 125 114 0 76 79 0 94 64 342 0 33 21 86 64 370 464 612 0 0 0 0 184 120 0 72 60 
304 136 123 0 76 83 0 83 65 346 0 28 19 70 60 399 401 598 0 0 0 0 135 120 0 73 60 
299 129 120 0 77 90 0 91 65 349 0 30 19 52 59 378 433 558 0 0 0 0 201 120 0 73 60 
298 128 119 0 78 86 0 86 65 344 0 30 21 71 58 429 408 622 0 0 0 0 169 120 0 73 60 
298 127 114 0 77 80 0 88 64 344 0 30 20 72 59 395 420 619 0 0 0 0 225 120 0 74 60 
298 129 115 0 78 77 0 86 64 339 0 30 21 76 60 345 418 573 0 0 0 0 206 120 0 74 60 
305 131 117 0 78 77 0 90 63 346 0 29 19 67 63 408 428 502 0 0 0 0 146 120 0 74 60 
304 131 116 0 77 76 0 92 64 350 0 29 20 67 64 396 421 639 0 0 0 0 156 120 0 75 60 
301 127 123 0 77 80 0 86 65 346 0 31 19 59 62 355 439 590 0 0 0 0 151 120 0 75 60 
303 129 116 0 77 80 0 91 65 342 0 29 19 66 58 407 480 615 0 0 0 0 177 120 0 75 60 
301 132 120 0 76 83 0 91 67 345 0 30 22 67 60 408 426 706 0 0 0 0 200 120 0 75 60 
300 130 117 0 75 86 0 92 67 355 0 28 22 73 60 389 422 632 0 0 0 0 153 120 0 74 60 
302 132 116 0 75 84 0 89 66 352 0 30 22 67 61 418 453 643 0 0 0 0 176 120 0 74 60 
301 125 117 0 73 82 0 89 66 345 0 34 21 60 60 403 452 541 0 0 0 0 180 120 0 74 60 
300 128 118 0 73 82 0 91 63 345 0 33 22 78 59 390 427 687 0 0 0 0 184 120 0 74 60 
300 131 116 0 73 86 0 88 64 344 0 35 22 80 60 354 438 668 0 0 0 0 169 120 0 74 60 
298 133 120 0 74 90 0 90 64 350 0 38 20 75 62 391 395 686 0 0 0 0 178 120 0 75 60 
302 133 120 0 75 96 0 86 64 346 0 36 22 52 62 426 417 655 0 0 0 0 198 120 0 77 60 
302 135 118 0 76 100 0 80 65 347 0 33 22 42 64 385 419 660 0 0 0 0 179 120 0 78 60 
297 130 119 0 77 98 0 89 64 347 0 32 25 55 61 402 424 582 0 0 0 0 168 120 0 78 60 
304 129 117 0 76 97 0 90 64 349 0 31 24 71 61 376 428 645 0 0 0 0 174 120 0 78 60 
301 128 120 0 76 96 0 88 64 350 0 35 26 68 61 429 415 639 0 0 0 0 139 120 0 79 60 
303 131 118 0 76 91 0 91 65 346 0 34 23 64 60 389 434 744 0 0 0 0 182 120 0 79 60 
307 132 120 0 75 87 0 94 65 337 0 36 25 68 61 389 429 705 0 0 0 0 194 120 0 80 60 
302 133 117 0 76 81 0 94 66 336 0 40 24 75 60 402 406 650 0 0 0 0 138 120 0 80 60 
301 129 118 0 75 84 0 85 66 343 0 42 22 67 58 425 397 706 0 0 0 0 154 120 0 80 60 
307 126 117 0 75 96 0 91 67 349 0 44 24 69 60 378 453 617 0 0 0 0 253 120 0 80 60 
303 131 114 0 76 96 0 87 65 341 0 42 25 67 61 350 382 736 0 0 0 0 151 120 0 81 60 
306 134 118 0 76 94 0 87 66 344 0 34 24 69 64 438 445 665 0 0 0 0 141 120 0 81 60 
308 131 118 0 75 91 0 86 66 345 0 36 24 78 60 378 400 682 0 0 0 0 174 120 0 81 60 
304 126 121 0 76 92 0 86 64 351 0 36 21 83 60 410 430 635 0 0 0 0 179 120 0 81 60 
304 125 118 0 76 94 0 94 65 349 0 36 21 72 59 385 462 664 0 0 0 0 183 120 0 82 60 
303 135 117 0 76 98 0 87 64 345 0 36 20 60 60 356 453 632 0 0 0 0 148 120 0 80 60 
300 132 113 0 75 95 0 90 65 343 0 38 20 75 61 401 460 675 0 0 0 0 149 120 0 79 60 
304 133 119 0 75 83 0 89 64 340 0 42 19 98 60 401 404 688 0 0 0 0 178 120 0 77 60 
302 129 117 0 74 69 0 82 64 347 0 40 17 71 57 399 445 644 0 0 0 0 141 120 0 76 60 
297 131 118 0 74 66 0 85 65 349 0 43 18 54 59 361 439 633 0 0 0 0 186 120 0 76 60 
300 120 118 0 73 69 0 86 65 342 0 44 19 62 61 392 440 624 0 0 0 0 148 120 0 76 60 
302 127 120 0 73 76 0 91 67 341 0 45 18 80 60 400 445 554 0 0 0 0 159 120 0 76 60 
299 129 118 0 74 78 0 90 66 348 0 43 17 82 63 394 440 623 0 0 0 0 149 120 0 76 60 
302 131 120 0 74 84 0 91 65 356 0 46 17 78 61 370 438 653 0 0 0 0 170 120 0 76 60 
300 126 117 0 75 91 0 85 64 351 0 44 18 52 60 389 416 630 0 0 0 0 173 120 0 76 60 
301 128 114 0 76 90 0 92 64 347 0 46 17 65 60 403 439 608 0 0 0 0 190 120 0 74 60 
299 129 116 0 76 85 0 88 64 342 0 51 18 71 60 392 425 671 0 0 0 0 172 120 0 74 60 
300 127 118 0 76 78 0 85 65 346 0 54 20 78 60 404 420 599 0 0 0 0 165 120 0 74 60 
301 130 115 0 76 85 0 85 65 349 0 56 20 68 61 368 448 561 0 0 0 0 139 120 0 73 60 
301 128 117 0 77 91 0 88 66 345 0 52 20 70 60 389 458 603 0 0 0 0 135 120 0 73 60 
298 128 115 0 77 111 0 90 65 351 0 51 19 60 59 375 423 613 0 0 0 0 198 120 0 73 60 
302 131 112 0 78 120 0 91 65 353 0 49 21 60 60 385 439 632 0 0 0 0 196 120 0 73 60 
308 126 121 0 79 120 0 90 65 347 0 48 23 67 61 390 457 518 0 0 0 0 166 120 0 72 60 
304 127 118 0 80 105 0 89 64 351 0 52 24 69 61 417 413 653 0 0 0 0 195 120 0 73 60 
306 125 121 0 80 85 0 88 64 343 0 45 25 72 60 375 413 571 0 0 0 0 186 120 0 72 60 
303 125 115 0 80 79 0 91 65 336 0 48 24 60 60 389 487 644 0 0 0 0 150 120 0 73 60 
304 136 119 0 80 74 0 90 66 338 0 42 25 69 60 390 480 605 0 0 0 0 196 120 0 72 60 
303 131 115 0 79 74 0 90 66 350 0 40 23 79 60 391 428 537 0 0 0 0 173 120 0 72 60 
303 130 121 0 77 78 0 86 66 351 0 42 22 80 61 397 418 564 0 0 0 0 170 120 0 73 60 
308 130 120 0 77 87 0 87 66 342 0 41 23 60 61 426 405 495 0 0 0 0 225 120 0 73 60 
302 134 122 0 76 95 0 92 65 341 0 46 21 41 59 378 407 673 0 0 0 0 173 120 0 72 60 
306 132 122 0 75 100 0 84 65 344 0 51 20 47 59 400 447 625 0 0 0 0 165 120 0 72 60 
302 130 119 0 75 111 0 92 64 351 0 54 21 68 60 390 470 641 0 0 0 0 192 120 0 72 60 
304 126 120 0 73 117 0 90 64 346 0 55 21 74 58 385 448 605 0 0 0 0 180 120 0 72 60 
300 133 117 0 73 116 0 86 64 344 0 58 22 66 58 442 405 554 0 0 0 0 166 120 0 73 60 
305 130 120 0 74 112 0 92 64 344 0 51 23 68 60 401 425 617 0 0 0 0 181 120 0 72 60 
300 136 122 0 73 98 0 86 65 343 0 55 22 78 61 423 392 552 0 0 0 0 143 120 0 72 60 
297 137 124 0 74 85 0 91 65 349 0 52 20 68 62 391 434 627 0 0 0 0 185 120 0 72 60 
304 127 124 0 75 74 0 84 64 344 0 52 23 71 64 390 433 615 0 0 0 0 157 120 0 72 60 
299 130 124 0 74 75 0 91 64 340 0 51 23 66 61 379 443 702 0 0 0 0 149 120 0 71 60 
303 132 120 0 76 72 0 89 65 344 0 50 24 71 58 379 415 679 0 0 0 0 130 120 0 72 60 
299 127 112 0 76 80 0 82 65 351 0 50 24 70 58 392 415 562 0 0 0 0 124 120 0 72 60 
301 129 116 0 75 88 0 92 65 355 0 52 24 86 59 416 420 643 0 0 0 0 166 120 0 72 60 
303 131 123 0 76 86 0 92 65 347 0 57 24 74 60 367 408 538 0 0 0 0 189 120 0 73 60 
300 126 122 0 76 79 0 90 65 343 0 62 24 59 62 328 457 676 0 0 0 0 204 120 0 74 60 
303 135 126 0 76 73 0 89 64 346 0 63 24 71 63 406 474 661 0 0 0 0 182 120 0 75 60 
302 142 120 0 76 72 0 92 64 347 0 64 22 95 63 414 448 689 0 0 0 0 137 120 0 75 60 
302 124 119 0 76 70 0 85 65 348 0 68 22 77 60 387 462 618 0 0 0 0 160 120 0 75 60 
297 122 120 0 75 74 0 84 64 346 0 61 22 59 57 369 403 633 0 0 0 0 176 120 0 76 60 
303 129 120 0 75 81 0 84 65 352 0 54 21 54 63 368 444 592 0 0 0 0 171 120 0 76 60 
303 131 122 0 74 91 0 86 65 352 0 55 21 81 62 386 410 673 0 0 0 0 145 120 0 76 60 
301 135 123 0 74 93 0 85 65 348 0 53 20 79 60 389 430 704 0 0 0 0 171 120 0 76 60 
302 132 119 0 74 91 0 84 65 348 0 52 21 83 59 437 465 679 0 0 0 0 227 120 0 75 60 
303 131 124 0 74 83 0 88 64 340 0 47 20 53 60 388 424 636 0 0 0 0 169 120 0 74 60 
302 130 116 0 74 85 0 91 65 338 0 42 20 61 62 408 433 614 0 0 0 0 184 120 0 74 60 
303 124 123 0 75 77 0 92 66 343 0 41 20 72 61 419 450 597 0 0 0 0 162 120 0 74 60 
305 131 116 0 75 78 0 90 66 352 0 41 21 79 63 392 408 624 0 0 0 0 160 120 0 75 60 
305 130 115 0 75 88 0 86 65 348 0 39 20 71 59 435 403 661 0 0 0 0 206 120 0 75 60 
302 129 120 0 75 94 0 89 65 343 0 42 21 70 60 405 420 669 0 0 0 0 163 120 0 74 60 
306 134 121 0 74 95 0 90 65 346 0 35 22 61 61 413 423 652 0 0 0 0 185 120 0 76 60 
303 126 122 0 73 103 0 87 65 350 0 34 24 60 59 403 419 637 0 0 0 0 196 120 0 75 60 
304 130 115 0 73 116 0 92 66 352 0 30 23 66 61 371 435 540 0 0 0 0 150 120 0 76 60 
299 125 116 0 73 118 0 91 66 347 0 29 24 68 60 379 435 633 0 0 0 0 156 120 0 76 60 
305 128 120 0 74 111 0 91 66 342 0 33 25 73 59 428 423 671 0 0 0 0 187 120 0 76 60 
299 130 118 0 75 95 0 86 65 342 0 33 27 58 62 401 374 672 0 0 0 0 142 120 0 76 60 
304 131 121 0 76 83 0 95 64 339 0 36 27 74 60 376 416 624 0 0 0 0 163 120 0 77 60 
305 125 117 0 77 74 0 94 64 349 0 35 28 81 60 425 442 618 0 0 0 0 148 120 0 76 60 
298 126 120 0 77 74 0 90 64 345 0 35 29 80 60 412 441 561 0 0 0 0 162 120 0 76 60 
304 129 115 0 78 78 0 89 64 341 0 33 28 63 60 350 426 627 0 0 0 0 170 120 0 76 60 
301 129 121 0 78 82 0 90 65 342 0 34 30 41 60 370 433 546 0 0 0 0 198 120 0 76 60 
302 130 120 0 77 84 0 89 65 351 0 35 30 45 61 374 477 635 0 0 0 0 194 120 0 76 60 
299 132 115 0 76 84 0 89 66 352 0 36 29 63 60 362 455 627 0 0 0 0 181 120 0 76 60 
300 130 117 0 74 83 0 95 66 347 0 36 29 73 59 376 412 556 0 0 0 0 177 120 0 76 60 
300 128 118 0 73 81 0 90 66 343 0 37 28 68 60 362 446 611 0 0 0 0 169 120 0 76 60 
303 133 120 0 71 76 0 89 66 348 0 35 29 65 61 372 393 581 0 0 0 0 161 120 0 74 60 
301 134 119 0 71 75 0 91 65 347 0 35 28 80 60 352 458 608 0 0 0 0 179 120 0 74 60 
300 127 119 0 71 83 0 88 65 350 0 33 28 67 60 357 458 599 0 0 0 0 142 120 0 74 60 
303 132 118 0 73 85 0 89 64 346 0 29 29 70 64 382 462 583 0 0 0 0 135 120 0 73 60 
304 129 121 0 74 83 0 89 65 354 0 30 30 66 56 377 423 657 0 0 0 0 175 120 0 73 60 
303 132 122 0 75 81 0 85 64 351 0 32 29 71 58 395 440 520 0 0 0 0 217 120 0 73 60 
307 133 120 0 76 86 0 84 65 351 0 32 32 68 59 380 429 661 0 0 0 0 155 120 0 73 60 
303 133 121 0 77 84 0 88 65 352 0 31 31 86 59 392 427 613 0 0 0 0 149 120 0 74 60 
303 130 117 0 77 81 0 92 65 340 0 31 33 76 62 363 443 644 0 0 0 0 180 120 0 75 60 
304 128 117 0 78 77 0 87 65 334 0 28 32 62 60 396 423 625 0 0 0 0 173 120 0 74 60 
307 132 118 0 79 82 0 90 65 342 0 31 33 67 60 382 454 556 0 0 0 0 196 120 0 75 60 
306 131 120 0 80 86 0 95 65 349 0 27 32 97 61 375 429 655 0 0 0 0 168 120 0 74 60 
305 127 120 0 80 86 0 90 65 347 0 29 33 80 62 361 420 518 0 0 0 0 164 120 0 76 60 
302 135 118 0 81 88 0 87 65 340 0 31 34 61 62 429 488 665 0 0 0 0 215 120 0 75 60 
302 125 118 0 80 91 0 86 65 342 0 28 35 53 60 367 463 678 0 0 0 0 120 120 0 74 60 
300 128 117 0 79 89 0 91 65 342 0 29 36 80 61 431 433 716 0 0 0 0 145 120 0 74 60 
303 131 116 0 79 83 0 87 65 348 0 28 34 82 60 378 433 651 0 0 0 0 144 120 0 73 60 
302 135 117 0 76 81 0 85 65 341 0 27 34 83 61 402 440 658 0 0 0 0 148 120 0 73 60 
302 127 117 0 76 81 0 91 66 340 0 27 36 58 61 404 436 675 0 0 0 0 169 120 0 73 60 
301 124 121 0 75 82 0 89 63 341 0 27 38 57 60 370 436 607 0 0 0 0 178 120 0 72 60 
303 129 118 0 74 82 0 89 65 341 0 30 36 72 61 364 446 665 0 0 0 0 189 120 0 73 60 
305 132 121 0 74 88 0 88 63 350 0 27 35 78 62 360 403 615 0 0 0 0 197 120 0 72 60 
301 133 117 0 74 86 0 91 64 344 0 27 36 71 60 413 416 801 0 0 0 0 150 120 0 72 60 
301 135 121 0 74 83 0 81 64 340 0 29 37 70 59 417 386 670 0 0 0 0 181 120 0 73 60 
302 133 120 0 74 77 0 82 65 341 0 26 35 62 60 359 390 679 0 0 0 0 196 120 0 72 60 
297 134 117 0 75 81 0 89 66 353 0 30 37 59 60 360 446 626 0 0 0 0 187 120 0 72 60 
305 131 117 0 75 84 0 90 65 353 0 27 37 66 64 410 408 754 0 0 0 0 196 120 0 72 60 
302 127 119 0 76 80 0 92 66 347 0 26 36 67 63 362 474 677 0 0 0 0 147 120 0 72 60 
310 130 118 0 77 83 0 89 64 348 0 28 37 74 65 401 477 680 0 0 0 0 160 120 0 72 60 
298 135 116 0 76 83 0 87 64 350 0 28 35 59 61 384 389 681 0 0 0 0 201 120 0 72 60 
298 131 115 0 77 86 0 88 64 351 0 32 36 69 57 381 396 624 0 0 0 0 154 120 0 72 60 
302 125 115 0 77 84 0 87 65 348 0 27 36 83 58 382 472 616 0 0 0 0 179 120 0 72 60 
304 122 115 0 77 83 0 89 66 344 0 29 33 82 58 355 445 676 0 0 0 0 183 120 0 72 60 
304 123 118 0 77 88 0 83 64 351 0 26 36 66 61 349 374 736 0 0 0 0 167 120 0 72 60 
306 125 119 0 78 91 0 92 65 346 0 28 37 42 62 378 430 701 0 0 0 0 185 120 0 72 60 
302 128 117 0 77 88 0 90 63 349 0 28 36 44 64 423 414 613 0 0 0 0 153 120 0 73 60 
302 131 118 0 77 86 0 91 65 351 0 28 38 63 62 405 412 685 0 0 0 0 180 120 0 72 60 
305 125 115 0 77 86 0 90 64 341 0 26 38 73 60 338 485 578 0 0 0 0 162 120 0 73 60 
304 127 119 0 75 87 0 90 65 336 0 29 38 68 59 349 403 619 0 0 0 0 186 120 0 73 60 
304 127 119 0 75 85 0 90 65 342 0 29 37 65 60 408 433 665 0 0 0 0 133 120 0 74 60 
309 134 122 0 74 82 0 85 65 345 0 28 37 77 61 416 451 665 0 0 0 0 164 120 0 75 60 
301 128 118 0 73 86 0 88 65 347 0 27 36 70 61 377 435 638 0 0 0 0 171 120 0 76 60 
301 128 122 0 74 86 0 89 65 341 0 30 36 70 61 342 448 627 0 0 0 0 174 120 0 77 60 
299 129 117 0 74 84 0 85 66 344 0 28 35 66 60 380 471 603 0 0 0 0 199 120 0 77 60 
302 131 118 0 74 82 0 88 66 349 0 28 34 73 62 385 402 523 0 0 0 0 190 120 0 78 60 
306 132 121 0 76 105 0 91 66 349 0 27 35 67 60 416 364 639 0 0 0 0 175 120 0 77 60 
299 126 119 0 76 107 0 87 64 345 0 26 33 86 61 412 405 565 0 0 0 0 158 120 0 77 60 
301 129 124 0 76 104 0 91 65 340 0 27 33 77 61 390 430 623 0 0 0 0 176 120 0 77 60 
299 128 121 0 75 97 0 89 64 341 0 26 33 66 61 423 436 581 0 0 0 0 184 120 0 76 60 
299 126 122 0 75 91 0 91 65 342 0 29 34 65 62 379 423 566 0 0 0 0 187 120 0 75 60 
300 130 116 0 74 93 0 87 64 350 0 28 33 93 61 362 411 519 0 0 0 0 181 120 0 75 60 
304 130 118 0 74 91 0 96 65 347 0 29 34 85 60 418 448 655 0 0 0 0 178 120 0 74 60 
298 133 114 0 74 98 0 88 65 342 0 30 31 63 63 375 450 645 0 0 0 0 179 120 0 74 60 
299 126 122 0 75 101 0 84 65 345 0 31 32 49 63 390 473 621 0 0 0 0 162 120 0 73 60 
302 128 121 0 75 100 0 92 65 351 0 29 30 80 61 366 405 505 0 0 0 0 176 120 0 73 60 
304 132 121 0 76 91 0 88 65 354 0 31 30 80 60 360 457 528 0 0 0 0 136 120 0 73 60 
301 132 118 0 76 89 0 89 66 348 0 31 31 84 59 354 405 608 0 0 0 0 141 120 0 73 60 
295 131 119 0 76 79 0 85 64 346 0 30 31 59 59 388 428 606 0 0 0 0 160 120 0 73 60 
301 129 117 0 76 72 0 100 65 347 0 31 33 56 58 402 408 620 0 0 0 0 140 120 0 73 60 
304 132 121 0 76 72 0 96 65 349 0 34 33 70 63 370 467 624 0 0 0 0 156 120 0 73 60 
305 128 120 0 74 75 0 85 65 349 0 33 32 76 60 364 412 549 0 0 0 0 187 120 0 73 60 
303 130 123 0 75 79 0 94 65 348 0 36 33 75 62 375 424 607 0 0 0 0 197 120 0 75 60 
307 135 117 0 74 82 0 86 64 352 0 33 34 66 60 408 444 553 0 0 0 0 190 120 0 75 60 
302 128 123 0 73 84 0 87 64 348 0 29 31 62 57 353 389 646 0 0 0 0 161 120 0 76 60 
303 130 116 0 73 85 0 87 64 349 0 29 32 61 61 365 402 647 0 0 0 0 206 120 0 77 60 
308 128 123 0 74 84 0 86 64 350 0 32 30 67 61 386 407 640 0 0 0 0 148 120 0 77 60 
306 133 117 0 73 82 0 87 65 340 0 31 31 66 62 392 436 596 0 0 0 0 188 120 0 78 60 
307 135 112 0 75 81 0 84 65 337 0 31 31 75 60 414 456 651 0 0 0 0 184 120 0 77 60 
306 132 115 0 75 87 0 85 66 342 0 32 30 63 62 364 397 655 0 0 0 0 161 120 0 76 60 
306 131 118 0 76 90 0 88 66 349 0 29 31 67 61 373 450 607 0 0 0 0 130 120 0 75 60 
301 131 122 0 75 87 0 88 66 349 0 33 32 83 60 367 389 659 0 0 0 0 145 120 0 74 60 
303 124 116 0 75 85 0 90 65 342 0 31 32 82 60 343 427 668 0 0 0 0 193 120 0 74 60 
303 129 113 0 75 84 0 88 64 340 0 36 30 68 60 404 404 674 0 0 0 0 219 120 0 74 60 
304 131 120 0 77 84 0 88 65 342 0 35 31 42 59 385 421 675 0 0 0 0 133 120 0 74 60 
302 132 117 0 78 80 0 87 66 345 0 31 32 44 58 375 397 714 0 0 0 0 145 120 0 74 60 
301 128 121 0 79 82 0 85 65 343 0 31 32 61 59 411 438 631 0 0 0 0 145 120 0 74 60 
302 129 118 0 80 88 0 86 67 341 0 31 30 73 60 393 428 632 0 0 0 0 169 120 0 74 60 
301 126 118 0 81 93 0 86 66 337 0 31 30 69 61 389 453 659 0 0 0 0 157 120 0 75 60 
301 124 118 0 81 93 0 92 64 339 0 37 31 64 59 380 464 688 0 0 0 0 152 120 0 75 60 
300 125 119 0 81 92 0 88 64 346 0 38 30 78 59 401 460 758 0 0 0 0 219 120 0 75 60 
298 130 118 0 80 89 0 89 65 343 0 40 29 71 58 427 457 690 0 0 0 0 193 120 0 75 60 
305 133 117 0 79 82 0 90 65 340 0 42 28 69 61 388 434 687 0 0 0 0 183 120 0 76 60 
301 128 119 0 78 79 0 87 64 343 0 43 27 67 60 395 412 714 0 0 0 0 191 120 0 77 60 
304 126 118 0 77 81 0 87 64 348 0 39 26 73 60 416 433 686 0 0 0 0 172 120 0 77 60 
301 129 118 0 77 85 0 85 65 353 0 33 24 68 59 401 476 675 0 0 0 0 156 120 0 76 60 
301 128 117 0 77 86 0 91 64 345 0 37 23 85 60 417 413 652 0 0 0 0 162 120 0 75 60 
302 128 119 0 76 90 0 85 65 344 0 38 22 81 60 382 392 643 0 0 0 0 134 120 0 74 60 
305 128 118 0 75 98 0 89 65 344 0 39 21 69 59 405 429 552 0 0 0 0 184 120 0 74 60 
305 133 120 0 75 108 0 94 67 348 0 41 22 66 60 367 428 691 0 0 0 0 166 120 0 73 60 
299 130 120 0 75 106 0 90 66 346 0 42 22 91 60 415 453 714 0 0 0 0 167 120 0 73 60 
307 133 118 0 74 102 0 93 65 346 0 44 22 90 60 372 428 703 0 0 0 0 189 120 0 73 60 
305 129 119 0 74 96 0 92 63 348 0 46 21 68 61 389 468 640 0 0 0 0 172 120 0 72 60 
307 131 116 0 74 90 0 91 64 349 0 46 23 49 61 374 431 629 0 0 0 0 168 120 0 72 60 
304 128 118 0 74 85 0 87 64 344 0 50 21 76 63 377 426 681 0 0 0 0 162 120 0 74 60 
302 128 120 0 74 86 0 85 64 349 0 47 22 82 61 394 440 520 0 0 0 0 198 120 0 75 60 
302 138 118 0 75 88 0 86 64 336 0 49 20 83 57 421 412 609 0 0 0 0 192 120 0 75 60 
300 134 122 0 75 90 0 84 63 334 0 53 20 69 60 419 465 693 0 0 0 0 168 120 0 74 60 
301 131 116 0 76 80 0 85 66 342 0 51 21 52 58 379 449 651 0 0 0 0 174 120 0 74 60 
303 133 120 0 76 73 0 90 64 349 0 52 20 69 60 383 423 636 0 0 0 0 160 120 0 75 60 
302 125 117 0 76 72 0 90 65 345 0 52 24 71 62 396 432 632 0 0 0 0 139 120 0 74 60 
299 126 121 0 76 73 0 90 65 340 0 53 21 77 62 357 428 595 0 0 0 0 142 120 0 74 60 
302 133 118 0 76 76 0 93 65 344 0 52 22 68 63 408 429 659 0 0 0 0 209 120 0 74 60 
305 125 118 0 76 81 0 90 65 351 0 55 23 66 60 379 402 584 0 0 0 0 168 120 0 73 60 
299 130 120 0 75 91 0 89 65 348 0 55 23 60 58 412 427 663 0 0 0 0 169 120 0 73 60 
303 129 118 0 74 92 0 87 66 345 0 59 22 66 60 370 430 565 0 0 0 0 132 120 0 72 60 
296 130 120 0 74 91 0 91 66 340 0 55 22 65 60 402 403 558 0 0 0 0 176 120 0 73 60 
305 135 118 0 74 93 0 86 65 342 0 55 22 71 60 358 427 621 0 0 0 0 130 120 0 72 60 
304 132 119 0 75 94 0 84 65 344 0 55 23 68 60 389 454 661 0 0 0 0 222 120 0 73 60 
302 135 119 0 76 91 0 88 65 350 0 55 23 60 59 383 412 595 0 0 0 0 124 120 0 73 60 
300 125 115 0 75 84 0 94 64 346 0 53 23 83 62 407 397 626 0 0 0 0 146 120 0 73 60 
300 126 117 0 75 80 0 87 63 341 0 53 22 82 60 372 388 655 0 0 0 0 152 120 0 72 60 
301 128 119 0 75 83 0 89 65 349 0 50 21 74 61 401 420 588 0 0 0 0 189 120 0 72 60 
301 140 117 0 75 82 0 90 64 356 0 56 22 47 61 413 457 560 0 0 0 0 182 120 0 72 60 
303 133 115 0 74 80 0 83 66 355 0 54 23 43 60 393 428 677 0 0 0 0 181 120 0 72 60 
296 132 117 0 73 81 0 83 65 347 0 58 22 57 62 362 459 658 0 0 0 0 171 120 0 73 60 
302 127 112 0 73 87 0 85 65 345 0 57 22 71 60 373 467 629 0 0 0 0 177 120 0 73 60 
305 130 120 0 73 91 0 89 65 345 0 63 23 69 60 401 422 658 0 0 0 0 165 120 0 72 60 
301 131 119 0 74 89 0 88 65 348 0 61 23 65 62 398 417 593 0 0 0 0 208 120 0 72 60 
307 127 120 0 75 91 0 90 65 345 0 58 25 70 60 406 465 600 0 0 0 0 184 120 0 73 60 
305 133 116 0 76 83 0 91 65 347 0 60 22 74 60 371 457 661 0 0 0 0 202 120 0 72 60 
302 137 119 0 77 92 0 89 65 349 0 55 23 66 60 425 455 649 0 0 0 0 143 120 0 72 60 
300 132 116 0 78 95 0 89 64 348 0 52 22 67 59 362 420 628 0 0 0 0 181 120 0 72 60 
302 122 120 0 78 97 0 85 65 346 0 49 23 68 59 362 392 699 0 0 0 0 172 120 0 72 60 
306 125 118 0 78 94 0 88 64 348 0 45 23 68 58 368 398 624 0 0 0 0 206 120 0 71 60 
302 122 119 0 77 84 0 85 65 336 0 40 21 79 62 395 469 611 0 0 0 0 145 120 0 71 60 
300 130 122 0 76 76 0 91 65 335 0 42 22 83 60 364 462 636 0 0 0 0 157 120 0 70 60 
300 129 120 0 74 75 0 96 65 347 0 49 21 72 63 415 430 735 0 0 0 0 133 120 0 70 60 
303 132 119 0 72 79 0 89 64 351 0 54 22 62 61 372 427 701 0 0 0 0 209 120 0 70 60 
304 125 121 0 72 85 0 93 64 345 0 59 22 80 60 374 428 663 0 0 0 0 156 120 0 70 60 
311 127 122 0 72 94 0 86 65 340 0 59 22 99 63 394 439 693 0 0 0 0 158 120 0 70 60 
292 126 121 0 73 99 0 87 65 346 0 58 23 72 60 425 423 655 0 0 0 0 166 120 0 71 60 
307 128 124 0 74 97 0 90 66 350 0 54 22 53 60 406 462 605 0 0 0 0 159 120 0 70 60 
308 130 121 0 75 95 0 87 66 346 0 45 23 63 60 389 446 678 0 0 0 0 141 120 0 71 60 
293 131 121 0 76 83 0 91 66 344 0 49 22 83 62 362 432 714 0 0 0 0 173 120 0 72 60 
306 134 121 0 76 73 0 90 65 339 0 46 22 81 61 423 398 713 0 0 0 0 210 120 0 73 60 
310 130 123 0 77 72 0 89 64 341 0 50 22 77 60 392 462 605 0 0 0 0 146 120 0 73 60 
302 135 115 0 78 70 0 88 64 342 0 48 24 51 59 375 461 676 0 0 0 0 168 120 0 72 60 
306 127 121 0 78 74 0 86 64 346 0 48 23 68 60 384 429 585 0 0 0 0 159 120 0 72 60 
306 128 121 0 80 79 0 91 65 341 0 45 25 69 60 366 410 617 0 0 0 0 183 120 0 72 60 
304 134 126 0 80 85 0 87 64 341 0 37 25 79 61 456 447 647 0 0 0 0 144 120 0 72 60 
312 127 119 0 80 81 0 88 66 348 0 39 26 68 61 416 475 702 0 0 0 0 186 120 0 73 60 
299 132 122 0 81 84 0 89 65 353 0 42 25 69 60 441 432 598 0 0 0 0 155 120 0 72 60 
304 127 120 0 80 91 0 89 65 351 0 44 25 61 61 386 386 680 0 0 0 0 213 120 0 72 60 
304 136 121 0 79 91 0 88 64 344 0 47 24 62 60 376 405 650 0 0 0 0 181 120 0 73 60 
303 130 119 0 77 87 0 87 65 345 0 45 24 67 60 372 445 559 0 0 0 0 142 120 0 72 60 
305 129 124 0 76 86 0 93 65 348 0 47 22 69 61 355 409 654 0 0 0 0 144 120 0 73 60 
302 127 119 0 75 93 0 85 65 346 0 45 24 71 60 392 436 623 0 0 0 0 204 120 0 73 60 
307 137 123 0 74 97 0 96 65 346 0 45 22 60 60 410 514 633 0 0 0 0 188 120 0 72 60 
303 130 119 0 74 95 0 90 65 347 0 50 22 77 60 404 446 640 0 0 0 0 187 120 0 73 60 
303 129 124 0 73 88 0 93 66 348 0 51 21 80 60 398 395 590 0 0 0 0 155 120 0 72 60 
304 137 121 0 74 89 0 93 65 348 0 52 22 79 60 383 384 606 0 0 0 0 152 120 0 72 60 
305 133 116 0 74 88 0 91 65 347 0 55 20 54 60 295 413 598 0 0 0 0 223 120 0 72 60 
302 128 115 0 74 89 0 89 64 345 0 56 20 42 61 395 413 637 0 0 0 0 173 120 0 73 60 
301 133 122 0 74 87 0 83 65 335 0 53 19 49 59 383 433 652 0 0 0 0 184 120 0 72 60 
307 131 120 0 74 89 0 83 65 341 0 43 21 67 59 395 413 593 0 0 0 0 178 120 0 72 60 
298 123 118 0 75 97 0 87 66 349 0 40 19 71 61 399 407 527 0 0 0 0 151 120 0 73 60 
306 128 115 0 76 102 0 84 66 349 0 36 20 66 61 358 474 640 0 0 0 0 206 120 0 72 60 
301 126 120 0 76 116 0 83 64 342 0 35 20 67 62 405 462 615 0 0 0 0 120 120 0 72 60 
302 135 120 0 77 122 0 88 64 339 0 42 20 76 63 394 425 583 0 0 0 0 153 120 0 72 60 
301 132 121 0 77 125 0 94 64 346 0 46 19 68 60 417 396 663 0 0 0 0 177 120 0 71 60 
300 133 121 0 77 113 0 93 64 348 0 60 19 70 58 395 395 588 0 0 0 0 212 120 0 71 60 
303 125 119 0 77 109 0 89 64 345 0 67 20 63 58 388 464 586 0 0 0 0 164 120 0 69 60 
301 128 115 0 78 100 0 86 66 342 0 71 19 71 59 373 443 615 0 0 0 0 190 120 0 69 60 
304 128 121 0 77 81 0 86 65 339 0 72 20 71 60 389 403 653 0 0 0 0 147 120 0 68 60 
295 129 122 0 77 67 0 86 65 341 0 71 19 83 61 379 430 656 0 0 0 0 161 120 0 69 60 
301 130 117 0 76 69 0 88 65 347 0 66 19 72 64 380 394 674 0 0 0 0 126 120 0 70 60 
303 130 121 0 75 72 0 92 65 348 0 69 19 60 63 423 418 678 0 0 0 0 180 120 0 70 60 
303 128 119 0 74 70 0 87 65 342 0 63 20 71 62 396 451 672 0 0 0 0 147 120 0 70 60 
309 127 116 0 74 70 0 86 65 343 0 64 20 95 59 404 430 602 0 0 0 0 186 120 0 69 60 
298 131 122 0 73 78 0 89 65 352 0 60 20 75 59 391 479 594 0 0 0 0 172 120 0 69 60 
304 118 122 0 73 85 0 89 64 355 0 63 21 60 61 378 416 721 0 0 0 0 191 120 0 69 60 
302 129 119 0 74 83 0 89 64 350 0 58 19 57 61 391 414 620 0 0 0 0 159 120 0 69 60 
302 117 120 0 75 83 0 91 63 342 0 62 19 83 60 398 440 630 0 0 0 0 203 120 0 69 60 
302 135 121 0 76 83 0 84 65 344 0 63 20 81 62 365 400 688 0 0 0 0 188 120 0 69 60 
302 125 120 0 76 83 0 87 65 346 0 65 19 81 60 359 400 633 0 0 0 0 146 120 0 69 60 
302 129 119 0 76 87 0 88 66 347 0 64 21 53 62 389 445 676 0 0 0 0 147 120 0 69 60 
299 125 120 0 75 98 0 93 66 346 0 61 19 63 60 439 454 620 0 0 0 0 170 120 0 70 60 
306 130 119 0 75 101 0 87 66 347 0 59 21 71 62 414 405 673 0 0 0 0 164 120 0 71 60 
300 111 120 0 75 99 0 94 65 348 0 60 20 78 60 389 445 670 0 0 0 0 146 120 0 71 60 
305 131 117 0 74 91 0 90 64 347 0 57 20 69 61 400 440 674 0 0 0 0 155 120 0 72 60 
304 135 120 0 75 88 0 89 63 349 0 57 20 70 60 418 429 646 0 0 0 0 145 120 0 72 60 
302 136 118 0 75 83 0 93 64 340 0 58 20 60 60 377 415 678 0 0 0 0 164 120 0 72 60 
301 141 119 0 76 77 0 87 64 335 0 54 22 61 62 421 441 682 0 0 0 0 203 120 0 71 60 
297 129 118 0 76 76 0 89 65 344 0 54 21 67 61 350 417 677 0 0 0 0 243 120 0 71 60 
304 132 120 0 76 78 0 83 64 350 0 48 22 67 60 375 374 718 0 0 0 0 169 120 0 70 60 
301 127 117 0 76 85 0 91 64 347 0 44 22 73 62 370 393 636 0 0 0 0 201 120 0 70 60 
301 130 116 0 76 85 0 87 65 341 0 40 22 59 60 397 452 635 0 0 0 0 198 120 0 70 60 
303 126 119 0 76 86 0 85 65 343 0 33 21 76 60 367 432 624 0 0 0 0 153 120 0 71 60 
303 131 120 0 75 91 0 91 65 352 0 35 20 80 60 382 443 688 0 0 0 0 162 120 0 71 60 
298 131 118 0 74 90 0 88 66 349 0 34 21 80 61 387 408 712 0 0 0 0 186 120 0 71 60 
302 129 118 0 74 85 0 90 65 348 0 33 21 60 60 399 421 629 0 0 0 0 178 120 0 72 60 
304 131 123 0 73 84 0 88 65 344 0 34 22 41 60 399 459 601 0 0 0 0 150 120 0 72 60 
299 139 118 0 73 94 0 91 66 342 0 37 23 48 60 370 473 590 0 0 0 0 172 120 0 72 60 
299 129 117 0 74 106 0 89 65 347 0 37 22 66 61 392 400 697 0 0 0 0 178 120 0 72 60 
298 126 117 0 74 109 0 84 65 350 0 43 22 72 62 382 412 548 0 0 0 0 181 120 0 72 60 
305 130 116 0 75 115 0 89 64 343 0 46 22 67 64 345 379 600 0 0 0 0 159 120 0 72 60 
305 131 119 0 75 118 0 84 64 338 0 53 22 67 60 360 443 634 0 0 0 0 139 120 0 72 60 
299 130 112 0 76 121 0 84 64 344 0 57 20 77 61 371 392 616 0 0 0 0 195 120 0 72 60 
300 135 115 0 76 119 0 94 64 355 0 62 22 67 63 412 473 592 0 0 0 0 154 120 0 73 60 
303 133 115 0 76 102 0 89 64 352 0 59 22 71 59 418 439 643 0 0 0 0 158 120 0 73 60 
303 126 117 0 76 84 0 89 64 347 0 54 22 65 60 399 410 661 0 0 0 0 172 120 0 72 60 
302 127 117 0 77 70 0 86 65 340 0 47 21 70 59 384 467 582 0 0 0 0 179 120 0 72 60 
302 128 117 0 78 71 0 83 64 346 0 47 21 73 58 398 460 592 0 0 0 0 156 120 0 72 60 
303 135 115 0 79 71 0 83 65 345 0 46 21 85 60 391 449 583 0 0 0 0 176 120 0 72 60 
305 131 115 0 80 82 0 88 66 345 0 45 21 72 60 416 463 616 0 0 0 0 228 120 0 72 60 
308 132 119 0 80 79 0 96 66 348 0 42 21 59 59 353 412 508 0 0 0 0 154 120 0 71 60 
303 132 120 0 81 77 0 90 65 352 0 46 20 74 62 395 426 614 0 0 0 0 180 120 0 71 60 
305 130 118 0 81 76 0 91 65 349 0 51 20 97 60 378 454 635 0 0 0 0 173 120 0 71 60 
302 130 121 0 79 79 0 87 63 349 0 54 21 74 62 386 426 616 0 0 0 0 147 120 0 72 60 
305 130 121 0 79 78 0 91 64 345 0 53 21 58 61 390 436 594 0 0 0 0 162 120 0 73 60 
303 133 118 0 78 80 0 88 65 337 0 52 22 61 61 385 403 601 0 0 0 0 149 120 0 72 60 
304 135 118 0 78 86 0 83 65 336 0 50 21 82 60 404 455 552 0 0 0 0 174 120 0 72 60 
303 128 120 0 78 93 0 88 66 348 0 43 20 82 59 412 484 537 0 0 0 0 206 120 0 73 60 
305 120 119 0 77 89 0 82 65 350 0 43 21 78 61 400 449 648 0 0 0 0 165 120 0 72 60 
300 125 121 0 77 89 0 89 65 347 0 42 21 52 60 376 422 613 0 0 0 0 156 120 0 72 60 
303 126 120 0 76 91 0 92 64 342 0 42 20 64 61 374 411 630 0 0 0 0 178 120 0 73 60 
305 125 120 0 75 88 0 92 64 347 0 43 22 73 60 375 446 603 0 0 0 0 167 120 0 72 60 
303 134 118 0 75 83 0 89 64 348 0 44 21 77 59 403 411 606 0 0 0 0 208 120 0 72 60 
304 126 120 0 74 80 0 89 64 347 0 48 20 67 58 355 421 620 0 0 0 0 186 120 0 72 60 
302 126 121 0 74 91 0 91 66 344 0 51 21 71 59 386 478 540 0 0 0 0 212 120 0 73 60 
300 125 117 0 73 108 0 85 66 339 0 49 20 59 62 379 409 695 0 0 0 0 159 120 0 73 60 
301 129 116 0 74 121 0 90 67 344 0 47 20 60 63 396 383 593 0 0 0 0 169 120 0 72 60 
301 128 116 0 75 121 0 87 65 348 0 49 20 68 63 391 400 670 0 0 0 0 158 120 0 73 60 
302 130 118 0 75 114 0 92 64 349 0 52 21 68 63 372 465 668 0 0 0 0 177 120 0 73 60 
305 128 120 0 76 109 0 89 63 344 0 50 22 71 59 384 387 663 0 0 0 0 202 120 0 73 60 
302 131 120 0 75 103 0 88 64 341 0 52 21 59 59 355 445 601 0 0 0 0 183 120 0 72 60 
300 132 122 0 76 103 0 89 64 351 0 53 23 78 59 386 445 624 0 0 0 0 127 120 0 72 60 
307 139 114 0 76 92 0 87 64 354 0 58 21 80 60 396 481 679 0 0 0 0 190 120 0 72 60 
297 125 121 0 76 82 0 89 65 351 0 56 22 77 59 408 406 644 0 0 0 0 183 120 0 72 60 
298 126 117 0 76 75 0 90 64 344 0 56 21 58 61 391 418 699 0 0 0 0 151 120 0 72 60 
302 134 122 0 75 78 0 88 65 344 0 56 21 41 63 357 447 702 0 0 0 0 200 120 0 72 60 
303 133 120 0 75 80 0 91 65 348 0 51 22 49 62 378 459 656 0 0 0 0 190 120 0 72 60 
306 127 122 0 74 87 0 86 65 348 0 48 22 68 59 406 478 671 0 0 0 0 182 120 0 72 60 
302 132 117 0 74 87 0 87 66 347 0 55 22 70 60 409 425 646 0 0 0 0 146 120 0 72 60 
304 137 124 0 73 87 0 87 65 350 0 49 23 65 60 408 401 652 0 0 0 0 138 120 0 73 60 
306 128 115 0 74 86 0 86 66 350 0 50 22 68 60 373 367 628 0 0 0 0 147 120 0 72 60 
301 126 116 0 74 91 0 92 66 349 0 53 23 76 61 416 431 656 0 0 0 0 198 120 0 73 60 
305 133 117 0 76 85 0 92 65 349 0 56 24 66 59 390 433 627 0 0 0 0 134 120 0 72 60 
304 129 120 0 75 80 0 98 64 344 0 55 22 71 61 372 430 572 0 0 0 0 166 120 0 72 60 
303 123 118 0 75 76 0 89 64 335 0 55 23 68 60 407 445 717 0 0 0 0 157 120 0 71 60 
299 130 119 0 74 75 0 92 65 340 0 54 23 69 60 409 455 672 0 0 0 0 177 120 0 71 60 
307 130 117 0 73 71 0 88 65 349 0 52 23 74 62 423 462 670 0 0 0 0 175 120 0 70 60 
302 129 119 0 73 64 0 85 66 347 0 50 23 86 61 406 425 632 0 0 0 0 149 120 0 70 60 
300 137 118 0 73 75 0 88 66 344 0 54 22 72 59 377 459 689 0 0 0 0 175 120 0 70 60 
301 137 120 0 74 73 0 84 66 341 0 52 23 62 60 396 433 534 0 0 0 0 151 120 0 70 60 
300 128 118 0 74 73 0 91 64 345 0 48 23 76 58 340 435 632 0 0 0 0 174 120 0 70 60 
302 126 119 0 75 73 0 81 65 350 0 49 25 98 60 406 422 622 0 0 0 0 185 120 0 71 60 
303 132 121 0 76 76 0 88 65 347 0 47 25 72 61 352 391 631 0 0 0 0 160 120 0 71 60 
303 136 119 0 76 77 0 92 65 344 0 45 23 55 61 372 451 595 0 0 0 0 172 120 0 71 60 
302 131 119 0 77 82 0 95 65 340 0 44 24 67 62 358 429 617 0 0 0 0 176 120 0 71 60 
303 132 118 0 77 84 0 86 65 339 0 43 23 83 62 424 411 711 0 0 0 0 184 120 0 71 60 
301 132 116 0 77 88 0 85 64 347 0 42 23 83 63 397 450 604 0 0 0 0 152 120 0 71 60 
300 129 118 0 76 85 0 88 64 348 0 38 22 75 60 415 476 566 0 0 0 0 217 120 0 70 60 
302 124 120 0 75 83 0 85 64 343 0 38 22 52 59 403 450 650 0 0 0 0 205 120 0 69 60 
298 127 121 0 74 84 0 89 65 340 0 36 23 67 59 368 423 616 0 0 0 0 213 120 0 69 60 
302 126 119 0 73 85 0 93 65 355 0 36 20 72 58 417 425 546 0 0 0 0 196 120 0 69 60 
299 130 117 0 72 89 0 88 65 357 0 35 22 79 63 384 433 642 0 0 0 0 181 120 0 69 60 
306 128 119 0 72 99 0 87 65 351 0 37 23 67 61 383 458 668 0 0 0 0 174 120 0 68 60 
306 123 121 0 72 106 0 89 64 345 0 32 23 70 61 416 448 619 0 0 0 0 183 120 0 68 60 
302 124 117 0 73 102 0 89 64 343 0 31 23 60 61 377 439 602 0 0 0 0 187 120 0 67 60 
305 125 119 0 74 92 0 90 64 348 0 28 23 62 58 374 411 646 0 0 0 0 168 120 0 68 60 
305 134 120 0 75 84 0 89 65 347 0 30 21 67 60 395 415 561 0 0 0 0 214 120 0 68 60 
306 127 119 0 75 82 0 89 65 343 0 31 21 72 63 378 395 526 0 0 0 0 156 120 0 68 60 
303 130 116 0 76 79 0 88 66 349 0 30 22 70 62 402 405 611 0 0 0 0 131 120 0 67 60 
304 131 121 0 77 81 0 89 66 348 0 30 22 60 60 394 444 705 0 0 0 0 153 120 0 68 60 
303 123 122 0 78 86 0 88 65 349 0 30 23 81 58 425 415 653 0 0 0 0 147 120 0 68 60 
303 132 119 0 79 97 0 92 66 346 0 29 24 80 59 427 448 665 0 0 0 0 199 120 0 69 60 
300 126 118 0 80 106 0 92 64 347 0 29 24 78 59 376 516 639 0 0 0 0 133 120 0 70 60 
296 129 119 0 81 107 0 90 64 337 0 25 24 53 60 338 425 603 0 0 0 0 178 120 0 71 60 
304 129 117 0 81 102 0 92 64 342 0 27 24 43 60 368 399 579 0 0 0 0 169 120 0 71 60 
302 129 119 0 81 89 0 93 65 351 0 28 24 52 60 385 448 670 0 0 0 0 151 120 0 72 60 
302 134 118 0 80 86 0 90 65 348 0 25 23 69 60 421 456 682 0 0 0 0 210 120 0 73 60 
301 134 116 0 78 88 0 87 65 341 0 27 24 71 60 406 458 682 0 0 0 0 165 120 0 73 60 
301 127 118 0 77 98 0 80 65 341 0 29 27 64 59 406 411 653 0 0 0 0 172 120 0 73 60 
302 132 119 0 76 96 0 85 64 345 0 28 26 68 61 397 434 668 0 0 0 0 174 120 0 71 60 
301 126 118 0 75 89 0 87 64 354 0 26 26 75 61 362 384 687 0 0 0 0 131 120 0 71 60 
302 127 122 0 75 83 0 91 65 348 0 29 24 66 60 370 411 689 0 0 0 0 178 120 0 69 60 
300 130 120 0 74 91 0 88 66 344 0 27 26 71 61 417 437 648 0 0 0 0 178 120 0 69 60 
306 134 114 0 74 95 0 89 65 338 0 27 25 67 62 366 469 673 0 0 0 0 136 120 0 69 60 
300 132 118 0 74 95 0 92 65 341 0 25 24 71 62 396 457 765 0 0 0 0 167 120 0 68 60 
307 128 117 0 74 87 0 90 65 345 0 24 24 74 60 406 447 663 0 0 0 0 148 120 0 68 60 
298 128 114 0 74 80 0 93 65 346 0 30 24 87 60 395 438 644 0 0 0 0 178 120 0 67 60 
302 133 120 0 75 81 0 86 65 340 0 27 25 73 59 370 428 650 0 0 0 0 181 120 0 68 60 
305 130 117 0 75 76 0 86 64 337 0 27 25 59 58 403 424 717 0 0 0 0 153 120 0 69 60 
303 126 117 0 75 77 0 88 64 349 0 27 25 79 63 418 417 659 0 0 0 0 175 120 0 70 60 
309 131 117 0 75 83 0 88 64 354 0 25 25 98 62 379 441 630 0 0 0 0 181 120 0 70 60 
301 136 119 0 77 86 0 86 65 351 0 28 24 71 62 427 413 651 0 0 0 0 180 120 0 71 60 
302 129 115 0 77 85 0 87 63 347 0 29 23 56 64 393 436 648 0 0 0 0 174 120 0 72 60 
302 135 116 0 78 86 0 95 64 342 0 25 23 63 60 345 394 682 0 0 0 0 165 120 0 72 60 
306 134 117 0 78 85 0 87 64 349 0 29 22 83 61 401 427 682 0 0 0 0 153 120 0 73 60 
305 124 118 0 77 80 0 85 65 347 0 28 23 81 58 384 425 647 0 0 0 0 179 120 0 72 60 
304 127 120 0 78 76 0 86 66 345 0 27 21 78 59 325 458 598 0 0 0 0 191 120 0 72 60 
304 129 121 0 77 77 0 86 67 349 0 26 22 53 62 389 399 648 0 0 0 0 124 120 0 72 60 
301 137 122 0 76 79 0 87 66 349 0 27 22 65 62 425 367 657 0 0 0 0 195 120 0 71 60 
306 137 119 0 75 84 0 88 65 351 0 28 22 71 65 355 404 525 0 0 0 0 182 120 0 70 60 
299 132 120 0 74 86 0 90 65 347 0 25 22 79 64 385 448 636 0 0 0 0 177 120 0 69 60 
304 130 120 0 74 86 0 88 64 345 0 26 21 68 61 400 440 574 0 0 0 0 181 120 0 69 60 
305 128 120 0 74 87 0 87 64 334 0 25 20 71 59 376 440 625 0 0 0 0 225 120 0 68 60 
302 131 122 0 73 84 0 94 65 339 0 27 20 60 59 357 408 663 0 0 0 0 155 120 0 68 60 
299 131 122 0 73 83 0 90 65 348 0 28 21 61 62 352 417 570 0 0 0 0 176 120 0 69 60 
301 130 122 0 75 86 0 87 65 347 0 28 22 65 60 390 451 598 0 0 0 0 146 120 0 69 60 
304 129 122 0 75 91 0 86 64 341 0 26 22 68 61 421 457 615 0 0 0 0 159 120 0 69 60 
300 129 124 0 76 89 0 85 64 341 0 29 22 73 61 420 433 605 0 0 0 0 197 120 0 70 60 
301 126 123 0 76 94 0 87 64 342 0 26 22 58 60 405 416 535 0 0 0 0 174 120 0 70 60 
299 128 116 0 74 104 0 88 65 349 0 26 23 76 61 391 433 642 0 0 0 0 133 120 0 70 60 
297 126 116 0 75 116 0 94 65 341 0 26 21 82 62 358 432 507 0 0 0 0 187 120 0 71 60 
303 128 122 0 75 108 0 87 65 342 0 29 21 79 60 408 433 637 0 0 0 0 159 120 0 70 60 
300 126 122 0 75 91 0 90 66 340 0 28 20 60 61 395 451 618 0 0 0 0 186 120 0 69 60 
306 128 121 0 74 81 0 89 65 343 0 26 21 42 59 381 432 574 0 0 0 0 155 120 0 69 60 
297 127 124 0 75 76 0 87 65 349 0 25 22 47 61 396 427 624 0 0 0 0 167 120 0 68 60 
302 129 120 0 76 73 0 86 66 350 0 26 22 64 59 386 470 599 0 0 0 0 144 120 0 69 60 
300 130 122 0 77 76 0 86 65 344 0 26 20 71 60 362 488 585 0 0 0 0 158 120 0 68 60 
306 125 123 0 77 82 0 91 64 341 0 25 19 67 61 362 416 530 0 0 0 0 170 120 0 69 60 
305 130 122 0 77 82 0 87 65 352 0 27 19 65 60 365 430 686 0 0 0 0 183 120 0 69 60 
302 133 119 0 76 80 0 88 64 358 0 27 19 78 59 389 410 621 0 0 0 0 155 120 0 70 60 
301 131 121 0 74 78 0 89 64 351 0 27 20 67 59 425 422 585 0 0 0 0 194 120 0 70 60 
302 130 123 0 75 86 0 90 65 347 0 27 20 69 60 414 402 617 0 0 0 0 179 120 0 71 60 
305 133 118 0 75 91 0 87 65 347 0 31 19 65 61 372 441 637 0 0 0 0 173 120 0 72 60 
302 129 124 0 72 93 0 90 64 348 0 28 21 71 61 376 461 592 0 0 0 0 174 120 0 72 60 
309 132 115 0 70 91 0 89 64 344 0 32 20 68 60 357 425 605 0 0 0 0 154 120 0 71 60 
305 127 117 0 74 91 0 86 65 344 0 30 19 84 60 387 422 654 0 0 0 0 184 120 0 70 60 
302 130 117 0 74 90 0 90 65 347 0 31 19 75 60 411 440 640 0 0 0 0 160 120 0 69 60 
303 133 117 0 74 88 0 92 66 350 0 30 20 58 59 414 427 662 0 0 0 0 165 120 0 68 60 
300 126 124 0 74 84 0 91 65 349 0 30 20 67 62 412 468 633 0 0 0 0 195 120 0 68 60 
303 128 117 0 64 83 0 86 64 348 0 26 21 96 59 368 428 688 0 0 0 0 171 120 0 67 60 
306 135 115 0 74 85 0 90 64 344 0 29 21 78 61 376 412 602 0 0 0 0 194 120 0 67 60 
300 127 121 0 74 90 0 98 65 335 0 28 21 62 61 425 418 679 0 0 0 0 199 120 0 67 60 
297 127 119 0 75 98 0 94 65 340 0 26 21 56 63 413 426 646 0 0 0 0 227 120 0 67 60 
306 130 116 0 77 96 0 92 65 348 0 28 19 82 61 406 428 698 0 0 0 0 184 120 0 67 60 
299 128 120 0 78 101 0 95 66 347 0 29 20 80 59 371 481 681 0 0 0 0 187 120 0 67 60 
304 127 119 0 79 108 0 86 65 341 0 30 20 84 59 410 425 682 0 0 0 0 159 120 0 67 60 
305 128 119 0 80 105 0 91 66 344 0 32 20 57 60 388 436 677 0 0 0 0 163 120 0 67 60 
299 129 120 0 82 94 0 84 65 345 0 35 21 58 61 379 422 681 0 0 0 0 153 120 0 68 60 
307 140 118 0 81 82 0 84 65 351 0 36 21 71 60 376 427 720 0 0 0 0 122 120 0 68 60 
299 140 115 0 82 71 0 85 65 344 0 36 19 78 59 449 411 665 0 0 0 0 152 120 0 68 60 
302 124 118 0 82 69 0 85 66 344 0 35 20 70 61 370 427 690 0 0 0 0 172 120 0 68 60 
305 127 117 0 81 66 0 86 65 340 0 39 19 67 61 376 454 639 0 0 0 0 159 120 0 68 60 
300 127 120 0 80 69 0 86 65 342 0 37 20 62 60 352 432 601 0 0 0 0 176 120 0 69 60 
299 131 120 0 79 67 0 95 64 346 0 37 20 60 61 396 413 686 0 0 0 0 174 120 0 69 60 
303 134 120 0 78 70 0 89 63 346 0 37 22 65 60 355 405 715 0 0 0 0 199 120 0 70 60 
304 133 117 0 78 76 0 84 65 343 0 37 20 66 60 343 479 705 0 0 0 0 159 120 0 70 60 
302 126 121 0 77 81 0 88 65 341 0 36 20 74 59 378 452 654 0 0 0 0 162 120 0 71 60 
308 133 119 0 77 89 0 85 67 348 0 34 19 60 60 403 438 629 0 0 0 0 156 120 0 71 60 
306 128 119 0 76 90 0 88 66 355 0 34 19 70 62 396 424 612 0 0 0 0 209 120 0 71 60 
301 132 120 0 75 87 0 90 65 346 0 35 20 84 60 370 457 607 0 0 0 0 148 120 0 72 60 
305 129 118 0 75 85 0 92 64 345 0 38 20 81 60 387 449 590 0 0 0 0 143 120 0 71 60 
305 135 116 0 74 94 0 85 63 341 0 43 21 63 59 364 446 669 0 0 0 0 137 120 0 70 60 
306 135 115 0 74 95 0 89 63 348 0 45 21 41 57 396 465 606 0 0 0 0 138 120 0 70 60 
301 125 119 0 73 105 0 91 64 349 0 42 20 45 61 340 438 668 0 0 0 0 211 120 0 70 60 
306 126 118 0 74 102 0 90 65 348 0 49 19 62 62 397 399 655 0 0 0 0 198 120 0 70 60 
301 125 119 0 75 90 0 85 65 349 0 41 20 71 62 398 393 646 0 0 0 0 149 120 0 70 60 
299 130 116 0 75 88 0 88 65 350 0 36 19 67 62 396 461 622 0 0 0 0 153 120 0 70 60 
303 131 119 0 75 79 0 89 66 351 0 36 19 64 61 383 470 571 0 0 0 0 153 120 0 69 60 
307 131 118 0 76 73 0 88 66 348 0 34 20 78 60 387 456 643 0 0 0 0 172 120 0 70 60 
301 131 119 0 76 74 0 87 66 343 0 31 20 70 59 410 445 625 0 0 0 0 171 120 0 69 60 
302 124 118 0 76 79 0 93 65 335 0 33 20 69 57 388 434 554 0 0 0 0 137 120 0 69 60 
305 126 117 0 75 81 0 93 65 340 0 31 18 64 62 387 459 639 0 0 0 0 181 120 0 70 60 
300 128 118 0 76 83 0 90 64 352 0 30 18 73 61 422 423 630 0 0 0 0 182 120 0 70 60 
301 133 119 0 74 81 0 90 64 349 0 29 18 67 64 416 433 603 0 0 0 0 205 120 0 70 60 
297 135 120 0 75 83 0 90 64 345 0 29 19 84 63 426 414 611 0 0 0 0 173 120 0 70 60 
303 124 118 0 74 77 0 88 64 342 0 32 19 75 62 384 436 600 0 0 0 0 165 120 0 69 60 
299 130 120 0 73 88 0 91 64 348 0 31 20 59 59 379 436 618 0 0 0 0 196 120 0 69 60 
302 132 116 0 74 100 0 88 65 351 0 30 19 66 59 390 459 568 0 0 0 0 189 120 0 70 60 
301 132 116 0 74 107 0 81 65 345 0 30 19 93 61 399 417 612 0 0 0 0 173 120 0 71 60 
306 125 115 0 74 101 0 86 65 344 0 32 17 81 61 383 433 616 0 0 0 0 170 120 0 71 60 
299 129 116 0 75 98 0 89 66 338 0 32 18 61 59 399 409 640 0 0 0 0 167 120 0 71 60 
296 128 115 0 75 98 0 89 65 340 0 36 18 53 59 423 442 654 0 0 0 0 152 120 0 72 60 
306 129 114 0 74 100 0 91 66 348 0 37 19 81 62 355 463 639 0 0 0 0 216 120 0 72 60 
305 130 114 0 74 94 0 91 65 345 0 40 19 81 62 379 395 613 0 0 0 0 182 120 0 72 60 
303 130 116 0 74 84 0 93 65 345 0 35 19 81 62 397 408 588 0 0 0 0 169 120 0 72 60 
302 128 118 0 73 84 0 88 66 343 0 36 19 56 62 353 471 641 0 0 0 0 188 120 0 71 60 
300 127 118 0 73 86 0 89 65 351 0 36 18 59 61 374 432 585 0 0 0 0 141 120 0 71 60 
305 130 116 0 74 82 0 89 66 355 0 39 19 73 62 356 417 680 0 0 0 0 186 120 0 70 60 
302 129 116 0 74 75 0 89 64 350 0 45 17 78 60 383 421 707 0 0 0 0 174 120 0 69 60 
303 130 115 0 75 79 0 92 64 347 0 48 18 73 60 392 435 646 0 0 0 0 137 120 0 69 60 
301 124 118 0 76 84 0 84 63 344 0 49 18 68 60 396 459 596 0 0 0 0 142 120 0 68 60 
305 132 120 0 77 81 0 88 63 350 0 45 21 61 60 339 402 660 0 0 0 0 172 120 0 68 60 
308 132 120 0 77 80 0 89 64 346 0 35 19 62 59 400 466 640 0 0 0 0 185 120 0 67 60 
302 131 120 0 77 82 0 87 65 345 0 34 17 66 60 401 451 624 0 0 0 0 138 120 0 67 60 
302 137 120 0 77 76 0 89 65 349 0 34 18 67 61 399 426 694 0 0 0 0 123 120 0 68 60 
302 125 120 0 76 76 0 82 66 348 0 33 18 75 60 408 457 668 0 0 0 0 167 120 0 68 60 
302 134 115 0 76 86 0 87 65 350 0 37 19 59 60 387 414 737 0 0 0 0 188 120 0 69 60 
298 125 120 0 75 99 0 87 65 347 0 38 19 71 60 402 403 682 0 0 0 0 157 120 0 69 60 
299 128 120 0 74 114 0 86 64 342 0 38 20 82 62 378 427 628 0 0 0 0 182 120 0 71 60 
299 132 121 0 72 131 0 90 64 338 0 34 20 82 62 378 509 670 0 0 0 0 157 120 0 72 60 
300 139 121 0 72 144 0 88 65 336 0 34 19 61 61 428 428 626 0 0 0 0 154 120 0 72 60 
305 132 123 0 72 139 0 86 66 350 0 30 19 40 60 399 426 652 0 0 0 0 212 120 0 73 60 
301 137 117 0 73 131 0 91 65 348 0 27 17 48 61 416 493 572 0 0 0 0 138 120 0 72 60 
299 124 120 0 74 109 0 94 65 341 0 28 19 64 60 411 463 616 0 0 0 0 141 120 0 71 60 
297 128 113 0 74 88 0 87 64 341 0 27 19 71 60 366 406 695 0 0 0 0 197 120 0 71 60 
303 128 117 0 75 85 0 83 65 346 0 29 20 68 61 401 442 647 0 0 0 0 251 120 0 71 60 
301 127 121 0 76 92 0 88 65 352 0 28 19 65 62 430 444 693 0 0 0 0 130 120 0 70 60 
311 128 121 0 77 97 0 86 66 346 0 27 19 78 60 375 466 612 0 0 0 0 125 120 0 70 60 
299 131 123 0 78 92 0 90 65 345 0 25 18 68 59 362 400 625 0 0 0 0 202 120 0 70 60 
301 123 122 0 79 83 0 89 65 344 0 27 19 71 59 362 385 459 0 0 0 0 200 120 0 70 60 
308 127 121 0 80 81 0 89 65 344 0 27 19 65 62 393 450 621 0 0 0 0 198 120 0 70 60 
303 129 120 0 81 77 0 91 66 351 0 30 19 73 61 393 442 656 0 0 0 0 207 120 0 70 60 
307 133 122 0 81 79 0 88 66 348 0 28 19 72 60 396 435 626 0 0 0 0 171 120 0 69 60 
301 128 121 0 79 74 0 95 66 342 0 26 19 84 61 410 433 619 0 0 0 0 212 120 0 69 60 
299 129 116 0 78 74 0 86 66 340 0 27 20 75 60 378 462 667 0 0 0 0 142 120 0 69 60 
301 130 127 0 78 70 0 87 65 349 0 27 19 61 61 381 455 648 0 0 0 0 126 120 0 69 60 
301 125 118 0 77 72 0 90 65 356 0 26 19 67 60 360 425 537 0 0 0 0 219 120 0 69 60 
305 124 124 0 77 80 0 90 63 349 0 28 20 96 61 357 422 615 0 0 0 0 159 120 0 69 60 
304 127 118 0 75 81 0 88 64 343 0 27 20 79 59 343 422 609 0 0 0 0 150 120 0 68 60 
300 131 115 0 75 76 0 87 65 343 0 25 22 62 60 449 438 648 0 0 0 0 124 120 0 67 60 
304 130 109 0 75 80 0 96 64 346 0 29 20 54 60 393 432 564 0 0 0 0 167 120 0 67 60 
299 127 121 0 75 82 0 86 65 344 0 28 21 82 60 365 454 623 0 0 0 0 184 120 0 67 60 
295 133 122 0 75 79 0 86 66 341 0 29 20 84 61 415 441 685 0 0 0 0 137 120 0 68 60 
304 136 119 0 75 79 0 89 65 347 0 27 19 83 59 423 388 602 0 0 0 0 179 120 0 67 60 
300 129 116 0 75 88 0 88 66 347 0 26 19 55 59 406 441 606 0 0 0 0 164 120 0 68 60 
302 130 118 0 74 94 0 87 66 349 0 27 19 61 61 366 447 597 0 0 0 0 164 120 0 68 60 
301 127 116 0 75 92 0 89 64 348 0 28 20 70 59 355 454 583 0 0 0 0 147 120 0 69 60 
302 133 117 0 75 84 0 91 65 343 0 26 20 78 62 400 429 549 0 0 0 0 168 120 0 70 60 
304 127 120 0 76 89 0 84 65 338 0 27 20 72 61 360 404 654 0 0 0 0 199 120 0 70 60 
301 139 120 0 78 101 0 88 65 337 0 26 20 69 61 380 415 653 0 0 0 0 134 120 0 70 60 
306 128 119 0 77 109 0 95 65 350 0 26 20 61 64 431 407 665 0 0 0 0 158 120 0 70 60 
298 133 117 0 78 103 0 92 65 349 0 30 19 61 63 385 411 637 0 0 0 0 160 120 0 70 60 
300 128 118 0 78 101 0 92 65 346 0 26 21 67 60 404 474 614 0 0 0 0 171 120 0 69 60 
302 132 118 0 78 96 0 91 64 345 0 27 21 67 58 350 469 629 0 0 0 0 167 120 0 69 60 
305 135 120 0 77 105 0 91 65 347 0 26 22 74 58 394 401 618 0 0 0 0 178 120 0 69 60 
306 127 119 0 77 102 0 90 65 352 0 27 21 61 61 382 467 657 0 0 0 0 162 120 0 69 60 
298 124 121 0 76 99 0 83 66 345 0 27 22 69 63 399 438 675 0 0 0 0 182 120 0 68 60 
305 127 119 0 75 91 0 86 66 341 0 27 22 81 63 402 387 725 0 0 0 0 184 120 0 68 60 
303 132 118 0 75 89 0 83 66 340 0 26 21 84 63 405 417 624 0 0 0 0 187 120 0 67 60 
304 136 119 0 74 80 0 83 66 336 0 26 20 66 60 381 394 676 0 0 0 0 154 120 0 67 60 
306 135 119 0 74 76 0 87 64 346 0 28 19 41 59 354 391 662 0 0 0 0 142 120 0 67 60 
301 127 120 0 74 70 0 88 64 343 0 30 21 45 60 415 430 650 0 0 0 0 128 120 0 66 60 
300 126 122 0 74 65 0 96 64 341 0 29 20 65 61 429 466 687 0 0 0 0 222 120 0 66 60 
301 124 120 0 75 70 0 93 65 339 0 28 21 72 60 422 482 699 0 0 0 0 195 120 0 67 60 
305 137 117 0 76 72 0 89 65 352 0 27 20 68 59 395 404 673 0 0 0 0 146 120 0 67 60 
304 133 119 0 76 76 0 82 67 358 0 28 20 65 59 376 408 692 0 0 0 0 188 120 0 67 60 
301 133 120 0 76 75 0 86 66 351 0 30 20 76 62 393 449 663 0 0 0 0 207 120 0 67 60 
302 127 119 0 76 82 0 89 64 347 0 27 21 70 60 379 442 662 0 0 0 0 183 120 0 67 60 
299 132 120 0 75 83 0 85 64 343 0 27 21 70 61 361 425 688 0 0 0 0 204 120 0 68 60 
302 126 120 0 75 83 0 92 64 347 0 25 20 64 60 411 411 692 0 0 0 0 191 120 0 68 60 
295 129 121 0 75 80 0 89 65 349 0 28 22 71 60 426 421 687 0 0 0 0 205 120 0 68 60 
302 131 118 0 75 81 0 89 64 341 0 28 21 67 60 365 401 704 0 0 0 0 179 120 0 67 60 
303 135 119 0 76 79 0 87 64 350 0 26 23 87 60 360 430 657 0 0 0 0 153 120 0 68 60 
302 136 118 0 77 78 0 87 64 346 0 27 21 76 59 374 440 642 0 0 0 0 156 120 0 67 60 
301 124 119 0 77 80 0 88 64 345 0 28 22 66 61 401 463 687 0 0 0 0 113 120 0 67 60 
303 122 120 0 76 84 0 83 65 346 0 25 21 66 59 375 454 704 0 0 0 0 166 120 0 68 60 
302 127 117 0 76 86 0 87 65 343 0 28 23 91 60 407 422 655 0 0 0 0 187 120 0 67 60 
304 132 119 0 76 84 0 88 66 336 0 26 22 86 59 353 438 631 0 0 0 0 156 120 0 69 60 
301 123 117 0 75 86 0 88 65 338 0 26 23 65 60 372 464 622 0 0 0 0 118 120 0 69 60 
301 131 120 0 74 84 0 89 65 351 0 26 22 49 60 395 382 552 0 0 0 0 183 120 0 70 60 
302 126 122 0 74 86 0 92 64 349 0 26 22 78 58 374 422 667 0 0 0 0 168 120 0 70 60 
302 129 117 0 74 84 0 91 63 342 0 27 20 83 61 398 449 634 0 0 0 0 166 120 0 70 60 
306 126 116 0 74 89 0 87 63 342 0 27 21 86 60 350 441 682 0 0 0 0 200 120 0 70 60 
297 125 117 0 74 92 0 91 64 343 0 29 21 62 59 394 413 578 0 0 0 0 200 120 0 71 60 
296 131 121 0 74 94 0 90 65 352 0 31 21 53 60 395 434 581 0 0 0 0 212 120 0 71 60 
302 132 117 0 74 87 0 88 64 347 0 30 22 71 61 358 473 611 0 0 0 0 190 120 0 70 60 
307 127 116 0 73 83 0 90 65 343 0 27 22 73 61 374 423 580 0 0 0 0 171 120 0 70 60 
302 139 113 0 74 82 0 84 65 343 0 29 24 74 59 378 439 573 0 0 0 0 187 120 0 71 60 
307 133 116 0 74 84 0 85 65 341 0 28 22 68 61 404 433 598 0 0 0 0 210 120 0 71 60 
303 129 118 0 74 93 0 88 65 349 0 27 22 65 62 367 428 618 0 0 0 0 144 120 0 71 60 
302 129 119 0 74 108 0 91 65 348 0 28 23 58 62 394 430 588 0 0 0 0 157 120 0 72 60 
308 128 118 0 75 116 0 90 65 342 0 27 24 66 62 398 386 658 0 0 0 0 144 120 0 73 60 
304 131 119 0 76 102 0 92 65 341 0 27 24 66 59 366 444 581 0 0 0 0 167 120 0 72 60 
307 125 117 0 77 91 0 100 65 351 0 27 23 71 59 438 435 567 0 0 0 0 180 120 0 72 60 
302 133 120 0 77 88 0 88 65 355 0 26 23 64 61 408 428 577 0 0 0 0 182 120 0 72 60 
303 130 121 0 79 89 0 94 65 351 0 27 25 64 59 413 421 594 0 0 0 0 149 120 0 72 60 
302 128 118 0 79 87 0 86 65 347 0 28 23 82 60 382 434 572 0 0 0 0 152 120 0 72 60 
303 127 123 0 80 105 0 86 63 344 0 26 23 80 60 396 499 588 0 0 0 0 158 120 0 73 60 
302 128 121 0 79 120 0 87 63 347 0 28 22 72 60 389 431 600 0 0 0 0 193 120 0 72 60 
304 132 117 0 79 123 0 85 62 349 0 26 22 48 62 385 414 649 0 0 0 0 193 120 0 72 60 
304 138 120 0 79 120 0 95 65 342 0 26 22 42 61 383 430 638 0 0 0 0 188 120 0 72 60 
299 127 122 0 78 99 0 92 65 349 0 27 23 57 60 406 449 641 0 0 0 0 185 120 0 72 60 
304 132 122 0 77 84 0 91 65 345 0 27 22 73 61 400 412 600 0 0 0 0 164 120 0 72 60 
305 134 122 0 77 73 0 88 64 349 0 27 21 68 60 368 421 624 0 0 0 0 198 120 0 71 60 
304 130 124 0 76 67 0 84 65 346 0 26 23 64 61 385 400 595 0 0 0 0 161 120 0 71 60 
306 134 117 0 76 65 0 81 65 343 0 26 23 74 62 360 410 651 0 0 0 0 144 120 0 70 60 
302 126 121 0 76 73 0 85 66 335 0 26 23 73 59 374 396 675 0 0 0 0 141 120 0 70 60 
303 127 123 0 75 80 0 93 65 337 0 25 24 67 62 357 454 651 0 0 0 0 197 120 0 70 60 
303 132 114 0 74 86 0 88 65 348 0 27 25 67 62 409 416 675 0 0 0 0 183 120 0 70 60 
304 136 115 0 73 87 0 93 65 349 0 29 26 68 60 432 377 642 0 0 0 0 141 120 0 70 60 
308 129 122 0 73 87 0 89 64 342 0 25 26 66 61 376 441 610 0 0 0 0 198 120 0 70 60 
297 136 121 0 74 85 0 90 65 343 0 27 26 81 60 382 466 593 0 0 0 0 189 120 0 71 60 
299 128 121 0 74 84 0 91 64 344 0 23 25 83 61 382 434 729 0 0 0 0 169 120 0 71 60 
304 133 118 0 75 88 0 87 65 353 0 26 24 70 63 376 458 660 0 0 0 0 162 120 0 71 60 
303 128 122 0 75 90 0 87 65 344 0 27 23 64 64 415 432 714 0 0 0 0 183 120 0 71 60 
303 128 121 0 75 85 0 88 65 344 0 27 23 86 63 376 440 591 0 0 0 0 156 120 0 71 60 
298 128 122 0 76 88 0 91 65 341 0 30 23 94 60 392 399 682 0 0 0 0 172 120 0 71 60 
304 129 121 0 76 90 0 91 64 343 0 31 24 69 60 415 409 691 0 0 0 0 198 120 0 71 60 
302 131 117 0 76 96 0 87 64 347 0 32 23 48 58 395 415 641 0 0 0 0 177 120 0 70 60 
304 127 125 0 76 97 0 95 65 347 0 34 26 72 61 396 450 695 0 0 0 0 132 120 0 70 60 
305 125 120 0 76 99 0 88 66 340 0 31 23 82 62 397 408 652 0 0 0 0 168 120 0 71 60 
305 122 125 0 75 99 0 86 66 341 0 33 24 85 63 370 420 658 0 0 0 0 192 120 0 71 60 
304 129 118 0 74 95 0 91 66 351 0 29 22 68 63 393 435 627 0 0 0 0 135 120 0 72 60 
302 128 114 0 75 91 0 86 66 355 0 27 22 51 62 391 391 678 0 0 0 0 207 120 0 73 60 
301 128 114 0 75 90 0 89 64 349 0 28 23 69 58 386 455 679 0 0 0 0 180 120 0 72 60 
300 124 120 0 75 101 0 85 64 345 0 27 23 72 61 421 448 642 0 0 0 0 141 120 0 72 60 
304 127 121 0 75 98 0 90 64 342 0 28 22 77 60 391 455 701 0 0 0 0 148 120 0 73 60 
301 129 121 0 75 88 0 89 65 348 0 28 22 67 60 394 445 681 0 0 0 0 210 120 0 73 60 
302 125 115 0 75 75 0 87 64 347 0 27 23 70 62 347 402 659 0 0 0 0 171 120 0 72 60 
299 131 116 0 75 77 0 90 65 343 0 28 21 59 60 365 423 534 0 0 0 0 183 120 0 72 60 
304 132 119 0 74 67 0 88 65 349 0 27 20 64 63 414 436 615 0 0 0 0 189 120 0 70 60 
302 127 119 0 74 65 0 93 65 350 0 26 20 67 62 379 471 685 0 0 0 0 156 120 0 69 60 
299 135 122 0 73 62 0 85 65 351 0 29 22 71 60 388 498 670 0 0 0 0 168 120 0 70 60 
300 135 120 0 73 67 0 91 65 350 0 27 22 69 61 376 449 640 0 0 0 0 168 120 0 71 60 
300 135 117 0 73 72 0 87 64 340 0 29 23 61 60 390 424 641 0 0 0 0 165 120 0 72 60 
303 125 115 0 74 77 0 86 65 338 0 27 23 81 61 385 448 604 0 0 0 0 169 120 0 72 60 
304 124 118 0 75 80 0 94 65 341 0 27 23 79 61 402 427 611 0 0 0 0 187 120 0 72 60 
302 137 118 0 75 85 0 89 65 349 0 28 21 79 58 424 382 632 0 0 0 0 204 120 0 72 60 
309 123 116 0 75 86 0 84 65 350 0 26 21 55 61 414 425 640 0 0 0 0 166 120 0 72 60 
302 131 116 0 76 81 0 89 63 343 0 30 22 42 60 380 420 663 0 0 0 0 153 120 0 72 60 
305 124 120 0 76 82 0 97 65 344 0 29 21 54 60 411 442 553 0 0 0 0 161 120 0 72 60 
305 132 117 0 77 78 0 93 64 348 0 30 22 71 60 401 458 623 0 0 0 0 151 120 0 73 60 
305 126 118 0 77 81 0 87 65 351 0 30 22 69 60 378 409 682 0 0 0 0 182 120 0 73 60 
305 127 117 0 77 81 0 92 64 346 0 28 22 65 60 380 374 628 0 0 0 0 171 120 0 72 60 
301 130 117 0 77 87 0 89 65 343 0 27 21 69 60 407 411 572 0 0 0 0 114 120 0 71 60 
300 132 121 0 75 88 0 82 67 341 0 28 20 76 60 412 446 616 0 0 0 0 168 120 0 71 60 
301 132 118 0 74 85 0 84 62 341 0 26 20 65 61 389 442 604 0 0 0 0 177 120 0 70 60 
305 128 119 0 73 83 0 86 64 346 0 28 20 70 59 400 440 531 0 0 0 0 166 120 0 70 60 
298 138 118 0 72 88 0 86 61 346 0 27 21 66 59 392 406 644 0 0 0 0 213 120 0 70 60 
302 132 119 0 71 89 0 82 65 340 0 26 22 68 60 404 352 636 0 0 0 0 173 120 0 70 60 
300 132 117 0 71 83 0 89 64 343 0 28 23 75 61 416 387 626 0 0 0 0 171 120 0 71 60 
304 125 118 0 72 80 0 89 66 350 0 29 22 84 60 392 482 685 0 0 0 0 209 120 0 71 60 
302 126 121 0 74 82 0 89 65 356 0 25 24 72 61 421 479 636 0 0 0 0 198 120 0 72 60 
298 125 116 0 75 86 0 94 65 348 0 28 23 61 61 388 430 604 0 0 0 0 179 120 0 72 60 
305 131 120 0 76 84 0 84 65 348 0 26 21 73 62 375 447 604 0 0 0 0 201 120 0 72 60 
304 136 116 0 77 86 0 87 64 345 0 27 22 97 60 395 433 605 0 0 0 0 241 120 0 72 60 
299 137 117 0 78 87 0 85 65 348 0 28 21 74 61 406 386 620 0 0 0 0 148 120 0 72 60 
302 133 119 0 79 87 0 87 64 348 0 27 21 59 61 393 442 724 0 0 0 0 148 120 0 72 60 
302 130 118 0 79 81 0 89 66 347 0 28 21 59 60 374 441 623 0 0 0 0 189 120 0 72 60 
303 126 116 0 80 87 0 87 65 351 0 26 19 80 60 368 379 662 0 0 0 0 129 120 0 73 60 
301 129 118 0 80 96 0 95 64 349 0 29 19 82 59 389 476 624 0 0 0 0 170 120 0 72 60 
304 129 118 0 80 110 0 88 64 347 0 31 19 79 60 374 396 629 0 0 0 0 164 120 0 72 60 
300 127 118 0 79 114 0 90 66 347 0 31 18 52 60 382 437 675 0 0 0 0 223 120 0 72 60 
303 127 116 0 79 109 0 89 65 340 0 35 18 64 61 371 465 675 0 0 0 0 140 120 0 72 60 
299 130 118 0 77 96 0 87 66 336 0 35 20 71 61 412 413 710 0 0 0 0 148 120 0 72 60 
306 129 115 0 75 81 0 86 67 341 0 38 19 77 59 379 438 684 0 0 0 0 176 120 0 73 60 
305 125 115 0 76 79 0 84 66 351 0 36 19 67 61 375 422 635 0 0 0 0 200 120 0 73 60 
302 128 116 0 75 77 0 91 66 345 0 34 19 70 61 395 393 593 0 0 0 0 162 120 0 73 60 
308 129 116 0 75 80 0 86 64 342 0 32 18 62 60 390 378 685 0 0 0 0 216 120 0 72 60 
302 126 117 0 75 79 0 92 64 342 0 32 18 60 62 401 428 678 0 0 0 0 201 120 0 72 60 
307 128 115 0 74 81 0 93 64 347 0 28 19 68 61 392 455 638 0 0 0 0 188 120 0 72 60 
304 127 114 0 73 80 0 92 65 351 0 28 20 70 59 443 471 717 0 0 0 0 167 120 0 72 60 
305 126 114 0 74 83 0 90 64 342 0 28 20 74 62 381 433 646 0 0 0 0 204 120 0 72 60 
300 129 115 0 73 85 0 90 65 341 0 29 20 59 61 369 456 627 0 0 0 0 174 120 0 72 60 
306 125 117 0 74 87 0 92 65 341 0 29 20 71 60 373 432 641 0 0 0 0 157 120 0 72 60 
304 133 117 0 75 86 0 89 65 342 0 30 20 83 59 382 419 673 0 0 0 0 162 120 0 72 60 
305 131 116 0 76 88 0 87 65 351 0 31 20 81 63 414 408 700 0 0 0 0 142 120 0 72 60 
302 130 119 0 78 92 0 86 64 348 0 32 19 64 67 377 440 593 0 0 0 0 144 120 0 73 60 
300 133 118 0 79 89 0 84 66 342 0 30 21 42 70 360 446 664 0 0 0 0 137 120 0 72 60 
300 129 118 0 79 86 0 85 65 341 0 32 21 45 64 430 446 565 0 0 0 0 212 120 0 72 60 
299 134 117 0 78 86 0 89 66 355 0 29 20 65 59 351 441 662 0 0 0 0 183 120 0 73 60 
298 127 119 0 77 98 0 89 66 355 0 33 19 74 58 407 462 627 0 0 0 0 205 120 0 73 60 
301 127 121 0 77 115 0 91 66 343 0 29 20 68 57 413 432 688 0 0 0 0 156 120 0 72 60 
303 129 117 0 76 128 0 93 65 345 0 30 20 67 60 384 413 621 0 0 0 0 155 120 0 73 60 
302 132 119 0 76 123 0 92 63 343 0 28 20 79 62 373 454 655 0 0 0 0 187 120 0 73 60 
300 124 116 0 75 117 0 86 64 347 0 28 20 68 62 377 467 652 0 0 0 0 179 120 0 72 60 
302 136 118 0 74 103 0 87 64 347 0 32 21 71 64 393 418 484 0 0 0 0 141 120 0 72 60 
303 127 121 0 75 89 0 94 64 344 0 31 21 66 60 391 416 601 0 0 0 0 192 120 0 72 60 
305 126 124 0 74 78 0 84 64 350 0 32 21 71 59 417 413 623 0 0 0 0 195 120 0 73 60 
302 125 120 0 74 70 0 88 64 346 0 35 19 66 58 408 417 650 0 0 0 0 183 120 0 71 60 
302 131 120 0 74 63 0 87 65 345 0 33 19 87 59 384 432 587 0 0 0 0 124 120 0 71 60 
302 131 119 0 75 68 0 90 64 348 0 31 20 79 60 379 422 621 0 0 0 0 166 120 0 71 60 
303 129 122 0 75 71 0 89 66 338 0 35 18 61 59 427 438 597 0 0 0 0 173 120 0 71 60 
303 125 113 0 75 77 0 84 67 336 0 34 21 65 61 407 447 543 0 0 0 0 150 120 0 71 60 
304 139 113 0 75 81 0 87 67 346 0 33 21 93 61 378 455 572 0 0 0 0 181 120 0 71 60 
300 134 123 0 75 87 0 80 65 349 0 33 19 85 60 387 516 591 0 0 0 0 169 120 0 71 60 
304 131 123 0 75 93 0 88 65 345 0 35 19 65 60 367 462 555 0 0 0 0 149 120 0 71 60 
306 122 125 0 75 90 0 87 64 336 0 30 18 49 59 377 424 492 0 0 0 0 155 120 0 70 60 
305 129 121 0 75 89 0 93 64 345 0 28 19 77 60 403 388 603 0 0 0 0 156 120 0 69 60 
301 130 122 0 76 88 0 90 64 349 0 30 17 81 62 389 406 583 0 0 0 0 167 120 0 69 60 
304 135 120 0 75 91 0 86 65 337 0 29 19 85 59 392 443 557 0 0 0 0 158 120 0 70 60 
302 133 121 0 75 99 0 90 65 344 0 30 19 67 59 439 430 604 0 0 0 0 193 120 0 69 60 
304 139 122 0 75 101 0 90 64 339 0 29 19 52 59 367 479 590 0 0 0 0 152 120 0 69 60 
303 134 120 0 74 99 0 87 65 338 0 28 20 71 59 336 386 568 0 0 0 0 195 120 0 70 60 
305 129 121 0 75 96 0 85 64 339 0 29 19 74 60 387 433 523 0 0 0 0 190 120 0 70 60 
303 130 123 0 75 92 0 84 65 344 0 29 18 75 61 340 439 639 0 0 0 0 147 120 0 71 60 
299 138 121 0 75 91 0 84 64 343 0 27 20 66 60 442 407 615 0 0 0 0 198 120 0 70 60 
302 134 121 0 75 90 0 90 65 343 0 29 19 66 59 418 389 632 0 0 0 0 175 120 0 71 60 
298 129 116 0 75 85 0 92 66 345 0 28 19 60 58 351 411 660 0 0 0 0 181 120 0 71 60 
304 130 116 0 74 79 0 88 66 356 0 27 20 65 61 343 429 607 0 0 0 0 204 120 0 70 60 
301 128 119 0 75 76 0 89 66 355 0 29 20 67 60 378 392 584 0 0 0 0 194 120 0 70 60 
302 123 120 0 74 85 0 89 66 347 0 29 19 74 60 392 462 577 0 0 0 0 227 120 0 71 60 
299 124 119 0 74 85 0 86 64 343 0 26 19 66 60 407 423 628 0 0 0 0 169 120 0 70 60 
301 132 114 0 74 83 0 91 65 346 0 29 19 62 59 387 449 615 0 0 0 0 181 120 0 70 60 
301 127 120 0 72 81 0 86 63 348 0 27 19 84 61 408 439 727 0 0 0 0 149 120 0 71 60 
302 128 118 0 73 84 0 89 64 346 0 27 20 81 60 374 413 650 0 0 0 0 144 120 0 70 60 
303 124 120 0 74 88 0 88 65 349 0 29 21 74 61 425 421 606 0 0 0 0 142 120 0 69 60 
297 133 121 0 75 93 0 86 65 355 0 28 20 48 60 379 464 622 0 0 0 0 213 120 0 70 60 
302 125 118 0 76 86 0 88 64 349 0 29 19 43 61 398 398 642 0 0 0 0 174 120 0 70 60 
304 131 120 0 77 83 0 89 65 348 0 26 20 53 63 418 425 707 0 0 0 0 163 120 0 70 60 
306 125 119 0 78 72 0 99 64 344 0 28 21 72 60 357 418 636 0 0 0 0 146 120 0 70 60 
309 133 121 0 77 75 0 88 65 338 0 29 20 69 60 385 423 694 0 0 0 0 175 120 0 70 60 
298 126 120 0 78 76 0 91 65 338 0 33 20 63 61 364 421 664 0 0 0 0 193 120 0 70 60 
302 125 119 0 79 77 0 89 66 350 0 35 20 69 60 408 424 651 0 0 0 0 147 120 0 70 60 
305 130 118 0 80 79 0 88 65 352 0 39 21 75 58 347 467 649 0 0 0 0 206 120 0 69 60 
304 137 119 0 79 82 0 92 66 342 0 38 21 65 61 350 453 636 0 0 0 0 147 120 0 69 60 
304 133 118 0 80 78 0 91 65 342 0 39 20 69 61 397 423 693 0 0 0 0 187 120 0 69 60 
303 124 121 0 80 80 0 90 63 344 0 35 21 67 61 386 414 662 0 0 0 0 192 120 0 69 60 
305 126 120 0 80 86 0 86 64 349 0 33 21 67 60 335 428 661 0 0 0 0 149 120 0 69 60 
304 128 118 0 78 94 0 98 65 344 0 31 20 78 59 369 432 553 0 0 0 0 154 120 0 69 60 
302 130 119 0 78 102 0 93 64 341 0 28 22 83 61 400 444 624 0 0 0 0 196 120 0 69 60 
303 133 122 0 77 104 0 93 66 343 0 30 23 73 60 369 433 732 0 0 0 0 182 120 0 69 60 
305 129 118 0 77 104 0 92 65 342 0 30 20 59 60 377 406 668 0 0 0 0 122 120 0 70 60 
304 132 116 0 76 101 0 92 64 350 0 27 19 79 60 369 433 675 0 0 0 0 179 120 0 70 60 
304 128 120 0 75 98 0 89 63 348 0 29 23 98 60 396 441 619 0 0 0 0 129 120 0 70 60 
304 137 119 0 74 93 0 82 64 343 0 29 20 71 59 402 442 619 0 0 0 0 197 120 0 71 60 
298 130 118 0 74 91 0 88 64 344 0 29 20 53 59 359 429 493 0 0 0 0 187 120 0 71 60 
301 128 121 0 73 79 0 90 65 352 0 31 21 63 61 382 437 627 0 0 0 0 156 120 0 71 60 
306 129 122 0 73 74 0 85 65 357 0 30 22 82 59 379 436 670 0 0 0 0 187 120 0 72 60 
300 125 118 0 74 80 0 83 65 351 0 35 22 79 58 373 443 653 0 0 0 0 169 120 0 72 60 
296 133 118 0 74 83 0 88 64 344 0 30 21 78 60 409 437 648 0 0 0 0 180 120 0 73 60 
301 140 118 0 76 100 0 90 65 347 0 32 19 51 60 384 462 611 0 0 0 0 175 120 0 73 60 
302 135 118 0 76 117 0 92 64 347 0 30 20 64 64 375 421 624 0 0 0 0 201 120 0 72 60 
303 123 118 0 76 145 0 86 65 350 0 31 20 70 63 419 419 599 0 0 0 0 202 120 0 72 60 
300 132 119 0 76 151 0 87 66 345 0 32 19 78 61 382 412 598 0 0 0 0 199 120 0 71 60 
299 125 118 0 76 146 0 89 64 352 0 32 20 67 60 377 458 647 0 0 0 0 154 120 0 71 60 
301 133 120 0 76 137 0 88 64 349 0 32 19 70 58 436 440 626 0 0 0 0 192 120 0 70 60 
301 133 118 0 75 105 0 90 63 345 0 34 19 61 58 417 412 552 0 0 0 0 168 120 0 70 60 
303 132 120 0 74 82 0 88 64 348 0 34 19 61 61 390 451 672 0 0 0 0 173 120 0 70 60 
304 130 121 0 75 74 0 88 63 342 0 37 19 66 61 416 413 640 0 0 0 0 161 120 0 70 60 
301 128 117 0 74 80 0 87 64 333 0 36 19 68 64 389 469 597 0 0 0 0 190 120 0 70 60 
302 125 114 0 76 91 0 88 65 343 0 30 19 73 62 363 428 624 0 0 0 0 139 120 0 68 60 
305 127 117 0 75 105 0 89 65 351 0 32 19 57 61 377 457 575 0 0 0 0 170 120 0 69 60 
301 129 117 0 75 118 0 91 66 347 0 28 21 75 59 352 447 592 0 0 0 0 193 120 0 70 60 
308 132 115 0 76 114 0 92 66 340 0 28 19 82 61 386 433 568 0 0 0 0 164 120 0 70 60 
309 128 113 0 75 99 0 83 65 342 0 28 18 78 59 395 419 628 0 0 0 0 142 120 0 71 60 
303 125 116 0 75 87 0 86 64 348 0 31 18 58 60 376 412 597 0 0 0 0 125 120 0 72 60 
304 122 118 0 75 79 0 89 63 349 0 29 18 43 60 428 438 682 0 0 0 0 171 120 0 72 60 
306 125 117 0 74 72 0 88 64 345 0 30 19 48 60 357 447 669 0 0 0 0 163 120 0 72 60 
305 132 119 0 73 68 0 89 65 340 0 27 19 65 62 391 474 615 0 0 0 0 184 120 0 73 60 
304 130 114 0 73 75 0 91 64 341 0 30 20 71 62 389 467 648 0 0 0 0 181 120 0 72 60 
302 130 118 0 74 77 0 92 65 342 0 29 19 67 61 349 434 570 0 0 0 0 168 120 0 73 60 
303 125 115 0 74 82 0 90 64 352 0 28 19 64 62 410 443 625 0 0 0 0 139 120 0 72 60 
305 131 119 0 74 78 0 93 64 345 0 29 18 79 65 424 406 675 0 0 0 0 178 120 0 71 60 
295 126 118 0 75 77 0 92 64 340 0 28 18 68 63 383 395 691 0 0 0 0 213 120 0 70 60 
302 125 119 0 74 77 0 88 65 344 0 30 19 69 63 389 460 666 0 0 0 0 176 120 0 69 60 
302 124 122 0 74 79 0 85 66 352 0 29 18 64 60 377 419 646 0 0 0 0 145 120 0 67 60 
296 132 119 0 75 75 0 85 66 354 0 30 20 74 60 371 473 697 0 0 0 0 157 120 0 67 60 
304 129 121 0 75 75 0 88 65 344 0 29 21 68 61 382 428 623 0 0 0 0 186 120 0 66 60 
299 134 115 0 76 80 0 90 65 344 0 24 19 85 59 392 428 694 0 0 0 0 167 120 0 65 60 
301 130 121 0 76 84 0 86 65 342 0 28 19 74 59 370 427 679 0 0 0 0 158 120 0 65 60 
301 135 121 0 77 82 0 89 64 345 0 29 20 60 59 392 422 687 0 0 0 0 156 120 0 68 60 
302 127 125 0 76 82 0 91 64 344 0 25 18 67 59 412 452 652 0 0 0 0 183 120 0 69 60 
301 127 121 0 76 94 0 87 65 346 0 30 19 96 59 407 436 693 0 0 0 0 183 120 0 70 60 
301 130 119 0 73 96 0 92 65 350 0 27 20 79 60 403 445 670 0 0 0 0 174 120 0 71 60 
299 137 120 0 72 89 0 88 64 345 0 26 18 63 59 380 436 653 0 0 0 0 180 120 0 72 60 
304 123 118 0 72 85 0 92 63 348 0 28 19 53 61 387 425 683 0 0 0 0 206 120 0 72 60 
304 133 115 0 71 83 0 90 64 350 0 28 18 82 60 374 458 688 0 0 0 0 163 120 0 73 60 
298 132 113 0 72 80 0 87 64 341 0 29 18 79 60 407 428 667 0 0 0 0 165 120 0 72 60 
308 130 123 0 74 78 0 88 66 336 0 28 20 84 60 415 431 666 0 0 0 0 170 120 0 73 60 
305 124 121 0 75 83 0 81 66 345 0 27 18 58 60 398 451 620 0 0 0 0 135 120 0 72 60 
303 126 120 0 77 92 0 90 67 351 0 27 19 58 60 381 412 661 0 0 0 0 173 120 0 72 60 
304 130 120 0 78 97 0 91 66 346 0 27 20 70 60 399 427 696 0 0 0 0 157 120 0 72 60 
304 132 117 0 79 97 0 87 65 341 0 27 19 78 63 343 438 661 0 0 0 0 175 120 0 72 60 
302 131 122 0 79 103 0 88 64 344 0 29 18 74 61 384 440 656 0 0 0 0 180 120 0 72 60 
302 125 122 0 80 116 0 81 64 345 0 28 18 66 60 393 442 677 0 0 0 0 230 120 0 72 60 
302 132 121 0 80 129 0 83 65 348 0 30 19 61 60 389 414 547 0 0 0 0 140 120 0 72 60 
304 132 120 0 80 131 0 82 64 344 0 27 19 61 59 387 410 591 0 0 0 0 192 120 0 73 60 
303 131 120 0 80 123 0 91 65 344 0 28 21 64 61 354 416 633 0 0 0 0 153 120 0 72 60 
303 121 119 0 79 112 0 92 64 339 0 29 19 66 60 404 426 707 0 0 0 0 152 120 0 72 60 
305 131 116 0 79 90 0 84 64 345 0 28 20 74 60 382 417 663 0 0 0 0 185 120 0 72 60 
301 128 122 0 78 78 0 89 63 348 0 30 19 60 61 345 428 617 0 0 0 0 168 120 0 72 60 
298 137 115 0 75 74 0 90 64 341 0 33 18 66 59 386 395 568 0 0 0 0 204 120 0 71 60 
304 133 116 0 76 71 0 92 65 341 0 33 18 84 61 417 450 598 0 0 0 0 144 120 0 71 60 
301 132 116 0 75 68 0 86 65 350 0 35 18 82 59 416 438 594 0 0 0 0 157 120 0 70 60 
299 130 118 0 74 67 0 88 66 356 0 36 19 65 60 395 455 550 0 0 0 0 171 120 0 69 60 
304 131 122 0 74 70 0 86 66 354 0 39 19 42 61 383 473 608 0 0 0 0 154 120 0 69 60 
301 126 115 0 73 75 0 86 66 345 0 39 20 45 58 371 440 584 0 0 0 0 192 120 0 69 60 
295 134 120 0 73 80 0 91 66 348 0 37 20 59 59 408 426 600 0 0 0 0 183 120 0 69 60 
305 125 115 0 73 81 0 91 65 346 0 33 18 71 60 374 453 607 0 0 0 0 201 120 0 70 60 
298 130 118 0 74 85 0 91 64 350 0 32 18 69 58 354 467 635 0 0 0 0 188 120 0 71 60 
300 135 116 0 73 84 0 88 65 346 0 32 19 64 61 420 465 567 0 0 0 0 181 120 0 71 60 
302 130 120 0 76 81 0 91 64 348 0 37 20 78 58 398 433 561 0 0 0 0 187 120 0 71 60 
302 128 118 0 76 84 0 89 64 351 0 36 20 72 58 365 391 618 0 0 0 0 167 120 0 71 60 
302 124 116 0 78 93 0 86 64 345 0 32 20 69 61 361 465 535 0 0 0 0 217 120 0 71 60 
299 132 120 0 78 99 0 85 63 347 0 32 21 64 61 409 442 604 0 0 0 0 170 120 0 69 60 
300 133 117 0 79 91 0 89 64 345 0 29 19 71 63 408 413 584 0 0 0 0 152 120 0 69 60 
310 126 115 0 78 87 0 89 65 335 0 30 18 68 63 384 389 589 0 0 0 0 156 120 0 68 60 
304 134 119 0 77 89 0 89 65 337 0 31 19 83 61 371 398 592 0 0 0 0 141 120 0 68 60 
305 125 122 0 77 92 0 85 65 346 0 32 20 80 59 389 440 588 0 0 0 0 160 120 0 68 60 
304 131 117 0 76 89 0 88 66 349 0 29 19 66 59 373 430 500 0 0 0 0 194 120 0 68 60 
303 131 117 0 75 87 0 89 65 341 0 28 19 63 60 401 448 522 0 0 0 0 153 120 0 68 60 
306 124 122 0 75 85 0 88 63 340 0 30 20 89 61 422 476 661 0 0 0 0 231 120 0 68 60 
307 135 116 0 75 86 0 91 65 348 0 28 20 88 61 379 450 633 0 0 0 0 214 120 0 69 60 
306 135 123 0 75 85 0 89 64 350 0 29 18 65 64 390 432 593 0 0 0 0 136 120 0 69 60 
306 135 119 0 75 82 0 90 65 345 0 28 18 46 62 417 446 631 0 0 0 0 184 120 0 70 60 
302 131 120 0 74 87 0 87 65 343 0 26 19 80 61 397 417 645 0 0 0 0 145 120 0 71 60 
301 137 119 0 74 94 0 89 65 340 0 27 18 83 60 376 391 622 0 0 0 0 174 120 0 71 60 
301 130 117 0 75 100 0 88 65 340 0 28 19 83 59 404 447 553 0 0 0 0 168 120 0 72 60 
301 125 117 0 74 100 0 88 65 346 0 26 19 63 58 394 422 658 0 0 0 0 151 120 0 72 60 
305 122 118 0 75 110 0 91 64 349 0 29 18 56 58 377 455 647 0 0 0 0 195 120 0 73 60 
297 129 119 0 75 117 0 89 65 335 0 28 19 69 60 371 433 655 0 0 0 0 217 120 0 72 60 
305 129 121 0 76 108 0 97 66 344 0 26 18 75 60 378 387 714 0 0 0 0 187 120 0 72 60 
297 131 119 0 76 105 0 89 66 352 0 29 20 75 60 359 457 662 0 0 0 0 153 120 0 72 60 
301 129 118 0 76 106 0 88 65 355 0 24 21 67 61 427 484 635 0 0 0 0 164 120 0 73 60 
298 130 118 0 76 110 0 89 65 349 0 26 20 62 61 423 409 632 0 0 0 0 158 120 0 72 60 
304 127 121 0 76 95 0 84 64 343 0 26 18 59 62 364 428 696 0 0 0 0 174 120 0 72 60 
304 137 118 0 75 86 0 83 64 344 0 31 19 68 61 367 426 698 0 0 0 0 196 120 0 72 60 
303 132 117 0 75 79 0 86 65 346 0 28 17 66 59 343 442 689 0 0 0 0 161 120 0 73 60 
300 133 118 0 75 71 0 89 66 345 0 26 17 75 60 366 422 557 0 0 0 0 182 120 0 73 60 
305 130 118 0 75 64 0 83 65 346 0 27 18 63 60 396 433 708 0 0 0 0 154 120 0 72 60 
305 125 117 0 75 69 0 89 66 348 0 27 20 64 61 375 420 673 0 0 0 0 201 120 0 72 60 
304 129 119 0 75 76 0 94 65 347 0 25 18 83 62 405 434 675 0 0 0 0 196 120 0 72 60 
297 134 118 0 76 76 0 91 64 346 0 28 19 84 61 365 409 652 0 0 0 0 123 120 0 72 60 
303 137 121 0 75 76 0 86 64 344 0 27 18 71 61 375 452 680 0 0 0 0 188 120 0 73 60 
304 129 118 0 76 83 0 90 63 340 0 29 19 42 61 415 413 621 0 0 0 0 159 120 0 72 60 
303 125 116 0 76 83 0 87 64 335 0 27 19 44 60 389 385 663 0 0 0 0 176 120 0 72 60 
305 126 116 0 75 79 0 87 65 344 0 26 16 60 61 406 407 637 0 0 0 0 186 120 0 72 60 
306 131 118 0 74 75 0 91 66 350 0 26 20 71 59 340 452 680 0 0 0 0 149 120 0 72 60 
304 131 115 0 73 84 0 90 65 350 0 27 19 68 60 377 455 641 0 0 0 0 170 120 0 72 60 
304 137 116 0 73 94 0 88 66 343 0 27 19 64 60 400 485 621 0 0 0 0 161 120 0 72 60 
299 133 116 0 73 98 0 90 65 347 0 28 18 74 60 435 459 620 0 0 0 0 157 120 0 71 60 
304 129 115 0 74 93 0 91 65 350 0 30 18 72 61 378 414 644 0 0 0 0 192 120 0 69 60 
304 126 116 0 76 89 0 88 65 349 0 27 18 68 61 404 430 574 0 0 0 0 166 120 0 68 60 
303 134 119 0 76 88 0 88 64 345 0 32 17 66 60 380 424 582 0 0 0 0 161 120 0 67 60 
301 132 118 0 76 86 0 85 63 344 0 29 19 70 60 405 445 687 0 0 0 0 209 120 0 68 60 
303 132 119 0 77 81 0 88 64 342 0 30 19 67 60 397 454 637 0 0 0 0 174 120 0 70 60 
301 128 116 0 77 74 0 86 64 346 0 30 18 83 62 390 424 673 0 0 0 0 166 120 0 70 60 
303 131 120 0 78 76 0 89 64 349 0 28 17 80 61 382 379 605 0 0 0 0 186 120 0 71 60 
302 128 116 0 78 77 0 91 64 343 0 29 20 68 61 406 424 598 0 0 0 0 140 120 0 72 60 
300 125 125 0 78 90 0 88 65 339 0 28 20 63 61 383 440 616 0 0 0 0 191 120 0 73 60 
296 121 122 0 79 103 0 94 64 345 0 26 21 86 61 426 430 615 0 0 0 0 206 120 0 72 60 
302 136 120 0 80 125 0 88 66 352 0 32 20 91 59 365 432 647 0 0 0 0 156 120 0 71 60 
303 130 118 0 80 140 0 90 67 351 0 27 23 66 61 372 455 615 0 0 0 0 119 120 0 71 60 
304 124 119 0 80 131 0 88 65 346 0 27 22 46 60 379 476 607 0 0 0 0 189 120 0 71 60 
305 130 121 0 81 126 0 88 64 345 0 28 21 74 60 376 453 634 0 0 0 0 170 120 0 71 60 
298 125 122 0 80 100 0 91 65 349 0 26 21 83 60 385 455 607 0 0 0 0 156 120 0 71 60 
296 126 123 0 79 83 0 87 65 350 0 29 21 83 59 384 449 603 0 0 0 0 204 120 0 71 60 
300 127 119 0 78 76 0 90 66 350 0 29 21 68 60 373 415 625 0 0 0 0 173 120 0 72 60 
304 127 120 0 77 75 0 87 65 351 0 28 19 52 61 408 451 632 0 0 0 0 146 120 0 71 60 
308 129 121 0 76 71 0 86 65 354 0 26 20 68 61 360 439 583 0 0 0 0 193 120 0 72 60 
299 129 121 0 76 75 0 87 64 351 0 30 21 71 60 457 382 565 0 0 0 0 165 120 0 73 60 
301 135 118 0 74 84 0 92 63 349 0 28 20 76 60 387 399 700 0 0 0 0 160 120 0 73 60 
308 129 113 0 73 91 0 94 63 348 0 28 19 68 60 400 438 552 0 0 0 0 178 120 0 72 60 
303 136 123 0 74 83 0 93 65 339 0 27 21 65 60 392 457 690 0 0 0 0 181 120 0 72 60 
308 125 124 0 73 80 0 87 65 336 0 29 19 59 60 379 414 645 0 0 0 0 147 120 0 72 60 
305 127 124 0 74 72 0 90 66 347 0 26 20 67 58 413 405 675 0 0 0 0 125 120 0 72 60 
307 134 117 0 75 74 0 87 66 350 0 28 19 64 59 406 414 654 0 0 0 0 201 120 0 71 60 
303 130 121 0 76 74 0 87 66 344 0 27 20 71 62 411 412 583 0 0 0 0 180 120 0 69 60 
302 132 123 0 75 76 0 87 66 340 0 26 20 63 63 367 411 665 0 0 0 0 156 120 0 69 60 
306 127 120 0 76 80 0 84 64 344 0 27 20 64 63 401 463 651 0 0 0 0 153 120 0 69 60 
308 128 121 0 75 77 0 90 65 350 0 26 19 82 62 392 438 698 0 0 0 0 187 120 0 69 60 
304 132 120 0 75 84 0 92 66 346 0 28 19 83 61 398 446 682 0 0 0 0 157 120 0 69 60 
304 130 120 0 74 83 0 89 65 343 0 28 19 69 59 396 379 677 0 0 0 0 188 120 0 69 60 
302 131 120 0 74 79 0 87 65 339 0 26 19 41 61 408 443 584 0 0 0 0 157 120 0 69 60 
301 127 119 0 74 77 0 84 66 341 0 27 19 43 61 387 451 591 0 0 0 0 164 120 0 69 60 
302 130 121 0 75 76 0 86 65 343 0 29 20 63 60 394 435 669 0 0 0 0 188 120 0 69 60 
303 127 115 0 75 77 0 81 64 347 0 28 22 71 62 421 443 685 0 0 0 0 164 120 0 69 60 
297 130 118 0 76 91 0 89 65 343 0 27 21 68 64 362 456 682 0 0 0 0 144 120 0 69 60 
301 128 115 0 76 86 0 89 65 340 0 29 21 65 62 394 458 698 0 0 0 0 201 120 0 69 60 
299 136 119 0 75 87 0 90 64 344 0 32 20 77 62 366 464 678 0 0 0 0 139 120 0 69 60 
298 131 122 0 75 84 0 87 65 354 0 31 20 70 59 385 425 614 0 0 0 0 208 120 0 69 60 
299 127 122 0 75 100 0 89 65 354 0 33 20 71 60 437 415 695 0 0 0 0 186 120 0 68 60 
302 130 119 0 74 108 0 93 65 347 0 35 21 65 61 308 424 702 0 0 0 0 197 120 0 68 60 
298 126 118 0 74 115 0 83 65 344 0 35 20 72 62 360 430 616 0 0 0 0 165 120 0 67 60 
300 130 118 0 74 110 0 86 65 350 0 35 22 69 60 389 426 699 0 0 0 0 129 120 0 68 60 
301 133 119 0 75 98 0 84 66 348 0 35 19 85 60 429 423 619 0 0 0 0 141 120 0 69 60 
300 133 123 0 74 91 0 88 65 346 0 31 19 75 60 405 438 635 0 0 0 0 226 120 0 69 60 
306 132 117 0 74 81 0 91 65 348 0 31 20 63 60 385 414 662 0 0 0 0 174 120 0 68 60 
295 126 121 0 74 75 0 92 65 349 0 31 19 66 61 396 453 687 0 0 0 0 157 120 0 67 60 
303 124 119 0 74 71 0 96 64 348 0 33 20 93 61 387 441 636 0 0 0 0 206 120 0 67 60 
303 128 118 0 74 65 0 87 64 348 0 32 20 81 60 339 388 625 0 0 0 0 142 120 0 66 60 
304 130 117 0 75 77 0 92 64 346 0 30 20 62 59 418 440 640 0 0 0 0 178 120 0 66 60 
305 130 118 0 75 86 0 89 65 335 0 31 20 53 60 397 410 498 0 0 0 0 177 120 0 66 60 
306 132 119 0 75 94 0 87 65 334 0 31 21 82 60 388 454 555 0 0 0 0 166 120 0 67 60 
301 131 118 0 76 99 0 83 66 347 0 34 21 76 62 353 442 645 0 0 0 0 211 120 0 69 60 
303 125 121 0 76 96 0 87 65 351 0 33 21 81 63 406 472 674 0 0 0 0 166 120 0 70 60 
304 130 120 0 77 93 0 92 66 345 0 37 22 52 62 377 428 632 0 0 0 0 158 120 0 71 60 
304 130 117 0 78 87 0 87 65 339 0 33 22 63 60 371 424 664 0 0 0 0 161 120 0 72 60 
302 127 119 0 78 79 0 88 65 343 0 32 22 70 59 410 421 595 0 0 0 0 177 120 0 71 60 
305 130 116 0 77 79 0 91 65 350 0 32 22 76 60 398 451 532 0 0 0 0 135 120 0 70 60 
302 122 117 0 75 81 0 89 65 346 0 28 20 70 60 413 401 588 0 0 0 0 198 120 0 70 60 
303 124 120 0 73 84 0 91 66 342 0 28 21 71 59 379 435 607 0 0 0 0 190 120 0 69 60 
297 125 118 0 72 83 0 89 65 340 0 26 20 58 60 408 440 596 0 0 0 0 168 120 0 69 60 
301 127 118 0 72 81 0 92 65 341 0 30 20 63 60 386 453 541 0 0 0 0 145 120 0 67 60 
302 126 116 0 72 80 0 88 64 344 0 30 21 68 60 394 408 596 0 0 0 0 210 120 0 68 60 
298 127 119 0 73 80 0 87 65 349 0 32 20 70 61 386 413 633 0 0 0 0 132 120 0 67 60 
297 130 121 0 74 75 0 90 65 341 0 33 20 71 60 379 449 559 0 0 0 0 170 120 0 66 60 
300 134 116 0 76 77 0 85 66 338 0 33 20 61 60 426 413 567 0 0 0 0 215 120 0 66 60 
300 136 114 0 77 78 0 86 66 347 0 32 19 79 60 397 447 564 0 0 0 0 210 120 0 66 60 
299 133 118 0 78 83 0 90 66 356 0 33 21 80 64 392 450 555 0 0 0 0 138 120 0 65 60 
302 128 120 0 79 78 0 89 66 350 0 33 20 79 63 385 450 547 0 0 0 0 154 120 0 65 60 
299 131 117 0 79 80 0 96 64 344 0 36 20 56 62 364 462 560 0 0 0 0 156 120 0 65 60 
299 129 120 0 79 82 0 90 63 342 0 40 20 43 60 383 411 554 0 0 0 0 140 120 0 66 60 
299 138 116 0 79 80 0 95 64 348 0 37 19 55 59 379 400 660 0 0 0 0 189 120 0 67 60 
302 132 115 0 79 84 0 88 65 345 0 41 19 71 60 425 424 604 0 0 0 0 213 120 0 67 60 
305 130 118 0 79 87 0 86 66 346 0 39 18 69 61 390 435 615 0 0 0 0 180 120 0 68 60 
299 127 116 0 79 92 0 85 65 345 0 40 18 65 60 426 411 570 0 0 0 0 156 120 0 68 60 
304 131 120 0 78 92 0 83 66 351 0 39 19 70 60 396 417 593 0 0 0 0 162 120 0 67 60 
306 124 120 0 77 94 0 89 64 348 0 36 20 75 59 403 467 610 0 0 0 0 173 120 0 67 60 
302 126 117 0 76 87 0 84 65 350 0 36 19 66 62 390 450 639 0 0 0 0 159 120 0 67 60 
306 128 113 0 76 89 0 85 63 347 0 36 20 71 60 383 423 651 0 0 0 0 185 120 0 66 60 
306 130 115 0 75 85 0 88 64 338 0 38 19 67 61 348 478 616 0 0 0 0 175 120 0 66 60 
299 127 116 0 74 83 0 93 65 338 0 43 19 67 62 393 434 633 0 0 0 0 170 120 0 66 60 
304 132 117 0 74 79 0 94 65 350 0 39 20 83 60 404 428 555 0 0 0 0 143 120 0 66 60 
303 134 116 0 73 79 0 81 64 350 0 41 20 84 61 368 430 602 0 0 0 0 182 120 0 66 60 
307 136 114 0 73 78 0 91 64 344 0 35 21 71 61 434 417 698 0 0 0 0 157 120 0 67 60 
303 135 116 0 74 78 0 88 64 342 0 38 20 64 60 373 396 567 0 0 0 0 154 120 0 68 60 
303 129 118 0 75 84 0 88 65 343 0 39 21 83 61 358 337 771 0 0 0 0 148 120 0 69 60 
302 127 115 0 76 95 0 90 65 347 0 43 18 93 60 390 439 610 0 0 0 0 171 120 0 69 60 
302 131 115 0 76 114 0 89 65 345 0 50 20 69 58 399 437 703 0 0 0 0 173 120 0 70 60 
300 132 119 0 77 125 0 88 65 342 0 47 20 52 60 394 450 641 0 0 0 0 177 120 0 69 60 
301 134 116 0 78 126 0 86 64 338 0 44 19 68 59 384 421 640 0 0 0 0 168 120 0 69 60 
301 138 121 0 78 109 0 90 63 340 0 47 22 83 63 371 438 675 0 0 0 0 181 120 0 70 60 
299 130 119 0 78 91 0 93 63 344 0 42 20 86 62 372 459 647 0 0 0 0 201 120 0 70 60 
302 135 120 0 77 80 0 84 63 347 0 41 20 67 63 377 447 664 0 0 0 0 153 120 0 70 60 
301 124 117 0 77 86 0 89 64 342 0 46 20 50 60 391 464 636 0 0 0 0 184 120 0 70 60 
302 135 121 0 77 90 0 89 64 341 0 46 19 69 58 356 396 668 0 0 0 0 175 120 0 69 60 
298 130 119 0 77 92 0 89 66 347 0 44 22 72 58 366 372 699 0 0 0 0 178 120 0 68 60 
300 126 120 0 76 88 0 93 65 355 0 41 21 76 59 417 450 655 0 0 0 0 224 120 0 69 60 
300 126 121 0 76 90 0 88 65 353 0 42 22 67 60 358 463 635 0 0 0 0 178 120 0 69 60 
302 129 121 0 76 86 0 94 64 344 0 38 22 68 62 389 431 651 0 0 0 0 194 120 0 69 60 
300 132 121 0 75 81 0 88 66 344 0 36 22 57 63 359 426 657 0 0 0 0 192 120 0 69 60 
302 119 121 0 75 75 0 89 65 347 0 34 21 64 62 377 483 503 0 0 0 0 151 120 0 70 60 
305 125 118 0 73 77 0 92 66 346 0 28 22 68 60 403 518 648 0 0 0 0 188 120 0 70 60 
304 129 122 0 73 87 0 90 67 347 0 31 21 70 58 412 425 714 0 0 0 0 188 120 0 70 60 
309 129 120 0 73 91 0 90 66 348 0 27 20 65 61 389 429 639 0 0 0 0 160 120 0 70 60 
306 129 115 0 74 100 0 85 65 351 0 28 21 63 58 383 395 654 0 0 0 0 160 120 0 70 60 
302 134 118 0 74 103 0 84 64 348 0 28 23 82 61 401 435 628 0 0 0 0 168 120 0 70 60 
307 132 121 0 75 99 0 82 64 348 0 29 22 81 62 353 405 616 0 0 0 0 167 120 0 71 60 
299 130 120 0 75 87 0 86 64 340 0 27 22 73 61 348 440 559 0 0 0 0 197 120 0 71 60 
303 129 120 0 75 81 0 88 65 335 0 28 22 48 62 403 425 589 0 0 0 0 141 120 0 71 60 
306 133 123 0 75 77 0 89 65 343 0 26 21 41 62 458 421 569 0 0 0 0 131 120 0 71 60 
309 133 120 0 75 74 0 94 65 350 0 25 22 58 62 379 413 648 0 0 0 0 127 120 0 70 60 
306 129 123 0 75 69 0 90 65 347 0 26 23 72 62 388 419 518 0 0 0 0 166 120 0 70 60 
305 130 121 0 75 76 0 93 65 342 0 28 22 66 62 404 448 592 0 0 0 0 200 120 0 70 60 
304 131 119 0 75 78 0 88 65 341 0 25 22 65 61 373 457 634 0 0 0 0 208 120 0 69 60 
304 127 118 0 74 77 0 88 66 348 0 29 23 75 60 360 440 617 0 0 0 0 195 120 0 68 60 
301 131 121 0 74 77 0 90 66 349 0 25 23 71 62 360 435 592 0 0 0 0 172 120 0 67 60 
301 133 121 0 74 80 0 84 65 347 0 28 23 68 62 441 423 588 0 0 0 0 127 120 0 67 60 
305 123 124 0 75 83 0 89 66 343 0 29 23 67 62 422 441 627 0 0 0 0 190 120 0 66 60 
301 130 120 0 75 80 0 88 65 341 0 28 23 71 60 423 415 546 0 0 0 0 148 120 0 66 60 
299 133 112 0 76 86 0 91 64 345 0 30 24 65 61 377 386 628 0 0 0 0 159 120 0 66 60 
301 129 113 0 76 92 0 90 64 352 0 27 25 88 62 384 512 599 0 0 0 0 208 120 0 66 60 
298 129 118 0 76 100 0 86 65 344 0 29 24 80 61 355 410 678 0 0 0 0 195 120 0 66 60 
302 136 120 0 75 99 0 85 66 340 0 30 25 67 60 377 393 653 0 0 0 0 166 120 0 66 60 
301 133 121 0 73 97 0 82 64 341 0 31 26 66 59 410 427 647 0 0 0 0 168 120 0 66 60 
297 126 118 0 73 96 0 84 65 352 0 33 26 88 61 403 399 582 0 0 0 0 163 120 0 67 60 
299 127 116 0 73 95 0 89 65 350 0 31 24 92 59 398 411 583 0 0 0 0 172 120 0 67 60 
301 127 118 0 73 93 0 89 65 346 0 30 24 66 60 412 450 670 0 0 0 0 180 120 0 67 60 
303 123 115 0 74 100 0 90 65 344 0 31 23 48 62 387 440 617 0 0 0 0 151 120 0 67 60 
303 126 118 0 75 106 0 95 65 344 0 30 23 76 60 370 425 689 0 0 0 0 154 120 0 67 60 
298 129 119 0 76 100 0 84 66 343 0 32 23 81 60 399 400 707 0 0 0 0 127 120 0 66 60 
300 136 119 0 76 86 0 88 66 343 0 29 23 87 61 372 482 628 0 0 0 0 187 120 0 66 60 
306 125 118 0 77 77 0 87 66 344 0 33 23 62 62 373 462 645 0 0 0 0 165 120 0 66 60 
302 127 118 0 77 79 0 87 66 349 0 29 23 53 62 375 440 680 0 0 0 0 190 120 0 66 60 
307 135 119 0 77 79 0 83 64 349 0 27 24 72 62 369 460 710 0 0 0 0 199 120 0 67 60 
305 130 117 0 77 80 0 89 63 345 0 26 23 74 59 371 422 615 0 0 0 0 176 120 0 69 60 
303 131 119 0 78 78 0 90 64 346 0 27 23 73 59 360 453 733 0 0 0 0 202 120 0 70 60 
307 138 118 0 78 84 0 89 64 341 0 27 25 66 60 366 433 662 0 0 0 0 169 120 0 69 60 
301 129 121 0 79 89 0 91 65 334 0 27 25 66 61 410 387 683 0 0 0 0 173 120 0 69 60 
308 134 121 0 80 87 0 89 65 348 0 27 25 59 61 354 392 624 0 0 0 0 207 120 0 69 60 
302 123 118 0 81 85 0 89 65 351 0 28 23 66 59 413 430 687 0 0 0 0 141 120 0 68 60 
304 127 119 0 80 89 0 86 65 348 0 29 22 69 60 377 417 729 0 0 0 0 173 120 0 67 60 
303 131 120 0 80 89 0 90 65 343 0 26 25 74 59 353 452 683 0 0 0 0 162 120 0 67 60 
301 128 121 0 79 80 0 87 65 342 0 29 24 61 61 391 465 691 0 0 0 0 165 120 0 67 60 
302 134 120 0 78 75 0 87 65 348 0 29 24 70 60 371 413 663 0 0 0 0 175 120 0 67 60 
302 127 117 0 77 76 0 92 66 344 0 30 24 84 59 402 433 697 0 0 0 0 155 120 0 67 60 
303 130 120 0 76 76 0 88 65 343 0 30 25 81 59 427 470 704 0 0 0 0 158 120 0 67 60 
302 126 118 0 75 73 0 85 66 342 0 30 26 68 61 359 453 682 0 0 0 0 170 120 0 67 60 
303 126 121 0 73 74 0 89 64 338 0 30 24 44 61 405 399 687 0 0 0 0 158 120 0 67 60 
298 134 118 0 74 76 0 93 64 346 0 28 24 43 61 348 388 627 0 0 0 0 143 120 0 66 60 
302 129 121 0 74 82 0 87 63 348 0 29 24 60 59 376 462 695 0 0 0 0 160 120 0 66 60 
303 129 119 0 74 81 0 91 65 347 0 30 22 75 60 374 400 557 0 0 0 0 144 120 0 66 60 
304 127 119 0 75 85 0 93 65 342 0 30 22 67 58 421 400 630 0 0 0 0 151 120 0 66 60 
296 128 121 0 75 85 0 88 66 349 0 27 23 64 61 382 477 640 0 0 0 0 210 120 0 65 60 
303 129 119 0 75 80 0 84 67 354 0 28 25 82 62 367 449 696 0 0 0 0 186 120 0 65 60 
299 126 118 0 75 75 0 90 65 356 0 28 23 69 60 366 414 649 0 0 0 0 175 120 0 66 60 
301 128 120 0 74 73 0 91 64 349 0 28 23 70 61 380 417 598 0 0 0 0 144 120 0 65 60 
308 130 121 0 75 79 0 86 64 345 0 28 24 67 62 460 452 621 0 0 0 0 185 120 0 66 60 
299 131 117 0 75 81 0 89 65 349 0 30 23 73 59 383 440 523 0 0 0 0 149 120 0 65 60 
304 131 123 0 75 89 0 93 65 349 0 26 22 67 58 383 432 629 0 0 0 0 181 120 0 65 60 
303 131 119 0 75 95 0 91 65 345 0 28 22 86 58 400 462 641 0 0 0 0 162 120 0 65 60 
302 128 120 0 75 105 0 93 65 352 0 26 23 77 58 379 448 618 0 0 0 0 173 120 0 66 60 
308 130 117 0 75 118 0 94 65 349 0 30 23 62 62 355 436 518 0 0 0 0 154 120 0 66 60 
302 129 114 0 75 126 0 84 65 352 0 28 22 67 64 372 419 657 0 0 0 0 195 120 0 67 60 
303 125 118 0 75 127 0 86 64 347 0 25 23 97 63 401 464 613 0 0 0 0 174 120 0 67 60 
301 129 116 0 74 110 0 84 65 345 0 27 23 80 62 375 431 593 0 0 0 0 195 120 0 67 60 
305 128 121 0 73 86 0 84 65 336 0 27 20 65 61 375 421 579 0 0 0 0 170 120 0 68 60 
305 128 112 0 73 76 0 86 65 338 0 27 23 52 59 340 432 590 0 0 0 0 184 120 0 67 60 
302 130 117 0 73 71 0 84 64 349 0 27 22 79 61 403 449 591 0 0 0 0 206 120 0 67 60 
305 132 116 0 73 75 0 87 64 349 0 27 24 79 61 392 441 552 0 0 0 0 187 120 0 68 60 
302 130 121 0 74 79 0 88 64 342 0 28 24 85 59 436 439 592 0 0 0 0 171 120 0 68 60 
304 128 117 0 74 87 0 95 64 341 0 26 24 59 61 395 453 664 0 0 0 0 166 120 0 67 60 
297 135 117 0 74 90 0 92 65 343 0 25 23 55 61 383 443 599 0 0 0 0 147 120 0 67 60 
304 130 118 0 75 90 0 90 65 347 0 29 23 72 59 362 434 680 0 0 0 0 152 120 0 67 60 
301 130 118 0 75 85 0 85 67 343 0 27 23 78 63 389 433 577 0 0 0 0 142 120 0 67 60 
304 128 120 0 75 77 0 89 66 344 0 28 23 71 61 401 430 578 0 0 0 0 170 120 0 66 60 
301 132 119 0 75 77 0 90 67 341 0 29 23 69 61 395 439 555 0 0 0 0 184 120 0 66 60 
303 136 119 0 74 75 0 84 66 342 0 26 23 62 60 391 408 635 0 0 0 0 153 120 0 66 60 
302 123 120 0 74 77 0 90 64 349 0 28 24 59 59 345 408 598 0 0 0 0 187 120 0 66 60 
302 129 120 0 74 79 0 90 63 350 0 27 26 65 62 375 419 667 0 0 0 0 185 120 0 66 60 
304 128 121 0 75 84 0 90 64 346 0 28 25 67 62 395 437 650 0 0 0 0 157 120 0 65 60 
300 130 120 0 76 82 0 88 65 342 0 28 25 76 61 414 436 590 0 0 0 0 161 120 0 65 60 
302 133 121 0 77 86 0 93 64 351 0 29 24 61 61 404 385 621 0 0 0 0 202 120 0 66 60 
297 132 119 0 78 87 0 91 65 358 0 27 25 69 60 377 411 578 0 0 0 0 191 120 0 65 60 
