302 131 85 0 86 0 75 86 107 349 0 56 22 0 33 337 409 683 0 0 0 82 146 140 0 74 73 
300 122 87 0 84 0 78 88 110 349 0 59 22 0 32 318 466 703 0 0 0 84 164 140 0 74 73 
306 131 88 0 84 0 77 93 109 342 0 55 22 0 31 295 443 754 0 0 0 81 158 140 0 74 73 
305 128 91 0 83 0 81 92 108 342 0 58 22 0 32 375 415 685 0 0 0 83 193 140 0 74 73 
300 133 84 0 82 0 84 86 108 339 0 55 23 0 32 385 428 680 0 0 0 85 148 140 0 74 73 
301 132 85 0 82 0 86 87 107 348 0 53 23 0 33 378 471 732 0 0 0 90 186 140 0 74 73 
303 131 86 0 82 0 87 87 109 350 0 53 22 0 32 358 416 695 0 0 0 94 173 140 0 74 73 
305 132 82 0 84 0 89 85 108 348 0 54 22 0 33 328 395 738 0 0 0 92 203 140 0 74 73 
301 127 83 0 83 0 89 90 107 340 0 54 23 0 34 361 394 709 0 0 0 97 170 140 0 74 73 
302 128 88 0 84 0 90 94 108 347 0 54 21 0 34 357 406 669 0 0 0 97 166 140 0 74 73 
307 132 83 0 86 0 88 91 109 353 0 56 23 0 34 327 452 627 0 0 0 92 208 140 0 74 73 
300 129 85 0 88 0 86 90 108 354 0 50 23 0 34 359 425 652 0 0 0 88 141 140 0 74 73 
301 128 86 0 89 0 87 89 108 342 0 54 23 0 33 366 460 761 0 0 0 86 195 140 0 74 73 
303 125 85 0 92 0 84 90 109 343 0 51 23 0 32 352 478 710 0 0 0 81 183 140 0 74 73 
302 125 83 0 92 0 81 84 109 345 0 51 23 0 32 404 442 758 0 0 0 84 155 140 0 74 73 
301 119 85 0 92 0 80 87 105 347 0 52 23 0 30 374 447 669 0 0 0 87 133 140 0 74 73 
296 130 86 0 92 0 80 90 106 345 0 52 22 0 30 372 447 684 0 0 0 95 153 140 0 74 73 
305 130 85 0 90 0 78 90 107 346 0 56 22 0 32 354 387 580 0 0 0 95 156 140 0 74 73 
304 130 85 0 88 0 78 88 107 352 0 56 23 0 32 370 453 622 0 0 0 97 182 140 0 74 73 
302 127 87 0 87 0 80 88 107 349 0 56 23 0 31 378 433 678 0 0 0 90 186 140 0 74 73 
303 128 85 0 86 0 80 93 104 346 0 57 23 0 32 357 428 643 0 0 0 84 181 140 0 74 73 
297 127 86 0 86 0 77 88 108 346 0 56 23 0 33 365 393 651 0 0 0 84 168 140 0 74 73 
301 124 87 0 86 0 78 90 108 339 0 56 22 0 32 359 449 625 0 0 0 80 190 140 0 74 73 
304 129 87 0 86 0 79 88 109 334 0 58 22 0 32 354 406 644 0 0 0 84 164 140 0 74 73 
305 131 87 0 85 0 78 84 109 346 0 60 22 0 34 365 455 570 0 0 0 85 176 140 0 74 73 
302 131 87 0 85 0 77 90 110 350 0 61 21 0 35 341 455 607 0 0 0 89 175 140 0 74 73 
301 133 87 0 84 0 78 89 108 349 0 57 21 0 33 360 432 689 0 0 0 91 209 140 0 74 73 
305 132 84 0 86 0 80 94 109 343 0 56 22 0 33 370 441 610 0 0 0 93 183 140 0 74 73 
308 128 85 0 87 0 80 86 110 345 0 53 22 0 32 366 437 616 0 0 0 94 148 140 0 74 73 
305 129 85 0 89 0 82 89 110 349 0 51 22 0 31 364 420 626 0 0 0 93 172 140 0 74 73 
302 127 86 0 89 0 85 94 110 349 0 44 22 0 30 363 452 605 0 0 0 93 193 140 0 74 73 
300 135 83 0 89 0 88 91 108 344 0 37 21 0 32 346 378 576 0 0 0 96 189 140 0 74 73 
303 130 84 0 89 0 86 93 107 342 0 32 21 0 32 359 446 633 0 0 0 94 187 140 0 74 73 
305 129 87 0 89 0 85 88 109 338 0 28 22 0 32 363 458 625 0 0 0 97 147 140 0 74 73 
305 129 85 0 87 0 85 89 110 342 0 30 22 0 32 354 423 605 0 0 0 94 184 140 0 74 73 
302 133 87 0 86 0 84 85 108 344 0 29 23 0 33 357 489 580 0 0 0 90 116 140 0 74 73 
302 130 82 0 84 0 80 84 108 348 0 31 22 0 32 367 429 629 0 0 0 88 138 140 0 74 73 
301 127 86 0 86 0 78 84 107 340 0 31 22 0 33 407 425 618 0 0 0 85 163 140 0 74 73 
299 133 87 0 86 0 79 85 107 342 0 32 21 0 31 346 476 635 0 0 0 93 148 140 0 74 73 
302 126 88 0 86 0 79 86 108 351 0 30 21 0 32 375 439 655 0 0 0 95 157 140 0 74 73 
306 124 87 0 87 0 79 85 109 358 0 34 22 0 32 334 444 608 0 0 0 92 187 140 0 74 73 
300 132 86 0 87 0 82 89 109 351 0 32 22 0 32 336 409 574 0 0 0 92 172 140 0 74 73 
304 136 85 0 87 0 82 95 110 345 0 30 22 0 33 357 399 574 0 0 0 90 162 140 0 74 73 
301 136 86 0 86 0 81 90 108 345 0 30 23 0 34 396 429 686 0 0 0 93 163 140 0 74 73 
302 122 86 0 86 0 81 88 107 348 0 29 22 0 31 338 449 643 0 0 0 92 175 140 0 74 73 
302 130 85 0 86 0 81 92 108 348 0 28 22 0 32 382 480 715 0 0 0 87 198 140 0 74 73 
302 132 87 0 87 0 81 92 107 345 0 27 22 0 33 382 427 643 0 0 0 85 206 140 0 74 73 
307 135 85 0 87 0 78 89 107 347 0 28 22 0 33 345 420 651 0 0 0 82 172 140 0 74 73 
301 133 84 0 88 0 81 85 108 349 0 28 23 0 33 353 466 610 0 0 0 84 194 140 0 74 73 
299 132 89 0 88 0 83 92 109 349 0 29 23 0 33 374 443 623 0 0 0 83 143 140 0 74 73 
303 133 84 0 88 0 82 89 109 347 0 27 23 0 33 379 418 642 0 0 0 82 164 140 0 74 73 
302 126 83 0 88 0 80 87 109 344 0 26 23 0 32 349 438 680 0 0 0 88 138 140 0 74 73 
302 131 87 0 87 0 79 91 109 336 0 28 23 0 32 359 407 735 0 0 0 96 154 140 0 74 73 
302 132 86 0 85 0 77 88 109 340 0 25 23 0 32 320 430 651 0 0 0 96 140 140 0 74 73 
305 132 84 0 85 0 76 87 108 344 0 26 22 0 32 364 408 638 0 0 0 95 194 140 0 74 73 
301 126 86 0 85 0 76 86 106 352 0 24 23 0 31 365 458 667 0 0 0 90 168 140 0 74 73 
296 125 90 0 85 0 75 91 106 345 0 27 23 0 32 383 452 647 0 0 0 91 166 140 0 74 73 
301 129 85 0 85 0 79 88 107 337 0 27 23 0 31 336 422 647 0 0 0 89 179 140 0 74 73 
305 124 84 0 85 0 77 89 109 347 0 28 24 0 32 345 394 650 0 0 0 90 209 140 0 74 73 
306 127 87 0 84 0 79 93 108 350 0 28 23 0 33 365 408 718 0 0 0 98 220 140 0 74 73 
303 134 84 0 85 0 80 95 109 348 0 29 24 0 32 340 445 633 0 0 0 98 163 140 0 74 73 
295 126 85 0 85 0 80 90 108 345 0 28 24 0 32 352 447 645 0 0 0 98 170 140 0 74 73 
304 128 87 0 85 0 80 86 108 342 0 31 24 0 33 375 415 736 0 0 0 91 190 140 0 74 73 
302 129 88 0 86 0 82 92 108 331 0 29 24 0 32 324 441 652 0 0 0 90 149 140 0 74 73 
305 128 86 0 87 0 83 89 108 335 0 29 23 0 32 369 416 738 0 0 0 90 169 140 0 74 73 
307 130 86 0 89 0 85 86 107 349 0 30 23 0 32 382 427 607 0 0 0 91 154 140 0 74 73 
304 126 87 0 90 0 84 87 108 345 0 26 23 0 32 371 400 686 0 0 0 92 131 140 0 74 73 
301 134 83 0 91 0 87 83 108 341 0 30 24 0 31 386 453 558 0 0 0 89 192 140 0 74 73 
304 131 84 0 92 0 89 83 108 344 0 27 23 0 32 344 442 675 0 0 0 87 169 140 0 74 73 
308 129 87 0 91 0 89 86 107 353 0 30 22 0 32 400 363 671 0 0 0 88 155 140 0 74 73 
302 134 84 0 90 0 92 90 109 358 0 27 23 0 32 391 458 666 0 0 0 88 179 140 0 74 73 
305 132 84 0 90 0 93 89 110 351 0 29 21 0 32 366 423 672 0 0 0 88 187 140 0 74 73 
302 132 85 0 88 0 94 90 108 348 0 28 22 0 32 345 445 634 0 0 0 88 154 140 0 74 73 
299 126 86 0 89 0 92 91 106 349 0 28 22 0 32 348 430 588 0 0 0 89 208 140 0 74 73 
304 133 85 0 89 0 91 90 107 350 0 26 22 0 32 339 420 607 0 0 0 85 169 140 0 74 73 
298 126 85 0 88 0 88 88 108 348 0 29 23 0 32 355 417 578 0 0 0 86 161 140 0 74 73 
303 132 86 0 88 0 87 92 108 348 0 29 22 0 31 374 440 657 0 0 0 86 197 140 0 74 73 
304 127 87 0 86 0 83 89 108 352 0 29 23 0 31 352 442 613 0 0 0 87 184 140 0 74 73 
297 131 87 0 85 0 80 90 108 349 0 30 22 0 32 372 447 599 0 0 0 86 158 140 0 74 73 
305 130 84 0 84 0 79 87 108 348 0 28 22 0 31 316 447 660 0 0 0 88 173 140 0 74 73 
304 129 89 0 84 0 77 87 109 350 0 30 22 0 32 379 364 648 0 0 0 83 151 140 0 74 73 
305 126 86 0 85 0 76 93 108 340 0 28 22 0 33 336 420 560 0 0 0 83 211 140 0 74 73 
305 133 84 0 86 0 76 88 109 338 0 31 23 0 32 350 447 663 0 0 0 83 202 140 0 74 73 
304 126 88 0 86 0 77 89 108 346 0 27 23 0 33 389 416 637 0 0 0 87 180 140 0 74 73 
305 129 86 0 88 0 78 85 107 353 0 25 22 0 32 350 394 592 0 0 0 92 142 140 0 74 73 
299 132 86 0 87 0 81 82 109 349 0 26 23 0 33 383 463 573 0 0 0 90 160 140 0 74 73 
299 135 89 0 87 0 84 84 109 342 0 27 22 0 32 353 490 609 0 0 0 89 155 140 0 74 73 
306 125 85 0 86 0 84 86 109 344 0 28 21 0 33 362 434 617 0 0 0 79 199 140 0 74 73 
298 122 85 0 85 0 83 89 107 350 0 29 22 0 32 347 355 611 0 0 0 93 161 140 0 74 73 
307 127 84 0 83 0 83 90 107 347 0 27 22 0 34 406 455 754 0 0 0 101 159 140 0 74 73 
302 133 88 0 84 0 83 90 108 345 0 27 23 0 33 314 498 648 0 0 0 106 158 140 0 74 73 
301 131 86 0 85 0 85 87 109 341 0 28 23 0 34 327 423 592 0 0 0 108 178 140 0 74 73 
303 133 86 0 86 0 84 93 108 339 0 29 24 0 32 383 429 585 0 0 0 109 188 140 0 74 73 
299 133 88 0 86 0 81 89 108 342 0 26 25 0 32 396 417 664 0 0 0 101 156 140 0 74 73 
304 130 88 0 86 0 80 86 107 348 0 28 28 0 32 396 401 703 0 0 0 91 135 140 0 74 73 
304 125 88 0 85 0 79 88 107 348 0 28 29 0 32 350 402 700 0 0 0 86 178 140 0 74 73 
304 136 88 0 85 0 75 86 107 341 0 29 31 0 33 353 432 684 0 0 0 88 225 140 0 74 71 
303 131 87 0 84 0 75 88 106 341 0 28 32 0 33 384 423 602 0 0 0 93 201 140 0 74 71 
303 129 85 0 83 0 76 88 109 348 0 28 33 0 32 353 445 648 0 0 0 97 142 140 0 74 71 
305 124 86 0 84 0 75 93 109 354 0 30 33 0 33 344 430 636 0 0 0 94 185 140 0 74 71 
306 129 85 0 84 0 79 92 110 351 0 27 32 0 33 351 413 736 0 0 0 91 177 140 0 74 71 
303 120 88 0 85 0 80 88 108 346 0 28 30 0 32 326 462 726 0 0 0 93 199 140 0 74 71 
304 125 87 0 86 0 81 87 106 344 0 29 27 0 32 373 412 769 0 0 0 90 183 140 0 74 71 
302 129 88 0 85 0 80 91 108 345 0 29 24 0 33 338 389 669 0 0 0 89 151 140 0 74 71 
305 131 88 0 87 0 80 88 108 345 0 30 23 0 32 378 496 699 0 0 0 90 115 140 0 74 71 
303 125 87 0 86 0 81 85 108 346 0 30 22 0 32 381 400 733 0 0 0 92 170 140 0 74 71 
299 125 86 0 87 0 81 88 107 345 0 27 22 0 32 359 419 679 0 0 0 93 195 140 0 74 71 
304 127 86 0 87 0 82 90 108 350 0 30 23 0 34 380 420 736 0 0 0 90 137 140 0 74 71 
301 128 89 0 86 0 84 86 108 349 0 31 22 0 33 354 437 673 0 0 0 88 181 140 0 74 71 
301 124 90 0 85 0 85 90 109 347 0 31 22 0 33 360 461 704 0 0 0 85 148 140 0 74 71 
298 132 89 0 84 0 83 91 109 346 0 29 22 0 33 406 465 740 0 0 0 83 150 140 0 74 71 
303 130 88 0 82 0 81 88 108 337 0 28 23 0 32 386 425 683 0 0 0 87 186 140 0 74 71 
296 131 87 0 82 0 82 87 107 335 0 29 21 0 32 379 425 758 0 0 0 89 173 140 0 74 71 
301 129 87 0 82 0 82 89 106 348 0 28 22 0 33 360 412 740 0 0 0 94 190 140 0 74 71 
302 136 88 0 82 0 79 90 108 351 0 29 21 0 34 378 398 774 0 0 0 93 174 140 0 74 71 
302 130 90 0 84 0 81 85 107 347 0 30 21 0 32 345 446 636 0 0 0 91 153 140 0 74 71 
301 126 87 0 85 0 84 93 108 343 0 29 23 0 34 395 457 724 0 0 0 91 177 140 0 74 71 
304 128 88 0 86 0 86 91 108 344 0 32 23 0 32 371 491 537 0 0 0 89 197 140 0 74 71 
303 129 86 0 88 0 84 86 110 351 0 30 23 0 33 360 458 680 0 0 0 89 153 140 0 74 71 
302 130 89 0 89 0 86 91 108 348 0 31 22 0 34 367 442 762 0 0 0 86 169 140 0 74 71 
302 128 85 0 90 0 88 91 108 349 0 30 22 0 32 395 435 677 0 0 0 89 166 140 0 74 71 
297 129 83 0 91 0 86 95 108 342 0 29 22 0 32 352 404 702 0 0 0 88 158 140 0 74 71 
304 132 87 0 91 0 84 89 109 340 0 32 22 0 33 332 423 708 0 0 0 87 176 140 0 74 71 
301 129 91 0 88 0 83 95 109 342 0 32 22 0 33 359 462 616 0 0 0 87 139 140 0 74 71 
305 131 89 0 89 0 83 90 108 348 0 34 22 0 32 374 418 646 0 0 0 88 157 140 0 74 71 
302 135 89 0 87 0 81 83 107 349 0 39 23 0 33 406 375 716 0 0 0 91 182 140 0 74 71 
306 127 86 0 86 0 81 84 108 343 0 37 24 0 33 354 473 679 0 0 0 95 195 140 0 74 71 
300 131 87 0 86 0 82 83 110 345 0 40 23 0 31 352 455 665 0 0 0 96 164 140 0 74 71 
300 134 84 0 86 0 83 87 110 357 0 43 22 0 30 338 432 617 0 0 0 103 178 140 0 74 71 
305 136 81 0 86 0 81 83 109 356 0 38 22 0 32 378 390 661 0 0 0 106 167 140 0 74 71 
302 123 86 0 85 0 80 89 107 349 0 32 24 0 32 352 488 693 0 0 0 99 154 140 0 74 71 
303 124 88 0 85 0 82 92 108 341 0 27 23 0 32 363 444 659 0 0 0 92 206 140 0 74 71 
304 129 87 0 85 0 82 92 107 342 0 28 23 0 32 348 451 612 0 0 0 90 141 140 0 74 71 
302 136 89 0 86 0 81 91 108 346 0 29 25 0 33 357 444 669 0 0 0 88 144 140 0 74 71 
304 137 88 0 86 0 80 86 109 347 0 27 23 0 33 338 430 612 0 0 0 85 161 140 0 74 71 
303 135 84 0 88 0 80 85 108 346 0 28 23 0 35 328 400 577 0 0 0 88 137 140 0 74 71 
302 131 87 0 88 0 78 89 109 351 0 28 22 0 35 375 434 730 0 0 0 94 179 140 0 74 71 
301 124 88 0 90 0 79 89 108 350 0 28 22 0 34 352 463 691 0 0 0 98 184 140 0 74 71 
303 128 84 0 89 0 77 90 109 348 0 29 22 0 32 346 459 654 0 0 0 96 168 140 0 74 71 
302 130 85 0 90 0 78 90 108 348 0 26 22 0 32 388 436 661 0 0 0 95 158 140 0 74 71 
299 132 88 0 88 0 77 90 107 344 0 28 23 0 30 338 433 661 0 0 0 91 159 140 0 74 71 
302 125 88 0 87 0 79 92 108 335 0 28 23 0 31 413 386 642 0 0 0 87 198 140 0 74 71 
298 129 85 0 85 0 80 86 109 336 0 29 24 0 32 361 406 596 0 0 0 85 155 140 0 74 71 
301 127 87 0 85 0 78 90 110 348 0 26 22 0 32 384 438 715 0 0 0 87 175 140 0 74 71 
301 121 88 0 86 0 76 86 108 349 0 29 23 0 32 354 497 655 0 0 0 85 168 140 0 74 71 
299 130 87 0 87 0 77 89 108 344 0 30 24 0 33 352 507 684 0 0 0 89 145 140 0 74 71 
303 130 87 0 86 0 77 87 108 341 0 32 25 0 32 426 410 723 0 0 0 96 159 140 0 74 71 
302 138 84 0 87 0 78 87 107 344 0 33 24 0 31 354 443 680 0 0 0 93 161 140 0 74 71 
296 124 85 0 86 0 79 89 108 350 0 33 25 0 33 390 416 677 0 0 0 90 171 140 0 74 71 
304 129 86 0 86 0 82 89 108 346 0 32 26 0 33 390 378 621 0 0 0 85 182 140 0 74 71 
301 130 87 0 86 0 84 95 108 344 0 33 26 0 34 375 420 688 0 0 0 86 176 140 0 74 71 
303 125 88 0 87 0 83 89 109 341 0 35 26 0 33 337 454 682 0 0 0 88 176 140 0 74 71 
300 130 85 0 87 0 82 89 108 341 0 36 26 0 34 347 442 756 0 0 0 91 165 140 0 74 71 
305 131 89 0 87 0 84 92 107 343 0 34 25 0 32 334 452 687 0 0 0 91 154 140 0 74 71 
306 131 85 0 88 0 85 92 106 349 0 38 25 0 33 364 432 688 0 0 0 89 176 140 0 74 71 
304 136 88 0 88 0 86 89 108 345 0 39 24 0 32 370 442 707 0 0 0 87 181 140 0 74 71 
308 132 87 0 88 0 88 86 108 338 0 36 26 0 31 377 440 698 0 0 0 90 180 140 0 74 71 
302 132 88 0 86 0 90 87 109 342 0 37 25 0 32 363 397 696 0 0 0 90 197 140 0 74 71 
306 129 87 0 87 0 91 82 109 351 0 33 24 0 33 357 428 682 0 0 0 91 176 140 0 74 71 
307 125 86 0 86 0 91 86 107 350 0 35 25 0 32 348 491 714 0 0 0 89 173 140 0 74 71 
301 132 88 0 86 0 93 94 106 348 0 29 24 0 32 376 454 640 0 0 0 86 195 140 0 74 71 
302 130 87 0 85 0 92 90 108 343 0 31 23 0 31 358 432 665 0 0 0 84 178 140 0 74 71 
307 125 87 0 84 0 91 90 108 347 0 30 23 0 32 405 422 750 0 0 0 83 169 140 0 74 71 
302 130 88 0 84 0 90 95 107 344 0 29 24 0 32 335 438 652 0 0 0 84 181 140 0 74 71 
302 132 85 0 84 0 88 92 108 344 0 28 25 0 33 350 452 714 0 0 0 87 182 140 0 74 71 
301 129 88 0 83 0 88 89 110 347 0 28 25 0 32 354 412 670 0 0 0 93 150 140 0 74 71 
302 129 86 0 83 0 85 87 109 350 0 24 24 0 32 336 428 670 0 0 0 103 161 140 0 74 71 
299 133 87 0 84 0 82 91 109 349 0 30 24 0 32 413 432 520 0 0 0 104 216 140 0 74 71 
301 129 88 0 84 0 81 86 109 350 0 27 24 0 33 376 427 653 0 0 0 106 161 140 0 74 71 
303 131 84 0 85 0 80 85 107 350 0 27 22 0 32 388 413 727 0 0 0 100 185 140 0 74 71 
299 134 88 0 86 0 75 90 108 344 0 27 21 0 32 356 398 677 0 0 0 91 167 140 0 74 71 
302 135 85 0 88 0 74 90 106 336 0 29 23 0 33 361 405 655 0 0 0 92 151 140 0 74 71 
297 124 83 0 88 0 75 92 106 344 0 29 23 0 32 382 448 646 0 0 0 95 171 140 0 74 71 
300 122 84 0 89 0 74 86 106 352 0 28 23 0 33 372 438 699 0 0 0 98 161 140 0 74 71 
303 128 90 0 90 0 77 88 108 348 0 28 24 0 32 397 422 587 0 0 0 94 161 140 0 74 71 
298 135 86 0 91 0 77 85 110 342 0 25 24 0 32 388 438 639 0 0 0 97 190 140 0 74 71 
303 131 83 0 91 0 76 83 108 343 0 29 24 0 33 351 453 603 0 0 0 89 139 140 0 74 71 
300 138 88 0 91 0 75 93 107 349 0 29 23 0 33 353 451 676 0 0 0 88 175 140 0 74 71 
303 130 84 0 91 0 76 92 107 349 0 29 24 0 31 342 418 579 0 0 0 87 151 140 0 74 71 
305 133 87 0 90 0 76 87 109 345 0 26 24 0 31 395 427 648 0 0 0 90 204 140 0 74 71 
304 124 87 0 90 0 78 87 108 340 0 30 24 0 33 345 401 648 0 0 0 87 177 140 0 74 71 
305 129 83 0 90 0 77 88 108 340 0 27 25 0 31 364 386 664 0 0 0 87 162 140 0 74 71 
297 128 85 0 89 0 82 92 108 341 0 28 24 0 34 357 447 657 0 0 0 89 131 140 0 74 71 
305 130 89 0 88 0 86 85 108 345 0 29 24 0 32 370 430 638 0 0 0 90 187 140 0 74 71 
306 133 89 0 86 0 85 92 109 348 0 27 23 0 33 332 416 595 0 0 0 90 147 140 0 74 71 
302 127 86 0 86 0 86 87 109 342 0 29 22 0 32 377 446 565 0 0 0 91 177 140 0 74 71 
305 124 86 0 85 0 88 83 110 336 0 27 23 0 32 336 490 672 0 0 0 91 164 140 0 74 71 
306 122 87 0 85 0 90 87 110 349 0 26 23 0 33 345 458 654 0 0 0 87 176 140 0 74 71 
302 128 82 0 87 0 88 85 108 352 0 27 23 0 32 348 445 650 0 0 0 87 200 140 0 74 71 
308 129 85 0 88 0 86 88 107 351 0 27 24 0 32 377 425 725 0 0 0 84 165 140 0 74 71 
306 128 84 0 87 0 88 86 108 341 0 27 25 0 33 339 464 583 0 0 0 87 154 140 0 74 71 
309 129 83 0 88 0 87 90 107 341 0 28 24 0 32 387 438 656 0 0 0 88 200 140 0 74 71 
302 125 87 0 87 0 83 88 108 346 0 26 23 0 32 399 435 558 0 0 0 90 133 140 0 74 71 
298 128 85 0 86 0 83 89 107 350 0 26 23 0 32 357 453 661 0 0 0 90 140 140 0 74 71 
303 128 88 0 86 0 83 90 109 349 0 26 24 0 32 345 434 726 0 0 0 87 177 140 0 74 71 
299 130 87 0 85 0 81 83 109 352 0 27 24 0 32 340 432 702 0 0 0 87 153 140 0 74 71 
304 136 88 0 86 0 80 87 107 349 0 28 24 0 33 326 457 695 0 0 0 89 163 140 0 74 71 
295 128 86 0 86 0 80 86 108 348 0 28 24 0 32 314 429 662 0 0 0 91 183 140 0 74 71 
302 129 84 0 87 0 81 86 107 348 0 32 24 0 32 394 416 655 0 0 0 90 204 140 0 74 71 
302 130 86 0 87 0 82 88 107 347 0 32 23 0 32 362 439 643 0 0 0 90 189 140 0 74 71 
298 131 85 0 86 0 81 88 109 337 0 37 24 0 31 389 421 737 0 0 0 86 167 140 0 74 71 
301 126 87 0 86 0 80 91 109 335 0 44 23 0 32 372 421 672 0 0 0 84 162 140 0 74 71 
301 129 88 0 84 0 79 86 108 347 0 47 24 0 32 374 394 668 0 0 0 84 143 140 0 74 71 
303 130 87 0 84 0 78 86 110 349 0 50 24 0 31 352 435 689 0 0 0 89 151 140 0 74 71 
301 133 88 0 84 0 79 88 107 344 0 48 24 0 33 338 447 725 0 0 0 94 138 140 0 74 71 
298 130 87 0 84 0 81 85 107 342 0 45 24 0 33 386 447 672 0 0 0 101 193 140 0 74 71 
302 133 87 0 84 0 83 92 107 342 0 37 23 0 32 358 452 692 0 0 0 103 218 140 0 74 71 
299 133 86 0 84 0 84 92 109 348 0 36 24 0 32 355 476 736 0 0 0 101 189 140 0 74 71 
302 127 85 0 86 0 86 89 108 347 0 37 26 0 32 353 447 665 0 0 0 95 141 140 0 74 71 
299 127 85 0 85 0 86 88 107 342 0 40 24 0 32 352 417 737 0 0 0 89 162 140 0 74 71 
303 131 86 0 86 0 89 98 107 340 0 47 22 0 32 325 433 624 0 0 0 86 183 140 0 74 71 
312 129 83 0 86 0 87 94 106 338 0 46 23 0 33 369 470 649 0 0 0 86 170 140 0 74 71 
294 128 87 0 86 0 85 87 107 343 0 48 23 0 33 360 426 714 0 0 0 90 159 140 0 74 71 
307 134 89 0 86 0 87 91 109 347 0 45 22 0 33 325 430 765 0 0 0 95 150 140 0 74 71 
306 139 88 0 87 0 87 90 108 348 0 43 25 0 33 344 374 647 0 0 0 87 153 140 0 74 71 
305 125 85 0 86 0 87 88 110 340 0 44 24 0 33 341 460 665 0 0 0 87 187 140 0 74 71 
306 124 87 0 85 0 88 82 109 345 0 45 24 0 32 315 397 657 0 0 0 84 183 140 0 74 71 
304 135 84 0 84 0 88 91 106 357 0 45 24 0 32 369 420 573 0 0 0 85 155 140 0 74 71 
302 137 86 0 82 0 83 90 107 355 0 41 24 0 33 399 427 582 0 0 0 87 162 140 0 74 71 
302 134 85 0 82 0 81 81 108 349 0 36 24 0 33 336 453 755 0 0 0 85 173 140 0 74 71 
302 132 88 0 82 0 80 87 107 342 0 35 24 0 32 347 430 634 0 0 0 87 171 140 0 74 71 
305 134 84 0 84 0 77 89 107 348 0 38 25 0 32 348 508 647 0 0 0 88 150 140 0 74 71 
301 126 86 0 86 0 76 93 108 347 0 39 25 0 33 376 458 657 0 0 0 89 177 140 0 74 71 
302 129 86 0 87 0 78 92 109 347 0 45 24 0 34 341 417 622 0 0 0 94 167 140 0 74 71 
303 134 86 0 89 0 79 89 109 345 0 43 24 0 32 329 405 592 0 0 0 92 193 140 0 74 71 
302 136 87 0 90 0 83 87 108 351 0 46 23 0 31 413 397 635 0 0 0 91 162 140 0 74 71 
304 129 88 0 92 0 83 84 107 349 0 42 23 0 32 355 432 691 0 0 0 90 163 140 0 74 71 
298 126 83 0 92 0 85 89 108 345 0 37 24 0 32 332 438 662 0 0 0 86 178 140 0 74 71 
307 129 82 0 92 0 88 87 107 346 0 34 24 0 33 348 449 609 0 0 0 87 185 140 0 74 71 
303 124 86 0 91 0 89 88 105 341 0 30 25 0 33 375 427 687 0 0 0 86 160 140 0 74 71 
301 128 90 0 89 0 88 91 106 333 0 31 24 0 32 375 431 639 0 0 0 88 181 140 0 74 71 
299 133 84 0 89 0 87 90 108 340 0 30 24 0 33 346 391 621 0 0 0 85 176 140 0 74 71 
301 130 86 0 88 0 86 91 109 350 0 29 24 0 33 378 441 599 0 0 0 91 217 140 0 74 71 
303 126 88 0 87 0 83 89 108 350 0 33 25 0 35 375 479 636 0 0 0 94 177 140 0 74 71 
301 126 87 0 86 0 84 90 107 343 0 30 24 0 34 368 401 595 0 0 0 94 182 140 0 74 71 
302 129 88 0 85 0 82 86 108 342 0 32 26 0 39 359 435 559 0 0 0 94 174 140 0 75 71 
305 127 88 0 84 0 78 84 108 348 0 33 25 0 38 404 480 659 0 0 0 90 153 140 0 74 71 
298 124 88 0 84 0 75 92 108 353 0 35 25 0 34 404 425 680 0 0 0 88 147 140 0 74 71 
307 129 86 0 84 0 74 88 107 343 0 38 26 0 34 375 432 665 0 0 0 85 160 140 0 74 71 
299 130 88 0 85 0 73 91 108 345 0 36 26 0 31 365 371 651 0 0 0 87 187 140 0 74 71 
303 135 88 0 85 0 73 92 108 337 0 37 27 0 32 372 488 645 0 0 0 85 187 140 0 74 71 
304 128 83 0 87 0 74 89 109 341 0 38 26 0 31 397 415 661 0 0 0 87 186 140 0 74 71 
299 129 87 0 89 0 73 88 108 346 0 34 26 0 31 394 459 583 0 0 0 101 165 140 0 74 71 
302 132 86 0 89 0 78 90 109 347 0 36 26 0 31 366 502 692 0 0 0 108 153 140 0 74 71 
303 129 86 0 89 0 79 91 111 343 0 37 25 0 32 387 446 669 0 0 0 108 139 140 0 74 71 
305 128 91 0 88 0 78 86 108 339 0 44 23 0 32 340 412 751 0 0 0 107 148 140 0 74 71 
305 127 86 0 88 0 80 85 108 349 0 45 23 0 31 333 410 739 0 0 0 98 208 140 0 74 71 
307 134 89 0 86 0 80 85 108 355 0 38 22 0 32 384 447 653 0 0 0 95 155 140 0 74 71 
299 129 87 0 85 0 78 87 108 352 0 38 21 0 32 332 414 637 0 0 0 95 144 140 0 74 71 
303 130 86 0 86 0 80 86 108 344 0 41 22 0 32 345 406 704 0 0 0 97 184 140 0 74 71 
302 131 84 0 85 0 81 87 108 341 0 41 22 0 31 371 423 752 0 0 0 98 154 140 0 74 71 
308 127 82 0 84 0 83 90 109 344 0 42 22 0 30 362 404 676 0 0 0 94 179 140 0 74 71 
302 126 89 0 85 0 85 86 109 345 0 41 22 0 30 339 412 780 0 0 0 90 225 140 0 74 71 
305 131 85 0 85 0 84 92 108 343 0 45 22 0 31 343 407 707 0 0 0 89 168 140 0 74 71 
299 130 89 0 85 0 88 92 109 350 0 45 22 0 32 331 449 685 0 0 0 85 180 140 0 74 71 
301 133 89 0 86 0 89 89 108 350 0 40 22 0 32 379 455 684 0 0 0 85 155 140 0 74 71 
301 132 84 0 85 0 88 89 109 350 0 39 21 0 33 365 441 761 0 0 0 82 190 140 0 74 71 
299 135 85 0 86 0 87 91 107 348 0 41 22 0 34 363 424 701 0 0 0 81 180 140 0 74 71 
303 124 84 0 87 0 88 87 109 349 0 39 22 0 33 335 443 678 0 0 0 86 163 140 0 74 71 
303 125 84 0 87 0 87 84 110 341 0 41 22 0 35 401 448 665 0 0 0 83 172 140 0 74 71 
302 129 86 0 87 0 87 90 109 335 0 35 23 0 36 367 450 659 0 0 0 88 213 140 0 74 71 
301 136 84 0 88 0 85 90 107 346 0 31 23 0 34 393 464 634 0 0 0 89 171 140 0 74 71 
302 133 87 0 88 0 81 90 106 351 0 31 22 0 35 374 443 782 0 0 0 96 188 140 0 74 71 
298 133 85 0 86 0 76 90 108 348 0 31 23 0 34 379 421 682 0 0 0 94 173 140 0 74 71 
300 133 86 0 86 0 75 87 108 343 0 29 23 0 32 420 469 754 0 0 0 89 188 140 0 74 71 
304 129 86 0 86 0 74 84 109 345 0 30 24 0 31 374 427 673 0 0 0 87 189 140 0 74 71 
305 127 85 0 86 0 76 84 107 349 0 28 23 0 31 396 416 696 0 0 0 91 171 140 0 74 71 
297 130 86 0 86 0 77 87 107 349 0 29 23 0 30 351 396 588 0 0 0 92 202 140 0 74 71 
304 130 86 0 87 0 80 89 108 344 0 29 23 0 31 393 442 675 0 0 0 91 150 140 0 74 71 
302 132 87 0 86 0 83 87 106 344 0 29 23 0 31 374 486 738 0 0 0 92 205 140 0 74 71 
302 135 85 0 85 0 83 88 108 338 0 29 24 0 32 394 472 721 0 0 0 94 155 140 0 74 71 
302 124 86 0 85 0 85 92 109 341 0 28 23 0 31 368 386 681 0 0 0 92 198 140 0 74 71 
303 124 84 0 83 0 85 91 110 346 0 31 23 0 32 357 435 677 0 0 0 90 163 140 0 74 71 
303 126 87 0 84 0 85 86 109 350 0 30 23 0 33 355 437 680 0 0 0 91 156 140 0 74 71 
305 129 86 0 84 0 84 86 107 344 0 28 23 0 34 339 415 696 0 0 0 85 157 140 0 74 71 
307 134 87 0 84 0 83 87 106 341 0 30 23 0 34 358 407 628 0 0 0 84 152 140 0 74 71 
307 127 86 0 86 0 83 84 107 353 0 30 23 0 34 371 462 712 0 0 0 84 168 140 0 74 71 
301 124 90 0 87 0 85 93 106 356 0 28 22 0 33 322 442 647 0 0 0 83 131 140 0 74 71 
302 126 88 0 88 0 81 92 107 351 0 29 21 0 32 326 443 612 0 0 0 85 150 140 0 74 71 
302 129 86 0 89 0 80 89 107 348 0 29 22 0 32 338 419 683 0 0 0 95 211 140 0 74 71 
303 125 87 0 90 0 78 91 108 345 0 30 22 0 31 423 438 659 0 0 0 102 191 140 0 74 71 
305 131 86 0 90 0 78 92 108 349 0 28 22 0 32 346 435 647 0 0 0 104 164 140 0 74 71 
299 134 90 0 91 0 77 91 109 348 0 28 21 0 31 406 450 676 0 0 0 108 118 140 0 74 71 
306 130 85 0 91 0 79 86 109 345 0 31 23 0 32 359 465 636 0 0 0 101 181 140 0 74 71 
302 134 84 0 91 0 79 89 108 347 0 30 22 0 31 351 472 625 0 0 0 94 186 140 0 74 71 
303 129 91 0 92 0 80 88 107 348 0 32 22 0 32 386 425 575 0 0 0 93 162 140 0 74 71 
299 133 86 0 91 0 80 88 106 348 0 31 22 0 34 348 435 658 0 0 0 91 134 140 0 74 71 
304 128 88 0 90 0 80 89 106 348 0 30 21 0 32 374 434 704 0 0 0 97 185 140 0 74 71 
298 132 87 0 90 0 82 86 107 348 0 31 23 0 33 368 427 735 0 0 0 98 165 140 0 74 71 
304 126 86 0 88 0 82 88 108 336 0 26 23 0 33 380 421 678 0 0 0 97 155 140 0 74 71 
303 132 85 0 87 0 84 88 109 333 0 33 23 0 31 366 449 638 0 0 0 92 167 140 0 74 71 
301 133 86 0 86 0 85 91 110 346 0 28 23 0 32 384 410 661 0 0 0 88 143 140 0 74 71 
303 127 86 0 85 0 84 89 107 352 0 29 22 0 32 387 437 637 0 0 0 88 176 140 0 74 71 
298 132 86 0 85 0 84 84 107 344 0 27 22 0 32 380 430 687 0 0 0 89 188 140 0 74 71 
297 128 86 0 85 0 83 87 107 343 0 27 23 0 32 340 460 704 0 0 0 86 171 140 0 74 71 
305 130 89 0 86 0 84 87 109 341 0 28 24 0 32 374 432 738 0 0 0 86 203 140 0 74 71 
302 131 86 0 87 0 83 86 109 351 0 29 25 0 32 371 441 717 0 0 0 84 147 140 0 74 71 
298 134 88 0 87 0 84 91 108 348 0 28 23 0 32 335 445 684 0 0 0 84 212 140 0 74 71 
303 128 86 0 87 0 83 85 107 345 0 32 24 0 32 371 445 646 0 0 0 92 149 140 0 74 71 
301 132 85 0 86 0 84 91 108 344 0 32 23 0 31 373 442 649 0 0 0 91 160 140 0 74 71 
305 140 85 0 86 0 85 92 110 338 0 34 22 0 33 372 420 676 0 0 0 93 159 140 0 74 71 
301 121 86 0 86 0 87 94 110 345 0 34 24 0 31 323 466 691 0 0 0 87 168 140 0 74 71 
305 129 87 0 86 0 89 88 108 350 0 35 22 0 32 380 437 758 0 0 0 91 167 140 0 74 71 
299 129 87 0 86 0 94 86 107 348 0 33 24 0 31 339 463 701 0 0 0 90 178 140 0 74 71 
301 133 87 0 87 0 97 91 106 342 0 32 23 0 32 368 446 743 0 0 0 93 195 140 0 74 71 
304 133 90 0 86 0 100 84 107 343 0 31 22 0 32 351 479 695 0 0 0 96 200 140 0 74 71 
302 130 86 0 86 10 105 83 108 355 0 29 23 0 31 356 415 714 0 0 0 100 151 140 0 74 71 
302 133 91 0 87 0 105 87 108 353 0 30 23 0 28 342 447 716 0 0 0 100 213 140 0 74 71 
304 126 88 0 86 0 103 84 108 348 0 29 23 0 33 370 385 715 0 0 0 96 204 140 0 74 71 
302 128 83 0 86 0 101 82 108 346 0 32 21 0 33 358 434 697 0 0 0 93 181 140 0 74 71 
304 128 85 0 85 0 97 90 108 341 0 31 22 0 31 365 449 628 0 0 0 87 191 140 0 74 71 
305 130 83 0 84 0 89 93 109 346 0 30 21 0 32 345 438 672 0 0 0 82 171 140 0 74 71 
307 127 85 0 84 0 87 88 108 344 0 28 23 0 32 376 458 759 0 0 0 82 154 140 0 74 71 
307 127 85 0 85 0 84 91 107 342 0 30 24 0 33 348 419 717 0 0 0 82 187 140 0 74 71 
301 126 88 0 85 0 82 86 108 348 0 29 24 0 34 379 455 668 0 0 0 82 144 140 0 74 71 
305 124 87 0 86 0 75 87 109 348 0 31 23 0 34 369 440 692 0 0 0 83 177 140 0 74 71 
303 129 86 0 86 0 72 87 110 348 0 30 22 0 34 339 413 662 0 0 0 85 162 140 0 74 71 
305 131 87 0 85 0 69 90 108 345 0 32 21 0 33 354 454 554 0 0 0 94 140 140 0 74 71 
299 135 84 0 85 0 67 92 107 343 0 30 22 0 35 355 416 632 0 0 0 97 146 140 0 74 71 
302 127 85 0 86 0 70 87 108 337 0 29 22 0 34 373 420 622 0 0 0 102 208 140 0 74 71 
304 125 88 0 86 0 74 91 109 336 0 29 22 0 32 392 445 690 0 0 0 105 191 140 0 74 71 
299 131 86 0 87 0 76 90 108 351 0 28 24 0 33 343 390 643 0 0 0 98 141 140 0 74 71 
302 128 85 0 87 0 76 89 109 353 0 28 24 0 32 354 426 664 0 0 0 96 168 140 0 74 71 
305 129 88 0 85 0 76 89 109 347 0 29 23 0 32 373 421 631 0 0 0 94 168 140 0 74 71 
300 127 88 0 83 0 76 86 109 342 0 28 23 0 32 397 416 597 0 0 0 92 137 140 0 74 71 
303 129 88 0 82 0 76 87 107 344 0 28 23 0 31 360 433 637 0 0 0 93 154 140 0 74 71 
300 131 84 0 81 0 74 87 106 353 0 29 21 0 32 394 408 655 0 0 0 96 140 140 0 74 71 
300 129 88 0 81 0 75 91 107 346 0 29 22 0 32 365 419 660 0 0 0 96 147 140 0 74 71 
300 128 84 0 82 0 76 91 109 344 0 30 23 0 32 359 450 593 0 0 0 91 174 140 0 74 71 
296 133 88 0 84 0 79 94 109 341 0 30 23 0 32 355 440 639 0 0 0 85 166 140 0 74 71 
301 125 89 0 85 0 77 94 109 341 0 32 22 0 33 399 402 620 0 0 0 84 170 140 0 74 71 
300 128 86 0 86 0 82 91 108 345 0 32 22 0 33 416 413 606 0 0 0 80 164 140 0 74 71 
307 132 89 0 89 0 82 92 107 347 0 33 22 0 33 334 426 615 0 0 0 83 169 140 0 74 71 
297 133 88 0 89 0 81 88 107 344 0 35 23 0 34 389 415 637 0 0 0 84 166 140 0 74 71 
299 127 88 0 89 0 80 90 107 342 0 32 21 0 33 362 429 624 0 0 0 83 205 140 0 74 71 
305 132 85 0 90 0 80 87 108 342 0 31 24 0 33 345 411 556 0 0 0 86 149 140 0 74 71 
303 137 87 0 90 0 79 84 109 355 0 30 23 0 32 396 409 639 0 0 0 85 168 140 0 74 71 
303 131 89 0 89 0 78 89 109 354 0 32 23 0 34 345 442 625 0 0 0 88 165 140 0 74 71 
305 126 86 0 89 0 81 86 108 348 0 32 23 0 32 369 455 620 0 0 0 91 183 140 0 74 71 
305 133 85 0 88 0 83 89 108 344 0 31 22 0 33 339 403 704 0 0 0 93 167 140 0 74 71 
303 129 88 0 88 0 86 90 109 345 0 31 22 0 34 391 424 599 0 0 0 91 184 140 0 74 71 
301 131 87 0 86 0 83 90 107 350 0 32 21 0 34 356 440 597 0 0 0 87 149 140 0 74 71 
307 133 85 0 85 0 84 91 107 344 0 30 21 0 32 415 437 651 0 0 0 90 201 140 0 74 71 
308 135 87 0 84 0 85 90 107 344 0 32 21 0 33 345 447 622 0 0 0 89 168 140 0 74 71 
303 123 89 0 83 0 83 92 106 352 0 32 22 0 31 360 446 657 0 0 0 90 149 140 0 74 71 
304 128 88 0 84 0 82 87 106 349 0 32 21 0 31 321 507 711 0 0 0 91 188 140 0 74 71 
304 132 88 0 84 0 82 90 107 349 0 34 22 0 33 397 491 652 0 0 0 91 199 140 0 74 71 
304 135 91 0 85 0 85 86 109 350 0 34 23 0 32 326 408 614 0 0 0 92 150 140 0 74 71 
300 135 88 0 87 0 84 86 111 343 0 34 22 0 32 384 425 637 0 0 0 92 197 140 0 74 71 
296 130 82 0 88 0 83 90 107 339 0 33 21 0 33 390 465 641 0 0 0 92 144 140 0 74 71 
306 133 85 0 89 0 82 94 107 340 0 35 21 0 33 351 417 682 0 0 0 88 194 140 0 74 71 
302 127 86 0 89 0 82 92 107 353 0 36 22 0 32 358 445 622 0 0 0 86 149 140 0 74 71 
301 127 84 0 89 0 79 86 109 347 0 38 22 0 32 338 432 735 0 0 0 84 139 140 0 74 71 
301 133 90 0 88 0 80 86 108 343 0 42 23 0 33 345 486 726 0 0 0 83 179 140 0 74 71 
300 130 89 0 88 0 82 83 107 339 0 42 23 0 33 379 413 675 0 0 0 88 171 140 0 74 71 
302 131 88 0 87 0 85 82 107 345 0 40 23 0 32 355 473 653 0 0 0 93 178 140 0 74 71 
299 125 89 0 86 0 88 93 107 351 0 40 21 0 32 385 400 704 0 0 0 99 176 140 0 74 71 
306 130 89 0 86 0 93 91 109 345 0 39 21 0 31 404 448 703 0 0 0 103 187 140 0 74 71 
299 125 87 0 86 0 98 88 110 341 0 39 21 0 31 386 403 662 0 0 0 99 181 140 0 75 71 
302 128 85 0 85 0 102 88 110 341 0 38 22 0 32 337 461 693 0 0 0 97 158 140 0 75 71 
302 132 85 0 86 0 104 90 108 339 0 40 21 0 32 401 436 652 0 0 0 90 147 140 0 74 71 
300 129 84 0 86 0 104 92 107 346 0 41 21 0 32 387 439 691 0 0 0 88 154 140 0 74 71 
305 124 85 0 86 0 104 83 108 350 0 47 22 0 34 403 411 710 0 0 0 90 179 140 0 74 71 
300 127 88 0 86 0 100 90 108 346 0 52 19 0 33 350 416 671 0 0 0 92 167 140 0 74 71 
298 128 85 0 86 0 96 84 109 342 0 49 20 0 32 326 425 706 0 0 0 95 195 140 0 74 71 
304 128 87 0 86 0 90 85 107 347 0 43 21 0 32 378 426 661 0 0 0 94 162 140 0 74 71 
302 128 93 0 86 0 87 89 109 357 0 40 22 0 32 378 429 646 0 0 0 91 151 140 0 74 71 
303 129 86 0 87 0 81 90 109 355 0 39 21 0 32 369 484 556 0 0 0 88 179 140 0 74 71 
304 135 85 0 88 0 75 92 109 349 0 36 21 0 32 354 410 675 0 0 0 81 140 140 0 74 71 
306 134 84 0 87 0 70 85 107 344 0 33 21 0 33 336 454 670 0 0 0 80 208 140 0 74 71 
305 131 87 0 86 0 65 93 107 346 0 33 21 0 32 364 385 685 0 0 0 80 132 140 0 74 71 
302 129 84 0 86 0 63 88 108 348 0 32 20 0 32 338 425 668 0 0 0 82 181 140 0 74 71 
309 128 84 0 86 0 64 88 109 344 0 30 21 0 32 350 452 660 0 0 0 84 178 140 0 74 71 
307 127 85 0 86 0 71 87 108 346 0 31 20 0 32 374 462 676 0 0 0 93 235 140 0 74 71 
311 133 87 0 87 0 73 91 107 353 0 30 21 0 32 371 423 595 0 0 0 98 224 140 0 74 71 
300 137 89 0 87 0 73 89 108 347 0 32 23 0 33 372 423 591 0 0 0 93 179 140 0 74 71 
301 131 89 0 87 0 76 85 109 347 0 30 19 0 32 308 418 716 0 0 0 88 178 140 0 74 71 
305 129 87 0 86 0 79 90 108 345 0 31 20 0 31 365 403 632 0 0 0 85 153 140 0 74 71 
303 135 83 0 85 0 81 89 108 341 0 30 21 0 31 338 403 549 0 0 0 89 194 140 0 74 71 
300 132 84 0 84 0 85 90 108 334 0 31 20 0 32 335 414 643 0 0 0 97 200 140 0 74 71 
306 133 84 0 83 0 88 92 110 339 0 33 21 0 33 410 443 658 0 0 0 96 161 140 0 74 71 
302 130 84 0 83 0 89 89 109 353 0 33 21 0 32 329 415 629 0 0 0 96 187 140 0 74 71 
301 133 83 0 85 0 89 89 106 350 0 33 22 0 33 379 411 665 0 0 0 96 137 140 0 74 71 
299 129 85 0 85 0 89 90 106 344 0 33 21 0 33 405 398 639 0 0 0 94 203 140 0 74 71 
300 130 86 0 87 0 88 89 107 345 0 35 21 0 33 365 437 573 0 0 0 92 173 140 0 74 71 
300 138 87 0 88 0 85 89 109 348 0 38 20 0 33 343 455 577 0 0 0 89 163 140 0 74 71 
301 134 86 0 89 0 82 86 108 350 0 36 20 0 33 383 445 638 0 0 0 89 151 140 0 74 71 
305 121 86 0 88 0 78 89 108 348 0 35 21 0 32 400 453 675 0 0 0 88 181 140 0 74 71 
295 129 88 0 88 0 77 91 109 343 0 40 21 0 33 377 401 651 0 0 0 80 187 140 0 74 71 
302 133 86 0 90 0 74 93 106 343 0 43 22 0 32 348 461 700 0 0 0 83 174 140 0 74 71 
302 138 84 0 90 0 72 94 106 335 0 50 21 0 31 354 410 656 0 0 0 86 118 140 0 74 71 
298 133 86 0 92 0 74 89 107 347 0 56 20 0 31 397 421 641 0 0 0 92 167 140 0 74 71 
305 131 83 0 91 0 77 89 107 348 0 57 22 0 32 355 385 573 0 0 0 106 181 140 0 74 71 
305 140 85 0 92 0 78 85 107 345 0 57 20 0 31 405 439 737 0 0 0 110 157 140 0 74 71 
298 123 85 0 90 0 80 85 108 344 0 50 20 0 32 386 465 706 0 0 0 112 156 140 0 74 71 
300 126 86 0 90 0 82 86 109 347 0 45 21 0 32 382 431 792 0 0 0 104 166 140 0 74 71 
304 129 86 0 87 0 82 86 110 356 0 44 21 0 32 395 422 676 0 0 0 99 148 140 0 74 71 
305 133 86 0 87 0 79 89 108 350 0 46 22 0 33 379 411 646 0 0 0 94 178 140 0 74 71 
303 128 87 0 86 0 78 83 108 344 0 50 22 0 32 349 421 716 0 0 0 96 111 140 0 74 71 
305 125 85 0 85 0 77 91 108 344 0 42 20 0 33 353 425 655 0 0 0 92 158 140 0 74 71 
304 127 85 0 85 0 78 91 107 344 0 42 20 0 34 361 414 693 0 0 0 96 167 140 0 74 71 
301 124 84 0 85 0 78 93 106 345 0 46 20 0 33 404 463 689 0 0 0 96 184 140 0 74 71 
303 128 87 0 85 0 80 86 106 343 0 46 20 0 33 367 432 759 0 0 0 90 159 140 0 74 71 
304 129 86 0 86 0 81 89 108 348 0 44 21 0 33 349 403 741 0 0 0 83 182 140 0 74 71 
306 130 87 0 86 0 78 89 109 356 0 45 21 0 33 378 461 704 0 0 0 85 182 140 0 74 71 
301 124 86 0 86 0 78 83 109 344 0 52 22 0 31 389 427 692 0 0 0 82 208 140 0 74 71 
303 125 86 0 86 0 78 90 107 349 0 52 22 0 32 360 403 695 0 0 0 83 176 140 0 74 71 
305 130 87 0 86 0 78 89 106 348 0 53 23 0 33 353 415 782 0 0 0 85 194 140 0 74 71 
304 127 88 0 86 0 77 90 109 344 0 53 22 0 32 396 438 715 0 0 0 83 167 140 0 74 71 
303 127 83 0 86 0 78 86 109 337 0 47 22 0 33 320 404 718 0 0 0 85 138 140 0 74 71 
306 129 87 0 86 0 80 89 108 342 0 42 23 0 33 378 388 642 0 0 0 89 193 140 0 74 71 
303 136 84 0 86 0 80 91 108 352 0 43 25 0 34 363 478 687 0 0 0 91 180 140 0 74 71 
300 133 87 0 86 0 79 85 108 350 0 45 24 0 36 398 442 720 0 0 0 93 147 140 0 74 71 
296 130 87 0 85 0 79 88 108 342 0 44 24 0 37 349 460 673 0 0 0 93 185 140 0 74 71 
301 126 85 0 85 0 78 89 108 344 0 41 22 0 44 354 415 763 0 0 0 92 181 140 0 74 71 
296 131 87 0 85 0 80 88 108 343 0 39 22 0 34 359 433 692 0 0 0 87 143 140 0 74 71 
301 127 86 0 85 0 82 87 109 349 0 39 19 0 32 353 457 707 0 0 0 88 154 140 0 74 71 
304 129 86 0 84 0 84 91 108 344 0 37 22 0 33 389 414 596 0 0 0 85 166 140 0 74 71 
298 130 85 0 85 0 87 93 107 340 0 34 22 0 32 390 423 663 0 0 0 87 164 140 0 74 71 
304 131 86 0 85 0 84 89 107 339 0 34 23 0 31 388 466 694 0 0 0 94 195 140 0 74 71 
302 132 85 0 85 0 87 90 108 337 0 34 22 0 31 379 438 691 0 0 0 97 136 140 0 74 71 
302 131 84 0 85 0 86 91 108 343 0 33 23 0 32 380 459 712 0 0 0 96 153 140 0 74 71 
306 132 83 0 85 0 87 89 107 348 0 33 22 0 31 377 432 677 0 0 0 91 187 140 0 74 71 
305 130 86 0 85 0 86 89 109 343 0 31 24 0 32 384 452 666 0 0 0 90 153 140 0 74 71 
299 127 86 0 85 0 86 89 109 340 0 31 21 0 32 364 433 639 0 0 0 90 187 140 0 74 71 
298 138 87 0 86 0 89 84 109 345 0 32 21 0 30 374 442 652 0 0 0 88 193 140 0 74 71 
306 127 87 0 86 0 89 85 108 356 0 28 21 0 32 374 418 738 0 0 0 88 153 140 0 74 71 
309 128 87 0 87 0 86 85 108 356 0 29 21 0 31 351 423 692 0 0 0 90 201 140 0 74 71 
300 132 87 0 88 0 85 89 109 347 0 29 22 0 31 397 399 593 0 0 0 91 172 140 0 74 71 
307 132 88 0 88 0 86 86 108 344 0 29 21 0 32 372 451 702 0 0 0 96 171 140 0 74 71 
295 128 86 0 88 0 84 92 108 344 0 30 20 0 32 368 446 652 0 0 0 101 184 140 0 74 71 
303 123 89 0 86 0 82 93 109 347 0 29 20 0 31 340 395 675 0 0 0 101 167 140 0 74 71 
304 128 85 0 84 0 81 89 109 344 0 27 19 0 31 363 400 622 0 0 0 99 198 140 0 74 71 
306 140 82 0 82 0 83 91 108 347 0 30 21 0 32 354 451 643 0 0 0 94 140 140 0 74 71 
306 130 84 0 81 0 82 86 107 350 0 28 19 0 32 359 460 618 0 0 0 92 191 140 0 74 71 
308 127 86 0 82 0 84 89 107 347 0 30 20 0 32 378 454 612 0 0 0 86 187 140 0 74 71 
286 131 88 0 83 0 88 85 108 349 0 28 20 0 31 391 423 643 0 0 0 93 189 140 0 74 71 
306 128 84 0 86 0 89 88 110 345 0 29 20 0 32 389 438 618 0 0 0 92 127 140 0 74 71 
305 123 86 0 88 0 87 89 108 340 0 29 21 0 32 351 438 718 0 0 0 96 168 140 0 74 71 
302 135 87 0 89 0 87 89 106 334 0 28 20 0 32 344 423 705 0 0 0 95 158 140 0 74 71 
306 130 84 0 90 0 89 90 107 342 0 28 20 0 32 388 426 678 0 0 0 91 162 140 0 74 71 
304 131 83 0 89 0 87 91 107 350 0 29 19 0 32 359 449 613 0 0 0 90 155 140 0 74 71 
307 124 88 0 90 0 85 84 107 351 0 29 20 0 33 344 439 652 0 0 0 86 152 140 0 74 71 
301 125 88 0 90 0 81 81 108 343 0 29 20 0 32 348 442 700 0 0 0 84 165 140 0 74 71 
311 129 86 0 89 0 77 86 109 345 0 31 21 0 31 350 443 667 0 0 0 85 172 140 0 74 71 
301 127 87 0 89 0 71 86 110 348 0 30 20 0 32 389 441 711 0 0 0 90 161 140 0 74 71 
301 133 87 0 89 0 69 89 107 352 0 31 19 0 32 332 395 679 0 0 0 91 208 140 0 74 71 
305 130 87 0 88 0 67 91 107 345 0 30 20 0 32 377 423 708 0 0 0 92 144 140 0 74 71 
301 126 87 0 87 0 69 86 107 343 0 32 20 0 31 376 407 643 0 0 0 90 157 140 0 74 71 
304 124 86 0 86 0 72 88 108 341 0 28 20 0 33 348 453 674 0 0 0 93 173 140 0 74 71 
303 129 86 0 85 0 77 93 108 339 0 30 21 0 31 389 398 661 0 0 0 86 218 140 0 75 71 
304 127 86 0 84 0 79 87 108 347 0 28 20 0 32 403 425 680 0 0 0 88 146 140 0 75 71 
303 127 88 0 84 0 79 86 108 347 0 27 21 0 33 351 441 782 0 0 0 88 205 140 0 74 71 
304 129 89 0 84 0 78 86 109 345 0 28 20 0 33 396 426 670 0 0 0 92 151 140 0 74 71 
305 134 87 0 85 0 78 89 109 341 0 28 20 0 32 336 424 700 0 0 0 93 169 140 0 74 71 
302 131 86 0 86 0 77 88 110 348 0 29 20 0 32 384 423 752 0 0 0 88 166 140 0 74 71 
309 133 91 0 87 0 80 93 109 354 0 27 21 0 32 357 455 682 0 0 0 90 162 140 0 74 71 
305 132 87 0 88 0 79 91 107 353 0 33 21 0 31 368 462 709 0 0 0 88 192 140 0 74 71 
305 133 87 0 88 0 83 87 106 344 0 30 21 0 32 336 376 657 0 0 0 89 149 140 0 74 71 
309 125 88 0 88 0 85 92 106 343 0 28 22 0 32 363 430 658 0 0 0 91 188 140 0 74 71 
303 126 88 0 88 0 84 90 109 342 0 27 21 0 33 396 463 628 0 0 0 93 161 140 0 74 71 
302 130 87 0 88 0 85 90 109 346 0 28 20 0 32 351 405 667 0 0 0 89 146 140 0 74 71 
304 127 90 0 87 0 86 86 108 342 0 27 18 0 33 363 452 743 0 0 0 86 202 140 0 74 71 
303 124 87 0 87 0 87 92 108 345 0 28 19 0 32 338 407 707 0 0 0 80 163 140 0 74 71 
305 127 88 0 86 0 86 88 108 350 0 28 20 0 34 383 475 654 0 0 0 80 178 140 0 74 71 
303 127 88 0 86 0 87 86 107 347 0 31 20 0 33 345 454 653 0 0 0 84 161 140 0 74 71 
301 129 89 0 85 0 90 89 107 349 0 28 20 0 31 372 459 657 0 0 0 91 182 140 0 74 71 
302 122 88 0 84 0 89 88 108 349 0 27 19 0 33 373 476 578 0 0 0 100 145 140 0 74 71 
300 132 89 0 84 0 87 91 108 338 0 26 20 0 33 383 396 607 0 0 0 106 149 140 0 74 71 
301 133 90 0 85 0 86 88 108 334 0 27 19 0 31 370 440 646 0 0 0 100 157 140 0 74 71 
299 130 86 0 85 0 85 93 108 341 0 28 20 0 32 372 443 685 0 0 0 91 192 140 0 74 71 
299 132 83 0 85 0 83 87 108 352 0 26 20 0 33 355 461 692 0 0 0 90 191 140 0 74 71 
303 137 86 0 86 0 82 88 109 349 0 29 21 0 33 381 447 625 0 0 0 85 234 140 0 74 71 
298 120 88 0 86 0 78 90 111 344 0 30 21 0 33 396 419 605 0 0 0 86 162 140 0 74 71 
307 120 89 0 86 0 81 89 109 345 0 28 21 0 33 362 387 558 0 0 0 89 138 140 0 74 71 
297 129 90 0 86 0 77 88 107 346 0 29 20 0 33 368 431 630 0 0 0 92 139 140 0 74 71 
305 139 90 0 86 0 76 90 107 350 0 29 18 0 33 366 449 621 0 0 0 91 151 140 0 74 71 
300 136 87 0 86 0 76 93 108 343 0 28 18 0 32 350 447 683 0 0 0 89 222 140 0 74 71 
306 140 90 0 86 0 76 92 108 342 0 29 19 0 32 324 421 550 0 0 0 91 161 140 0 74 71 
303 131 89 0 86 0 75 91 109 341 0 28 19 0 31 395 444 641 0 0 0 93 210 140 0 74 71 
302 113 84 0 86 0 76 90 109 340 0 30 20 0 32 321 434 647 0 0 0 95 204 140 0 74 71 
303 127 91 0 86 0 79 90 108 349 0 31 19 0 32 364 413 592 0 0 0 95 161 140 0 74 71 
301 130 86 0 87 0 81 85 108 347 0 30 18 0 32 365 464 605 0 0 0 90 179 140 0 74 71 
302 133 88 0 86 0 82 94 108 342 0 31 20 0 33 345 412 607 0 0 0 95 191 140 0 74 71 
307 131 92 0 86 0 82 83 108 343 0 28 19 0 32 347 400 589 0 0 0 95 179 140 0 74 71 
302 126 88 0 85 0 84 85 107 351 0 29 19 0 33 365 415 551 0 0 0 93 191 140 0 74 71 
300 129 86 0 84 0 81 85 107 359 0 29 19 0 32 371 437 640 0 0 0 94 152 140 0 74 71 
303 128 86 0 83 0 82 86 108 350 0 27 19 0 33 370 455 632 0 0 0 85 177 140 0 74 71 
300 130 92 0 83 0 82 92 110 346 0 30 21 0 32 377 460 653 0 0 0 83 168 140 0 74 71 
305 133 85 0 84 0 85 88 108 345 0 29 21 0 31 394 470 663 0 0 0 83 182 140 0 74 71 
302 129 87 0 85 0 83 95 107 345 0 31 19 0 31 362 422 683 0 0 0 87 148 140 0 74 71 
305 127 91 0 86 0 82 87 106 349 0 32 21 0 32 333 480 661 0 0 0 88 168 140 0 74 71 
302 132 85 0 87 0 84 87 108 345 0 29 20 0 33 331 431 610 0 0 0 90 162 140 0 74 71 
302 126 85 0 88 0 85 88 109 350 0 32 20 0 33 372 430 639 0 0 0 96 168 140 0 74 71 
305 127 84 0 88 0 83 88 108 351 0 29 21 0 34 335 412 666 0 0 0 96 150 140 0 74 71 
305 132 85 0 88 0 83 88 109 348 0 29 20 0 33 389 395 727 0 0 0 92 180 140 0 74 71 
305 130 89 0 89 0 83 89 108 351 0 33 20 0 33 310 474 639 0 0 0 91 161 140 0 74 71 
301 135 86 0 90 0 84 91 106 347 0 29 20 0 32 349 455 665 0 0 0 86 149 140 0 74 71 
296 133 89 0 91 0 83 82 106 338 0 29 19 0 31 376 418 680 0 0 0 85 205 140 0 74 71 
303 130 84 0 92 0 82 89 107 336 0 30 20 0 33 377 429 657 0 0 0 82 181 140 0 74 71 
296 132 86 0 92 0 83 88 109 347 0 29 20 0 33 357 384 708 0 0 0 81 164 140 0 74 71 
302 126 84 0 91 0 82 88 110 355 0 30 22 0 31 364 383 683 0 0 0 79 184 140 0 74 71 
303 130 85 0 91 0 82 87 110 344 0 30 20 0 31 338 433 736 0 0 0 76 153 140 0 74 71 
300 131 86 0 89 0 82 87 109 342 0 30 21 0 31 362 389 704 0 0 0 79 173 140 0 74 71 
297 131 86 0 87 0 81 91 107 345 0 31 21 0 31 332 426 654 0 0 0 82 135 140 0 74 71 
302 130 86 0 87 0 81 85 108 349 0 32 20 0 33 336 407 710 0 0 0 84 179 140 0 74 71 
305 130 87 0 86 0 81 91 108 350 0 28 20 0 33 382 466 640 0 0 0 90 160 140 0 74 71 
300 134 87 0 86 0 80 94 109 342 0 28 20 0 34 354 413 754 0 0 0 89 178 140 0 74 71 
299 133 84 0 86 0 82 89 108 340 0 32 21 0 33 304 419 670 0 0 0 87 183 140 0 74 71 
302 128 88 0 86 0 81 91 107 340 0 29 20 0 35 348 459 667 0 0 0 80 192 140 0 74 71 
303 130 87 0 86 0 82 94 109 340 0 29 20 0 34 371 417 618 0 0 0 79 155 140 0 74 71 
305 132 84 0 86 0 84 93 109 351 0 28 19 0 33 375 421 653 0 0 0 80 169 140 0 74 71 
298 131 86 0 85 0 82 86 110 347 0 29 19 0 34 387 458 717 0 0 0 82 179 140 0 74 71 
306 136 85 0 85 0 83 85 108 342 0 28 18 0 32 373 456 675 0 0 0 84 186 140 0 74 71 
305 131 84 0 85 0 82 87 107 344 0 26 19 0 31 336 452 713 0 0 0 82 147 140 0 74 71 
295 124 88 0 85 0 83 81 106 353 0 29 19 0 32 398 394 629 0 0 0 83 166 140 0 74 71 
302 126 89 0 86 0 82 89 107 358 0 27 20 0 32 348 390 723 0 0 0 84 165 140 0 74 71 
300 132 85 0 86 0 81 89 107 350 0 32 20 0 32 393 470 551 0 0 0 86 170 140 0 74 71 
307 142 86 0 86 0 81 89 107 345 0 29 20 0 31 362 417 693 0 0 0 87 166 140 0 74 71 
303 133 86 0 86 0 80 93 109 344 0 32 19 0 33 381 462 702 0 0 0 84 145 140 0 74 71 
308 130 86 0 85 0 78 88 110 344 0 32 19 0 32 405 474 621 0 0 0 85 184 140 0 74 71 
306 133 88 0 85 0 77 92 108 345 0 29 19 0 33 328 429 685 0 0 0 83 166 140 0 74 71 
303 129 85 0 85 0 75 86 107 343 0 28 19 0 33 365 449 622 0 0 0 83 160 140 0 74 71 
304 126 82 0 85 0 75 89 108 346 0 30 19 0 35 400 437 600 0 0 0 84 141 140 0 74 71 
305 130 87 0 85 0 75 90 107 349 0 28 19 0 36 331 406 597 0 0 0 84 186 140 0 74 71 
304 133 84 0 85 0 75 85 109 345 0 31 19 0 36 381 441 673 0 0 0 81 191 140 0 74 71 
305 134 86 0 85 0 78 87 108 349 0 28 19 0 34 362 463 638 0 0 0 77 231 140 0 74 71 
302 127 81 0 85 0 77 85 107 347 0 31 19 0 33 318 379 663 0 0 0 77 159 140 0 74 71 
304 123 88 0 85 0 80 91 107 334 0 32 18 0 34 349 410 576 0 0 0 77 183 140 0 74 71 
303 132 86 0 84 0 80 85 109 335 0 32 19 0 33 393 459 618 0 0 0 76 166 140 0 74 71 
300 129 81 0 84 0 82 90 110 347 0 31 18 0 32 345 448 639 0 0 0 82 145 140 0 74 71 
306 134 87 0 84 10 81 88 109 353 0 28 19 0 34 400 407 603 0 0 0 82 113 140 0 74 71 
304 132 83 0 85 0 82 83 106 345 0 30 20 0 32 341 416 677 0 0 0 79 181 140 0 74 71 
301 131 84 0 85 0 83 88 107 344 0 30 18 0 32 349 453 586 0 0 0 83 178 140 0 74 71 
300 125 89 0 86 0 83 87 108 345 0 29 19 0 32 351 383 646 0 0 0 83 170 140 0 74 68 
300 130 87 0 87 10 82 91 108 350 0 30 18 0 34 341 425 587 0 0 0 85 185 140 0 74 68 
302 129 86 0 87 0 82 90 108 350 0 32 18 0 32 359 414 661 0 0 0 84 172 140 0 74 68 
301 129 86 0 87 0 83 92 108 345 0 30 18 0 32 357 438 656 0 0 0 83 185 140 0 74 68 
304 127 86 0 85 0 82 87 108 340 0 33 19 0 33 385 414 623 0 0 0 83 169 140 0 74 68 
301 130 86 0 84 11 83 92 109 340 0 30 19 0 32 336 429 724 0 0 0 84 151 140 0 74 68 
300 134 87 0 82 0 82 91 109 342 0 29 17 0 31 370 419 654 0 0 0 81 184 140 0 74 68 
303 130 87 0 81 0 82 85 108 350 0 31 18 0 31 377 418 652 0 0 0 80 175 140 0 74 68 
302 131 85 0 81 0 81 87 107 348 0 28 18 0 32 412 439 600 0 0 0 77 180 140 0 74 68 
299 130 85 0 82 10 83 87 107 341 0 29 19 0 32 380 432 663 0 0 0 81 146 140 0 74 68 
303 122 87 0 85 0 82 88 109 343 0 27 21 0 31 369 446 687 0 0 0 82 227 140 0 74 68 
298 128 85 0 86 0 84 89 109 350 0 29 20 0 32 328 414 724 0 0 0 86 187 140 0 74 68 
304 133 89 0 86 0 82 88 107 357 0 30 20 0 31 373 439 667 0 0 0 89 153 140 0 74 68 
304 130 85 0 87 10 85 91 107 348 0 28 19 0 32 364 419 743 0 0 0 89 151 140 0 74 68 
301 132 86 0 88 0 87 90 107 344 0 28 18 0 33 403 450 644 0 0 0 87 208 140 0 74 68 
303 129 85 0 88 0 88 88 108 343 0 30 19 0 32 414 457 725 0 0 0 81 169 140 0 74 68 
304 130 87 0 89 0 88 94 107 345 0 29 18 0 31 342 444 696 0 0 0 81 172 140 0 74 68 
303 130 86 0 89 10 88 86 107 347 0 31 19 0 31 401 447 706 0 0 0 78 166 140 0 74 68 
305 130 86 0 90 0 89 87 108 341 0 29 19 0 32 355 447 738 0 0 0 80 184 140 0 74 68 
304 133 84 0 89 0 87 85 108 348 0 31 19 0 32 322 442 668 0 0 0 82 180 140 0 74 68 
304 127 83 0 89 10 87 90 107 351 0 31 17 0 33 343 459 658 0 0 0 84 193 140 0 74 68 
306 130 87 0 87 10 86 85 106 347 0 31 18 0 33 342 405 717 0 0 0 87 166 140 0 74 68 
304 135 86 0 86 0 87 90 106 351 0 31 18 0 33 374 420 757 0 0 0 86 160 140 0 74 68 
303 130 85 0 84 0 85 92 108 343 0 31 18 0 31 354 384 710 0 0 0 82 147 140 0 74 68 
303 125 88 0 84 0 84 84 108 336 0 30 18 0 34 373 441 665 0 0 0 82 165 140 0 74 68 
301 131 85 0 84 0 84 90 110 336 0 30 17 0 32 367 442 695 0 0 0 79 152 140 0 74 68 
301 131 84 0 84 0 85 86 110 345 0 31 17 0 32 331 468 661 0 0 0 75 127 140 0 74 68 
299 136 86 0 85 0 80 86 107 352 0 29 18 0 32 358 451 705 0 0 0 76 151 140 0 74 68 
302 130 84 0 86 0 78 84 107 342 0 31 18 0 32 398 422 655 0 0 0 78 173 140 0 74 68 
306 129 86 0 86 0 77 92 108 339 0 31 17 0 32 360 409 692 0 0 0 75 179 140 0 74 68 
302 132 84 0 87 0 76 92 109 345 0 30 17 0 32 365 415 693 0 0 0 75 152 140 0 74 68 
301 125 86 0 88 0 75 81 107 347 0 29 18 0 32 329 454 670 0 0 0 81 194 140 0 74 65 
303 127 87 0 88 0 74 95 107 347 0 30 18 0 32 399 467 746 0 0 0 86 160 140 0 74 65 
300 132 85 0 88 0 77 94 109 340 0 31 18 0 33 351 427 556 0 0 0 86 222 140 0 74 65 
306 130 88 0 88 0 78 89 110 339 0 30 17 0 32 400 462 657 0 0 0 83 195 140 0 74 65 
299 132 85 0 88 0 79 91 109 338 0 30 17 0 33 358 459 650 0 0 0 84 177 140 0 74 65 
302 127 86 0 88 0 81 89 108 342 0 31 17 0 33 366 427 748 0 0 0 83 188 140 0 74 65 
301 124 85 0 87 0 81 88 107 352 0 29 16 0 34 377 409 645 0 0 0 84 149 140 0 74 65 
298 122 87 0 86 0 83 85 108 346 0 32 18 0 33 344 430 629 0 0 0 86 158 140 0 74 65 
302 129 87 0 86 0 84 86 107 340 0 29 17 0 34 366 463 672 0 0 0 87 199 140 0 74 65 
301 128 84 0 84 0 85 90 106 344 0 31 16 0 32 401 428 590 0 0 0 83 174 140 0 74 65 
303 126 86 0 84 0 87 84 107 354 0 32 16 0 32 390 394 646 0 0 0 78 153 140 0 74 65 
301 125 89 0 85 0 85 86 110 358 0 29 17 0 32 342 452 619 0 0 0 74 188 140 0 74 65 
301 125 83 0 86 0 85 89 111 352 0 29 17 0 32 339 447 676 0 0 0 76 139 140 0 74 65 
304 126 88 0 87 0 84 90 108 348 0 30 16 0 32 391 398 544 0 0 0 78 159 140 0 74 65 
299 129 87 0 88 0 83 95 106 349 0 29 17 0 31 340 442 683 0 0 0 77 187 140 0 74 65 
308 127 85 0 87 0 82 91 108 345 0 28 18 0 32 382 421 636 0 0 0 77 159 140 0 74 65 
304 127 87 0 87 0 80 87 109 348 0 30 16 0 33 379 435 624 0 0 0 80 195 140 0 74 65 
302 133 84 0 87 0 80 86 108 344 0 30 17 0 32 378 399 636 0 0 0 77 158 140 0 74 65 
300 130 88 0 87 0 78 91 107 351 0 32 16 0 32 371 423 684 0 0 0 77 158 140 0 74 65 
305 130 85 0 86 0 78 86 107 349 0 30 17 0 32 353 450 626 0 0 0 72 192 140 0 74 65 
308 131 88 0 87 0 79 89 108 348 0 32 17 0 32 327 471 589 0 0 0 74 155 140 0 74 65 
305 127 90 0 87 0 79 89 109 349 0 34 18 0 32 390 440 673 0 0 0 74 184 140 0 74 65 
302 128 86 0 87 0 80 89 109 342 0 33 19 0 32 348 445 688 0 0 0 82 193 140 0 74 65 
307 131 88 0 87 0 79 89 109 332 0 34 18 0 32 354 423 638 0 0 0 85 179 140 0 74 65 
301 132 87 0 88 0 80 90 107 338 0 29 18 0 33 387 434 657 0 0 0 88 206 140 0 74 65 
301 129 86 0 87 0 82 91 107 344 0 29 17 0 33 340 436 678 0 0 0 92 161 140 0 74 65 
299 129 85 0 86 0 82 85 108 348 0 30 17 0 32 371 436 666 0 0 0 90 148 140 0 74 65 
302 128 84 0 85 0 84 89 107 343 0 29 16 0 32 418 444 628 0 0 0 88 148 140 0 74 65 
307 132 86 0 85 0 83 87 108 341 0 31 16 0 33 388 472 657 0 0 0 84 188 140 0 74 65 
299 126 86 0 84 0 83 88 108 347 0 31 17 0 31 362 486 646 0 0 0 82 182 140 0 74 65 
297 128 89 0 85 0 85 89 109 348 0 30 16 0 31 358 432 732 0 0 0 80 232 140 0 74 65 
301 126 90 0 86 0 85 95 110 348 0 31 16 0 32 382 460 711 0 0 0 82 189 140 0 74 65 
299 128 88 0 86 0 86 92 108 342 0 30 16 0 31 396 414 675 0 0 0 86 168 140 0 74 65 
304 133 88 0 87 0 84 86 107 341 0 30 16 0 33 391 398 673 0 0 0 94 161 140 0 74 65 
298 139 86 0 87 0 87 92 107 341 0 30 18 0 32 386 440 640 0 0 0 88 156 140 0 74 65 
302 127 86 0 88 0 87 88 108 344 0 30 18 0 32 380 395 673 0 0 0 89 185 140 0 74 65 
301 129 87 0 89 0 89 88 109 349 0 30 17 0 32 367 430 731 0 0 0 83 171 140 0 74 65 
299 125 88 0 89 0 88 86 108 345 0 29 18 0 32 341 460 766 0 0 0 80 158 140 0 74 65 
302 135 87 0 90 0 87 87 108 341 0 29 17 0 32 371 483 617 0 0 0 80 187 140 0 74 65 
300 134 89 0 91 0 88 84 108 345 0 29 16 0 32 391 418 747 0 0 0 79 149 140 0 74 65 
305 133 89 0 92 0 86 86 108 353 0 30 17 0 33 375 383 721 0 0 0 80 173 140 0 74 65 
304 129 87 0 92 0 85 88 107 353 0 31 17 0 33 323 422 747 0 0 0 81 166 140 0 74 65 
301 128 87 0 91 0 84 91 107 348 0 32 18 0 32 336 450 781 0 0 0 85 157 140 0 74 65 
304 130 88 0 90 0 83 90 108 345 0 29 17 0 33 360 430 731 0 0 0 85 150 140 0 74 65 
305 128 91 0 90 11 84 93 110 347 0 30 18 0 32 367 471 747 0 0 0 83 180 140 0 74 65 
304 129 83 0 88 10 86 93 109 348 0 30 16 0 33 367 433 776 0 0 0 85 165 140 0 74 65 
308 134 85 0 87 0 85 89 106 349 0 30 15 0 33 358 438 629 0 0 0 82 173 140 0 74 65 
306 131 91 0 87 0 88 91 106 346 0 29 16 0 31 349 395 792 0 0 0 83 161 140 0 74 65 
305 123 84 0 86 11 86 90 107 350 0 28 16 0 32 359 452 780 0 0 0 89 166 140 0 74 65 
308 124 84 0 86 0 85 87 107 349 0 29 16 0 32 390 442 747 0 0 0 88 167 140 0 74 65 
306 131 85 0 86 0 86 86 110 348 0 32 16 0 31 349 447 678 0 0 0 88 140 140 0 74 65 
307 131 85 0 85 0 83 91 108 349 0 29 18 0 32 345 452 745 0 0 0 84 128 140 0 74 65 
306 130 86 0 85 0 83 89 108 344 0 27 16 0 32 367 445 605 0 0 0 85 190 140 0 74 65 
305 124 90 0 86 0 81 86 107 336 0 28 16 0 32 356 468 658 0 0 0 85 137 140 0 74 65 
302 127 88 0 84 0 82 90 107 342 0 29 16 0 32 385 420 710 0 0 0 87 182 140 0 74 65 
301 127 82 0 83 10 82 86 107 349 0 29 16 0 32 334 409 672 0 0 0 84 181 140 0 74 65 
302 129 85 0 83 12 83 85 106 350 0 28 15 0 33 398 465 646 0 0 0 80 191 140 0 74 65 
299 131 85 0 86 0 83 82 107 342 0 30 17 0 32 357 427 657 0 0 0 80 190 140 0 74 65 
303 130 85 0 82 0 84 88 108 344 0 29 16 0 32 407 432 644 0 0 0 80 183 140 0 74 65 
298 129 88 0 87 10 83 90 109 347 0 31 15 0 33 376 426 624 0 0 0 77 197 140 0 74 65 
298 133 84 0 87 12 81 88 109 349 0 29 16 0 32 387 459 607 0 0 0 77 191 140 0 74 65 
299 129 89 0 86 0 84 89 107 348 0 28 15 0 32 359 438 668 0 0 0 76 168 140 0 74 65 
301 127 86 0 77 0 83 91 108 339 0 28 15 0 33 349 394 686 0 0 0 78 181 140 0 74 65 
298 127 87 0 77 10 81 90 109 340 0 28 16 0 31 389 426 522 0 0 0 79 170 140 0 74 65 
301 132 86 0 85 0 81 86 108 339 0 28 17 0 31 387 428 665 0 0 0 80 109 140 0 74 65 
298 129 87 0 87 0 81 88 106 345 0 28 16 0 33 341 442 645 0 0 0 90 172 140 0 74 65 
302 132 86 0 88 0 80 82 106 349 0 26 16 0 34 343 489 590 0 0 0 89 201 140 0 74 65 
298 134 86 0 88 0 80 87 108 341 0 31 16 0 33 360 459 670 0 0 0 90 150 140 0 74 65 
299 131 85 0 87 0 82 90 109 338 0 28 16 0 33 363 440 590 0 0 0 88 122 140 0 74 65 
300 132 85 0 86 0 84 91 110 347 0 25 16 0 33 382 434 576 0 0 0 84 138 140 0 74 65 
303 129 85 0 85 0 82 89 108 354 0 28 16 0 32 350 462 545 0 0 0 85 158 140 0 74 65 
305 130 89 0 85 0 82 91 108 357 0 28 18 0 34 364 425 641 0 0 0 80 226 140 0 74 65 
300 129 86 0 85 0 85 89 109 343 0 26 16 0 36 389 428 689 0 0 0 77 193 140 0 74 65 
302 128 88 0 85 0 88 86 109 344 0 28 16 0 32 366 445 630 0 0 0 81 136 140 0 74 65 
306 129 87 0 86 0 86 88 107 345 0 28 15 0 31 385 491 658 0 0 0 84 177 140 0 74 65 
302 133 88 0 87 0 86 87 107 346 0 27 14 0 32 341 442 627 0 0 0 86 178 140 0 74 65 
304 138 88 0 87 0 87 85 108 344 0 28 15 0 31 392 466 661 0 0 0 84 155 140 0 74 65 
307 126 86 0 88 0 85 89 108 347 0 27 15 0 32 364 436 566 0 0 0 81 156 140 0 74 65 
306 126 88 0 87 0 83 92 109 351 0 29 17 0 31 379 455 673 0 0 0 76 157 140 0 74 65 
303 125 85 0 86 0 81 86 109 347 0 27 18 0 31 383 459 583 0 0 0 76 164 140 0 74 65 
307 133 89 0 83 0 79 89 110 345 0 28 17 0 31 385 441 745 0 0 0 75 173 140 0 74 65 
302 135 91 0 83 0 75 89 109 348 0 25 19 0 32 352 446 684 0 0 0 78 147 140 0 74 65 
302 133 83 0 80 0 75 91 108 340 0 29 17 0 31 376 417 643 0 0 0 77 166 140 0 74 65 
305 133 90 0 81 0 71 89 107 333 0 29 18 0 33 407 399 701 0 0 0 74 189 140 0 74 65 
301 128 85 0 82 0 73 89 108 342 0 27 17 0 33 336 430 630 0 0 0 76 188 140 0 74 65 
304 132 86 0 82 0 74 90 107 346 0 28 17 0 35 372 425 691 0 0 0 79 172 140 0 74 65 
301 127 88 0 85 0 76 86 109 346 0 29 17 0 34 350 456 677 0 0 0 80 159 140 0 74 65 
297 135 88 0 87 0 78 90 109 337 0 27 16 0 34 345 424 784 0 0 0 79 189 140 0 74 65 
300 131 88 0 87 0 77 94 108 343 0 29 15 0 33 394 442 691 0 0 0 80 171 140 0 74 65 
302 126 88 0 88 0 78 85 109 346 0 31 15 0 32 375 413 699 0 0 0 85 190 140 0 74 65 
301 123 88 0 89 0 80 88 108 346 0 31 17 0 31 384 425 644 0 0 0 86 198 140 0 74 65 
300 122 88 0 89 0 81 94 108 345 0 40 16 0 32 403 441 660 0 0 0 84 183 140 0 74 65 
298 131 87 0 90 0 81 97 108 343 0 38 16 0 32 350 406 763 0 0 0 86 122 140 0 74 65 
298 133 89 0 91 0 81 93 106 341 0 42 16 0 33 365 380 670 0 0 0 79 214 140 0 74 65 
300 130 86 0 90 0 81 88 108 341 0 49 16 0 33 372 436 660 0 0 0 79 187 140 0 74 65 
300 130 86 0 89 0 82 87 110 347 0 47 16 0 32 365 423 530 0 0 0 79 148 140 0 74 65 
300 127 88 0 88 0 78 87 109 352 0 46 16 0 32 382 456 648 0 0 0 80 183 140 0 74 55 
299 125 84 0 86 0 79 87 107 343 0 45 15 0 32 374 424 651 0 0 0 83 161 140 0 74 55 
304 124 85 0 85 0 79 86 106 343 0 43 16 0 33 415 416 668 0 0 0 82 151 140 0 74 55 
302 133 87 0 85 0 80 89 108 351 0 38 15 0 31 377 434 696 0 0 0 81 185 140 0 74 55 
307 128 87 0 83 0 78 83 109 356 0 34 17 0 31 382 444 632 0 0 0 83 183 140 0 74 55 
305 131 87 0 84 0 77 84 108 353 0 34 16 0 32 386 404 675 0 0 0 77 177 140 0 74 55 
301 132 85 0 85 0 79 91 108 343 0 32 18 0 33 346 434 540 0 0 0 77 152 140 0 74 55 
303 131 88 0 86 0 79 86 106 346 0 32 17 0 32 386 441 602 0 0 0 78 200 140 0 74 55 
304 131 86 0 86 0 80 89 107 348 0 32 17 0 33 349 460 642 0 0 0 79 149 140 0 74 55 
305 129 85 0 87 0 81 87 108 347 0 31 18 0 33 389 455 655 0 0 0 80 135 140 0 74 55 
301 128 89 0 88 0 82 85 108 344 0 32 19 0 33 400 454 585 0 0 0 84 154 140 0 74 55 
302 132 87 0 88 0 83 86 107 347 0 33 18 0 32 433 444 679 0 0 0 89 172 140 0 74 55 
303 132 87 0 88 0 82 86 109 348 0 32 18 0 33 401 434 643 0 0 0 95 182 140 0 74 55 
304 129 85 0 88 0 85 91 110 347 0 32 17 0 32 366 419 606 0 0 0 95 188 140 0 74 55 
303 126 86 0 86 0 92 85 108 347 0 33 16 0 32 375 469 641 0 0 0 87 155 140 0 74 55 
308 130 87 0 88 0 98 90 107 349 0 31 16 0 33 408 465 683 0 0 0 81 169 140 0 74 55 
300 131 86 0 88 0 103 89 107 336 0 31 16 0 32 363 432 645 0 0 0 78 185 140 0 74 55 
302 132 88 0 86 0 106 88 107 337 0 29 17 0 32 413 409 515 0 0 0 80 179 140 0 74 55 
300 131 85 0 86 0 106 93 108 348 0 28 16 0 32 380 441 641 0 0 0 79 180 140 0 74 55 
299 134 86 0 84 0 99 85 109 355 0 30 17 0 33 348 426 607 0 0 0 82 137 140 0 74 55 
299 130 85 0 84 0 96 90 108 349 0 30 17 0 32 391 451 657 0 0 0 83 176 140 0 74 55 
297 131 86 0 85 0 94 83 108 343 0 34 17 0 32 346 463 725 0 0 0 80 187 140 0 74 55 
304 134 85 0 86 0 90 90 108 345 0 36 17 0 33 384 404 605 0 0 0 72 179 140 0 74 55 
301 126 85 0 87 0 86 89 110 352 0 43 18 0 32 372 413 670 0 0 0 73 174 140 0 74 55 
302 131 88 0 87 0 83 90 108 350 0 44 18 0 32 375 431 573 0 0 0 76 149 140 0 74 55 
297 128 86 0 87 0 81 95 106 348 0 40 17 0 32 397 430 666 0 0 0 75 164 140 0 74 55 
303 133 90 0 86 0 77 87 105 342 0 41 16 0 31 365 472 640 0 0 0 76 180 140 0 74 55 
300 138 86 0 87 0 72 90 106 341 0 39 15 0 32 363 432 787 0 0 0 77 165 140 0 74 55 
302 131 87 0 87 0 70 88 108 342 0 34 15 0 32 421 416 693 0 0 0 79 181 140 0 74 55 
301 130 85 0 87 0 69 90 108 346 0 31 15 0 33 419 435 700 0 0 0 84 176 140 0 74 55 
302 128 87 0 88 0 64 87 108 347 0 31 16 0 33 352 430 688 0 0 0 92 194 140 0 74 55 
300 129 85 0 88 0 65 84 108 339 0 31 16 0 34 407 387 662 0 0 0 93 160 140 0 74 55 
300 129 84 0 88 0 66 87 109 341 0 31 17 0 34 365 461 666 0 0 0 92 192 140 0 74 55 
302 129 89 0 88 0 69 85 108 348 0 31 16 0 34 388 448 680 0 0 0 93 187 140 0 74 55 
304 131 88 0 86 0 70 86 107 355 0 30 16 0 35 368 430 751 0 0 0 92 172 140 0 74 55 
304 127 87 0 87 0 71 90 107 351 0 28 16 0 40 370 441 682 0 0 0 86 165 140 0 74 55 
303 124 90 0 85 0 75 90 108 343 0 30 15 0 40 403 452 702 0 0 0 88 162 140 0 74 55 
304 122 88 0 84 0 76 90 108 343 0 29 16 0 34 361 441 753 0 0 0 86 198 140 0 74 55 
305 130 83 0 84 0 79 91 108 349 0 30 16 0 32 356 435 692 0 0 0 84 186 140 0 74 55 
303 131 87 0 84 0 79 92 108 345 0 29 18 0 32 432 438 741 0 0 0 84 176 140 0 74 55 
305 129 83 0 84 0 80 90 109 345 0 31 17 0 32 380 454 661 0 0 0 86 178 140 0 74 55 
302 126 88 0 85 0 78 85 110 344 0 30 16 0 33 370 423 765 0 0 0 85 151 140 0 74 55 
305 129 89 0 85 0 80 90 109 349 0 30 16 0 32 383 459 686 0 0 0 84 160 140 0 74 55 
302 128 85 0 86 0 81 86 107 347 0 31 15 0 32 404 406 702 0 0 0 82 153 140 0 74 55 
303 129 89 0 85 0 83 86 106 348 0 34 15 0 31 385 444 728 0 0 0 80 175 140 0 74 55 
301 128 89 0 86 0 84 88 107 348 0 33 16 0 31 354 440 700 0 0 0 78 153 140 0 74 55 
302 132 88 0 85 0 87 93 108 336 0 31 16 0 31 401 406 651 0 0 0 77 169 140 0 74 55 
302 131 87 0 86 0 91 88 108 336 0 29 15 0 31 395 433 665 0 0 0 75 131 140 0 74 55 
302 135 84 0 89 0 95 87 107 346 0 27 15 0 32 348 414 682 0 0 0 73 158 140 0 74 55 
299 131 86 0 90 0 99 87 107 352 0 26 13 0 30 394 419 596 0 0 0 72 128 140 0 74 55 
303 128 87 0 90 0 100 82 108 346 0 27 15 0 32 383 470 633 0 0 0 72 200 140 0 74 55 
300 127 87 0 90 0 101 88 109 342 0 27 14 0 33 360 475 687 0 0 0 77 180 140 0 74 55 
301 130 86 0 90 0 97 88 107 343 0 29 15 0 31 363 462 639 0 0 0 83 167 140 0 74 55 
302 133 84 0 90 0 97 93 105 349 0 28 15 0 33 362 442 675 0 0 0 86 187 140 0 74 55 
300 127 88 0 88 0 96 87 107 347 0 28 16 0 34 360 455 646 0 0 0 87 166 140 0 74 55 
299 136 88 0 87 0 93 89 109 344 0 28 14 0 32 370 400 627 0 0 0 83 207 140 0 74 55 
300 137 89 0 87 0 86 94 110 340 0 30 16 0 32 410 439 641 0 0 0 83 164 140 0 74 55 
302 134 87 0 87 0 82 86 107 338 0 28 15 0 32 328 425 611 0 0 0 81 173 140 0 74 55 
304 133 87 0 86 0 80 88 107 341 0 29 15 0 31 372 459 617 0 0 0 82 169 140 0 74 55 
303 133 81 0 86 0 76 84 106 345 0 29 15 0 31 391 432 627 0 0 0 84 163 140 0 74 55 
302 125 82 0 86 0 72 84 108 348 0 29 16 0 33 406 483 607 0 0 0 88 189 140 0 74 55 
302 130 83 0 86 0 71 87 109 341 0 33 18 0 32 418 452 632 0 0 0 95 141 140 0 74 55 
301 129 80 0 86 0 70 92 108 341 0 30 16 0 32 369 460 628 0 0 0 92 178 140 0 74 55 
306 128 80 0 86 0 70 92 107 352 0 33 16 0 32 418 349 629 0 0 0 88 182 140 0 74 55 
306 130 76 0 86 0 69 87 107 355 0 36 15 0 33 410 384 581 0 0 0 82 130 140 0 74 55 
301 138 77 0 87 0 71 88 106 354 0 36 15 0 32 373 423 616 0 0 0 83 157 140 0 74 55 
300 120 74 0 87 0 74 88 107 347 0 31 15 0 32 390 451 530 0 0 0 79 160 140 0 74 55 
303 127 73 0 88 0 72 87 107 345 0 29 15 0 32 384 441 517 0 0 0 78 161 140 0 74 55 
305 126 73 0 88 0 76 88 108 349 0 29 15 0 32 399 440 621 0 0 0 78 197 140 0 74 55 
302 131 75 0 87 0 80 85 111 346 0 29 16 0 32 403 447 656 0 0 0 76 189 140 0 73 55 
306 140 73 0 86 0 84 88 110 345 0 30 15 0 32 373 404 654 0 0 0 73 167 140 0 72 55 
304 135 71 0 85 0 85 88 107 346 0 30 15 0 32 373 436 652 0 0 0 77 170 140 0 69 55 
300 130 70 0 84 0 90 91 107 350 0 31 15 0 32 395 486 638 0 0 0 77 192 140 0 68 55 
304 126 76 0 84 0 97 86 107 344 0 31 14 0 33 400 435 611 0 0 0 80 139 140 0 68 55 
304 126 72 0 84 0 101 85 108 345 0 34 15 0 33 373 458 610 0 0 0 83 212 140 0 69 55 
308 131 71 0 83 0 100 93 109 344 0 29 15 0 32 372 418 656 0 0 0 79 183 140 0 70 55 
305 129 66 0 81 0 102 91 108 336 0 31 15 0 32 367 420 641 0 0 0 81 170 140 0 72 55 
303 132 70 0 81 0 103 89 108 335 0 31 17 0 32 396 441 748 0 0 0 78 173 140 0 73 55 
304 129 69 0 79 0 96 87 109 348 0 31 15 0 32 369 431 728 0 0 0 80 144 140 0 73 55 
304 126 69 0 77 0 95 92 111 349 0 33 15 0 32 379 449 658 0 0 0 82 161 140 0 73 55 
302 126 71 0 75 0 93 89 108 345 0 33 15 0 33 411 432 591 0 0 0 84 145 140 0 74 55 
302 129 70 0 73 0 88 87 106 343 0 36 15 0 32 386 462 561 0 0 0 85 181 140 0 74 55 
304 131 75 0 72 0 80 87 107 344 0 37 15 0 32 340 448 676 0 0 0 82 174 140 0 74 55 
300 129 74 0 72 0 76 92 106 352 0 37 15 0 32 406 451 667 0 0 0 80 144 140 0 74 55 
302 127 76 0 73 0 72 97 107 345 0 37 14 0 33 334 440 720 0 0 0 84 171 140 0 74 55 
301 127 75 0 72 0 68 93 106 345 0 40 14 0 32 391 453 681 0 0 0 78 197 140 0 74 55 
302 127 75 0 72 0 68 92 108 339 0 43 14 0 33 392 462 655 0 0 0 80 156 140 0 74 55 
299 129 79 0 73 0 70 89 110 340 0 41 15 0 32 355 427 662 0 0 0 84 172 140 0 74 55 
303 126 80 0 72 0 70 88 108 341 0 42 14 0 32 388 454 697 0 0 0 81 155 140 0 74 55 
299 135 79 0 72 0 72 86 107 348 0 46 15 0 33 400 414 720 0 0 0 76 179 140 0 74 55 
296 131 82 0 70 0 76 80 106 348 0 46 15 0 32 390 436 651 0 0 0 75 170 140 0 74 55 
300 137 85 0 68 0 75 90 108 340 0 43 15 0 32 309 406 669 0 0 0 80 182 140 0 74 55 
301 130 83 0 66 0 78 86 109 341 0 42 14 0 33 338 425 630 0 0 0 81 161 140 0 74 55 
304 133 82 0 64 0 77 85 109 355 0 38 15 0 31 372 450 678 0 0 0 84 193 140 0 74 55 
306 136 82 0 64 0 78 91 108 353 0 34 15 0 32 398 407 725 0 0 0 83 169 140 0 74 55 
304 126 81 0 64 0 80 92 107 348 0 31 15 0 32 379 388 669 0 0 0 83 145 140 0 74 55 
297 128 84 0 64 0 80 92 109 341 0 27 14 0 33 336 430 671 0 0 0 81 227 140 0 74 55 
306 131 85 0 63 0 83 91 110 345 0 26 16 0 33 351 427 637 0 0 0 81 183 140 0 74 55 
305 130 84 0 65 0 85 89 110 345 0 27 16 0 33 376 451 636 0 0 0 77 174 140 0 74 55 
304 129 84 0 67 0 87 90 108 345 0 24 15 0 34 395 426 616 0 0 0 78 218 140 0 74 55 
306 133 86 0 67 0 89 88 106 346 0 29 15 0 34 351 390 611 0 0 0 81 182 140 0 74 55 
302 131 83 0 67 0 91 90 107 349 0 28 15 0 33 366 494 642 0 0 0 84 180 140 0 74 55 
302 133 85 0 67 0 89 88 109 351 0 28 15 0 34 359 411 662 0 0 0 83 155 140 0 74 55 
301 132 85 0 68 0 90 90 108 350 0 27 16 0 33 350 463 597 0 0 0 87 171 140 0 74 55 
303 127 82 0 68 0 88 87 107 351 0 28 16 0 33 385 432 609 0 0 0 84 174 140 0 74 55 
304 128 82 0 69 0 84 87 109 349 0 28 15 0 32 383 470 601 0 0 0 81 158 140 0 74 55 
305 129 88 0 69 0 84 92 110 335 0 28 14 0 31 367 441 635 0 0 0 82 157 140 0 74 55 
305 132 87 0 70 0 81 88 110 340 0 25 14 0 32 413 489 599 0 0 0 80 175 140 0 74 55 
300 136 83 0 71 0 76 91 107 350 0 29 14 0 31 376 433 644 0 0 0 81 153 140 0 74 55 
305 131 88 0 71 0 74 85 107 351 0 27 14 0 32 362 439 630 0 0 0 78 204 140 0 74 55 
297 124 87 0 68 0 74 81 108 347 0 27 15 0 31 412 459 617 0 0 0 81 168 140 0 74 55 
302 132 84 0 69 0 71 89 109 341 0 27 14 0 33 380 379 605 0 0 0 82 125 140 0 74 55 
302 126 86 0 67 0 72 88 108 347 0 27 16 0 32 366 377 671 0 0 0 80 186 140 0 74 55 
301 136 86 0 66 0 73 88 108 350 0 28 15 0 33 365 460 638 0 0 0 85 158 140 0 74 55 
297 135 84 0 65 0 75 92 107 347 0 28 14 0 33 371 435 675 0 0 0 90 177 140 0 74 55 
301 129 86 0 64 0 77 95 108 344 0 28 15 0 34 375 384 575 0 0 0 87 195 140 0 74 55 
303 129 88 0 63 0 75 87 107 338 0 29 15 0 34 328 382 618 0 0 0 84 132 140 0 74 55 
305 125 88 0 63 0 76 91 107 338 0 30 15 0 33 380 455 552 0 0 0 82 182 140 0 74 55 
303 129 86 0 64 0 80 91 108 345 0 32 16 0 33 390 416 668 0 0 0 83 186 140 0 74 55 
305 126 88 0 63 0 77 86 108 349 0 30 16 0 31 368 418 613 0 0 0 81 175 140 0 74 55 
299 135 87 0 63 0 77 83 107 348 0 29 15 0 33 338 417 678 0 0 0 81 173 140 0 74 55 
298 129 86 0 64 0 78 85 106 340 0 32 14 0 31 372 484 653 0 0 0 82 178 140 0 74 55 
301 128 84 0 64 0 79 89 106 345 0 29 14 0 31 366 430 639 0 0 0 84 137 140 0 74 55 
302 127 87 0 65 0 80 88 108 356 0 31 15 0 32 319 400 644 0 0 0 86 193 140 0 74 55 
305 123 83 0 65 0 84 93 109 353 0 31 16 0 32 397 457 592 0 0 0 85 184 140 0 74 55 
295 130 84 0 65 0 93 91 110 348 0 29 15 0 33 378 432 664 0 0 0 85 168 140 0 74 55 
298 132 89 0 65 0 98 89 110 342 0 29 14 0 34 362 450 641 0 0 0 81 176 140 0 74 55 
300 129 84 0 66 0 101 90 108 347 0 30 14 0 33 348 425 798 0 0 0 80 148 140 0 74 55 
301 126 87 0 67 0 104 90 106 347 0 28 16 0 32 343 480 657 0 0 0 78 155 140 0 74 55 
303 135 84 0 66 0 102 88 107 348 0 29 13 0 32 396 438 643 0 0 0 76 164 140 0 74 55 
304 128 83 0 67 0 99 91 109 347 0 30 15 0 33 396 417 602 0 0 0 74 170 140 0 74 55 
303 124 85 0 67 0 96 91 108 351 0 28 14 0 32 380 453 631 0 0 0 75 178 140 0 74 55 
301 124 85 0 67 0 93 90 107 349 0 30 15 0 31 401 461 675 0 0 0 75 161 140 0 74 55 
305 135 86 0 66 0 95 87 109 345 0 30 15 0 33 346 395 676 0 0 0 75 124 140 0 74 55 
306 132 84 0 65 0 92 86 111 344 0 29 15 0 33 399 448 701 0 0 0 77 231 140 0 74 55 
306 127 88 0 65 0 90 91 109 342 0 28 13 0 32 338 423 690 0 0 0 78 163 140 0 74 55 
308 132 88 0 64 0 87 85 109 334 0 30 14 0 33 378 441 646 0 0 0 80 170 140 0 74 55 
301 135 87 0 62 0 83 87 108 340 0 30 15 0 31 402 455 675 0 0 0 86 195 140 0 74 55 
303 128 86 0 63 0 78 86 108 344 0 32 15 0 33 370 402 652 0 0 0 85 168 140 0 74 55 
303 124 86 0 63 0 73 85 108 324 0 29 15 0 33 375 476 717 0 0 0 86 183 140 0 74 55 
301 128 85 0 61 0 70 83 106 314 0 30 15 0 32 377 463 663 0 0 0 86 207 140 0 74 55 
305 130 86 0 62 0 66 90 106 303 0 29 15 0 32 391 397 682 0 0 0 84 191 140 0 74 55 
305 131 87 0 63 0 63 92 109 304 0 29 14 0 33 360 460 603 0 0 0 82 159 140 0 74 55 
301 130 87 0 65 0 65 88 109 305 0 29 15 0 32 343 458 657 0 0 0 84 146 140 0 74 55 
300 130 86 0 65 0 71 89 108 300 0 27 14 0 32 361 447 699 0 0 0 80 154 140 0 74 55 
301 133 87 0 66 0 74 89 107 296 0 30 15 0 33 352 428 682 0 0 0 81 184 140 0 74 55 
302 132 90 0 66 0 79 94 107 295 0 29 16 0 33 359 454 680 0 0 0 82 168 140 0 74 55 
301 129 85 0 65 0 85 87 109 291 0 28 15 0 32 345 412 610 0 0 0 83 166 140 0 74 55 
300 133 87 0 65 0 86 89 108 289 0 28 15 0 33 344 424 715 0 0 0 84 178 140 0 74 55 
299 129 89 0 65 0 86 90 109 292 0 29 15 0 34 388 461 602 0 0 0 82 152 140 0 74 55 
299 129 87 0 64 0 86 82 108 294 0 29 15 0 32 341 421 621 0 0 0 80 144 140 0 74 55 
299 134 87 0 64 0 85 91 109 295 0 29 14 0 33 355 440 685 0 0 0 78 175 140 0 74 55 
299 139 90 0 64 0 87 90 111 292 0 29 14 0 33 343 423 619 0 0 0 74 195 140 0 74 55 
301 132 86 0 65 0 88 94 112 284 0 30 14 0 32 423 450 674 0 0 0 72 169 140 0 74 55 
305 124 85 0 66 0 86 89 111 291 0 28 16 0 32 338 420 628 0 0 0 73 183 140 0 74 55 
298 124 87 0 66 0 87 97 110 295 0 28 15 0 33 373 401 617 0 0 0 70 136 140 0 74 55 
301 129 87 0 66 0 85 90 109 294 0 29 14 0 33 345 414 648 0 0 0 74 168 140 0 74 55 
305 136 86 0 66 0 83 87 110 292 0 27 14 0 32 389 433 623 0 0 0 75 163 140 0 74 55 
305 138 89 0 67 0 83 88 111 288 0 29 14 0 32 370 390 627 0 0 0 81 201 140 0 74 55 
307 136 89 0 66 0 83 88 109 284 0 29 14 0 34 338 434 674 0 0 0 84 161 140 0 74 55 
307 128 88 0 66 0 78 89 109 290 0 27 15 0 32 404 460 531 0 0 0 86 168 140 0 74 55 
302 125 93 0 65 0 80 88 109 289 0 29 15 0 33 363 446 568 0 0 0 84 177 140 0 74 55 
307 129 89 0 64 0 80 90 111 286 0 29 15 0 32 370 438 639 0 0 0 83 183 140 0 74 55 
309 132 87 0 64 0 78 95 108 287 0 31 14 0 33 386 422 645 0 0 0 86 178 140 0 74 55 
310 132 88 0 64 0 78 91 109 287 0 32 14 0 34 411 418 663 0 0 0 87 174 140 0 74 55 
311 133 90 0 63 0 79 91 111 288 0 29 15 0 33 355 432 627 0 0 0 85 171 140 0 74 55 
305 128 90 0 64 0 80 90 111 288 0 32 13 0 34 349 445 591 0 0 0 84 187 140 0 74 55 
311 128 93 0 65 0 80 86 111 289 0 32 14 0 33 357 413 524 0 0 0 82 137 140 0 74 55 
308 124 90 0 65 0 79 91 111 287 0 31 14 0 33 392 445 642 0 0 0 81 180 140 0 74 55 
309 132 91 0 65 0 77 92 111 288 0 29 15 0 33 363 408 662 0 0 0 78 210 140 0 74 55 
307 134 89 0 66 0 78 94 111 282 0 28 15 0 34 394 425 659 0 0 0 75 160 140 0 74 55 
309 132 90 0 66 0 76 86 110 277 0 30 13 0 31 344 430 657 0 0 0 74 164 140 0 74 55 
308 131 87 0 65 0 77 91 109 285 0 27 14 0 34 382 437 687 0 0 0 74 203 140 0 74 55 
307 129 89 0 66 0 79 94 111 292 0 25 15 0 33 391 347 595 0 0 0 74 143 140 0 74 55 
303 130 90 0 66 0 84 93 112 291 0 27 15 0 32 376 427 602 0 0 0 71 129 140 0 74 55 
310 131 89 0 67 0 85 96 112 287 0 25 16 0 33 340 418 691 0 0 0 70 156 140 0 74 55 
305 131 89 0 68 0 84 89 110 285 0 25 14 0 34 366 431 620 0 0 0 71 184 140 0 74 55 
304 131 87 0 69 0 84 93 109 285 0 25 16 0 34 392 430 728 0 0 0 73 126 140 0 74 55 
309 130 85 0 69 0 85 86 109 287 0 26 14 0 34 340 429 776 0 0 0 75 174 140 0 74 55 
306 136 90 0 70 0 83 88 111 290 0 27 15 0 33 386 455 652 0 0 0 77 172 140 0 74 55 
310 133 89 0 70 0 84 86 112 287 0 27 15 0 33 366 452 621 0 0 0 80 149 140 0 74 55 
306 130 93 0 71 0 83 88 111 286 0 27 14 0 33 360 451 621 0 0 0 85 171 140 0 74 55 
308 133 89 0 70 0 83 88 111 284 0 27 16 0 33 369 472 692 0 0 0 81 158 140 0 74 55 
307 137 89 0 70 0 85 85 110 283 0 29 16 0 32 353 427 690 0 0 0 84 171 140 0 74 55 
308 134 89 0 69 0 83 92 110 279 0 32 15 0 32 381 403 729 0 0 0 82 169 140 0 74 55 
306 133 89 0 68 0 84 91 111 285 0 31 15 0 32 389 430 700 0 0 0 81 154 140 0 74 55 
312 133 91 0 67 0 84 91 110 287 0 30 15 0 32 349 430 663 0 0 0 81 173 140 0 74 55 
313 131 89 0 67 0 85 89 110 288 0 30 15 0 33 388 453 717 0 0 0 80 167 140 0 74 55 
313 133 89 0 67 0 86 90 110 286 0 29 15 0 33 360 450 681 0 0 0 85 190 140 0 74 55 
316 129 89 0 67 0 85 89 112 280 0 29 15 0 34 374 419 717 0 0 0 81 185 140 0 74 55 
312 133 89 0 66 0 83 88 111 285 0 30 16 0 33 333 420 643 0 0 0 82 153 140 0 74 55 
313 132 92 0 66 0 81 93 111 296 0 30 15 0 32 406 398 661 0 0 0 83 145 140 0 74 55 
313 137 87 0 65 0 80 90 111 292 0 31 16 0 32 351 409 655 0 0 0 83 202 140 0 74 55 
310 131 90 0 65 0 80 93 111 290 0 31 14 0 33 409 491 682 0 0 0 80 182 140 0 74 55 
310 136 90 0 65 0 76 94 110 287 0 30 14 0 33 355 469 693 0 0 0 80 182 140 0 74 55 
310 143 89 0 65 0 78 91 107 285 0 29 15 0 33 354 456 633 0 0 0 74 162 140 0 74 55 
310 132 91 0 65 0 79 90 109 287 0 30 14 0 34 371 431 726 0 0 0 71 188 140 0 74 55 
307 125 87 0 64 0 81 89 111 290 0 28 14 0 34 386 468 627 0 0 0 70 197 140 0 74 55 
311 131 86 0 65 0 82 89 111 289 0 27 16 0 34 347 480 693 0 0 0 75 173 140 0 74 55 
305 132 87 0 65 0 84 89 112 284 0 28 17 0 33 384 472 589 0 0 0 76 152 140 0 74 55 
306 142 87 0 65 0 87 88 110 290 0 27 15 0 33 382 400 651 0 0 0 79 148 140 0 74 55 
309 135 90 0 66 0 87 94 109 291 0 27 14 0 33 372 449 669 0 0 0 83 149 140 0 74 55 
301 133 90 0 66 0 90 91 110 287 0 27 13 0 32 355 414 673 0 0 0 81 140 140 0 74 55 
306 131 90 0 66 0 90 97 110 284 0 27 14 0 32 354 452 687 0 0 0 80 155 140 0 74 55 
311 127 89 0 67 0 92 92 109 279 0 25 13 0 33 336 443 654 0 0 0 76 153 140 0 74 55 
306 135 85 0 67 0 89 93 108 287 0 27 14 0 32 410 430 632 0 0 0 74 206 140 0 74 55 
311 134 90 0 67 0 89 89 110 269 0 25 15 0 34 382 437 653 0 0 0 72 222 140 0 74 55 
307 131 84 0 66 0 88 89 110 274 0 27 15 0 33 357 423 669 0 0 0 74 180 140 0 74 55 
308 134 86 0 65 0 87 93 110 282 0 28 14 0 34 360 462 682 0 0 0 73 197 140 0 74 55 
309 128 87 0 65 0 84 82 112 289 0 27 13 0 34 356 479 610 0 0 0 73 190 140 0 74 55 
307 129 91 0 65 0 85 88 112 293 0 27 14 0 33 334 401 567 0 0 0 73 158 140 0 74 55 
306 128 88 0 65 0 85 89 110 290 0 28 14 0 33 387 402 621 0 0 0 70 159 140 0 74 55 
311 133 89 0 65 0 84 92 110 287 0 27 15 0 33 370 464 619 0 0 0 72 181 140 0 74 55 
313 131 87 0 65 0 85 90 109 291 0 27 15 0 33 378 458 714 0 0 0 80 160 140 0 74 55 
302 132 86 0 65 0 84 91 111 291 0 26 16 0 33 330 406 682 0 0 0 85 131 140 0 74 55 
313 129 89 0 67 0 86 92 111 296 0 26 15 0 33 341 451 613 0 0 0 85 128 140 0 74 55 
314 132 89 0 67 0 86 88 112 289 0 29 15 0 33 373 405 595 0 0 0 79 183 140 0 74 55 
309 131 88 0 66 0 85 91 111 285 0 25 15 0 32 372 435 574 0 0 0 76 201 140 0 74 55 
312 130 89 0 65 0 87 89 110 286 0 28 15 0 34 355 422 672 0 0 0 78 176 140 0 74 55 
311 133 90 0 64 0 88 89 111 283 0 25 15 0 36 391 480 646 0 0 0 77 152 140 0 74 55 
312 132 88 0 64 0 89 91 111 283 0 27 15 0 37 394 466 753 0 0 0 74 146 140 0 74 55 
309 136 87 0 64 0 88 90 110 287 0 27 15 0 37 355 418 676 0 0 0 73 191 140 0 74 55 
309 134 86 0 64 0 91 86 108 286 0 27 14 0 36 360 410 709 0 0 0 74 172 140 0 74 55 
312 137 89 0 64 0 91 91 110 287 0 24 15 0 35 397 450 705 0 0 0 76 162 140 0 74 55 
306 133 87 0 65 0 90 91 112 284 0 27 14 0 37 371 455 642 0 0 0 81 154 140 0 74 55 
312 131 87 0 66 0 89 89 111 282 0 25 15 0 38 377 425 741 0 0 0 87 160 140 0 74 55 
308 129 89 0 67 0 88 86 110 289 0 26 15 0 40 330 449 653 0 0 0 91 171 140 0 74 55 
306 133 88 0 67 0 84 88 108 294 0 26 15 0 36 393 477 770 0 0 0 90 201 140 0 74 55 
310 132 89 0 68 0 81 89 110 292 0 25 14 0 32 353 472 694 0 0 0 88 187 140 0 74 55 
304 131 87 0 68 0 82 91 112 291 0 28 15 0 31 374 449 701 0 0 0 76 163 140 0 74 55 
313 132 85 0 67 0 80 91 110 289 0 27 15 0 30 351 444 700 0 0 0 74 167 140 0 74 55 
305 134 90 0 67 0 76 91 110 286 0 30 15 0 31 370 429 695 0 0 0 74 153 140 0 74 55 
304 134 86 0 66 0 75 88 109 286 0 30 15 0 30 347 424 722 0 0 0 76 132 140 0 74 55 
308 133 89 0 65 0 75 95 109 289 0 32 14 0 31 373 453 676 0 0 0 80 193 140 0 74 55 
306 131 89 0 63 0 72 93 110 288 0 31 14 0 32 340 451 777 0 0 0 85 186 140 0 74 55 
305 131 87 0 62 0 72 90 111 288 0 34 15 0 32 388 427 720 0 0 0 89 169 140 0 74 55 
306 132 89 0 62 0 75 90 110 294 0 33 15 0 32 363 404 679 0 0 0 86 196 140 0 74 55 
309 135 89 0 63 0 79 88 110 291 0 33 14 0 34 384 412 717 0 0 0 83 157 140 0 74 55 
306 139 86 0 61 0 82 89 111 289 0 34 15 0 34 339 459 739 0 0 0 79 183 140 0 74 55 
306 130 87 0 64 0 83 89 110 289 0 31 16 0 34 385 445 757 0 0 0 75 203 140 0 74 55 
308 126 87 0 64 0 85 97 109 286 0 34 15 0 34 351 470 649 0 0 0 75 180 140 0 74 55 
306 137 90 0 65 0 87 92 108 287 0 30 16 0 34 324 493 742 0 0 0 76 152 140 0 74 55 
312 132 86 0 66 0 86 91 110 281 0 29 15 0 32 369 413 620 0 0 0 72 164 140 0 74 55 
312 138 88 0 67 0 87 93 111 276 0 30 15 0 32 358 437 661 0 0 0 74 131 140 0 75 55 
308 137 87 0 67 0 84 90 111 284 0 28 15 0 33 362 408 701 0 0 0 75 156 140 0 74 55 
313 136 88 0 67 0 86 89 110 292 0 29 15 0 30 357 439 733 0 0 0 79 221 140 0 74 55 
312 127 86 0 67 0 85 88 111 292 0 35 15 0 32 348 475 670 0 0 0 77 168 140 0 74 55 
306 133 87 0 68 0 83 92 112 283 0 31 15 0 32 368 461 623 0 0 0 80 147 140 0 74 55 
314 134 87 0 69 0 84 89 112 285 0 37 15 0 33 332 473 703 0 0 0 84 168 140 0 74 55 
307 138 87 0 70 0 83 93 110 285 0 38 15 0 32 411 443 573 0 0 0 80 212 140 0 74 55 
307 132 87 0 70 0 83 93 108 288 0 42 14 0 33 324 408 600 0 0 0 85 185 140 0 74 55 
309 131 87 0 70 0 83 90 108 294 0 42 15 0 33 364 445 671 0 0 0 85 173 140 0 74 55 
310 127 85 0 68 0 85 91 110 286 0 40 15 0 33 316 452 726 0 0 0 87 150 140 0 74 55 
308 125 88 0 68 0 85 93 111 287 0 39 15 0 32 365 456 550 0 0 0 86 170 140 0 74 55 
308 133 87 0 67 0 86 87 110 286 0 39 15 0 33 328 425 672 0 0 0 85 209 140 0 74 55 
312 135 86 0 65 0 90 87 110 281 0 40 16 0 32 400 412 612 0 0 0 83 144 140 0 74 55 
307 133 89 0 65 0 91 91 110 283 0 41 16 0 33 390 437 618 0 0 0 77 153 140 0 74 55 
307 129 86 0 64 0 90 94 110 288 0 36 15 0 35 405 435 653 0 0 0 73 143 140 0 75 55 
307 129 84 0 65 0 91 86 109 289 0 35 15 0 32 370 433 661 0 0 0 76 220 140 0 75 55 
305 134 87 0 64 0 91 91 110 286 0 31 14 0 34 349 441 588 0 0 0 73 149 140 0 75 55 
308 127 86 0 65 0 89 95 110 284 0 31 14 0 34 353 418 584 0 0 0 75 180 140 0 74 55 
307 126 88 0 65 0 88 90 110 282 0 32 14 0 33 395 406 636 0 0 0 72 154 140 0 74 55 
304 129 84 0 65 0 88 94 110 287 0 32 14 0 32 361 422 618 0 0 0 70 179 140 0 74 55 
307 131 84 0 65 0 85 93 110 295 0 34 14 0 34 382 442 645 0 0 0 71 155 140 0 74 55 
306 137 88 0 65 0 83 94 112 292 0 35 14 0 32 396 415 695 0 0 0 70 164 140 0 74 55 
306 135 86 0 66 0 83 87 112 287 0 33 14 0 32 362 435 668 0 0 0 73 163 140 0 74 55 
309 137 87 0 67 0 81 90 112 288 0 34 14 0 33 320 453 640 0 0 0 69 140 140 0 74 55 
306 134 88 0 67 0 81 86 109 284 0 34 15 0 33 410 471 627 0 0 0 72 141 140 0 74 55 
309 129 88 0 68 0 80 86 108 284 0 36 14 0 33 409 449 595 0 0 0 77 176 140 0 74 55 
305 129 87 0 67 0 80 86 110 288 0 34 15 0 34 293 424 627 0 0 0 81 145 140 0 74 55 
305 136 89 0 67 0 81 87 111 284 0 31 15 0 33 369 463 724 0 0 0 83 150 140 0 74 55 
309 131 85 0 67 0 80 91 111 283 0 30 16 0 33 378 430 659 0 0 0 84 171 140 0 74 55 
311 129 87 0 67 0 79 95 110 288 0 28 15 0 34 339 442 704 0 0 0 83 169 140 0 74 55 
311 132 87 0 65 0 79 94 110 290 0 26 15 0 33 372 440 621 0 0 0 81 164 140 0 74 55 
310 133 88 0 66 0 80 87 110 289 0 28 15 0 32 339 411 634 0 0 0 80 181 140 0 74 55 
312 132 88 0 65 0 78 91 111 290 0 27 15 0 33 380 503 667 0 0 0 81 174 140 0 74 55 
312 132 90 0 64 0 79 86 109 288 0 30 15 0 34 342 422 663 0 0 0 76 137 140 0 74 55 
312 132 88 0 64 0 78 87 108 288 0 29 16 0 34 353 410 744 0 0 0 84 187 140 0 74 55 
311 133 87 0 63 0 82 92 111 283 0 26 15 0 33 381 481 689 0 0 0 82 199 140 0 74 55 
306 135 87 0 63 0 82 98 111 278 0 27 15 0 34 375 463 672 0 0 0 84 169 140 0 74 55 
308 132 87 0 62 0 83 89 111 285 0 28 15 0 33 362 450 718 0 0 0 87 174 140 0 74 55 
308 138 86 0 63 0 86 91 109 292 0 24 16 0 32 305 440 675 0 0 0 83 180 140 0 74 55 
312 129 91 0 64 0 86 92 110 291 0 28 16 0 32 364 436 693 0 0 0 83 166 140 0 74 55 
308 126 88 0 66 0 84 89 110 286 0 29 17 0 32 331 451 687 0 0 0 80 164 140 0 74 55 
307 133 87 0 66 0 85 86 111 283 0 35 16 0 32 362 445 770 0 0 0 78 173 140 0 74 55 
309 137 90 0 67 0 86 92 111 284 0 36 17 0 32 416 473 677 0 0 0 75 157 140 0 74 55 
306 138 92 0 67 0 85 91 110 287 0 41 16 0 32 387 419 624 0 0 0 77 179 140 0 74 55 
310 136 86 0 67 0 84 92 109 291 0 43 16 0 33 384 403 723 0 0 0 78 158 140 0 74 55 
301 139 90 0 67 0 83 89 110 285 0 39 15 0 32 408 430 713 0 0 0 80 181 140 0 74 55 
312 127 88 0 66 0 84 95 110 286 0 37 13 0 32 364 425 686 0 0 0 78 162 140 0 74 55 
312 133 89 0 66 0 80 94 109 283 0 37 13 0 33 390 427 670 0 0 0 84 182 140 0 74 55 
311 134 87 0 65 0 80 87 111 281 0 33 13 0 33 354 425 690 0 0 0 83 216 140 0 74 55 
309 132 90 0 66 0 80 96 112 283 0 35 14 0 32 399 463 610 0 0 0 84 185 140 0 74 55 
307 134 91 0 67 0 81 91 112 287 0 33 15 0 33 422 439 649 0 0 0 84 129 140 0 74 55 
307 131 88 0 67 0 82 89 110 292 0 34 14 0 32 347 428 730 0 0 0 79 183 140 0 74 55 
311 130 86 0 68 0 82 91 108 291 0 32 14 0 33 409 416 667 0 0 0 77 154 140 0 74 55 
313 127 85 0 68 0 85 88 110 288 0 30 14 0 32 360 413 688 0 0 0 73 145 140 0 74 55 
309 131 88 0 68 0 87 86 110 283 0 34 13 0 33 360 441 643 0 0 0 74 164 140 0 74 55 
308 132 91 0 67 0 86 89 111 289 0 35 15 0 34 381 433 671 0 0 0 71 155 140 0 74 55 
312 136 88 0 67 0 88 93 109 295 0 33 15 0 33 348 453 609 0 0 0 74 187 140 0 74 55 
311 128 88 0 66 0 88 88 111 294 0 33 15 0 34 339 394 629 0 0 0 75 154 140 0 74 55 
306 127 90 0 64 0 89 93 111 289 0 35 13 0 34 363 436 680 0 0 0 76 198 140 0 74 55 
307 130 89 0 64 0 88 92 112 288 0 35 13 0 34 320 461 641 0 0 0 79 189 140 0 74 55 
310 130 88 0 65 0 87 95 112 282 0 33 14 0 33 335 428 639 0 0 0 79 177 140 0 74 55 
317 127 87 0 63 0 87 89 108 288 0 31 13 0 34 362 485 632 0 0 0 81 167 140 0 74 55 
310 136 91 0 65 0 85 89 109 289 0 31 14 0 32 370 435 638 0 0 0 83 163 140 0 74 55 
308 133 90 0 64 0 85 91 110 287 0 31 14 0 33 353 467 637 0 0 0 85 147 140 0 74 55 
309 132 91 0 65 0 84 87 109 283 0 30 15 0 34 343 441 697 0 0 0 84 183 140 0 74 55 
312 136 92 0 65 0 80 88 109 286 0 33 15 0 33 349 405 600 0 0 0 81 160 140 0 74 55 
307 132 87 0 66 0 77 88 111 288 0 32 14 0 33 346 431 676 0 0 0 79 192 140 0 74 55 
308 130 88 0 66 0 76 92 113 287 0 31 13 0 34 354 411 559 0 0 0 78 179 140 0 74 55 
311 131 91 0 66 0 76 89 111 288 0 27 15 0 34 392 470 618 0 0 0 82 160 140 0 74 55 
309 134 89 0 66 0 78 91 109 287 0 28 15 0 33 402 447 683 0 0 0 86 184 140 0 74 55 
313 134 89 0 67 0 77 87 110 286 0 32 14 0 34 371 447 610 0 0 0 81 212 140 0 74 55 
311 136 91 0 67 0 79 84 111 282 0 35 15 0 33 361 440 687 0 0 0 81 185 140 0 74 55 
310 132 91 0 68 0 80 87 110 277 0 35 15 0 33 350 467 624 0 0 0 81 147 140 0 74 55 
310 134 86 0 69 0 82 90 111 284 0 38 13 0 34 346 449 623 0 0 0 76 162 140 0 74 55 
304 133 89 0 69 0 81 93 109 293 0 37 14 0 34 384 441 582 0 0 0 75 168 140 0 74 55 
308 129 86 0 70 0 81 93 110 290 0 37 14 0 33 367 460 645 0 0 0 77 164 140 0 74 55 
310 133 87 0 71 0 84 90 112 283 0 34 14 0 35 345 457 670 0 0 0 77 169 140 0 74 55 
308 132 89 0 70 0 84 92 113 284 0 36 14 0 34 396 443 728 0 0 0 80 153 140 0 74 55 
304 139 88 0 70 0 84 94 112 284 0 41 14 0 33 375 449 723 0 0 0 87 175 140 0 74 55 
307 131 89 0 69 0 87 89 109 284 0 40 14 0 35 368 365 724 0 0 0 90 164 140 0 74 55 
308 138 86 0 69 0 85 87 109 291 0 40 14 0 32 364 401 696 0 0 0 80 182 140 0 74 55 
310 139 86 0 68 0 86 86 110 286 0 40 14 0 32 391 405 624 0 0 0 79 164 140 0 74 55 
309 128 90 0 67 0 88 89 111 283 0 41 14 0 34 392 433 677 0 0 0 76 145 140 0 74 55 
308 125 87 0 66 0 87 88 110 283 0 45 14 0 33 380 498 672 0 0 0 73 177 140 0 74 55 
308 134 89 0 67 0 90 94 110 282 0 46 14 0 32 342 410 780 0 0 0 74 187 140 0 74 55 
308 139 89 0 67 0 86 90 111 281 0 47 14 0 33 377 404 727 0 0 0 77 163 140 0 74 55 
310 137 86 0 66 0 87 92 111 287 0 48 15 0 33 349 439 725 0 0 0 76 195 140 0 74 55 
309 135 90 0 66 0 88 89 110 289 0 49 15 0 33 360 399 766 0 0 0 75 152 140 0 74 55 
314 136 89 0 65 0 86 95 108 285 0 46 13 0 32 345 479 693 0 0 0 77 173 140 0 74 55 
304 129 84 0 65 0 85 90 109 286 0 45 14 0 34 351 457 760 0 0 0 81 185 140 0 74 55 
313 130 87 0 65 0 81 85 110 282 0 48 14 0 34 346 474 719 0 0 0 87 194 140 0 74 55 
311 137 88 0 65 0 80 92 111 286 0 47 13 0 32 365 428 758 0 0 0 89 170 140 0 74 55 
312 136 88 0 64 0 78 88 110 295 0 45 14 0 33 345 448 699 0 0 0 89 202 140 0 74 55 
307 128 87 0 65 0 77 92 109 292 0 46 13 0 32 416 440 671 0 0 0 83 175 140 0 74 55 
307 131 88 0 66 0 78 89 110 288 0 49 14 0 33 381 458 767 0 0 0 82 133 140 0 74 55 
313 133 86 0 66 0 78 93 110 288 0 48 14 0 33 338 428 724 0 0 0 79 176 140 0 74 55 
311 128 88 0 67 0 80 89 111 284 0 47 14 0 33 346 450 750 0 0 0 82 147 140 0 74 55 
314 132 90 0 67 0 84 93 110 288 0 42 14 0 32 350 391 684 0 0 0 79 181 140 0 74 55 
304 137 89 0 67 0 89 91 112 290 0 45 13 0 33 384 457 687 0 0 0 80 136 140 0 74 55 
310 131 88 0 67 0 94 87 112 286 0 44 14 0 35 383 428 615 0 0 0 81 164 140 0 74 55 
312 129 90 0 67 0 96 89 110 283 0 45 14 0 36 341 435 753 0 0 0 76 170 140 0 74 55 
308 131 89 0 66 0 102 96 109 288 0 47 14 0 34 376 421 734 0 0 0 74 176 140 0 74 55 
309 132 89 0 66 0 105 94 109 291 0 46 14 0 35 410 439 664 0 0 0 74 196 140 0 74 55 
304 129 90 0 65 0 103 85 111 287 0 47 15 0 33 375 434 670 0 0 0 72 196 140 0 74 55 
310 129 89 0 65 0 100 93 111 288 0 45 13 0 35 322 474 585 0 0 0 69 169 140 0 74 55 
311 133 89 0 64 0 99 98 111 289 0 43 15 0 35 366 452 708 0 0 0 73 180 140 0 74 55 
310 135 88 0 65 0 96 91 110 285 0 41 15 0 34 371 460 620 0 0 0 70 190 140 0 74 55 
308 133 88 0 64 0 89 95 109 276 0 45 15 0 33 370 435 667 0 0 0 71 136 140 0 74 55 
306 133 89 0 65 0 87 92 109 276 0 49 13 0 32 355 476 638 0 0 0 68 145 140 0 74 55 
305 135 88 0 66 0 81 91 111 285 0 42 13 0 32 370 376 666 0 0 0 74 192 140 0 74 55 
308 134 88 0 66 0 75 90 109 292 0 44 13 0 32 343 423 644 0 0 0 70 144 140 0 74 55 
307 126 89 0 66 0 72 83 108 291 0 41 16 0 32 331 433 686 0 0 0 76 139 140 0 74 55 
312 134 90 0 66 0 66 91 111 286 0 40 15 0 32 375 467 604 0 0 0 85 135 140 0 74 55 
306 130 88 0 64 0 66 83 112 283 0 40 12 0 33 410 435 661 0 0 0 91 212 140 0 74 55 
307 136 86 0 65 0 66 88 111 283 0 39 13 0 34 371 475 673 0 0 0 90 193 140 0 74 55 
310 133 88 0 65 0 66 89 109 289 0 40 15 0 33 365 475 668 0 0 0 90 168 140 0 74 55 
309 132 89 0 64 0 66 93 109 291 0 44 15 0 34 362 411 568 0 0 0 87 182 140 0 74 55 
313 134 87 0 64 0 69 93 110 289 0 44 15 0 34 365 457 592 0 0 0 81 185 140 0 74 55 
306 133 89 0 65 0 70 89 110 285 0 42 14 0 33 349 463 627 0 0 0 77 184 140 0 74 55 
309 131 86 0 65 0 74 91 109 287 0 42 14 0 35 369 445 636 0 0 0 75 131 140 0 74 55 
310 138 91 0 66 0 78 87 109 284 0 48 14 0 34 344 425 637 0 0 0 72 168 140 0 74 55 
310 132 89 0 67 0 82 94 111 282 0 48 14 0 34 377 440 624 0 0 0 75 168 140 0 74 55 
310 135 89 0 67 0 81 85 113 291 0 51 16 0 32 350 435 670 0 0 0 80 211 140 0 74 55 
314 140 87 0 67 0 82 94 111 290 0 54 15 0 33 338 425 641 0 0 0 80 153 140 0 74 55 
304 135 86 0 68 0 86 93 109 286 0 52 15 0 32 370 439 578 0 0 0 77 124 140 0 74 55 
307 129 88 0 67 0 87 90 111 284 0 54 14 0 32 370 447 656 0 0 0 79 195 140 0 74 55 
311 127 88 0 68 0 88 90 111 283 0 56 14 0 32 340 479 663 0 0 0 80 167 140 0 74 55 
307 132 86 0 67 0 91 92 111 291 0 53 14 0 35 362 420 710 0 0 0 75 141 140 0 74 55 
310 138 90 0 65 0 93 93 111 295 0 53 14 0 32 351 440 687 0 0 0 76 164 140 0 74 55 
312 136 90 0 64 0 95 86 110 291 0 49 15 0 34 349 430 690 0 0 0 76 176 140 0 74 55 
307 133 88 0 63 0 100 91 110 289 0 49 15 0 34 375 476 651 0 0 0 75 187 140 0 74 55 
312 136 87 0 62 0 106 90 111 285 0 52 16 0 33 357 409 633 0 0 0 78 184 140 0 74 55 
310 127 88 0 62 0 110 92 112 286 0 52 15 0 33 384 444 672 0 0 0 79 205 140 0 74 55 
312 129 87 0 63 0 108 97 111 287 0 47 16 0 32 361 413 591 0 0 0 80 176 140 0 74 55 
311 133 88 0 64 0 107 90 110 286 0 47 16 0 32 337 445 740 0 0 0 81 152 140 0 74 55 
313 130 86 0 65 0 104 94 109 289 0 43 17 0 33 320 447 614 0 0 0 76 186 140 0 74 55 
310 132 88 0 64 0 102 89 110 286 0 38 17 0 33 375 439 753 0 0 0 77 178 140 0 74 55 
311 130 89 0 66 0 96 92 110 290 0 34 18 0 33 379 442 684 0 0 0 75 148 140 0 74 55 
312 127 87 0 66 0 92 91 111 291 0 39 18 0 34 375 462 637 0 0 0 82 187 140 0 74 55 
307 129 84 0 66 0 88 87 110 289 0 38 18 0 33 382 461 695 0 0 0 85 178 140 0 74 55 
307 129 89 0 66 0 82 90 112 291 0 41 17 0 33 351 437 696 0 0 0 81 175 140 0 74 55 
307 133 89 0 68 0 77 84 110 286 0 42 16 0 33 371 451 714 0 0 0 82 194 140 0 74 55 
305 132 87 0 68 0 72 87 109 284 0 38 15 0 32 388 471 672 0 0 0 78 178 140 0 74 55 
310 126 86 0 69 0 69 89 110 281 0 37 14 0 32 389 445 626 0 0 0 77 148 140 0 74 55 
306 132 86 0 70 0 65 91 111 277 0 37 15 0 32 372 461 694 0 0 0 81 160 140 0 74 55 
305 131 88 0 70 0 62 91 110 285 0 31 14 0 34 351 415 685 0 0 0 82 178 140 0 74 55 
313 130 85 0 69 0 63 93 110 288 0 29 15 0 33 355 450 673 0 0 0 79 144 140 0 74 55 
312 129 88 0 68 0 65 100 110 289 0 30 15 0 32 360 446 638 0 0 0 77 165 140 0 74 55 
305 134 87 0 67 0 64 86 111 286 0 26 14 0 33 360 448 666 0 0 0 78 162 140 0 74 55 
306 134 91 0 66 0 67 89 111 282 0 28 14 0 33 394 483 609 0 0 0 77 176 140 0 74 55 
311 135 89 0 65 0 69 89 109 285 0 27 14 0 32 398 445 625 0 0 0 75 180 140 0 74 55 
308 137 87 0 64 0 71 90 110 286 0 32 15 0 32 329 414 651 0 0 0 79 144 140 0 74 55 
311 136 91 0 64 0 75 87 110 290 0 31 16 0 33 383 424 685 0 0 0 78 156 140 0 74 55 
310 129 86 0 64 0 77 90 112 284 0 35 15 0 33 343 454 650 0 0 0 74 140 140 0 74 55 
310 130 87 0 64 0 82 99 111 283 0 35 15 0 34 366 455 636 0 0 0 68 171 140 0 74 55 
306 136 89 0 64 0 89 87 110 284 0 35 15 0 34 357 480 712 0 0 0 64 180 140 0 74 55 
311 133 88 0 64 0 98 91 108 282 0 37 13 0 33 373 434 559 0 0 0 65 183 140 0 74 55 
312 133 86 0 64 0 105 87 108 281 0 41 15 0 35 355 449 588 0 0 0 67 206 140 0 74 55 
310 138 90 0 65 0 107 84 110 290 0 39 14 0 34 354 427 653 0 0 0 74 158 140 0 74 55 
307 136 85 0 65 0 108 86 111 291 0 46 14 0 35 385 450 649 0 0 0 80 124 140 0 74 55 
313 137 88 0 65 0 109 90 111 285 0 47 14 0 33 381 457 581 0 0 0 80 141 140 0 74 55 
309 130 90 0 67 0 107 93 111 285 0 43 15 0 35 364 448 617 0 0 0 80 144 140 0 74 55 
311 133 87 0 67 0 106 90 109 287 0 43 14 0 34 367 432 655 0 0 0 83 175 140 0 74 55 
308 136 88 0 68 0 99 92 110 291 0 43 14 0 33 390 400 626 0 0 0 83 196 140 0 74 55 
312 132 89 0 68 0 93 90 109 299 0 44 14 0 34 365 464 661 0 0 0 82 140 140 0 74 55 
305 136 87 0 68 0 89 93 108 294 0 47 14 0 33 361 448 665 0 0 0 84 162 140 0 74 55 
307 139 87 0 68 0 81 93 110 287 0 50 15 0 32 350 432 607 0 0 0 88 204 140 0 74 55 
306 134 88 0 67 0 75 86 111 285 0 45 16 0 34 405 462 538 0 0 0 87 178 140 0 74 55 
310 126 89 0 67 0 70 89 112 285 0 48 15 0 33 334 464 643 0 0 0 89 149 140 0 74 55 
305 130 86 0 66 0 67 88 111 284 0 50 15 0 32 366 455 643 0 0 0 86 168 140 0 74 55 
311 134 88 0 66 0 64 96 111 283 0 53 14 0 34 408 420 639 0 0 0 81 178 140 0 74 55 
308 137 88 0 66 0 61 88 113 285 0 53 13 0 33 380 457 623 0 0 0 84 179 140 0 74 55 
307 132 89 0 65 0 64 92 110 282 0 53 15 0 33 359 478 669 0 0 0 80 195 140 0 74 55 
305 134 90 0 65 0 66 91 110 291 0 56 14 0 32 352 415 628 0 0 0 81 176 140 0 74 55 
306 132 89 0 65 0 66 89 108 287 0 48 14 0 33 404 448 598 0 0 0 76 171 140 0 74 55 
309 127 86 0 65 0 69 92 110 288 0 49 15 0 32 389 387 654 0 0 0 71 154 140 0 74 55 
309 132 89 0 65 0 74 90 111 289 0 46 15 0 34 340 424 692 0 0 0 72 188 140 0 74 55 
311 138 89 0 66 0 78 91 112 288 0 44 14 0 34 377 431 673 0 0 0 71 167 140 0 74 55 
305 134 88 0 67 0 81 88 112 284 0 43 15 0 33 385 416 760 0 0 0 72 156 140 0 74 55 
308 129 91 0 68 0 85 93 110 280 0 40 13 0 33 374 412 659 0 0 0 79 158 140 0 74 55 
311 131 89 0 68 0 90 90 110 279 0 41 13 0 34 363 465 685 0 0 0 80 194 140 0 74 55 
308 129 89 0 67 0 91 88 110 289 0 44 13 0 34 352 496 592 0 0 0 76 141 140 0 74 55 
312 125 88 0 67 0 93 92 111 293 0 42 14 0 33 346 402 770 0 0 0 71 201 140 0 74 55 
311 132 89 0 66 0 96 89 109 293 0 42 14 0 34 350 464 716 0 0 0 71 190 140 0 74 55 
308 133 88 0 66 0 95 94 110 288 0 41 13 0 33 374 443 765 0 0 0 75 164 140 0 74 55 
310 134 88 0 67 0 94 89 110 289 0 39 13 0 33 358 463 660 0 0 0 79 169 140 0 74 55 
308 124 90 0 66 0 95 91 110 290 0 37 13 0 34 320 429 668 0 0 0 85 161 140 0 74 55 
313 136 92 0 67 0 95 88 111 289 0 41 14 0 33 392 442 686 0 0 0 82 171 140 0 74 55 
312 132 87 0 67 0 96 90 112 292 0 41 13 0 33 377 490 661 0 0 0 85 149 140 0 74 55 
311 128 86 0 67 0 92 93 112 284 0 40 14 0 33 318 452 743 0 0 0 80 143 140 0 74 55 
312 131 89 0 68 0 89 88 109 282 0 38 13 0 32 355 440 738 0 0 0 78 186 140 0 74 55 
307 133 84 0 67 0 87 94 110 285 0 39 14 0 33 313 425 690 0 0 0 74 148 140 0 74 55 
308 134 83 0 67 0 83 98 108 280 0 39 14 0 33 342 405 667 0 0 0 82 161 140 0 74 55 
304 133 91 0 66 0 77 97 110 280 0 43 14 0 33 358 412 754 0 0 0 81 185 140 0 74 55 
312 133 89 0 66 0 76 89 111 283 0 41 13 0 32 378 457 700 0 0 0 75 180 140 0 74 55 
310 136 84 0 65 0 73 93 111 288 0 38 15 0 31 339 451 701 0 0 0 71 170 140 0 74 55 
306 133 86 0 65 0 70 92 110 286 0 38 14 0 34 399 431 694 0 0 0 73 169 140 0 74 55 
307 127 88 0 64 0 71 83 110 283 0 38 15 0 34 325 461 678 0 0 0 75 181 140 0 74 55 
306 136 86 0 65 0 70 89 111 285 0 37 15 0 34 304 419 684 0 0 0 76 158 140 0 74 55 
305 133 91 0 64 0 71 91 111 293 0 43 14 0 34 374 410 609 0 0 0 73 173 140 0 74 55 
308 133 86 0 64 0 72 86 110 297 0 47 15 0 34 340 424 674 0 0 0 73 154 140 0 74 55 
308 133 89 0 64 0 73 86 109 294 0 47 14 0 34 349 447 687 0 0 0 77 177 140 0 74 55 
307 132 89 0 64 0 77 90 111 288 0 47 16 0 32 360 439 688 0 0 0 80 154 140 0 74 55 
304 131 89 0 65 0 81 92 112 286 0 45 15 0 32 392 492 691 0 0 0 89 172 140 0 74 55 
310 130 87 0 65 0 84 92 111 285 0 48 16 0 33 321 445 595 0 0 0 86 163 140 0 74 55 
307 132 88 0 66 0 87 94 109 288 0 47 15 0 34 391 419 697 0 0 0 90 155 140 0 74 55 
311 135 89 0 65 0 88 88 110 290 0 47 15 0 31 393 448 627 0 0 0 86 189 140 0 74 55 
310 131 87 0 66 0 87 87 111 285 0 49 14 0 33 367 463 702 0 0 0 80 178 140 0 74 55 
302 131 88 0 67 0 88 90 111 285 0 52 13 0 27 345 426 679 0 0 0 78 161 140 0 74 55 
310 141 89 0 67 0 88 90 111 290 0 48 14 0 34 418 458 623 0 0 0 77 196 140 0 74 55 
313 134 86 0 68 0 90 89 109 288 0 46 14 0 35 333 424 581 0 0 0 76 150 140 0 74 55 
309 124 88 0 68 0 86 89 109 286 0 46 13 0 34 384 434 652 0 0 0 80 174 140 0 74 55 
313 132 90 0 69 0 89 93 108 286 0 43 15 0 32 356 424 641 0 0 0 84 206 140 0 74 55 
308 137 87 0 70 0 90 89 109 288 0 43 16 0 34 352 493 594 0 0 0 85 217 140 0 74 55 
313 139 87 0 70 0 88 92 110 281 0 43 14 0 33 356 415 665 0 0 0 78 197 140 0 74 55 
311 135 89 0 70 0 87 88 110 279 0 41 15 0 32 308 477 627 0 0 0 78 184 140 0 74 55 
314 133 88 0 70 0 86 89 111 278 0 43 16 0 33 353 426 560 0 0 0 74 138 140 0 74 55 
309 132 89 0 69 0 85 89 111 287 0 40 16 0 33 351 435 584 0 0 0 72 145 140 0 74 55 
312 130 89 0 69 0 84 90 109 291 0 40 17 0 32 365 367 650 0 0 0 76 154 140 0 74 55 
313 129 90 0 69 0 81 90 108 291 0 38 17 0 33 337 423 635 0 0 0 75 142 140 0 74 55 
308 136 89 0 68 0 84 92 109 284 0 36 17 0 32 336 423 599 0 0 0 73 160 140 0 74 55 
311 131 89 0 68 0 84 99 112 285 0 34 17 0 32 353 440 770 0 0 0 71 157 140 0 74 55 
311 129 90 0 68 0 82 93 111 288 0 30 16 0 33 350 475 587 0 0 0 68 165 140 0 74 55 
307 128 90 0 67 0 82 88 110 288 0 34 15 0 34 380 403 594 0 0 0 75 166 140 0 74 55 
312 128 88 0 67 0 81 94 111 292 0 33 15 0 34 333 434 573 0 0 0 80 192 140 0 74 55 
306 129 86 0 65 0 79 91 112 283 0 35 13 0 34 375 489 648 0 0 0 83 211 140 0 74 55 
305 131 90 0 65 0 78 88 112 285 0 33 15 0 36 372 443 626 0 0 0 84 146 140 0 74 55 
307 133 89 0 65 0 78 85 110 284 0 34 14 0 36 360 448 724 0 0 0 83 154 140 0 74 55 
307 133 88 0 64 0 79 87 108 284 0 40 14 0 36 333 410 678 0 0 0 87 179 140 0 74 55 
310 131 89 0 64 0 80 89 110 285 0 37 15 0 35 348 429 677 0 0 0 85 181 140 0 73 55 
304 128 88 0 65 0 83 88 110 288 0 40 14 0 34 381 445 638 0 0 0 87 144 140 0 74 55 
307 135 87 0 66 0 86 95 110 288 0 42 14 0 33 337 414 598 0 0 0 84 153 140 0 74 55 
302 129 89 0 66 0 88 91 110 286 0 41 14 0 30 377 502 687 0 0 0 87 183 140 0 74 55 
307 130 86 0 67 0 89 93 113 284 0 43 14 0 32 343 414 643 0 0 0 84 187 140 0 74 55 
305 135 90 0 66 0 92 95 111 285 0 39 14 0 32 382 450 727 0 0 0 77 191 140 0 74 55 
312 139 88 0 66 0 93 94 110 288 0 35 15 0 31 349 434 702 0 0 0 77 189 140 0 74 55 
311 133 87 0 66 0 96 88 110 293 0 37 15 0 33 411 473 643 0 0 0 74 165 140 0 74 55 
307 133 88 0 66 0 93 91 110 293 0 35 15 0 32 360 459 651 0 0 0 71 175 140 0 74 55 
307 133 89 0 66 0 94 93 110 286 0 36 14 0 33 305 434 664 0 0 0 68 158 140 0 74 55 
313 133 87 0 65 0 96 84 110 285 0 37 15 0 34 349 415 727 0 0 0 66 156 140 0 74 55 
313 129 87 0 66 0 95 89 110 287 0 40 14 0 34 338 450 654 0 0 0 65 174 140 0 74 55 
311 132 86 0 65 0 92 93 109 287 0 39 15 0 34 367 413 691 0 0 0 67 215 140 0 74 55 
311 132 91 0 65 0 92 90 110 290 0 37 16 0 35 363 429 686 0 0 0 66 178 140 0 74 55 
309 133 89 0 65 0 89 88 111 287 0 36 16 0 34 367 467 651 0 0 0 71 147 140 0 74 55 
308 132 89 0 65 0 86 89 113 287 0 35 14 0 34 325 430 726 0 0 0 70 145 140 0 74 55 
307 131 90 0 65 0 81 85 111 292 0 35 14 0 32 311 413 678 0 0 0 79 197 140 0 74 55 
310 131 89 0 66 0 80 86 109 293 0 35 14 0 34 337 472 682 0 0 0 84 176 140 0 74 55 
309 129 88 0 65 0 82 94 109 290 0 35 14 0 32 353 465 680 0 0 0 86 163 140 0 74 55 
308 132 84 0 65 0 81 93 110 293 0 33 15 0 33 350 450 679 0 0 0 85 152 140 0 74 55 
309 134 84 0 65 0 81 91 111 292 0 35 15 0 34 352 442 587 0 0 0 83 214 140 0 74 55 
304 132 90 0 65 0 82 92 109 285 0 34 15 0 34 355 395 689 0 0 0 80 159 140 0 74 55 
307 130 89 0 64 0 83 93 110 278 0 36 15 0 34 343 470 656 0 0 0 78 159 140 0 74 55 
306 139 89 0 64 0 79 90 111 277 0 37 14 0 36 345 427 658 0 0 0 79 164 140 0 74 55 
308 138 88 0 64 0 80 87 112 286 0 43 14 0 36 377 475 641 0 0 0 78 174 140 0 74 55 
309 126 89 0 64 0 80 88 110 290 0 42 15 0 34 355 431 659 0 0 0 77 219 140 0 74 55 
307 130 86 0 64 0 78 87 110 290 0 41 14 0 34 311 438 638 0 0 0 81 179 140 0 74 55 
307 133 87 0 65 0 76 86 110 284 0 39 15 0 33 355 425 643 0 0 0 82 168 140 0 74 55 
307 139 87 0 66 0 75 94 112 282 0 38 15 0 32 327 396 677 0 0 0 80 180 140 0 74 55 
307 138 88 0 66 0 75 91 112 285 0 35 16 0 32 371 423 634 0 0 0 81 172 140 0 74 55 
308 135 87 0 66 0 76 90 110 286 0 35 16 0 33 337 433 691 0 0 0 80 156 140 0 74 55 
312 135 89 0 66 0 79 92 110 292 0 34 15 0 31 387 441 596 0 0 0 84 150 140 0 74 55 
311 126 88 0 66 0 83 92 109 286 0 32 15 0 33 327 458 627 0 0 0 80 140 140 0 74 55 
304 131 88 0 67 0 86 89 110 284 0 34 16 0 33 362 473 685 0 0 0 81 156 140 0 74 55 
305 136 87 0 66 0 87 93 110 284 0 33 15 0 33 390 473 635 0 0 0 77 151 140 0 74 55 
308 130 89 0 67 0 88 89 111 283 0 34 17 0 32 329 438 653 0 0 0 72 198 140 0 74 55 
310 132 87 0 66 0 90 89 110 284 0 36 17 0 32 363 474 642 0 0 0 74 212 140 0 74 55 
315 127 88 0 64 0 89 92 109 289 0 36 17 0 32 342 449 588 0 0 0 71 186 140 0 74 55 
308 130 89 0 63 0 86 88 109 293 0 36 18 0 32 312 416 589 0 0 0 72 180 140 0 74 55 
309 129 90 0 62 0 86 92 109 290 0 37 17 0 32 352 452 665 0 0 0 72 173 140 0 74 55 
310 136 91 0 62 0 84 92 110 283 0 34 19 0 33 357 494 638 0 0 0 75 180 140 0 74 55 
313 134 88 0 61 0 83 95 111 285 0 34 18 0 32 355 427 676 0 0 0 77 219 140 0 74 55 
309 130 90 0 63 0 81 89 113 288 0 32 18 0 33 350 420 675 0 0 0 78 192 140 0 74 55 
309 128 90 0 64 0 79 91 111 295 0 33 18 0 32 382 409 690 0 0 0 82 142 140 0 74 55 
309 132 87 0 64 0 79 88 108 294 0 34 17 0 31 369 455 607 0 0 0 88 157 140 0 74 55 
309 138 93 0 66 0 77 90 109 287 0 35 17 0 34 343 411 621 0 0 0 88 178 140 0 74 55 
311 130 87 0 67 0 78 90 110 288 0 35 17 0 37 337 447 638 0 0 0 87 151 140 0 74 55 
310 130 89 0 67 0 79 89 111 283 0 35 16 0 36 322 465 658 0 0 0 80 202 140 0 74 55 
312 133 90 0 68 0 80 90 110 285 0 31 15 0 34 322 514 743 0 0 0 79 139 140 0 74 55 
309 133 88 0 68 0 80 93 110 285 0 31 15 0 34 294 478 732 0 0 0 77 176 140 0 74 55 
308 132 90 0 68 0 81 97 111 285 0 28 16 0 33 343 450 728 0 0 0 75 183 140 0 74 55 
307 133 91 0 69 0 83 94 113 283 0 27 16 0 32 369 394 625 0 0 0 76 155 140 0 74 55 
308 132 84 0 70 0 87 95 111 287 0 29 15 0 32 362 438 647 0 0 0 75 179 140 0 74 55 
304 135 92 0 69 0 84 93 110 288 0 27 16 0 33 359 432 678 0 0 0 77 214 140 0 74 55 
309 126 91 0 69 0 87 92 110 288 0 31 14 0 32 381 433 711 0 0 0 76 168 140 0 74 55 
307 137 86 0 69 0 91 88 110 287 0 33 15 0 33 328 406 716 0 0 0 70 165 140 0 74 55 
306 137 86 0 68 0 95 86 109 289 0 37 15 0 31 398 436 735 0 0 0 71 147 140 0 74 55 
304 136 88 0 67 0 96 89 109 286 0 37 16 0 32 319 450 640 0 0 0 74 162 140 0 74 55 
310 133 88 0 66 0 95 88 111 276 0 38 16 0 32 341 430 668 0 0 0 72 136 140 0 74 55 
309 135 91 0 65 0 96 85 111 279 0 36 17 0 32 316 486 738 0 0 0 72 142 140 0 74 55 
308 137 88 0 65 0 94 91 110 286 0 37 15 0 32 326 439 694 0 0 0 69 141 140 0 74 55 
309 129 89 0 65 0 90 92 109 292 0 37 16 0 33 377 442 653 0 0 0 76 146 140 0 74 55 
305 129 90 0 65 0 87 94 110 293 0 40 16 0 32 368 453 770 0 0 0 82 169 140 0 74 55 
305 134 89 0 65 0 85 90 110 285 0 42 14 0 32 381 433 654 0 0 0 85 210 140 0 73 55 
312 132 91 0 64 0 81 91 110 284 0 45 15 0 32 360 421 689 0 0 0 86 166 140 0 73 55 
307 135 92 0 64 0 83 89 110 287 0 46 16 0 33 388 484 719 0 0 0 86 175 140 0 73 55 
312 139 87 0 64 0 82 88 109 288 0 46 16 0 33 327 477 654 0 0 0 84 188 140 0 74 55 
