150 148 74 0 107 82 0 81 76 427 0 29 38 21 42 631 219 391 408 0 0 81 0 140 0 65 60 
153 149 71 0 106 82 0 74 76 435 0 34 38 22 43 622 251 370 519 0 0 77 0 140 0 64 60 
153 153 72 0 105 83 0 74 75 431 0 32 38 23 42 615 326 366 494 0 0 76 0 140 0 64 60 
152 149 70 0 105 79 0 76 74 430 0 33 38 24 42 626 310 355 465 0 0 85 0 140 0 64 60 
153 152 76 0 106 81 0 71 74 435 0 29 38 24 43 631 361 343 484 0 0 90 0 140 0 64 60 
153 151 73 0 107 85 0 75 75 444 0 31 38 23 44 622 532 340 453 0 0 92 0 140 0 62 60 
152 153 70 0 109 86 0 76 74 435 0 34 38 21 43 633 210 378 392 0 0 91 0 140 0 62 60 
154 150 74 0 108 87 0 77 76 429 0 31 38 20 44 620 434 365 397 0 0 93 0 140 0 62 60 
149 154 72 0 110 88 0 79 78 435 0 34 38 21 42 598 284 358 397 0 0 94 0 140 0 62 60 
149 150 73 0 111 96 0 74 77 437 0 32 38 21 43 693 376 338 432 0 0 93 0 140 0 63 60 
150 156 74 0 112 94 0 78 76 433 0 30 38 22 42 692 408 394 405 0 0 91 0 140 0 63 60 
152 157 71 0 113 93 0 78 76 435 0 31 38 22 42 678 248 332 439 0 0 97 0 140 0 63 60 
149 142 71 0 114 87 0 75 75 439 0 33 38 22 43 656 270 365 436 0 0 97 0 140 0 64 60 
152 149 77 0 113 90 0 77 74 436 0 31 38 20 43 631 346 336 377 0 0 93 0 135 0 63 60 
150 160 76 0 112 90 0 73 75 434 0 31 38 18 43 649 223 344 378 0 0 89 0 135 0 64 60 
151 156 74 0 111 84 0 73 75 422 0 32 38 20 43 649 366 350 372 0 0 82 0 135 0 64 60 
150 151 71 0 109 82 0 76 74 428 0 33 38 20 43 660 350 371 374 0 0 79 0 135 0 64 60 
152 148 72 0 107 84 0 75 75 434 0 35 38 18 43 645 269 359 476 0 0 79 0 135 0 64 60 
150 153 76 0 106 84 0 76 75 431 0 32 38 20 44 601 532 346 419 0 0 84 0 135 0 63 60 
150 154 73 0 106 82 0 77 76 426 0 37 38 20 44 646 294 353 477 0 0 89 0 135 0 63 60 
154 151 73 0 105 85 0 74 76 428 0 40 38 22 46 676 297 350 459 0 0 89 0 135 0 63 60 
150 147 69 0 107 89 0 80 76 435 0 35 38 20 46 647 272 367 468 0 0 90 0 135 0 63 60 
148 146 71 0 106 86 0 80 75 431 0 37 38 21 43 668 369 333 461 0 0 87 0 135 0 64 60 
150 152 72 0 107 79 0 76 76 425 0 37 38 22 44 653 301 319 434 0 0 94 0 135 0 64 60 
152 153 71 0 107 83 0 73 75 423 0 34 38 22 42 650 339 334 388 0 0 97 0 135 0 64 60 
156 145 74 0 107 88 0 78 77 417 0 35 38 19 44 658 234 352 426 0 0 93 0 135 0 64 60 
154 149 72 0 107 86 0 72 77 428 0 36 38 23 43 637 241 320 410 0 0 93 0 135 0 64 60 
152 148 73 0 107 85 0 77 75 425 0 34 38 22 45 663 332 340 428 0 0 97 0 135 0 65 60 
155 151 73 0 107 89 0 75 75 429 0 32 38 24 44 648 321 322 406 0 0 97 0 135 0 65 60 
153 150 74 0 107 91 0 73 74 438 0 33 38 22 42 571 309 343 417 0 0 93 0 135 0 64 60 
152 154 75 0 106 92 0 76 75 439 0 39 38 23 42 612 422 366 379 0 0 90 0 135 0 62 60 
154 154 72 0 107 93 0 78 74 433 0 39 38 19 42 660 462 346 399 0 0 92 0 135 0 61 60 
150 151 72 0 107 95 0 78 75 439 0 39 38 20 42 679 224 352 404 0 0 93 0 135 0 60 60 
151 147 77 0 106 90 0 86 76 438 0 44 38 18 42 695 268 346 423 0 0 98 0 135 0 59 60 
153 152 73 0 106 81 0 75 77 436 0 42 38 22 43 651 426 329 434 0 0 101 0 135 0 60 60 
147 154 72 0 106 83 0 75 77 439 0 43 38 22 43 680 356 366 455 0 0 101 0 135 0 61 60 
154 149 69 0 106 86 0 79 76 440 0 44 38 24 42 673 229 355 483 0 0 105 0 135 0 61 60 
155 149 72 0 106 89 0 73 77 440 0 44 38 25 43 648 317 372 460 0 0 104 0 135 0 62 60 
155 151 77 0 106 86 0 75 76 436 0 46 38 25 42 639 323 321 441 0 0 98 0 135 0 63 60 
151 154 71 0 107 91 0 74 77 421 0 49 38 24 43 629 551 353 448 0 0 91 0 135 0 63 60 
154 151 75 0 107 92 0 74 75 424 0 52 38 24 43 641 220 366 425 0 0 93 0 135 0 61 60 
150 155 74 0 109 91 0 76 76 437 0 53 38 25 43 627 457 326 376 0 0 90 0 135 0 61 60 
150 159 72 0 109 85 0 71 75 433 0 47 38 25 44 656 392 328 400 0 0 89 0 135 0 60 60 
150 143 78 0 109 84 0 69 76 428 0 53 38 26 43 618 365 341 378 0 0 92 0 135 0 61 60 
149 145 75 0 109 83 0 78 75 430 0 53 38 24 42 668 354 326 399 0 0 90 0 135 0 61 60 
154 153 75 0 107 81 0 77 75 438 0 55 38 22 43 644 339 354 441 0 0 95 0 135 0 61 60 
152 159 75 0 104 84 0 81 76 434 0 51 38 21 42 664 242 333 457 0 0 97 0 135 0 63 60 
148 157 73 0 104 88 0 78 75 430 0 51 38 17 43 641 428 327 382 0 0 98 0 135 0 64 60 
152 147 74 0 103 91 0 75 76 428 0 52 38 15 44 652 241 358 365 0 0 93 0 135 0 64 60 
150 153 73 0 104 84 0 77 76 435 0 50 38 13 43 623 406 329 437 0 0 89 0 135 0 64 60 
151 149 74 0 105 82 0 71 76 434 0 55 38 14 44 642 304 333 403 0 0 89 0 135 0 64 60 
150 153 71 0 105 82 0 74 76 427 0 56 38 13 43 562 324 329 474 0 0 91 0 135 0 64 60 
152 146 71 0 109 92 0 77 75 430 0 56 38 16 43 618 322 314 421 0 0 89 0 135 0 64 60 
154 144 75 0 110 92 0 74 75 441 0 52 38 14 43 680 417 336 437 0 0 89 0 135 0 64 60 
151 150 74 0 112 92 0 73 75 439 0 49 38 19 43 633 272 326 460 0 0 91 0 135 0 63 60 
151 154 72 0 112 88 0 77 76 433 0 42 38 21 41 632 387 309 472 0 0 85 0 135 0 64 60 
153 148 74 0 113 88 0 78 76 431 0 42 38 21 42 680 315 309 481 0 0 86 0 135 0 63 60 
151 147 73 0 114 84 0 76 76 431 0 35 38 23 45 683 348 318 421 0 0 82 0 135 0 64 60 
148 152 73 0 113 82 0 75 76 434 0 32 38 23 45 701 290 322 400 0 0 82 0 135 0 64 60 
152 147 76 0 112 84 0 75 74 437 0 30 38 23 43 653 378 330 398 0 0 85 0 135 0 64 60 
153 153 74 0 110 86 0 74 76 438 0 27 38 23 43 647 411 313 405 0 0 84 0 135 0 64 60 
153 153 73 0 109 87 0 74 76 435 0 31 38 22 44 638 199 344 383 0 0 89 0 135 0 64 60 
151 152 72 0 106 84 0 73 76 437 0 24 38 24 44 648 498 336 435 0 0 90 0 135 0 63 60 
152 152 74 0 105 87 0 76 75 425 0 27 38 22 43 664 355 328 391 0 0 99 0 135 0 63 60 
151 150 73 0 105 86 0 77 75 422 0 31 38 21 42 654 339 336 353 0 0 98 0 135 0 63 60 
150 153 73 0 107 83 0 78 76 436 0 31 38 22 43 651 316 361 380 0 0 98 0 135 0 62 60 
153 153 71 0 107 77 0 81 77 439 0 29 38 20 42 625 355 332 387 0 0 97 0 135 0 62 60 
152 152 69 0 109 86 0 79 76 428 0 32 38 21 42 597 222 342 376 0 0 98 0 135 0 62 60 
150 151 73 0 110 94 0 72 77 428 0 32 38 22 42 671 296 333 404 0 0 95 0 135 0 63 60 
155 154 75 0 111 96 0 77 76 435 0 33 38 24 43 657 333 348 479 0 0 91 0 135 0 63 60 
147 153 71 0 111 92 0 73 74 435 0 35 38 24 44 658 376 320 489 0 0 86 0 135 0 63 60 
149 153 75 0 110 92 0 78 74 428 0 33 38 23 46 634 375 329 446 0 0 87 0 135 0 64 60 
150 154 72 0 109 90 0 81 74 425 0 36 38 22 45 641 457 367 483 0 0 94 0 135 0 63 60 
148 155 77 0 109 83 0 72 76 426 0 35 38 24 44 609 227 332 457 0 0 98 0 135 0 61 60 
152 150 77 0 108 81 0 70 75 434 0 33 38 21 43 668 417 329 352 0 0 98 0 135 0 61 60 
149 144 75 0 108 86 0 75 76 431 0 34 38 21 41 641 279 335 408 0 0 98 0 135 0 60 60 
156 152 72 0 107 89 0 73 76 426 0 36 38 22 43 678 404 332 402 0 0 97 0 135 0 60 60 
154 159 74 0 107 83 0 74 76 437 0 32 38 22 44 677 283 338 391 0 0 90 0 135 0 59 60 
154 153 75 0 107 84 0 75 76 442 0 31 38 22 43 639 341 334 410 0 0 86 0 135 0 60 60 
150 156 74 0 106 92 0 77 77 433 0 30 38 21 44 700 326 348 433 0 0 81 0 135 0 61 60 
148 148 69 0 108 91 0 81 79 426 0 29 38 21 42 682 282 337 373 0 0 82 0 135 0 61 60 
154 153 70 0 108 80 0 79 76 432 0 27 38 20 43 665 444 367 358 0 0 85 0 135 0 62 60 
149 154 74 0 109 82 0 74 76 432 0 28 38 21 42 669 307 382 357 0 0 88 0 135 0 63 60 
158 150 75 0 109 88 0 78 77 432 0 29 38 22 44 660 244 360 408 0 0 94 0 135 0 63 60 
152 148 76 0 109 88 0 75 75 437 0 28 38 21 44 635 317 365 516 0 0 97 0 135 0 63 60 
151 147 71 0 109 86 0 74 75 436 0 29 38 23 44 649 492 344 487 0 0 97 0 135 0 64 60 
156 152 73 0 109 88 0 74 76 437 0 27 38 20 45 684 196 367 498 0 0 99 0 135 0 65 60 
150 155 76 0 108 91 0 76 74 431 0 27 38 23 44 639 380 347 482 0 0 102 0 135 0 65 60 
150 147 76 0 108 82 0 75 74 415 0 26 38 22 45 615 288 365 450 0 0 106 0 135 0 65 60 
153 148 75 0 108 78 0 74 75 428 0 28 38 26 44 614 275 349 465 0 0 107 0 135 0 65 60 
152 148 72 0 108 83 0 76 74 441 0 31 38 24 43 632 283 333 430 0 0 103 0 135 0 64 60 
152 151 74 0 107 86 0 75 75 433 0 29 38 26 42 651 336 366 350 0 0 103 0 135 0 62 60 
153 149 74 0 105 82 0 75 75 424 0 27 38 23 43 714 338 336 410 0 0 97 0 135 0 62 60 
149 152 74 0 105 79 0 74 74 428 0 30 38 24 43 655 296 333 468 0 0 96 0 135 0 60 60 
152 153 74 0 105 81 0 74 75 435 0 28 38 23 43 680 267 341 427 0 0 93 0 135 0 61 60 
151 154 74 0 106 84 0 71 75 429 0 27 38 24 43 603 429 378 414 0 0 85 0 135 0 62 60 
149 149 72 0 106 83 0 70 75 424 0 28 38 22 42 608 413 365 415 0 0 84 0 135 0 63 60 
153 151 74 0 106 84 0 71 74 425 0 29 38 21 44 658 313 359 357 0 0 82 0 135 0 63 60 
150 156 76 0 108 85 0 75 74 432 0 30 38 20 42 626 207 348 346 0 0 88 0 135 0 63 60 
147 152 75 0 108 84 0 78 75 434 0 26 38 18 43 681 436 339 393 0 0 89 0 135 0 63 60 
149 152 73 0 109 89 0 77 76 427 0 29 38 21 42 612 289 348 408 0 0 92 0 135 0 62 60 
153 150 74 0 111 94 0 72 77 432 0 29 38 19 43 660 273 374 463 0 0 94 0 135 0 62 60 
147 155 76 0 111 99 0 80 77 441 0 28 38 22 42 651 402 330 476 0 0 93 0 135 0 62 60 
155 150 74 0 113 94 0 82 78 438 0 28 38 24 43 671 378 340 487 0 0 89 0 135 0 62 60 
152 151 77 0 113 92 0 72 76 430 0 34 38 25 44 705 231 336 436 0 0 95 0 135 0 62 60 
149 160 73 0 113 90 0 72 77 433 0 34 38 28 44 678 404 363 455 0 0 101 0 135 0 61 60 
148 139 72 0 113 96 0 74 74 436 0 37 38 30 43 666 245 351 415 0 0 101 0 135 0 61 60 
155 147 76 0 112 91 0 74 76 432 0 37 38 28 43 630 440 333 395 0 0 103 0 135 0 61 60 
150 159 74 0 110 88 0 73 76 436 0 41 38 25 44 664 239 359 411 0 0 97 0 135 0 62 60 
151 158 74 0 109 78 0 74 77 437 0 43 38 23 43 651 259 334 384 0 0 87 0 135 0 61 60 
149 157 74 0 106 78 0 81 77 436 0 43 38 22 42 602 395 350 409 0 0 89 0 135 0 60 60 
152 151 74 0 106 78 0 77 76 434 0 43 38 20 43 627 382 358 424 0 0 90 0 135 0 59 60 
156 150 74 0 106 77 0 75 74 420 0 41 38 20 42 641 350 318 471 0 0 93 0 135 0 60 60 
153 154 74 0 106 78 0 79 74 423 0 40 38 18 43 639 355 345 375 0 0 93 0 135 0 59 60 
152 150 73 0 107 84 0 79 74 440 0 37 38 16 43 634 239 323 333 0 0 95 0 135 0 59 60 
152 145 72 0 107 88 0 74 75 437 0 35 38 14 45 677 306 334 359 0 0 94 0 135 0 59 60 
154 144 73 0 108 90 0 74 75 425 0 38 38 16 44 668 429 347 404 0 0 94 0 135 0 59 60 
150 150 75 0 107 92 0 73 76 427 0 39 38 19 44 607 244 325 406 0 0 92 0 135 0 60 60 
148 152 74 0 107 93 0 78 76 437 0 36 38 22 42 618 249 335 472 0 0 86 0 135 0 59 60 
152 148 76 0 108 92 0 77 74 431 0 40 38 24 42 649 339 348 441 0 0 80 0 135 0 61 60 
146 148 73 0 108 86 0 72 75 427 0 43 38 26 42 688 382 352 452 0 0 79 0 135 0 63 60 
151 149 72 0 108 92 0 74 76 425 0 44 38 25 43 650 357 305 490 0 0 84 0 135 0 63 60 
148 148 75 0 107 93 0 75 75 431 0 48 38 27 43 596 278 338 463 0 0 85 0 135 0 63 60 
148 149 74 0 106 88 0 78 75 432 0 45 38 26 42 672 292 319 439 0 0 88 0 135 0 63 60 
151 151 74 0 105 79 0 76 75 426 0 46 38 25 44 651 317 339 361 0 0 86 0 135 0 64 60 
149 150 74 0 106 81 0 77 75 427 0 46 38 24 42 647 366 321 394 0 0 87 0 135 0 64 60 
152 151 72 0 106 83 0 76 75 437 0 40 38 26 43 614 336 321 408 0 0 88 0 135 0 64 60 
158 151 74 0 106 86 0 74 76 442 0 45 38 24 44 651 218 328 456 0 0 91 0 135 0 63 60 
144 150 72 0 106 87 0 74 75 433 0 46 38 22 42 643 376 325 411 0 0 90 0 135 0 62 60 
152 154 73 0 106 91 0 75 77 430 0 43 38 21 44 670 341 340 423 0 0 83 0 135 0 60 60 
148 151 74 0 106 90 0 76 76 434 0 43 38 20 43 625 299 341 381 0 0 83 0 135 0 60 60 
153 151 69 0 105 81 0 74 78 432 0 44 38 16 45 642 308 334 402 0 0 85 0 135 0 61 60 
150 151 76 0 106 83 0 75 77 436 0 45 38 17 42 613 328 338 370 0 0 86 0 135 0 62 60 
151 152 77 0 107 88 0 74 77 440 0 50 38 16 44 657 364 342 381 0 0 85 0 135 0 62 60 
151 154 75 0 109 92 0 77 74 436 0 42 38 19 42 658 350 339 411 0 0 87 0 135 0 62 60 
153 151 75 0 110 86 0 79 75 433 0 47 38 20 43 602 350 335 430 0 0 84 0 135 0 62 60 
156 159 73 0 110 87 0 80 75 421 0 47 38 21 43 657 261 361 445 0 0 81 0 135 0 62 60 
156 152 76 0 109 86 0 79 76 418 0 43 38 22 43 654 385 344 486 0 0 80 0 135 0 61 60 
149 147 77 0 107 92 0 77 76 430 0 40 38 23 45 634 375 339 442 0 0 88 0 135 0 60 60 
149 149 74 0 105 88 0 76 76 435 0 40 38 21 43 651 274 340 443 0 0 95 0 135 0 60 60 
149 158 72 0 103 89 0 77 76 426 0 40 38 23 43 678 238 341 422 0 0 99 0 135 0 60 60 
152 153 71 0 103 85 0 73 76 430 0 41 38 24 42 656 365 348 373 0 0 96 0 135 0 60 60 
152 153 74 0 103 82 0 70 76 438 0 40 38 24 44 643 308 345 388 0 0 94 0 135 0 60 60 
155 146 73 0 105 85 0 76 76 436 0 43 38 23 42 626 321 355 399 0 0 95 0 135 0 61 60 
154 151 71 0 107 88 0 74 76 427 0 41 38 22 43 634 288 342 403 0 0 93 0 135 0 61 60 
152 152 73 0 108 91 0 71 76 426 0 39 38 22 43 632 311 335 403 0 0 89 0 135 0 62 60 
152 148 72 0 110 84 0 75 75 429 0 41 38 20 44 627 401 329 454 0 0 86 0 135 0 62 60 
151 146 74 0 111 83 0 76 74 435 0 36 38 21 44 699 402 324 370 0 0 91 0 135 0 62 60 
156 146 75 0 113 83 0 82 74 427 0 35 38 22 45 639 301 346 360 0 0 94 0 135 0 62 60 
152 151 70 0 113 88 0 79 75 428 0 34 38 22 46 645 396 359 380 0 0 92 0 135 0 63 60 
153 153 73 0 113 84 0 73 76 440 0 31 38 23 45 619 396 326 395 0 0 90 0 135 0 63 60 
149 147 70 0 113 83 0 77 77 440 0 31 38 21 43 671 299 348 402 0 0 93 0 135 0 63 60 
151 147 75 0 111 81 0 77 77 431 0 32 38 20 42 665 215 368 473 0 0 93 0 135 0 63 60 
152 149 76 0 110 84 0 73 76 431 0 32 38 20 43 667 450 349 464 0 0 95 0 135 0 62 60 
148 152 74 0 108 88 0 75 74 437 0 31 38 20 41 622 488 348 482 0 0 98 0 135 0 61 60 
152 154 71 0 106 91 0 77 75 437 0 30 38 19 42 626 282 346 468 0 0 102 0 135 0 62 60 
153 150 71 0 105 89 0 78 76 433 0 28 38 17 44 631 338 338 462 0 0 101 0 135 0 61 60 
152 146 74 0 105 87 0 78 76 437 0 22 38 22 43 598 422 332 411 0 0 98 0 135 0 61 60 
151 150 72 0 106 87 0 72 76 438 0 30 37 21 45 627 203 351 366 0 0 93 0 135 0 61 60 
153 149 74 0 107 88 0 77 76 438 0 26 38 22 44 629 371 352 370 0 0 85 0 135 0 62 60 
152 152 75 0 108 94 0 78 75 427 0 30 38 22 45 629 336 346 429 0 0 88 0 135 0 61 60 
153 152 72 0 109 93 0 74 75 417 0 29 38 20 44 594 231 351 426 0 0 87 0 135 0 61 60 
150 149 79 0 109 88 0 74 75 431 0 31 38 22 42 627 382 341 418 0 0 89 0 135 0 61 60 
147 151 76 0 110 80 0 76 76 435 0 30 38 20 42 707 344 362 401 0 0 91 0 135 0 62 60 
152 145 77 0 111 86 0 73 76 428 0 29 38 21 42 664 245 349 325 0 0 88 0 135 0 62 60 
153 154 74 0 110 89 0 76 76 431 0 30 37 24 43 696 338 354 357 0 0 88 0 135 0 62 60 
150 147 73 0 110 86 0 74 76 438 0 28 38 23 44 654 285 366 370 0 0 92 0 135 0 61 60 
152 152 75 0 108 82 0 76 76 437 0 30 38 24 44 665 377 350 376 0 0 95 0 135 0 61 60 
152 160 76 0 107 83 0 79 76 428 0 29 38 24 44 662 350 384 445 0 0 93 0 135 0 61 60 
146 139 71 0 107 80 0 77 76 424 0 28 38 21 43 650 380 365 492 0 0 91 0 135 0 61 60 
153 146 76 0 106 79 0 79 75 425 0 29 38 19 42 638 311 350 534 0 0 92 0 135 0 62 60 
154 160 72 0 106 81 0 77 76 434 0 28 38 17 43 641 320 361 459 0 0 91 0 135 0 62 60 
148 154 71 0 108 88 0 77 74 427 0 27 38 22 43 627 296 348 432 0 0 91 0 135 0 61 60 
151 153 71 0 108 88 0 79 75 426 0 29 38 23 43 643 260 334 404 0 0 90 0 135 0 60 60 
149 147 70 0 109 83 0 76 74 437 0 26 38 23 43 679 386 380 418 0 0 93 0 135 0 59 60 
148 149 76 0 110 89 0 75 74 441 0 27 38 26 42 695 297 375 398 0 0 91 0 135 0 58 60 
150 151 71 0 110 95 0 72 76 435 0 27 38 27 43 629 375 373 415 0 0 89 0 135 0 58 60 
151 146 72 0 109 96 0 70 76 432 0 30 38 25 43 650 284 357 432 0 0 88 0 135 0 58 60 
149 145 76 0 109 88 0 75 78 436 0 29 38 26 44 632 266 346 406 0 0 90 0 135 0 58 60 
153 145 74 0 109 90 0 76 76 434 0 30 38 26 44 637 311 355 416 0 0 86 0 135 0 59 60 
150 150 71 0 108 90 0 73 75 434 0 30 38 27 45 661 351 355 423 0 0 89 0 135 0 59 60 
148 152 72 0 109 87 0 78 75 435 0 29 38 25 46 623 278 380 376 0 0 92 0 135 0 60 60 
156 143 73 0 108 83 0 80 75 435 0 32 38 23 52 617 253 378 362 0 0 93 0 135 0 60 60 
152 148 74 0 108 85 0 75 76 435 0 36 38 22 72 590 288 361 379 0 0 92 0 135 0 60 60 
152 150 73 0 107 82 0 78 77 430 0 34 38 20 46 635 318 382 413 0 0 92 0 135 0 60 60 
151 152 72 0 106 77 0 74 76 422 0 35 38 17 43 639 384 376 434 0 0 94 0 135 0 60 60 
151 154 74 0 105 78 0 77 76 430 0 34 38 16 43 670 378 354 454 0 0 94 0 135 0 60 60 
153 150 78 0 105 83 0 75 75 439 0 31 38 13 42 687 358 352 494 0 0 93 0 135 0 60 60 
152 151 75 0 105 86 0 74 74 427 0 34 38 14 41 651 293 374 464 0 0 89 0 135 0 61 60 
154 151 73 0 106 81 0 75 74 425 0 32 38 14 40 654 329 373 433 0 0 87 0 135 0 61 60 
152 152 71 0 107 84 0 73 75 430 0 32 38 14 39 662 265 385 471 0 0 87 0 135 0 61 60 
150 156 72 0 107 87 0 74 76 434 0 35 38 15 40 640 373 379 395 0 0 93 0 135 0 61 60 
153 153 71 0 109 91 0 77 77 429 0 35 38 17 40 650 307 351 378 0 0 100 0 135 0 62 60 
154 154 72 0 109 85 0 76 77 429 0 34 38 20 41 673 243 363 411 0 0 107 0 135 0 63 60 
156 155 73 0 110 85 0 76 77 431 0 36 38 21 42 628 275 386 446 0 0 108 0 135 0 64 60 
155 151 72 0 112 86 0 76 76 434 0 38 38 24 41 687 354 358 404 0 0 107 0 135 0 62 60 
152 154 72 0 113 87 0 69 75 430 0 38 38 23 41 654 346 362 459 0 0 102 0 135 0 62 60 
151 154 74 0 115 88 0 71 76 423 0 34 38 24 42 636 319 355 378 0 0 87 0 135 0 63 60 
152 158 73 0 115 85 0 73 76 433 0 38 38 24 42 668 258 355 387 0 0 85 0 135 0 63 60 
148 146 75 0 114 88 0 72 76 443 0 37 38 22 42 682 362 361 388 0 0 83 0 135 0 64 60 
155 148 74 0 112 87 0 76 76 434 0 35 38 21 42 689 235 362 369 0 0 86 0 135 0 63 60 
151 157 73 0 111 86 0 78 75 430 0 32 38 22 43 624 445 372 382 0 0 94 0 135 0 62 60 
147 158 73 0 109 88 0 75 75 433 0 33 38 21 43 656 335 370 490 0 0 95 0 135 0 62 60 
150 154 74 0 108 96 0 77 76 440 0 35 38 21 42 638 334 361 483 0 0 95 0 135 0 62 60 
148 147 74 0 107 94 0 76 76 436 0 36 38 21 44 634 198 354 476 0 0 98 0 135 0 62 60 
148 149 72 0 106 91 0 77 77 438 0 38 38 22 44 601 307 370 498 0 0 103 0 135 0 62 60 
152 153 72 0 105 85 0 76 76 432 0 35 38 22 43 642 310 367 453 0 0 103 0 135 0 63 60 
150 153 73 0 107 92 0 71 76 433 0 33 38 24 42 645 264 350 395 0 0 102 0 135 0 64 60 
150 147 72 0 106 92 0 76 76 428 0 31 38 25 42 660 358 365 392 0 0 96 0 135 0 64 60 
154 145 75 0 107 88 0 75 76 418 0 37 38 24 42 695 363 331 418 0 0 93 0 135 0 64 60 
148 149 72 0 107 82 0 73 75 428 0 37 38 24 42 653 258 357 401 0 0 90 0 135 0 64 60 
151 152 73 0 106 83 0 80 76 438 0 38 38 24 42 675 334 350 403 0 0 85 0 135 0 63 60 
151 144 75 0 108 81 0 77 76 430 0 40 38 21 42 688 308 348 387 0 0 83 0 135 0 62 60 
155 144 74 0 108 78 0 78 75 430 0 41 38 21 43 632 393 375 495 0 0 83 0 135 0 62 60 
150 152 75 0 107 80 0 76 75 437 0 46 38 17 42 650 331 333 387 0 0 84 0 135 0 61 60 
154 152 72 0 107 83 0 74 76 442 0 40 38 23 42 636 244 365 365 0 0 80 0 135 0 60 60 
151 150 71 0 106 80 0 81 76 433 0 31 38 22 44 666 380 345 365 0 0 79 0 135 0 59 60 
151 154 72 0 105 80 0 75 75 426 0 30 38 18 43 636 406 364 373 0 0 80 0 135 0 59 60 
151 151 74 0 105 91 0 73 75 425 0 28 38 21 43 616 366 352 440 0 0 81 0 135 0 59 60 
154 153 74 0 106 92 0 78 75 431 0 27 38 20 43 646 376 369 470 0 0 80 0 135 0 59 60 
151 146 70 0 105 88 0 74 76 429 0 27 38 21 42 593 460 376 469 0 0 88 0 135 0 60 60 
153 152 68 0 106 83 0 77 75 424 0 29 38 21 43 639 308 354 466 0 0 93 0 135 0 59 60 
155 154 74 0 105 89 0 75 75 432 0 32 38 24 43 691 263 351 470 0 0 99 0 135 0 60 60 
149 150 75 0 105 89 0 74 76 441 0 35 38 22 43 665 290 368 478 0 0 99 0 135 0 59 60 
153 154 73 0 105 87 0 76 76 434 0 36 38 20 44 676 354 354 434 0 0 100 0 135 0 59 60 
153 151 75 0 106 86 0 77 78 424 0 35 38 22 42 640 222 353 380 0 0 104 0 135 0 59 60 
148 154 71 0 107 86 0 75 75 427 0 35 38 22 44 656 316 350 417 0 0 98 0 135 0 59 60 
148 151 76 0 109 84 0 80 76 432 0 32 38 26 42 634 276 343 434 0 0 93 0 135 0 60 60 
154 152 74 0 110 85 0 76 74 432 0 35 38 28 43 621 372 324 421 0 0 94 0 135 0 60 60 
155 156 75 0 109 88 0 74 74 437 0 35 38 26 43 632 415 355 382 0 0 94 0 135 0 60 60 
149 145 75 0 108 89 0 76 74 435 0 37 38 26 44 648 213 341 441 0 0 96 0 135 0 60 60 
150 148 74 0 107 88 0 75 75 439 0 34 38 26 42 657 244 362 356 0 0 98 0 135 0 60 60 
148 163 75 0 104 84 0 76 76 429 0 34 38 24 43 614 406 387 352 0 0 96 0 135 0 60 60 
146 154 73 0 103 86 0 78 77 418 0 30 38 22 42 700 353 360 368 0 0 93 0 135 0 60 60 
154 155 72 0 103 86 0 72 76 427 0 31 38 20 44 710 280 337 408 0 0 95 0 135 0 60 60 
150 149 72 0 104 85 0 79 77 439 0 28 38 21 44 688 218 336 416 0 0 94 0 135 0 60 60 
153 153 73 0 106 82 0 82 77 432 0 29 38 19 44 662 371 365 443 0 0 88 0 135 0 59 60 
152 155 76 0 108 83 0 76 76 428 0 27 38 18 45 653 296 339 519 0 0 84 0 135 0 59 60 
150 146 76 0 110 87 0 83 76 434 0 31 38 22 45 615 359 342 493 0 0 83 0 135 0 60 60 
150 145 72 0 111 91 0 79 75 439 0 26 38 22 44 658 276 369 440 0 0 83 0 135 0 60 60 
152 149 74 0 111 88 0 76 75 431 0 27 38 20 43 647 358 384 456 0 0 89 0 135 0 60 60 
152 149 70 0 113 82 0 76 75 425 0 27 38 25 41 672 359 346 423 0 0 95 0 135 0 60 60 
152 151 74 0 113 84 0 73 75 428 0 27 38 27 41 599 249 341 391 0 0 96 0 135 0 60 60 
155 145 76 0 113 86 0 72 73 435 0 26 38 28 42 623 358 348 408 0 0 93 0 135 0 60 60 
149 150 73 0 112 90 0 75 75 430 0 29 38 28 43 646 283 353 435 0 0 99 0 135 0 60 60 
150 147 73 0 110 90 0 73 76 426 0 27 38 28 43 643 277 343 455 0 0 102 0 135 0 60 60 
155 149 74 0 109 91 0 75 75 433 0 30 38 23 44 672 366 328 438 0 0 102 0 135 0 60 60 
149 153 73 0 108 83 0 73 77 442 0 28 38 23 45 635 354 344 434 0 0 106 0 135 0 60 60 
152 152 74 0 106 84 0 72 76 433 0 27 38 22 45 659 316 323 376 0 0 100 0 135 0 59 60 
152 150 75 0 106 88 0 80 76 430 0 30 38 21 44 620 304 353 401 0 0 91 0 135 0 59 60 
153 150 71 0 106 92 0 79 76 431 0 26 38 19 43 660 228 333 336 0 0 87 0 135 0 59 60 
156 152 72 0 107 88 0 76 77 435 0 29 38 18 44 652 357 322 390 0 0 88 0 135 0 59 60 
149 158 74 0 108 85 0 77 76 431 0 33 38 16 42 643 372 348 480 0 0 87 0 135 0 58 60 
151 156 74 0 108 85 0 72 75 437 0 33 38 14 42 672 384 362 481 0 0 85 0 135 0 58 60 
153 155 73 0 110 85 0 77 75 438 0 33 38 16 44 642 204 328 482 0 0 87 0 135 0 58 60 
149 155 73 0 109 80 0 75 75 438 0 30 38 20 43 642 317 364 439 0 0 90 0 135 0 58 60 
147 152 73 0 110 79 0 72 73 433 0 32 38 23 42 669 285 315 473 0 0 87 0 135 0 58 60 
147 156 74 0 110 84 0 79 74 420 0 28 38 23 43 701 277 337 425 0 0 89 0 135 0 58 60 
152 153 75 0 109 87 0 77 74 431 0 28 38 26 44 661 377 336 439 0 0 92 0 135 0 58 60 
152 158 74 0 109 91 0 72 76 440 0 30 38 26 43 656 270 338 374 0 0 93 0 135 0 59 60 
152 144 73 0 108 89 0 77 76 431 0 27 38 25 42 661 351 366 392 0 0 101 0 135 0 59 60 
152 147 75 0 107 91 0 73 77 424 0 30 38 25 41 625 392 341 411 0 0 98 0 135 0 59 60 
149 160 73 0 105 89 0 76 78 432 0 28 38 24 44 630 292 352 430 0 0 96 0 135 0 60 60 
150 158 74 0 105 87 0 79 76 436 0 26 38 26 44 628 410 341 446 0 0 93 0 135 0 60 60 
153 153 75 0 106 89 0 72 74 429 0 29 38 25 42 630 322 348 390 0 0 90 0 135 0 61 60 
151 149 74 0 107 93 0 75 75 424 0 27 38 25 43 617 339 333 361 0 0 90 0 135 0 61 60 
151 150 69 0 108 90 0 76 76 423 0 26 38 23 38 618 326 323 417 0 0 87 0 135 0 61 60 
150 156 75 0 109 81 0 73 76 433 0 29 38 20 43 634 268 379 394 0 0 86 0 135 0 61 60 
148 155 73 0 109 80 0 74 74 431 0 28 38 18 42 657 217 376 406 0 0 82 0 135 0 61 60 
152 148 73 0 108 83 0 78 75 428 0 27 38 16 42 635 334 391 450 0 0 84 0 135 0 59 60 
150 148 74 0 108 82 0 76 74 433 0 29 38 16 44 668 431 376 437 0 0 85 0 135 0 59 60 
154 154 74 0 108 78 0 79 75 444 0 28 38 17 43 637 292 350 444 0 0 84 0 135 0 59 60 
155 153 72 0 108 86 0 78 75 440 0 27 38 19 44 635 361 362 435 0 0 91 0 135 0 59 60 
151 148 73 0 108 89 0 76 76 432 0 28 38 20 43 655 346 341 441 0 0 98 0 135 0 60 60 
154 146 72 0 109 94 0 79 77 432 0 30 38 22 44 658 297 336 428 0 0 102 0 135 0 61 60 
151 150 74 0 108 86 0 78 77 437 0 28 38 23 43 674 223 364 443 0 0 102 0 135 0 61 60 
150 151 73 0 107 87 0 74 78 434 0 27 38 23 43 631 318 391 441 0 0 94 0 135 0 62 60 
153 151 76 0 107 83 0 80 76 436 0 29 38 21 42 647 327 320 399 0 0 89 0 135 0 63 60 
155 155 76 0 105 83 0 70 78 437 0 29 38 20 43 633 297 355 407 0 0 87 0 135 0 63 60 
150 150 76 0 105 82 0 71 76 438 0 28 38 23 42 673 372 317 410 0 0 87 0 135 0 62 60 
150 153 75 0 105 88 0 74 76 430 0 28 38 22 43 622 334 324 445 0 0 87 0 135 0 62 60 
150 149 73 0 106 87 0 73 74 416 0 27 38 22 44 688 339 343 400 0 0 86 0 135 0 61 60 
149 149 76 0 106 84 0 78 75 424 0 27 38 22 43 668 278 313 390 0 0 89 0 135 0 60 60 
156 158 77 0 106 82 0 76 74 433 0 28 38 23 43 660 249 366 387 0 0 94 0 135 0 59 60 
149 151 74 0 107 83 0 74 76 432 0 28 38 22 43 656 361 346 381 0 0 94 0 135 0 60 60 
145 151 72 0 108 84 0 82 75 422 0 29 38 23 43 650 344 378 415 0 0 92 0 135 0 59 60 
152 153 73 0 109 85 0 76 77 429 0 28 38 23 42 651 235 343 484 0 0 93 0 135 0 59 60 
150 151 78 0 110 90 0 73 76 437 0 28 38 22 43 633 251 341 468 0 0 99 0 135 0 58 60 
154 152 75 0 112 93 0 77 77 432 0 28 38 21 44 596 379 340 451 0 0 96 0 135 0 60 60 
153 152 76 0 113 95 0 75 77 425 0 30 38 21 44 642 316 374 433 0 0 97 0 135 0 59 60 
150 159 72 0 115 92 0 77 76 424 0 28 38 19 43 644 280 353 499 0 0 93 0 135 0 59 60 
153 145 76 0 114 89 0 76 77 429 0 29 38 18 43 619 340 323 419 0 0 84 0 135 0 59 60 
150 147 76 0 113 90 0 72 75 430 0 28 38 19 45 640 287 336 375 0 0 88 0 135 0 59 60 
148 160 75 0 112 91 0 75 75 422 0 31 38 19 44 647 374 332 373 0 0 87 0 135 0 59 60 
152 158 75 0 110 87 0 77 74 435 0 29 38 18 44 662 238 345 397 0 0 83 0 135 0 58 60 
152 157 73 0 110 84 0 73 75 444 0 31 38 21 43 698 311 340 395 0 0 81 0 135 0 58 60 
149 152 72 0 108 86 0 75 75 438 0 27 38 21 42 653 366 348 448 0 0 77 0 135 0 58 60 
150 152 76 0 108 80 0 76 75 429 0 30 38 22 42 676 367 359 417 0 0 78 0 135 0 59 60 
153 151 71 0 107 84 0 72 76 433 0 32 38 21 44 632 344 362 368 0 0 80 0 135 0 60 60 
151 155 75 0 107 90 0 70 76 439 0 32 38 22 43 636 218 345 369 0 0 82 0 135 0 62 60 
154 146 73 0 107 93 0 73 76 436 0 35 38 21 43 651 336 343 361 0 0 92 0 135 0 62 60 
151 145 74 0 107 87 0 76 75 437 0 33 38 23 42 680 416 340 376 0 0 100 0 135 0 62 60 
155 152 74 0 107 84 0 76 78 436 0 31 38 23 43 632 316 357 450 0 0 100 0 135 0 61 60 
152 150 73 0 108 86 0 75 76 436 0 33 38 23 44 607 360 353 428 0 0 94 0 135 0 61 60 
152 148 73 0 108 92 0 76 76 436 0 32 38 23 43 610 374 364 491 0 0 93 0 135 0 60 60 
148 145 74 0 107 88 0 74 75 416 0 33 38 24 44 695 212 388 454 0 0 91 0 135 0 59 60 
156 148 73 0 109 82 0 74 76 425 0 34 38 21 43 668 275 370 444 0 0 85 0 135 0 59 60 
151 150 76 0 107 79 0 78 75 439 0 31 38 18 44 666 384 359 435 0 0 88 0 135 0 59 60 
149 148 77 0 107 78 0 77 76 434 0 31 38 20 43 640 324 371 360 0 0 91 0 135 0 58 60 
151 154 73 0 107 76 0 73 76 428 0 30 38 19 44 592 366 357 366 0 0 93 0 135 0 58 60 
153 151 72 0 106 76 0 74 75 435 0 31 38 22 43 673 234 358 384 0 0 93 0 135 0 57 60 
151 150 67 0 107 79 0 72 74 435 0 31 38 21 43 604 322 361 437 0 0 100 0 135 0 57 60 
159 149 76 0 107 83 0 76 74 431 0 29 38 22 43 632 385 372 402 0 0 105 0 135 0 57 60 
145 150 74 0 107 86 0 75 75 426 0 27 38 24 44 655 254 376 470 0 0 109 0 135 0 58 60 
148 154 74 0 106 87 0 73 75 427 0 29 38 25 42 679 462 362 367 0 0 108 0 135 0 58 60 
150 152 74 0 106 91 0 80 75 432 0 28 38 23 42 598 229 363 405 0 0 98 0 135 0 58 60 
152 148 73 0 106 86 0 77 75 430 0 27 38 23 43 641 334 350 398 0 0 87 0 135 0 58 60 
150 156 75 0 105 86 0 76 75 424 0 30 38 26 43 704 367 368 365 0 0 81 0 135 0 58 60 
152 150 74 0 106 85 0 81 75 432 0 27 38 27 44 680 251 376 403 0 0 84 0 135 0 58 60 
149 151 74 0 107 90 0 76 76 442 0 26 38 26 44 686 306 333 485 0 0 85 0 135 0 59 60 
151 151 73 0 109 93 0 75 77 437 0 27 38 24 44 646 508 370 466 0 0 89 0 135 0 60 60 
154 156 74 0 110 89 0 73 76 428 0 26 38 22 45 642 251 364 459 0 0 93 0 135 0 60 60 
152 148 76 0 109 85 0 73 75 430 0 30 38 20 45 669 281 348 426 0 0 99 0 135 0 60 60 
150 145 75 0 107 87 0 79 73 433 0 28 38 19 44 653 282 379 463 0 0 95 0 135 0 60 60 
152 153 75 0 104 89 0 75 74 433 0 27 38 17 45 637 396 358 413 0 0 97 0 135 0 59 60 
150 160 73 0 103 85 0 74 75 434 0 29 38 14 46 640 303 390 406 0 0 98 0 135 0 59 60 
155 150 70 0 102 88 0 77 75 435 0 27 38 14 45 616 367 380 402 0 0 98 0 135 0 58 60 
152 151 72 0 103 88 0 75 75 433 0 26 38 15 43 658 225 386 393 0 0 100 0 135 0 58 60 
151 147 74 0 104 90 0 79 76 429 0 28 38 14 42 674 396 380 419 0 0 96 0 135 0 58 60 
154 149 75 0 106 86 0 74 78 417 0 27 38 15 42 658 316 379 397 0 0 96 0 135 0 57 60 
151 156 71 0 107 88 0 76 76 428 0 29 38 17 41 651 279 376 459 0 0 92 0 135 0 57 60 
154 149 72 0 110 89 0 78 77 438 0 29 38 19 41 643 262 378 361 0 0 89 0 135 0 57 60 
152 146 75 0 111 93 0 73 77 434 0 26 38 20 43 653 401 391 333 0 0 86 0 135 0 57 60 
149 151 75 0 112 91 0 73 77 432 0 27 38 22 42 622 336 377 350 0 0 84 0 135 0 57 60 
148 148 73 0 113 92 0 78 76 439 0 25 38 25 44 687 236 381 406 0 0 90 0 135 0 57 60 
152 149 72 0 114 92 0 76 76 439 0 25 38 23 45 625 321 403 438 0 0 90 0 135 0 57 60 
150 146 70 0 113 83 0 73 76 433 0 27 38 23 45 629 256 367 457 0 0 91 0 135 0 57 60 
152 146 73 0 112 76 0 76 75 428 0 23 38 23 44 596 343 395 456 0 0 95 0 135 0 58 60 
149 149 76 0 110 80 0 81 76 429 0 26 38 24 44 663 369 359 473 0 0 98 0 135 0 58 60 
149 150 72 0 108 88 0 79 75 433 0 25 38 22 42 658 361 406 427 0 0 101 0 135 0 58 60 
152 155 73 0 107 86 0 79 75 434 0 25 38 21 43 616 247 411 427 0 0 101 0 135 0 59 60 
153 154 73 0 107 80 0 77 74 425 0 25 38 21 44 699 288 374 376 0 0 99 0 135 0 59 60 
151 150 74 0 106 83 0 78 75 435 0 24 38 22 43 644 295 366 371 0 0 98 0 135 0 58 60 
150 152 76 0 106 88 0 77 76 442 0 25 38 20 44 690 272 372 409 0 0 93 0 135 0 58 60 
151 155 76 0 108 90 0 76 77 438 0 24 38 21 44 648 337 349 419 0 0 95 0 135 0 58 60 
149 154 74 0 108 91 0 78 77 429 0 23 38 23 42 652 214 373 436 0 0 91 0 135 0 58 60 
151 155 75 0 109 91 0 73 77 433 0 24 38 25 43 625 401 382 395 0 0 87 0 135 0 58 60 
153 151 77 0 110 86 0 74 76 435 0 23 38 24 43 637 445 392 415 0 0 91 0 135 0 57 60 
151 158 79 0 110 82 0 76 74 433 0 23 38 23 44 627 199 387 326 0 0 91 0 135 0 57 60 
151 150 73 0 111 83 0 70 75 432 0 23 38 21 43 598 319 385 390 0 0 90 0 135 0 59 60 
148 154 74 0 110 88 0 74 75 436 0 23 38 21 42 643 358 370 370 0 0 89 0 135 0 60 60 
150 156 72 0 110 85 0 78 76 439 0 24 38 20 43 666 296 364 407 0 0 89 0 135 0 61 60 
153 160 76 0 109 83 0 74 75 430 0 24 38 21 44 602 319 361 453 0 0 92 0 135 0 61 60 
153 150 76 0 107 84 0 83 76 420 0 25 38 22 42 637 394 353 458 0 0 87 0 135 0 61 60 
153 145 72 0 107 87 0 75 75 433 0 22 38 23 44 678 213 375 528 0 0 85 0 135 0 62 60 
154 154 72 0 106 85 0 73 76 441 0 24 38 21 43 666 339 355 428 0 0 82 0 135 0 61 60 
149 159 73 0 106 83 0 75 76 429 0 24 38 21 43 661 382 348 421 0 0 82 0 135 0 59 60 
152 150 71 0 107 86 0 74 76 426 0 23 38 20 42 601 351 362 439 0 0 87 0 135 0 59 60 
150 150 76 0 108 96 0 74 76 431 0 22 38 21 42 674 224 352 412 0 0 89 0 135 0 58 60 
153 152 73 0 108 97 0 74 76 436 0 24 38 22 44 605 323 384 373 0 0 89 0 135 0 58 60 
153 148 72 0 108 98 0 74 76 433 0 23 38 23 43 639 472 375 376 0 0 96 0 135 0 59 60 
152 155 71 0 107 92 0 81 76 427 0 23 38 22 44 665 259 349 366 0 0 104 0 135 0 60 60 
148 145 72 0 107 92 0 77 77 425 0 21 38 20 43 654 367 378 379 0 0 105 0 135 0 60 60 
152 148 71 0 107 87 0 75 77 432 0 22 38 20 43 673 358 366 445 0 0 100 0 135 0 61 60 
154 150 76 0 108 84 0 78 76 435 0 24 38 23 42 663 358 378 439 0 0 98 0 135 0 61 60 
147 151 71 0 109 83 0 77 75 423 0 25 38 24 42 704 327 388 359 0 0 94 0 135 0 61 60 
152 149 73 0 109 87 0 75 74 431 0 27 38 25 43 677 307 341 415 0 0 93 0 135 0 60 60 
148 147 73 0 109 83 0 74 76 437 0 29 38 27 42 684 237 318 407 0 0 95 0 135 0 60 60 
150 151 79 0 108 82 0 74 76 435 0 29 38 25 43 605 366 378 389 0 0 93 0 135 0 60 60 
153 153 73 0 108 90 0 77 77 426 0 29 38 24 43 636 274 388 485 0 0 95 0 135 0 60 60 
148 153 74 0 107 95 0 75 76 431 0 30 38 24 43 651 331 368 489 0 0 88 0 135 0 60 60 
153 156 74 0 106 92 0 73 75 435 0 28 38 22 42 627 304 358 449 0 0 84 0 135 0 59 60 
152 155 75 0 105 84 0 81 75 438 0 30 38 22 44 651 288 355 483 0 0 84 0 135 0 59 60 
153 150 75 0 107 85 0 81 75 439 0 29 38 22 43 652 221 351 482 0 0 84 0 135 0 59 60 
148 154 75 0 106 86 0 78 75 442 0 32 38 20 43 607 321 348 416 0 0 90 0 135 0 59 60 
156 153 69 0 108 86 0 75 75 441 0 29 38 17 42 591 286 326 408 0 0 94 0 135 0 60 60 
148 152 72 0 107 85 0 78 75 434 0 31 38 20 42 660 462 337 363 0 0 95 0 135 0 61 60 
150 155 75 0 108 85 0 77 76 421 0 34 38 22 44 685 274 365 407 0 0 97 0 135 0 62 60 
160 148 75 0 109 84 0 76 74 430 0 35 38 22 43 688 407 339 401 0 0 98 0 135 0 61 60 
154 154 73 0 110 85 0 74 75 441 0 36 38 23 44 643 265 328 422 0 0 95 0 135 0 60 60 
150 152 72 0 111 91 0 75 75 431 0 36 38 26 43 643 410 350 440 0 0 97 0 135 0 59 60 
157 153 71 0 113 91 0 72 76 429 0 34 38 28 45 602 198 362 405 0 0 96 0 135 0 59 60 
152 153 74 0 114 87 0 74 76 431 0 32 38 28 44 657 309 356 406 0 0 94 0 135 0 59 60 
153 156 76 0 114 84 0 69 77 435 0 30 38 28 44 654 365 374 399 0 0 86 0 135 0 58 60 
148 152 75 0 113 83 0 77 77 429 0 26 38 27 43 641 344 368 364 0 0 81 0 135 0 58 60 
150 146 71 0 111 87 0 75 76 420 0 26 38 23 43 645 274 383 404 0 0 80 0 135 0 58 60 
147 149 72 0 110 89 0 75 78 425 0 28 38 22 43 610 311 357 482 0 0 82 0 135 0 58 60 
154 161 74 0 109 87 0 76 75 433 0 27 38 20 43 648 383 341 496 0 0 84 0 135 0 58 60 
153 155 71 0 108 86 0 77 74 432 0 27 38 20 44 690 384 348 476 0 0 90 0 135 0 58 60 
131 152 73 0 107 87 0 77 75 425 0 28 38 20 43 700 351 366 430 0 0 97 0 135 0 58 60 
158 151 75 0 107 89 0 75 75 431 0 27 38 19 44 630 369 367 434 0 0 102 0 135 0 58 60 
157 149 70 0 106 86 0 74 75 440 0 30 38 16 42 659 330 362 412 0 0 102 0 135 0 59 60 
152 154 77 0 106 85 0 80 77 437 0 26 38 15 43 632 201 380 435 0 0 98 0 135 0 60 60 
138 150 72 0 106 83 0 73 77 429 0 30 38 19 44 632 378 367 385 0 0 92 0 135 0 59 60 
153 145 73 0 107 86 0 74 76 432 0 31 38 21 43 685 391 383 390 0 0 90 0 135 0 61 60 
154 145 73 0 108 84 0 74 76 434 0 24 38 22 43 629 389 363 434 0 0 90 0 135 0 60 60 
153 152 72 0 109 84 0 75 76 435 0 32 38 25 42 612 228 362 431 0 0 91 0 135 0 59 60 
156 152 73 0 109 88 0 77 76 440 0 28 38 26 44 620 425 365 423 0 0 91 0 135 0 59 60 
151 147 74 0 108 84 0 74 76 438 0 30 38 26 43 654 318 367 369 0 0 95 0 135 0 60 60 
152 149 72 0 107 80 0 74 75 434 0 31 38 25 44 598 304 369 390 0 0 95 0 135 0 60 60 
152 150 75 0 107 83 0 76 75 432 0 26 38 24 43 669 413 354 371 0 0 99 0 135 0 60 60 
149 152 69 0 106 94 0 71 75 420 0 30 38 24 42 648 173 384 377 0 0 99 0 135 0 60 60 
151 150 72 0 106 93 0 70 75 425 0 30 38 26 43 690 447 386 482 0 0 96 0 135 0 59 60 
152 155 74 0 107 85 0 75 77 440 0 31 38 25 42 632 324 360 461 0 0 92 0 135 0 60 60 
151 152 75 0 107 82 0 73 77 436 0 32 38 24 43 634 270 373 504 0 0 91 0 135 0 61 60 
152 150 73 0 107 86 0 80 77 427 0 34 38 23 43 633 311 372 495 0 0 91 0 135 0 62 60 
153 150 71 0 107 83 0 73 76 430 0 38 38 20 43 670 283 366 463 0 0 95 0 135 0 61 60 
154 146 75 0 106 79 0 78 74 436 0 39 38 18 41 661 324 386 446 0 0 97 0 135 0 61 60 
152 154 73 0 106 85 0 77 74 433 0 36 38 15 41 651 213 370 414 0 0 97 0 135 0 61 60 
149 149 75 0 106 83 0 76 75 427 0 34 38 16 41 651 353 362 361 0 0 93 0 135 0 62 60 
153 153 74 0 107 81 0 77 76 424 0 35 38 18 42 680 336 352 387 0 0 83 0 135 0 61 60 
154 153 71 0 108 80 0 75 75 432 0 29 38 18 43 637 314 371 418 0 0 81 0 135 0 61 60 
151 149 75 0 110 87 0 72 75 433 0 28 38 20 44 657 382 393 440 0 0 83 0 135 0 60 60 
151 150 74 0 111 82 0 70 76 428 0 29 38 22 45 709 320 347 469 0 0 86 0 135 0 62 60 
148 156 71 0 111 81 0 76 75 428 0 29 38 23 45 661 269 385 413 0 0 86 0 135 0 62 60 
149 158 74 0 109 84 0 76 76 442 0 27 38 22 44 675 278 340 359 0 0 93 0 135 0 62 60 
152 143 74 0 108 88 0 80 76 441 0 27 38 23 43 655 276 377 374 0 0 96 0 135 0 62 60 
152 148 71 0 105 92 0 75 75 431 0 28 38 25 42 686 283 370 411 0 0 91 0 135 0 62 60 
149 158 75 0 104 89 0 75 76 432 0 26 38 24 42 603 440 385 391 0 0 89 0 135 0 62 60 
152 161 71 0 104 85 0 79 76 435 0 30 38 23 42 607 217 381 457 0 0 91 0 135 0 61 60 
151 152 74 0 104 90 0 79 77 431 0 28 38 23 43 641 358 375 438 0 0 91 0 135 0 61 60 
152 149 70 0 106 93 0 72 75 435 0 30 38 22 44 676 369 375 526 0 0 86 0 135 0 61 60 
151 147 71 0 107 94 0 77 76 435 0 32 38 19 43 665 261 348 440 0 0 87 0 135 0 62 60 
150 152 75 0 108 92 0 73 75 434 0 31 38 20 44 582 374 382 475 0 0 85 0 135 0 62 60 
149 149 74 0 110 90 0 74 75 431 0 35 38 21 46 680 246 360 413 0 0 91 0 135 0 61 60 
151 141 71 0 111 89 0 78 75 417 0 34 38 22 45 627 409 351 400 0 0 94 0 135 0 61 60 
151 141 74 0 112 87 0 75 74 419 0 32 38 22 43 643 390 345 405 0 0 97 0 135 0 62 60 
153 147 71 0 113 90 0 75 76 435 0 33 38 20 43 676 280 375 428 0 0 107 0 135 0 63 60 
154 148 73 0 113 93 0 75 74 432 0 35 38 20 43 649 375 376 399 0 0 109 0 135 0 63 60 
156 142 74 0 112 90 0 78 75 426 0 35 38 20 43 668 297 332 381 0 0 111 0 135 0 62 60 
154 147 72 0 111 81 0 79 75 427 0 38 38 20 43 602 280 359 466 0 0 104 0 135 0 62 60 
149 148 72 0 109 83 0 74 77 438 0 32 38 21 44 666 238 350 373 0 0 94 0 135 0 61 60 
147 152 71 0 107 85 0 74 76 432 0 37 38 18 43 690 338 335 364 0 0 84 0 135 0 61 60 
146 132 72 0 106 85 0 77 75 429 0 35 38 20 44 644 302 351 390 0 0 81 0 135 0 60 60 
156 137 74 0 106 79 0 73 76 428 0 32 38 19 44 632 237 352 424 0 0 85 0 135 0 60 60 
152 150 73 0 106 83 0 77 75 435 0 30 38 22 44 658 453 347 407 0 0 86 0 135 0 60 60 
152 150 73 0 107 87 0 77 76 436 0 28 38 22 44 670 253 356 476 0 0 94 0 135 0 60 60 
152 153 72 0 107 86 0 75 76 432 0 26 38 23 43 684 314 358 456 0 0 90 0 135 0 60 60 
152 152 75 0 108 84 0 78 77 432 0 26 38 20 43 656 330 359 447 0 0 91 0 135 0 59 60 
150 158 72 0 108 86 0 72 76 442 0 28 38 20 43 640 349 351 448 0 0 95 0 135 0 60 60 
152 154 72 0 110 87 0 77 76 438 0 26 38 21 43 573 302 354 487 0 0 90 0 135 0 59 60 
152 156 72 0 110 87 0 84 75 431 0 30 38 22 43 633 255 346 427 0 0 90 0 135 0 59 60 
152 157 73 0 110 89 0 78 74 430 0 27 38 24 44 648 393 333 425 0 0 90 0 135 0 60 60 
153 152 74 0 110 87 0 80 74 437 0 28 38 24 44 615 348 365 409 0 0 89 0 135 0 59 60 
147 155 75 0 108 84 0 77 76 433 0 29 38 24 44 660 278 341 384 0 0 90 0 135 0 60 60 
152 157 73 0 108 81 0 77 76 434 0 26 38 21 44 622 296 308 409 0 0 92 0 135 0 61 60 
154 151 73 0 107 86 0 75 77 434 0 29 38 20 45 646 246 343 411 0 0 97 0 135 0 62 60 
151 148 74 0 106 95 0 72 77 435 0 28 38 18 47 621 276 349 398 0 0 103 0 135 0 62 60 
149 154 75 0 106 93 0 70 76 435 0 29 38 18 53 660 391 348 384 0 0 98 0 135 0 63 60 
152 163 73 0 107 85 0 74 75 425 0 29 38 21 45 700 318 331 417 0 0 94 0 135 0 63 60 
149 159 77 0 108 81 0 75 75 424 0 33 38 23 44 654 349 338 371 0 0 85 0 135 0 62 60 
153 153 70 0 109 84 0 71 75 441 0 32 38 24 42 675 362 367 376 0 0 84 0 135 0 61 60 
148 152 75 0 109 86 0 77 76 433 0 29 38 26 42 635 311 357 415 0 0 86 0 135 0 61 60 
150 153 71 0 109 87 0 77 75 427 0 32 38 26 41 682 384 354 477 0 0 85 0 135 0 59 60 
153 153 71 0 108 86 0 75 75 430 0 30 38 23 42 656 275 326 511 0 0 91 0 135 0 59 60 
154 149 73 0 109 87 0 78 74 438 0 31 38 25 42 655 407 333 493 0 0 95 0 135 0 58 60 
151 143 70 0 109 85 0 77 74 432 0 31 38 24 41 638 202 328 463 0 0 94 0 135 0 58 60 
152 152 73 0 109 87 0 74 75 425 0 29 38 25 42 657 477 325 502 0 0 89 0 135 0 58 60 
150 152 72 0 109 85 0 76 76 423 0 27 38 25 42 632 371 352 457 0 0 87 0 135 0 57 60 
153 150 73 0 109 89 0 71 75 434 0 29 38 22 42 642 308 345 403 0 0 87 0 135 0 57 60 
157 148 73 0 109 84 0 80 76 434 0 27 38 22 43 670 240 364 389 0 0 89 0 135 0 57 60 
148 148 72 0 108 79 0 75 75 429 0 27 38 21 43 673 270 345 402 0 0 89 0 135 0 57 60 
151 150 75 0 107 84 0 74 75 429 0 26 38 18 43 646 493 376 361 0 0 90 0 135 0 58 60 
151 155 75 0 106 88 0 77 75 443 0 26 38 17 43 650 251 384 400 0 0 91 0 135 0 58 60 
152 152 76 0 105 90 0 76 75 436 0 29 38 13 43 665 342 336 493 0 0 91 0 135 0 59 60 
150 155 76 0 105 88 0 75 76 433 0 27 38 14 42 619 289 335 404 0 0 94 0 135 0 59 60 
152 151 73 0 105 91 0 78 75 430 0 26 38 15 43 628 293 343 356 0 0 93 0 135 0 60 60 
146 149 73 0 105 89 0 73 76 436 0 28 38 14 43 636 230 346 400 0 0 89 0 135 0 60 60 
150 153 74 0 107 89 0 78 76 432 0 30 38 14 43 657 385 339 382 0 0 90 0 135 0 60 60 
152 149 73 0 106 85 0 74 77 434 0 31 38 17 44 619 316 342 410 0 0 88 0 135 0 60 60 
150 153 74 0 108 87 0 70 75 437 0 31 38 18 42 631 308 362 523 0 0 81 0 135 0 60 60 
150 154 72 0 109 84 0 77 76 435 0 32 38 21 43 653 367 344 495 0 0 83 0 135 0 60 60 
148 151 71 0 110 84 0 75 76 435 0 32 38 21 42 693 291 350 505 0 0 86 0 135 0 60 60 
154 151 73 0 112 85 0 74 76 424 0 30 38 23 42 697 321 358 507 0 0 90 0 135 0 60 60 
153 151 74 0 114 89 0 78 76 421 0 29 38 26 43 676 314 325 451 0 0 98 0 135 0 59 60 
148 152 76 0 114 88 0 76 75 435 0 29 38 23 42 683 329 354 403 0 0 97 0 135 0 59 60 
154 158 72 0 114 85 0 81 76 432 0 27 38 23 42 652 285 390 388 0 0 98 0 135 0 60 60 
150 157 71 0 113 86 0 78 75 428 0 31 38 22 43 641 309 349 382 0 0 98 0 135 0 60 60 
148 142 75 0 112 88 0 73 76 428 0 31 38 24 44 666 279 346 426 0 0 98 0 135 0 60 60 
150 147 74 0 110 90 0 81 76 438 0 30 38 21 43 670 295 353 428 0 0 100 0 135 0 60 60 
151 160 72 0 109 86 0 77 76 433 0 33 38 21 43 626 330 349 425 0 0 99 0 135 0 61 60 
149 156 69 0 108 85 0 75 75 431 0 31 38 22 42 653 318 350 441 0 0 97 0 135 0 61 60 
150 151 70 0 107 90 0 74 74 426 0 35 38 19 42 638 388 346 349 0 0 97 0 135 0 61 60 
153 149 75 0 106 95 0 73 75 430 0 35 38 22 42 640 349 374 389 0 0 96 0 135 0 61 60 
152 152 77 0 105 92 0 70 73 436 0 32 38 23 43 610 322 359 363 0 0 93 0 135 0 60 60 
154 151 75 0 105 88 0 74 75 429 0 30 38 25 44 696 290 388 403 0 0 88 0 135 0 60 60 
155 154 72 0 106 83 0 73 76 426 0 30 38 25 44 663 346 360 432 0 0 85 0 135 0 59 60 
152 143 76 0 107 80 0 75 78 441 0 26 38 23 45 632 397 371 470 0 0 86 0 135 0 59 60 
152 144 77 0 107 78 0 77 77 441 0 26 38 23 42 665 335 369 506 0 0 81 0 135 0 59 60 
152 153 74 0 108 85 0 78 78 432 0 27 38 21 42 585 297 402 464 0 0 78 0 135 0 58 60 
151 152 75 0 108 92 0 78 77 429 0 28 38 21 41 660 278 353 454 0 0 74 0 135 0 59 60 
151 148 71 0 107 90 0 80 75 435 0 26 38 21 42 613 244 375 417 0 0 80 0 135 0 58 60 
157 148 73 0 106 86 0 75 75 434 0 28 38 21 42 651 404 355 383 0 0 92 0 135 0 59 60 
154 148 76 0 106 86 0 74 75 434 0 29 38 22 43 684 256 317 405 0 0 103 0 135 0 59 60 
151 153 75 0 105 92 0 74 76 438 0 29 38 21 44 591 322 363 407 0 0 109 0 135 0 59 60 
150 149 75 0 106 88 0 74 75 438 0 28 38 21 42 657 356 340 426 0 0 106 0 135 0 59 60 
148 154 72 0 107 84 0 79 74 434 0 29 38 21 42 678 439 365 450 0 0 99 0 135 0 58 60 
151 150 71 0 107 83 0 73 75 425 0 29 38 21 42 709 280 348 436 0 0 92 0 135 0 58 60 
151 151 76 0 107 85 0 73 75 417 0 31 38 22 43 701 343 358 434 0 0 87 0 135 0 58 60 
152 152 75 0 107 80 0 83 76 435 0 26 38 22 43 660 321 365 387 0 0 85 0 135 0 58 60 
152 150 74 0 105 80 0 74 77 433 0 28 38 22 45 623 329 345 369 0 0 88 0 135 0 58 60 
148 155 74 0 105 82 0 73 77 425 0 29 38 21 45 648 325 354 383 0 0 93 0 135 0 58 60 
147 153 74 0 106 84 0 76 78 426 0 27 38 19 45 631 362 353 404 0 0 97 0 135 0 58 60 
151 151 78 0 106 82 0 70 77 437 0 30 38 21 45 645 389 353 441 0 0 100 0 135 0 58 60 
152 152 73 0 107 84 0 74 78 434 0 28 38 22 43 653 278 385 468 0 0 106 0 135 0 58 60 
149 150 74 0 108 90 0 71 77 429 0 29 38 25 43 637 302 351 494 0 0 111 0 135 0 58 60 
150 149 72 0 108 87 0 74 76 424 0 33 38 28 41 607 370 363 465 0 0 110 0 135 0 58 60 
153 154 76 0 108 83 0 80 76 427 0 32 38 26 42 604 239 357 491 0 0 104 0 135 0 58 60 
152 155 77 0 108 83 0 74 75 434 0 33 38 25 41 656 476 368 467 0 0 103 0 135 0 58 60 
152 145 75 0 106 91 0 76 74 429 0 38 38 23 43 678 264 352 436 0 0 100 0 135 0 57 60 
150 149 73 0 104 89 0 77 73 427 0 38 38 23 42 685 380 379 367 0 0 94 0 135 0 57 60 
149 159 72 0 103 88 0 75 74 441 0 36 38 23 44 647 309 351 375 0 0 93 0 135 0 56 60 
153 157 73 0 103 84 0 78 74 442 0 36 38 23 46 666 286 355 425 0 0 91 0 135 0 57 60 
151 153 74 0 104 89 0 74 76 432 0 37 38 18 44 646 286 359 418 0 0 92 0 135 0 57 60 
148 148 74 0 105 85 0 76 76 431 0 37 38 18 44 628 327 336 449 0 0 103 0 135 0 57 60 
153 151 74 0 107 84 0 76 77 436 0 33 38 17 43 658 348 392 403 0 0 100 0 135 0 57 60 
154 152 73 0 109 86 0 72 77 435 0 32 38 20 42 612 432 330 371 0 0 101 0 135 0 57 60 
150 153 73 0 111 90 0 78 75 436 0 34 38 21 41 667 261 361 386 0 0 94 0 135 0 57 60 
149 146 76 0 112 88 0 78 74 442 0 34 38 21 43 611 216 346 422 0 0 93 0 135 0 57 60 
148 147 73 0 113 87 0 77 75 440 0 35 38 26 42 633 427 356 385 0 0 90 0 135 0 58 60 
150 151 73 0 114 88 0 76 75 441 0 37 38 28 43 644 317 355 456 0 0 85 0 135 0 58 60 
151 151 74 0 114 89 0 77 75 425 0 37 38 27 43 721 325 370 447 0 0 86 0 135 0 58 60 
155 149 75 0 112 86 0 75 76 420 0 37 38 29 43 636 248 362 434 0 0 90 0 135 0 59 60 
153 148 75 0 111 80 0 76 75 435 0 35 38 30 43 692 267 331 486 0 0 86 0 135 0 59 60 
150 150 74 0 109 86 0 74 73 436 0 37 38 26 43 648 360 343 477 0 0 82 0 135 0 59 60 
145 153 74 0 108 90 0 74 75 426 0 40 38 22 43 620 321 351 468 0 0 84 0 135 0 60 60 
149 149 75 0 107 91 0 75 75 425 0 39 38 22 43 651 229 350 436 0 0 85 0 135 0 59 60 
147 155 72 0 106 85 0 75 76 434 0 40 38 20 44 631 316 341 416 0 0 90 0 135 0 59 60 
152 148 76 0 106 90 0 75 76 433 0 39 38 18 43 593 404 330 376 0 0 94 0 135 0 59 60 
150 149 74 0 107 93 0 76 77 427 0 39 38 18 44 602 439 349 400 0 0 99 0 135 0 59 60 
149 149 72 0 107 94 0 72 77 426 0 40 38 16 43 639 222 358 382 0 0 91 0 135 0 59 60 
151 152 74 0 108 91 0 74 76 427 0 37 38 15 43 614 435 345 473 0 0 92 0 135 0 58 60 
148 151 75 0 108 92 0 77 77 435 0 36 38 16 44 677 328 344 392 0 0 93 0 135 0 58 60 
149 150 76 0 109 86 0 75 76 430 0 36 38 20 42 657 248 343 372 0 0 88 0 135 0 57 60 
154 154 77 0 110 82 0 79 76 427 0 34 38 23 43 684 338 367 370 0 0 87 0 135 0 57 60 
156 155 75 0 109 89 0 75 75 435 0 34 38 24 44 638 323 359 360 0 0 87 0 135 0 57 60 
150 151 74 0 110 91 0 76 75 440 0 35 38 24 44 624 239 366 394 0 0 89 0 135 0 57 60 
150 152 72 0 109 88 0 76 74 433 0 33 38 26 43 648 342 376 475 0 0 85 0 135 0 57 60 
156 157 74 0 108 78 0 73 75 431 0 35 38 26 43 661 401 343 453 0 0 88 0 135 0 57 60 
152 153 74 0 106 79 0 76 75 432 0 36 38 25 43 651 336 365 500 0 0 86 0 135 0 57 60 
154 146 74 0 105 80 0 77 76 433 0 36 38 25 43 626 277 324 483 0 0 89 0 135 0 57 60 
154 150 72 0 106 86 0 71 77 432 0 34 38 25 43 649 338 330 488 0 0 92 0 135 0 58 60 
150 160 74 0 107 83 0 80 76 434 0 37 38 27 42 610 311 328 451 0 0 96 0 135 0 58 60 
154 157 74 0 108 90 0 79 78 434 0 39 38 24 43 665 252 358 430 0 0 100 0 135 0 58 60 
151 151 75 0 108 91 0 83 75 434 0 37 38 23 44 671 333 349 407 0 0 98 0 135 0 57 60 
151 151 75 0 109 88 0 80 76 425 0 36 38 21 43 679 248 341 381 0 0 99 0 135 0 57 60 
154 154 69 0 109 84 0 75 76 419 0 39 38 18 43 637 315 362 405 0 0 99 0 135 0 57 60 
154 152 71 0 109 83 0 77 76 434 0 36 38 16 43 636 302 341 411 0 0 91 0 135 0 56 60 
147 150 74 0 109 83 0 77 75 441 0 37 38 15 43 665 355 317 474 0 0 87 0 135 0 56 60 
152 142 73 0 109 83 0 72 75 429 0 31 38 17 43 642 277 337 402 0 0 86 0 135 0 56 60 
152 149 74 0 109 78 0 73 74 432 0 31 38 17 44 601 329 339 382 0 0 81 0 135 0 56 60 
156 153 72 0 109 79 0 73 75 437 0 32 38 21 44 623 370 352 405 0 0 84 0 135 0 56 60 
154 148 73 0 109 87 0 77 75 433 0 30 38 20 44 655 339 313 378 0 0 87 0 135 0 57 60 
152 147 75 0 109 81 0 75 76 426 0 33 38 23 43 617 210 353 368 0 0 92 0 135 0 57 60 
149 150 74 0 107 82 0 72 76 425 0 32 38 23 44 626 391 330 432 0 0 98 0 135 0 57 60 
156 149 74 0 107 81 0 76 76 425 0 30 38 22 44 607 330 345 484 0 0 96 0 135 0 58 60 
149 154 73 0 105 88 0 77 76 436 0 30 38 23 45 693 345 330 470 0 0 97 0 135 0 59 60 
148 148 73 0 105 85 0 79 76 431 0 28 38 26 45 681 347 376 468 0 0 90 0 135 0 60 60 
149 154 71 0 105 84 0 78 74 427 0 27 38 25 44 655 267 324 473 0 0 90 0 135 0 60 60 
150 150 74 0 105 88 0 76 74 439 0 28 38 23 43 708 270 354 443 0 0 88 0 135 0 60 60 
151 149 70 0 106 93 0 76 76 445 0 25 38 25 42 627 350 333 444 0 0 87 0 135 0 61 60 
150 151 73 0 106 96 0 74 74 435 0 30 38 21 42 657 345 370 404 0 0 86 0 135 0 60 60 
151 153 73 0 107 94 0 77 74 433 0 28 38 20 43 674 345 329 395 0 0 89 0 135 0 59 60 
148 154 74 0 108 96 0 72 75 435 0 29 38 21 42 637 321 325 409 0 0 87 0 135 0 58 60 
154 151 76 0 109 90 0 76 76 436 0 27 38 20 42 657 362 363 409 0 0 86 0 135 0 58 60 
155 154 74 0 111 88 0 75 74 436 0 25 38 23 43 652 290 342 467 0 0 84 0 135 0 58 60 
150 154 72 0 112 90 0 70 74 439 0 25 38 21 43 615 350 372 380 0 0 87 0 135 0 58 60 
155 152 72 0 114 97 0 78 73 437 0 28 38 20 43 614 418 380 390 0 0 89 0 135 0 58 60 
152 153 75 0 113 89 0 76 75 438 0 27 38 20 42 661 284 353 375 0 0 93 0 135 0 59 60 
154 161 74 0 114 84 0 77 76 429 0 28 38 20 43 702 333 362 381 0 0 93 0 135 0 59 60 
154 151 74 0 110 79 0 78 76 419 0 30 38 20 43 658 352 378 430 0 0 92 0 135 0 60 60 
156 147 74 0 109 82 0 74 75 434 0 27 38 18 43 658 375 348 495 0 0 95 0 135 0 61 60 
149 152 69 0 108 83 0 75 75 441 0 30 38 19 43 595 240 350 473 0 0 97 0 135 0 61 60 
155 157 75 0 109 81 0 75 76 430 0 29 38 19 43 622 196 357 458 0 0 98 0 135 0 62 60 
149 156 73 0 108 80 0 71 77 429 0 26 38 20 43 666 454 356 401 0 0 96 0 135 0 61 60 
149 148 72 0 107 86 0 76 76 434 0 27 38 21 44 622 257 365 483 0 0 97 0 135 0 62 60 
154 148 73 0 97 92 0 75 74 434 0 25 38 20 42 637 312 343 427 0 0 98 0 135 0 61 60 
150 150 70 0 105 95 0 78 74 429 0 27 38 21 43 615 356 352 396 0 0 90 0 135 0 61 60 
148 153 74 0 105 94 0 83 75 423 0 27 38 23 43 676 297 352 428 0 0 85 0 135 0 60 60 
152 151 75 0 105 90 0 76 75 427 0 26 38 21 44 583 336 364 394 0 0 83 0 135 0 59 60 
150 144 74 0 107 85 0 76 75 435 0 28 38 21 43 681 347 372 413 0 0 86 0 135 0 59 60 
148 146 71 0 107 78 0 79 76 430 0 25 38 25 44 699 291 367 430 0 0 92 0 135 0 59 60 
150 152 72 0 110 76 0 74 76 423 0 25 38 22 43 672 351 372 451 0 0 95 0 135 0 59 60 
149 148 76 0 111 83 0 77 77 434 0 27 38 25 43 698 283 371 336 0 0 101 0 135 0 59 60 
152 146 76 0 110 83 0 75 77 441 0 27 38 21 41 626 259 348 403 0 0 102 0 135 0 59 60 
150 150 73 0 110 84 0 69 76 434 0 29 38 20 44 679 244 363 402 0 0 105 0 135 0 60 60 
150 147 73 0 109 85 0 78 76 433 0 30 38 19 43 679 470 370 420 0 0 100 0 135 0 60 60 
151 154 74 0 109 87 0 72 77 435 0 28 38 18 45 668 251 362 450 0 0 93 0 135 0 60 60 
152 153 76 0 109 88 0 73 76 435 0 27 38 19 45 630 309 346 455 0 0 88 0 135 0 60 60 
151 156 73 0 109 86 0 79 77 433 0 28 38 23 45 613 402 341 488 0 0 87 0 135 0 60 60 
154 149 73 0 109 83 0 79 75 442 0 27 38 24 44 656 295 361 447 0 0 86 0 135 0 59 60 
153 149 72 0 107 83 0 77 76 434 0 29 38 24 44 643 334 348 429 0 0 89 0 135 0 59 60 
154 155 73 0 107 84 0 79 75 436 0 26 38 26 43 687 323 329 427 0 0 91 0 135 0 58 60 
151 152 74 0 106 89 0 74 75 434 0 25 38 26 42 668 356 352 469 0 0 92 0 135 0 58 60 
154 154 74 0 105 94 0 76 75 428 0 26 38 24 42 620 258 350 446 0 0 98 0 135 0 58 60 
156 150 74 0 106 100 0 78 75 432 0 27 38 26 41 652 307 362 411 0 0 100 0 135 0 57 60 
149 150 74 0 107 91 0 72 76 436 0 29 38 24 43 654 326 358 406 0 0 101 0 135 0 57 60 
148 153 73 0 108 88 0 73 76 426 0 24 38 23 42 632 217 361 433 0 0 93 0 135 0 57 60 
152 152 75 0 109 91 0 78 78 425 0 28 38 23 44 703 421 361 430 0 0 95 0 135 0 57 60 
150 154 75 0 109 93 0 74 77 429 0 27 38 22 46 613 258 367 502 0 0 90 0 135 0 57 60 
154 160 76 0 109 87 0 72 77 431 0 26 38 21 45 647 342 365 410 0 0 90 0 135 0 57 60 
149 145 73 0 108 85 0 76 76 427 0 30 38 19 45 587 311 363 360 0 0 92 0 135 0 57 60 
150 147 74 0 106 88 0 76 75 425 0 27 38 17 44 648 295 365 374 0 0 98 0 135 0 57 60 
155 151 74 0 104 85 0 77 75 425 0 28 38 15 43 651 339 350 361 0 0 96 0 135 0 57 60 
151 157 74 0 103 85 0 74 76 435 0 25 38 14 42 655 347 333 454 0 0 90 0 135 0 57 60 
149 155 72 0 103 87 0 70 76 432 0 26 38 15 43 714 229 347 506 0 0 88 0 135 0 58 60 
147 148 71 0 104 93 0 76 75 425 0 27 38 13 43 677 316 364 483 0 0 85 0 135 0 59 60 
153 148 72 0 105 86 0 70 76 431 0 27 38 14 43 679 357 345 490 0 0 88 0 135 0 60 60 
149 153 73 0 108 83 0 72 75 444 0 27 38 17 45 650 418 382 518 0 0 89 0 135 0 60 60 
153 151 77 0 110 84 0 77 76 438 0 29 38 17 43 624 251 377 454 0 0 88 0 135 0 59 60 
152 152 74 0 110 89 0 76 76 434 0 29 38 21 44 618 295 358 376 0 0 90 0 135 0 59 60 
152 146 72 0 112 83 0 77 76 435 0 26 38 21 43 660 325 370 333 0 0 96 0 135 0 59 60 
152 150 74 0 112 81 0 74 75 440 0 29 38 25 44 644 280 348 364 0 0 95 0 135 0 59 60 
151 152 74 0 113 81 0 73 76 436 0 27 38 25 43 633 245 345 407 0 0 94 0 135 0 60 60 
154 147 75 0 112 89 0 81 74 434 0 29 38 26 44 657 402 338 435 0 0 99 0 135 0 59 60 
150 145 73 0 111 88 0 76 76 434 0 28 38 23 43 659 316 329 464 0 0 104 0 135 0 58 60 
152 149 72 0 109 86 0 73 76 435 0 28 38 23 44 632 366 333 465 0 0 103 0 135 0 58 60 
151 151 75 0 109 86 0 78 76 432 0 29 38 23 44 648 240 382 346 0 0 96 0 135 0 57 60 
150 151 73 0 107 87 0 71 74 424 0 30 38 21 43 673 314 347 402 0 0 95 0 135 0 57 60 
153 154 73 0 106 91 0 73 74 434 0 29 38 20 43 658 383 333 356 0 0 93 0 135 0 57 60 
152 157 74 0 106 92 0 72 74 438 0 29 38 21 43 681 309 355 380 0 0 94 0 135 0 57 60 
154 154 72 0 106 92 0 79 75 429 0 29 38 19 43 624 277 325 422 0 0 91 0 135 0 58 60 
152 148 71 0 107 87 0 82 76 426 0 27 38 22 42 617 391 340 478 0 0 88 0 135 0 58 60 
154 151 73 0 106 87 0 75 77 428 0 28 38 23 44 633 277 320 497 0 0 88 0 135 0 59 60 
152 151 70 0 109 83 0 74 76 436 0 29 38 25 44 651 409 335 441 0 0 89 0 135 0 60 60 
153 153 78 0 110 89 0 78 76 432 0 31 38 25 44 688 302 348 497 0 0 86 0 135 0 61 60 
148 151 71 0 110 92 0 74 76 429 0 28 38 22 42 610 348 336 419 0 0 85 0 135 0 61 60 
152 152 70 0 111 89 0 74 76 425 0 31 38 24 42 678 270 353 398 0 0 83 0 135 0 61 60 
154 153 74 0 111 84 0 72 76 432 0 28 38 22 44 680 407 342 372 0 0 84 0 135 0 61 60 
147 151 74 0 110 83 0 74 75 434 0 28 38 21 43 682 308 323 414 0 0 89 0 135 0 61 60 
148 155 75 0 108 88 0 77 76 425 0 31 38 21 43 646 248 351 414 0 0 82 0 135 0 60 60 
153 161 74 0 108 91 0 73 75 431 0 28 38 22 42 630 362 354 433 0 0 82 0 135 0 60 60 
150 145 70 0 106 90 0 75 76 441 0 27 38 22 43 625 311 334 421 0 0 85 0 135 0 59 60 
157 149 73 0 107 87 0 78 76 439 0 31 38 21 43 650 341 306 394 0 0 87 0 135 0 59 60 
150 157 74 0 107 86 0 78 75 429 0 28 38 21 43 652 247 324 358 0 0 90 0 135 0 59 60 
148 157 76 0 108 84 0 74 77 431 0 28 38 21 43 624 252 326 382 0 0 91 0 135 0 60 60 
154 159 75 0 109 86 0 79 77 436 0 28 38 20 42 643 273 337 372 0 0 91 0 135 0 59 60 
147 149 70 0 109 91 0 78 77 434 0 25 38 23 43 651 341 332 448 0 0 92 0 135 0 59 60 
149 146 72 0 109 94 0 77 77 434 0 28 38 22 42 590 337 320 504 0 0 94 0 135 0 59 60 
150 148 74 0 107 90 0 75 77 440 0 25 38 22 43 596 309 327 467 0 0 94 0 135 0 58 60 
149 152 74 0 109 87 0 74 76 436 0 28 38 20 43 636 321 314 470 0 0 97 0 135 0 58 60 
151 146 73 0 109 87 0 79 74 433 0 29 38 20 42 679 426 322 417 0 0 99 0 135 0 58 60 
149 144 70 0 109 90 0 76 75 421 0 27 38 22 43 691 304 310 443 0 0 103 0 135 0 57 60 
150 148 72 0 109 85 0 72 75 424 0 27 38 23 44 639 273 342 457 0 0 100 0 135 0 57 60 
147 153 73 0 108 81 0 77 76 437 0 27 38 26 45 655 316 360 450 0 0 93 0 135 0 57 60 
154 147 78 0 107 82 0 75 76 431 0 28 38 27 44 578 317 345 362 0 0 88 0 135 0 57 60 
151 145 72 0 107 83 0 78 77 425 0 30 38 26 44 667 400 321 423 0 0 85 0 135 0 58 60 
154 150 72 0 106 80 0 82 76 428 0 28 38 26 43 673 358 334 442 0 0 85 0 135 0 58 60 
153 146 75 0 106 83 0 79 75 438 0 29 38 26 42 610 210 316 408 0 0 84 0 135 0 58 60 
151 152 75 0 105 89 0 77 74 432 0 31 38 23 43 690 328 295 436 0 0 87 0 135 0 58 60 
151 151 74 0 105 89 0 75 76 427 0 31 38 23 43 657 326 346 402 0 0 86 0 135 0 58 60 
154 153 74 0 105 85 0 75 75 425 0 33 38 21 42 654 314 343 349 0 0 92 0 135 0 58 60 
153 153 69 0 105 81 0 79 74 432 0 31 38 18 43 624 319 350 382 0 0 96 0 135 0 57 60 
153 148 74 0 106 85 0 72 75 435 0 30 38 18 43 656 295 368 381 0 0 100 0 135 0 57 60 
154 152 71 0 107 81 0 70 74 429 0 30 38 17 42 648 248 343 383 0 0 96 0 135 0 57 60 
149 153 73 0 108 79 0 78 74 430 0 28 38 21 43 683 441 321 479 0 0 95 0 135 0 57 60 
151 153 74 0 109 80 0 71 76 442 0 28 38 20 42 626 236 337 485 0 0 95 0 135 0 57 60 
152 153 73 0 111 86 0 78 77 441 0 28 38 21 44 638 256 343 499 0 0 85 0 135 0 57 60 
156 151 70 0 113 91 0 75 78 435 0 28 38 27 43 632 360 350 495 0 0 84 0 135 0 57 60 
152 154 73 0 114 90 0 77 75 431 0 30 38 30 44 629 332 328 469 0 0 83 0 135 0 57 60 
148 150 73 0 114 91 0 81 76 435 0 29 38 31 43 589 304 350 425 0 0 86 0 135 0 57 60 
153 154 76 0 114 89 0 76 74 429 0 31 38 31 42 636 320 332 452 0 0 91 0 135 0 58 60 
152 159 73 0 114 87 0 72 76 430 0 30 38 28 43 637 289 363 416 0 0 93 0 135 0 58 60 
151 143 75 0 111 89 0 77 75 436 0 33 38 23 42 607 359 362 384 0 0 93 0 135 0 58 60 
148 146 76 0 111 91 0 75 76 435 0 32 38 22 43 664 337 338 384 0 0 89 0 135 0 58 60 
150 155 75 0 110 87 0 73 76 435 0 31 38 20 44 658 300 349 375 0 0 93 0 135 0 59 60 
151 158 73 0 107 86 0 76 76 425 0 34 38 20 44 681 294 364 439 0 0 94 0 135 0 59 60 
151 154 71 0 107 83 0 77 75 423 0 32 38 20 42 656 310 355 385 0 0 92 0 135 0 60 60 
153 148 70 0 106 87 0 75 75 439 0 33 38 17 42 645 278 361 395 0 0 89 0 135 0 61 60 
150 150 74 0 106 88 0 76 76 437 0 31 38 15 43 671 288 350 400 0 0 89 0 135 0 61 60 
151 149 74 0 106 89 0 74 75 428 0 29 38 16 42 655 322 355 407 0 0 87 0 135 0 61 60 
155 153 72 0 107 87 0 76 76 429 0 27 38 17 42 683 301 333 418 0 0 88 0 135 0 62 60 
150 147 72 0 108 86 0 78 76 438 0 30 38 22 43 641 326 349 475 0 0 91 0 135 0 62 60 
152 143 73 0 109 86 0 73 77 435 0 23 38 24 44 675 256 367 485 0 0 95 0 135 0 62 60 
152 152 72 0 108 86 0 78 76 427 0 32 38 25 43 650 368 354 447 0 0 99 0 135 0 61 60 
147 156 73 0 109 86 0 77 76 423 0 33 38 25 44 617 261 356 463 0 0 102 0 135 0 61 60 
152 143 74 0 108 88 0 72 76 428 0 31 38 26 45 612 428 348 507 0 0 101 0 135 0 60 60 
150 148 74 0 107 87 0 75 75 434 0 32 38 24 45 689 256 346 410 0 0 97 0 135 0 60 60 
152 148 74 0 106 83 0 77 75 425 0 32 38 25 44 712 338 350 370 0 0 98 0 135 0 59 60 
149 151 76 0 107 86 0 74 76 424 0 34 38 24 42 611 266 355 361 0 0 95 0 135 0 59 60 
158 152 76 0 107 88 0 79 77 436 0 32 38 25 43 625 289 358 384 0 0 89 0 135 0 59 60 
153 154 75 0 107 90 0 76 76 440 0 31 38 27 42 669 400 353 419 0 0 88 0 135 0 58 60 
149 157 73 0 106 85 0 80 77 431 0 33 38 23 42 621 279 366 416 0 0 96 0 135 0 58 60 
149 153 72 0 106 87 0 79 75 430 0 30 38 22 42 632 278 359 430 0 0 96 0 135 0 58 60 
152 148 75 0 105 91 0 75 76 434 0 27 38 20 43 626 337 370 365 0 0 89 0 135 0 57 60 
151 153 73 0 105 94 0 76 75 436 0 27 38 17 43 639 232 375 346 0 0 80 0 135 0 57 60 
152 153 74 0 106 87 0 78 76 436 0 28 38 16 45 672 358 366 339 0 0 77 0 135 0 58 60 
150 154 73 0 106 87 0 75 76 440 0 29 38 17 45 606 385 353 378 0 0 77 0 135 0 58 60 
150 152 74 0 107 90 0 73 75 437 0 29 38 19 47 661 322 365 475 0 0 82 0 135 0 58 60 
148 153 75 0 108 87 0 70 75 438 0 29 38 20 43 678 294 372 433 0 0 84 0 135 0 58 60 
150 151 74 0 109 84 0 73 75 427 0 26 38 21 42 676 275 382 496 0 0 87 0 135 0 58 60 
150 150 74 0 109 85 0 79 75 421 0 28 38 22 42 713 244 366 484 0 0 90 0 135 0 58 60 
150 155 73 0 109 87 0 74 75 433 0 29 38 24 43 627 279 370 475 0 0 91 0 135 0 58 60 
149 161 73 0 108 80 0 76 78 439 0 26 38 22 42 675 311 362 448 0 0 98 0 135 0 58 60 
154 143 76 0 106 80 0 80 75 429 0 31 38 21 43 671 312 356 422 0 0 92 0 135 0 57 60 
149 150 76 0 104 85 0 77 74 427 0 29 38 25 44 678 327 360 386 0 0 94 0 135 0 57 60 
151 158 75 0 103 91 0 76 74 432 0 30 38 25 43 643 261 389 410 0 0 96 0 135 0 57 60 
153 155 75 0 103 86 0 74 75 434 0 30 38 24 43 641 302 378 426 0 0 90 0 135 0 57 60 
152 154 68 0 104 80 0 76 76 429 0 31 38 24 43 599 374 380 400 0 0 83 0 135 0 57 60 
152 143 74 0 105 84 0 75 77 424 0 30 38 23 43 643 270 390 447 0 0 78 0 135 0 57 60 
156 150 76 0 107 87 0 74 77 427 0 28 38 21 44 642 358 380 423 0 0 85 0 135 0 57 60 
150 150 74 0 109 87 0 75 76 434 0 28 38 22 44 683 407 348 364 0 0 92 0 135 0 57 60 
148 156 73 0 111 88 0 76 75 430 0 27 38 21 43 688 288 397 353 0 0 93 0 135 0 57 60 
152 143 72 0 112 93 0 72 75 423 0 30 38 22 44 702 321 399 349 0 0 98 0 135 0 57 60 
150 140 75 0 113 87 0 75 75 435 0 27 38 22 43 576 336 360 377 0 0 99 0 135 0 57 60 
151 150 76 0 113 84 0 77 75 441 0 30 38 22 43 610 292 390 502 0 0 104 0 135 0 58 60 
154 152 73 0 112 85 0 74 77 439 0 34 38 21 43 661 212 397 504 0 0 99 0 135 0 58 60 
151 142 74 0 112 90 0 75 77 429 0 33 38 20 43 610 480 364 507 0 0 93 0 135 0 59 60 
151 148 75 0 110 87 0 72 76 435 0 35 38 20 43 629 305 368 442 0 0 90 0 135 0 59 60 
150 147 77 0 108 83 0 72 75 435 0 34 38 20 43 594 258 416 409 0 0 92 0 135 0 59 60 
151 152 73 0 108 83 0 75 75 434 0 31 38 20 43 686 321 386 428 0 0 95 0 135 0 59 60 
152 154 73 0 107 87 0 75 76 438 0 36 38 20 43 623 381 388 429 0 0 92 0 135 0 60 60 
151 153 75 0 106 86 0 72 76 437 0 35 38 21 42 650 330 362 395 0 0 97 0 135 0 60 60 
146 152 75 0 105 86 0 79 76 439 0 41 38 20 42 659 279 379 396 0 0 104 0 135 0 59 60 
152 150 75 0 106 84 0 76 77 430 0 41 38 21 42 688 401 384 439 0 0 107 0 135 0 58 60 
150 150 79 0 107 85 0 75 76 420 0 31 38 21 43 682 268 392 401 0 0 106 0 135 0 58 60 
147 151 76 0 109 87 0 78 76 430 0 32 38 19 43 677 299 413 438 0 0 98 0 135 0 58 60 
147 152 75 0 110 89 0 77 77 439 0 37 38 22 44 643 237 379 381 0 0 90 0 135 0 57 60 
153 150 75 0 110 91 0 71 76 429 0 35 38 22 43 635 366 379 366 0 0 87 0 135 0 58 60 
149 154 75 0 111 85 0 76 75 428 0 33 38 24 44 610 286 382 426 0 0 84 0 135 0 59 60 
153 149 75 0 110 85 0 71 78 434 0 32 38 25 43 621 324 383 399 0 0 89 0 135 0 59 60 
148 153 73 0 109 81 0 76 77 438 0 32 38 22 44 659 309 378 447 0 0 90 0 135 0 59 60 
152 151 73 0 109 87 0 74 76 430 0 34 38 24 42 623 339 381 491 0 0 93 0 135 0 60 60 
152 157 74 0 107 88 0 73 75 430 0 34 38 21 44 609 234 378 447 0 0 96 0 135 0 60 60 
149 152 76 0 108 88 0 81 75 428 0 35 38 18 43 660 234 372 465 0 0 93 0 135 0 60 60 
151 145 76 0 108 82 0 76 75 434 0 35 38 17 44 648 399 370 466 0 0 93 0 135 0 60 60 
153 150 70 0 108 78 0 77 75 432 0 33 38 19 44 611 352 379 463 0 0 94 0 135 0 60 60 
150 158 74 0 108 80 0 76 76 427 0 36 38 22 44 630 250 388 419 0 0 94 0 135 0 59 60 
152 153 74 0 109 75 0 80 76 433 0 40 38 24 45 665 327 387 384 0 0 98 0 135 0 59 60 
152 153 75 0 109 78 0 78 77 442 0 39 38 25 49 641 238 393 400 0 0 97 0 135 0 58 60 
151 148 73 0 109 84 0 73 75 434 0 37 38 28 52 688 272 357 419 0 0 98 0 135 0 58 60 
153 152 73 0 109 91 0 74 76 428 0 34 38 28 46 628 373 389 397 0 0 93 0 135 0 58 60 
154 151 71 0 109 89 0 77 76 430 0 32 38 26 45 637 343 391 407 0 0 89 0 135 0 58 60 
156 145 71 0 109 90 0 77 78 436 0 31 38 26 42 598 336 382 445 0 0 91 0 135 0 57 60 
153 145 73 0 109 90 0 73 75 437 0 29 38 24 42 661 283 379 360 0 0 90 0 135 0 57 60 
151 146 76 0 109 92 0 74 74 435 0 31 38 25 42 656 342 360 389 0 0 93 0 135 0 57 60 
148 153 70 0 108 91 0 77 74 432 0 26 38 26 42 623 285 340 405 0 0 97 0 135 0 57 60 
154 151 74 0 107 98 0 77 74 431 0 28 38 24 42 681 238 375 387 0 0 96 0 135 0 57 60 
145 147 75 0 107 98 0 75 75 430 0 29 38 21 42 701 410 373 456 0 0 88 0 135 0 58 60 
152 149 74 0 107 93 0 76 76 421 0 28 38 19 43 716 255 364 528 0 0 92 0 135 0 58 60 
149 149 77 0 106 85 0 77 78 422 0 27 38 17 42 677 303 398 510 0 0 97 0 135 0 58 60 
147 149 71 0 106 83 0 78 77 434 0 30 38 14 42 638 386 366 476 0 0 96 0 135 0 59 60 
150 153 73 0 106 85 0 74 78 432 0 27 38 13 43 644 311 365 440 0 0 99 0 135 0 59 60 
153 154 74 0 105 86 0 77 77 421 0 32 38 14 42 650 269 360 438 0 0 99 0 135 0 59 60 
151 153 71 0 106 85 0 76 76 424 0 33 38 14 43 626 262 371 395 0 0 97 0 135 0 59 60 
146 151 74 0 107 84 0 77 74 436 0 33 38 14 43 614 465 376 393 0 0 94 0 135 0 59 60 
149 154 74 0 107 85 0 74 75 433 0 35 38 17 43 644 324 333 403 0 0 89 0 135 0 59 60 
150 156 73 0 109 87 0 73 76 425 0 37 38 18 42 643 322 357 385 0 0 90 0 135 0 59 60 
153 148 73 0 110 91 0 78 75 425 0 42 38 19 43 603 369 362 411 0 0 88 0 135 0 60 60 
150 155 74 0 111 93 0 81 74 432 0 38 38 21 42 649 346 382 448 0 0 92 0 135 0 60 60 
147 154 76 0 111 91 0 78 74 434 0 41 38 22 43 698 340 368 449 0 0 91 0 135 0 61 60 
150 155 72 0 113 84 0 81 74 426 0 38 38 23 43 676 227 352 367 0 0 92 0 135 0 61 60 
152 152 70 0 113 83 0 77 75 429 0 32 38 24 44 637 348 374 396 0 0 90 0 135 0 61 60 
152 153 78 0 113 85 0 74 76 440 0 33 38 24 44 640 355 346 381 0 0 88 0 135 0 61 60 
149 161 72 0 113 90 0 78 75 440 0 31 38 22 44 679 309 356 416 0 0 90 0 135 0 61 60 
150 145 78 0 112 89 0 73 76 428 0 27 38 23 43 646 374 360 439 0 0 90 0 135 0 61 60 
152 149 71 0 111 86 0 73 75 432 0 29 38 22 43 640 242 341 451 0 0 92 0 135 0 60 60 
156 155 73 0 109 87 0 75 76 435 0 26 38 21 42 655 297 351 438 0 0 92 0 135 0 59 60 
155 157 74 0 108 85 0 71 76 431 0 27 38 21 41 664 366 371 434 0 0 92 0 135 0 59 60 
149 155 72 0 107 83 0 73 75 434 0 29 38 22 42 698 338 355 492 0 0 92 0 135 0 58 60 
150 149 76 0 106 76 0 74 76 436 0 27 38 20 43 643 229 358 415 0 0 97 0 135 0 58 60 
152 151 73 0 106 76 0 76 75 439 0 28 38 23 44 691 350 357 397 0 0 92 0 135 0 57 60 
152 154 72 0 107 76 0 80 74 438 0 30 38 25 46 633 312 335 352 0 0 94 0 135 0 57 60 
151 152 75 0 107 80 0 76 73 420 0 28 38 25 45 646 265 359 402 0 0 95 0 135 0 57 60 
153 145 73 0 107 84 0 75 74 426 0 29 38 24 45 640 464 341 427 0 0 91 0 135 0 57 60 
150 145 75 0 107 92 0 75 74 440 0 28 38 24 44 654 212 331 395 0 0 84 0 135 0 57 60 
151 151 74 0 107 93 0 77 75 434 0 27 38 22 44 644 280 340 447 0 0 80 0 135 0 57 60 
152 156 70 0 107 91 0 75 76 428 0 28 38 21 42 643 403 362 424 0 0 79 0 135 0 58 60 
154 149 74 0 107 87 0 74 76 429 0 27 38 21 43 653 332 365 376 0 0 84 0 135 0 58 60 
153 148 76 0 107 93 0 74 71 438 0 27 38 21 42 636 290 353 425 0 0 86 0 135 0 59 60 
146 148 73 0 107 92 0 79 76 432 0 28 38 23 42 587 372 332 406 0 0 89 0 135 0 60 60 
150 147 71 0 106 86 0 75 75 427 0 29 38 21 43 622 307 323 419 0 0 92 0 135 0 59 60 
152 150 73 0 106 85 0 75 76 425 0 29 38 21 43 643 393 349 453 0 0 96 0 135 0 59 60 
151 151 73 0 106 90 0 78 77 434 0 30 38 21 44 679 213 322 494 0 0 94 0 135 0 59 60 
147 151 73 0 106 91 0 76 78 433 0 29 38 20 45 699 372 352 455 0 0 93 0 135 0 59 60 
150 153 74 0 106 84 0 74 76 423 0 27 38 22 46 668 325 349 425 0 0 93 0 135 0 59 60 
149 149 72 0 105 87 0 73 77 431 0 27 38 23 43 666 445 338 437 0 0 100 0 135 0 59 60 
153 148 74 0 105 85 0 75 75 441 0 28 38 23 44 626 324 358 427 0 0 98 0 135 0 59 60 
156 153 70 0 105 84 0 75 75 439 0 30 38 24 42 652 214 319 366 0 0 93 0 135 0 59 60 
147 151 76 0 105 87 0 78 75 431 0 31 38 21 42 681 312 362 385 0 0 87 0 135 0 59 60 
154 155 74 0 107 92 0 73 76 433 0 32 38 21 42 610 315 364 375 0 0 91 0 135 0 60 60 
152 150 74 0 107 94 0 77 77 433 0 30 38 23 43 665 393 340 441 0 0 94 0 135 0 61 60 
151 152 71 0 108 91 0 80 78 431 0 32 38 26 44 605 356 336 441 0 0 94 0 135 0 61 60 
148 151 72 0 108 88 0 76 77 432 0 29 38 26 42 680 273 355 437 0 0 94 0 135 0 60 60 
149 154 76 0 108 89 0 77 77 434 0 30 38 25 42 651 273 343 349 0 0 95 0 135 0 61 60 
157 160 76 0 107 87 0 76 75 437 0 31 38 26 43 636 339 362 362 0 0 102 0 135 0 61 60 
155 142 72 0 105 83 0 78 75 437 0 32 38 27 43 668 308 383 374 0 0 101 0 135 0 61 60 
151 147 72 0 104 83 0 81 75 423 0 31 38 23 44 707 358 332 395 0 0 93 0 135 0 60 60 
156 159 72 0 102 81 0 74 75 426 0 30 38 22 44 653 316 339 499 0 0 86 0 135 0 60 60 
153 152 75 0 103 85 0 74 76 439 0 26 38 22 45 627 280 332 519 0 0 88 0 135 0 60 60 
157 151 72 0 104 85 0 74 75 434 0 26 38 21 43 635 288 361 506 0 0 90 0 135 0 59 60 
155 151 70 0 106 91 0 70 75 427 0 28 38 16 43 641 280 350 465 0 0 91 0 135 0 59 60 
151 152 72 0 108 88 0 73 75 430 0 26 38 19 42 587 286 353 452 0 0 95 0 135 0 58 60 
148 149 74 0 109 84 0 74 76 438 0 28 38 19 42 625 275 349 430 0 0 96 0 135 0 59 60 
148 152 74 0 111 81 0 73 76 433 0 27 38 21 43 636 284 344 402 0 0 97 0 135 0 58 60 
150 148 71 0 112 82 0 78 77 424 0 28 38 22 44 627 313 369 376 0 0 102 0 135 0 59 60 
147 145 72 0 113 88 0 75 77 426 0 26 38 27 43 636 395 360 362 0 0 98 0 135 0 59 60 
148 150 73 0 113 89 0 77 77 430 0 26 38 28 44 630 216 377 415 0 0 94 0 135 0 58 60 
151 152 72 0 113 85 0 80 76 436 0 28 38 28 43 690 318 350 415 0 0 93 0 135 0 58 60 
149 145 73 0 112 80 0 75 76 427 0 30 38 30 42 663 345 345 459 0 0 91 0 135 0 59 60 
154 144 74 0 110 80 0 78 75 428 0 28 38 27 44 656 349 370 399 0 0 89 0 135 0 59 60 
152 151 72 0 110 81 0 78 76 441 0 31 38 23 43 697 244 338 381 0 0 84 0 135 0 59 60 
150 152 73 0 108 82 0 74 75 441 0 30 38 24 42 613 280 368 383 0 0 87 0 135 0 59 60 
153 153 74 0 107 83 0 75 76 433 0 29 38 21 43 631 409 392 358 0 0 89 0 135 0 59 60 
151 156 74 0 106 87 0 75 76 430 0 30 38 19 43 616 308 355 412 0 0 86 0 135 0 59 60 
151 154 72 0 107 85 0 74 74 435 0 33 38 18 43 674 334 361 485 0 0 79 0 135 0 59 60 
151 152 73 0 108 87 0 76 75 432 0 36 38 17 43 634 315 350 492 0 0 78 0 135 0 59 60 
153 144 70 0 109 86 0 76 75 434 0 30 38 15 43 627 320 361 481 0 0 82 0 135 0 59 60 
151 152 71 0 109 89 0 73 76 439 0 30 38 14 42 624 288 341 444 0 0 83 0 135 0 59 60 
152 155 74 0 111 86 0 76 75 434 0 32 38 15 43 679 311 338 449 0 0 87 0 135 0 60 60 
152 149 73 0 111 83 0 74 77 438 0 27 38 20 43 673 268 373 421 0 0 92 0 135 0 60 60 
149 154 73 0 111 85 0 70 75 425 0 27 38 21 43 675 335 362 418 0 0 96 0 135 0 60 60 
153 152 73 0 110 89 0 75 76 415 0 28 38 25 44 638 312 392 386 0 0 100 0 135 0 60 60 
148 152 71 0 109 89 0 72 76 437 0 25 38 23 43 635 358 361 405 0 0 100 0 135 0 60 60 
153 153 75 0 108 87 0 77 76 438 0 28 38 26 43 609 343 366 394 0 0 97 0 135 0 59 60 
155 152 78 0 108 93 0 77 76 429 0 26 38 25 43 614 335 371 367 0 0 92 0 135 0 59 60 
150 161 74 0 107 98 0 74 77 430 0 27 38 24 44 641 247 368 449 0 0 89 0 135 0 58 60 
145 143 74 0 106 98 0 75 76 436 0 28 38 24 43 628 240 398 380 0 0 83 0 135 0 59 60 
152 149 72 0 106 89 0 74 75 435 0 28 38 24 44 657 384 372 353 0 0 79 0 135 0 60 60 
150 160 76 0 107 85 0 75 74 430 0 27 38 24 45 612 335 350 398 0 0 79 0 135 0 60 60 
155 155 74 0 106 77 0 79 74 428 0 30 38 24 44 641 346 359 378 0 0 86 0 135 0 60 60 
152 156 71 0 108 82 0 73 75 434 0 27 38 22 44 663 374 384 393 0 0 97 0 135 0 60 60 
149 147 72 0 108 87 0 75 75 439 0 29 38 21 42 691 310 367 490 0 0 104 0 135 0 61 60 
147 151 71 0 109 97 0 74 77 432 0 28 38 19 42 667 298 375 474 0 0 105 0 135 0 61 60 
149 154 71 0 108 96 0 75 76 431 0 30 38 15 44 669 326 362 474 0 0 103 0 135 0 60 60 
153 150 72 0 108 89 0 77 76 443 0 30 38 15 44 668 376 399 448 0 0 101 0 135 0 59 60 
149 146 70 0 109 84 0 78 76 440 0 25 38 16 42 624 292 384 520 0 0 97 0 135 0 59 60 
152 144 73 0 108 82 0 76 76 433 0 30 38 19 43 675 290 383 417 0 0 95 0 135 0 59 60 
149 150 73 0 109 84 0 83 75 433 0 29 38 20 43 621 290 410 382 0 0 92 0 135 0 58 60 
150 152 74 0 108 84 0 76 75 435 0 30 38 21 43 646 336 363 396 0 0 94 0 135 0 59 60 
154 147 76 0 107 85 0 74 76 433 0 31 38 22 43 629 245 352 386 0 0 90 0 135 0 59 60 
151 148 73 0 108 79 0 79 76 436 0 31 38 24 42 638 342 392 410 0 0 94 0 135 0 58 60 
152 150 73 0 107 79 0 74 76 439 0 30 38 23 43 643 302 386 415 0 0 94 0 135 0 59 60 
150 149 74 0 105 80 0 75 75 437 0 30 38 24 43 625 378 388 445 0 0 91 0 135 0 58 60 
153 150 73 0 105 85 0 74 76 440 0 28 38 24 42 688 375 411 351 0 0 93 0 135 0 58 60 
151 155 74 0 106 90 0 75 76 425 0 30 38 24 44 667 229 362 369 0 0 96 0 135 0 60 60 
154 153 73 0 106 89 0 78 77 423 0 33 38 23 43 615 247 383 376 0 0 95 0 135 0 60 60 
152 153 73 0 106 86 0 74 77 437 0 35 38 21 44 644 308 376 384 0 0 90 0 135 0 61 60 
152 153 72 0 108 86 0 75 77 436 0 37 38 22 43 648 414 375 433 0 0 89 0 135 0 62 60 
157 151 71 0 109 86 0 79 77 426 0 38 38 21 44 648 298 393 428 0 0 90 0 135 0 62 60 
155 155 75 0 109 82 0 73 76 430 0 38 38 22 45 663 260 379 425 0 0 93 0 135 0 62 60 
152 150 75 0 110 80 0 76 77 433 0 33 38 23 44 605 398 393 471 0 0 92 0 135 0 62 60 
150 152 73 0 112 82 0 76 75 428 0 30 38 22 44 671 215 407 448 0 0 96 0 135 0 62 60 
149 154 73 0 113 92 0 76 75 424 0 29 38 23 42 624 309 382 481 0 0 93 0 135 0 60 60 
155 149 71 0 113 89 0 75 75 421 0 30 38 20 43 634 374 385 434 0 0 86 0 135 0 59 60 
152 152 75 0 114 89 0 74 74 427 0 28 38 19 42 662 251 385 414 0 0 82 0 135 0 59 60 
152 151 72 0 113 90 0 77 74 434 0 28 38 21 42 653 375 359 386 0 0 80 0 135 0 59 60 
149 160 69 0 113 93 0 77 74 426 0 29 38 19 42 665 253 374 410 0 0 86 0 135 0 58 60 
150 145 73 0 110 94 0 73 76 427 0 29 38 17 43 639 322 383 394 0 0 91 0 135 0 58 60 
150 145 75 0 110 92 0 74 75 440 0 28 38 19 44 730 328 362 424 0 0 95 0 135 0 58 60 
151 156 74 0 108 91 0 81 76 441 0 26 38 18 44 635 415 384 432 0 0 100 0 135 0 57 60 
150 156 75 0 107 87 0 82 77 434 0 27 38 21 45 624 192 379 381 0 0 101 0 135 0 57 60 
153 152 70 0 107 84 0 80 77 430 0 27 38 21 45 639 239 362 383 0 0 100 0 135 0 57 60 
151 148 73 0 105 88 0 79 75 436 0 30 38 20 45 661 483 371 331 0 0 97 0 135 0 57 60 
149 147 74 0 107 93 0 76 74 435 0 30 38 21 43 608 344 375 406 0 0 92 0 135 0 58 60 
151 151 70 0 107 87 0 76 74 435 0 24 38 22 43 632 341 370 469 0 0 91 0 135 0 59 60 
151 152 72 0 107 80 0 75 75 440 0 29 38 22 42 609 349 359 456 0 0 92 0 135 0 59 60 
151 145 73 0 107 78 0 76 76 441 0 26 38 23 41 689 376 354 467 0 0 90 0 135 0 59 60 
153 145 74 0 106 86 0 75 75 436 0 26 38 24 42 673 192 367 448 0 0 85 0 135 0 59 60 
155 150 76 0 107 91 0 72 76 425 0 28 38 24 42 625 328 376 434 0 0 88 0 135 0 59 60 
149 152 76 0 107 89 0 71 75 417 0 24 38 25 43 678 333 379 476 0 0 92 0 135 0 59 60 
155 147 73 0 106 84 0 73 75 434 0 27 38 22 44 626 302 398 432 0 0 98 0 135 0 59 60 
147 146 71 0 107 85 0 72 76 433 0 28 38 19 46 615 289 346 352 0 0 100 0 135 0 60 60 
153 149 74 0 106 85 0 73 77 426 0 26 38 19 44 653 309 363 403 0 0 97 0 135 0 59 60 
150 149 72 0 106 85 0 80 77 427 0 27 38 18 43 647 305 367 424 0 0 101 0 135 0 59 60 
150 150 73 0 106 83 0 76 77 434 0 25 38 21 43 617 350 379 393 0 0 98 0 135 0 60 60 
150 156 73 0 106 82 0 81 77 434 0 27 38 22 42 666 314 385 447 0 0 94 0 135 0 63 60 
153 155 71 0 106 78 0 77 77 430 0 27 38 24 43 659 254 328 384 0 0 93 0 135 0 63 60 
155 148 72 0 106 77 0 72 77 429 0 29 38 27 44 605 367 383 331 0 0 84 0 135 0 62 60 
153 146 74 0 106 78 0 78 75 431 0 26 38 27 43 657 295 369 378 0 0 83 0 135 0 60 60 
150 148 76 0 106 83 0 74 75 438 0 27 38 26 43 703 253 366 382 0 0 87 0 135 0 59 60 
149 155 72 0 106 84 0 74 74 429 0 26 38 26 43 734 361 357 408 0 0 90 0 135 0 58 60 
156 150 73 0 107 83 0 75 75 426 0 27 38 28 42 655 264 365 459 0 0 89 0 135 0 58 60 
151 150 74 0 107 89 0 75 74 443 0 28 38 23 43 636 342 341 509 0 0 86 0 135 0 57 60 
149 153 76 0 108 93 0 77 76 443 0 28 38 23 43 613 397 359 447 0 0 89 0 135 0 57 60 
153 150 75 0 108 91 0 77 75 428 0 27 38 22 44 657 421 354 435 0 0 92 0 135 0 57 60 
150 151 75 0 108 73 0 75 76 425 0 26 38 21 44 627 274 364 440 0 0 93 0 135 0 57 60 
151 151 70 0 107 57 0 79 76 429 0 26 38 19 43 667 440 356 395 0 0 94 0 135 0 58 60 
152 161 76 0 104 40 0 75 77 431 0 26 38 16 43 641 284 346 370 0 0 95 0 135 0 58 60 
147 144 74 0 103 28 0 73 76 433 0 28 38 16 43 613 180 376 396 0 0 94 0 135 0 59 60 
147 146 73 0 102 23 0 77 75 438 0 33 38 13 43 617 266 366 387 0 0 93 0 135 0 59 60 
153 157 73 0 101 25 0 76 75 431 0 29 38 15 42 666 328 375 371 0 0 90 0 135 0 59 60 
151 158 72 0 105 27 0 74 75 432 0 32 38 15 44 683 336 359 409 0 0 90 0 135 0 58 60 
155 152 73 0 107 22 0 77 75 425 0 31 38 14 43 675 315 367 422 0 0 89 0 135 0 58 60 
150 150 73 0 109 20 0 75 75 417 0 28 38 16 42 699 269 384 332 0 0 85 0 135 0 58 60 
149 150 74 0 110 21 0 78 75 435 0 33 38 17 43 624 294 360 378 0 0 81 0 135 0 57 60 
153 154 74 0 111 24 0 82 76 442 0 31 38 19 43 624 409 366 345 0 0 84 0 135 0 58 60 
154 151 74 0 112 21 0 77 76 431 0 33 38 20 43 656 260 365 402 0 0 86 0 135 0 59 60 
146 145 74 0 113 20 0 73 76 429 0 34 38 22 43 648 261 359 448 0 0 88 0 135 0 59 60 
151 145 75 0 113 21 0 79 77 438 0 31 38 24 43 665 513 400 470 0 0 98 0 135 0 59 60 
154 149 73 0 113 24 0 76 77 434 0 32 38 24 43 672 294 384 444 0 0 104 0 135 0 58 60 
149 151 76 0 112 20 0 77 77 429 0 28 38 24 44 647 313 375 434 0 0 109 0 135 0 59 60 
152 147 78 0 110 18 0 74 77 427 0 29 37 22 43 611 405 366 450 0 0 109 0 135 0 59 60 
154 145 77 0 107 23 0 71 76 430 0 29 37 23 43 699 307 359 455 0 0 104 0 135 0 58 60 
150 150 76 0 107 23 0 72 75 433 0 28 37 21 43 678 255 382 448 0 0 96 0 135 0 58 60 
152 132 75 0 105 21 0 68 74 388 0 24 36 0 26 647 279 364 390 0 0 90 0 135 0 58 60 
150 0 25 0 100 18 0 21 36 86 0 23 36 0 0 662 278 346 386 0 0 88 0 135 0 57 60 
151 0 0 0 89 23 0 0 0 0 0 24 36 0 0 646 370 402 398 0 0 83 0 135 0 57 60 
154 0 0 0 72 22 0 0 0 0 0 22 36 0 0 600 380 345 419 0 0 73 0 135 0 57 60 
152 0 0 0 50 18 0 0 0 0 0 23 36 0 0 624 229 364 358 0 0 69 0 135 0 57 60 
15 0 0 0 28 19 0 0 0 0 0 25 36 0 0 495 229 261 208 0 0 65 0 135 0 57 60 
0 0 0 0 14 23 0 0 0 0 0 23 36 0 0 495 223 248 214 0 0 63 0 135 0 57 60 
0 0 0 0 0 22 0 0 0 0 0 22 36 0 0 493 224 260 209 0 0 62 0 135 0 57 60 
0 0 0 0 0 18 0 0 0 0 0 22 36 0 0 500 214 244 205 0 0 61 0 135 0 58 60 
0 0 0 0 0 19 0 0 0 0 0 25 36 0 0 503 216 259 211 0 0 61 0 135 0 58 60 
0 0 0 0 0 21 0 0 0 0 0 24 36 0 0 493 215 241 215 0 0 60 0 135 0 59 60 
0 0 0 0 0 20 0 0 0 0 0 22 36 0 0 505 217 243 215 0 0 60 0 135 0 59 60 
0 0 0 0 0 17 0 0 0 0 0 23 36 0 0 503 221 253 215 0 0 60 0 135 0 59 60 
0 0 0 0 0 19 0 0 0 0 0 23 36 0 0 503 227 260 213 0 0 61 0 135 0 60 60 
0 0 0 0 0 24 0 0 0 0 0 23 36 0 0 503 214 243 215 0 0 61 0 135 0 60 60 
0 0 0 0 0 22 0 0 0 0 0 26 36 0 0 495 211 241 210 0 0 61 0 135 0 60 60 
0 0 0 0 0 18 0 0 0 0 0 24 36 0 0 488 220 258 215 0 0 61 0 135 0 59 60 
0 0 0 0 0 21 0 0 0 0 0 23 36 0 0 497 216 254 207 0 0 60 0 135 0 58 60 
0 0 0 0 0 23 0 0 0 0 0 24 36 0 0 493 225 243 207 0 0 61 0 135 0 58 60 
0 0 0 0 0 20 0 0 0 0 0 23 36 0 0 492 228 249 204 0 0 61 0 135 0 58 60 
0 0 0 0 0 18 0 0 0 0 0 23 36 0 0 488 226 258 214 0 0 61 0 135 0 58 60 
0 0 0 0 0 22 0 0 0 0 0 24 36 0 0 493 224 250 215 0 0 60 0 135 0 57 60 
0 0 0 0 0 24 0 0 0 0 0 25 36 0 0 496 223 239 214 0 0 60 0 135 0 58 60 
0 0 0 0 0 20 0 0 0 0 0 25 36 0 0 497 216 257 211 0 0 61 0 135 0 58 60 
0 0 0 0 0 19 0 0 0 0 0 24 36 0 0 485 213 246 207 0 0 61 0 135 0 58 60 
0 0 0 0 0 20 0 0 0 0 0 25 36 0 0 491 229 256 205 0 0 61 0 135 0 58 60 
0 0 0 0 0 21 0 0 0 0 0 22 36 0 0 496 212 241 213 0 0 61 0 135 0 58 60 
0 0 0 0 0 18 0 0 0 0 0 24 36 0 0 492 211 251 210 0 0 62 0 135 0 58 60 
0 0 0 0 0 16 0 0 0 0 0 28 36 0 0 501 227 255 208 0 0 61 0 135 0 57 60 
0 0 0 0 0 19 0 0 0 0 0 25 36 0 0 491 227 239 205 0 0 62 0 135 0 57 60 
0 0 0 0 0 21 0 0 0 0 0 24 36 0 0 487 219 258 201 0 0 61 0 135 0 57 60 
0 0 0 0 0 17 0 0 0 0 0 23 36 0 0 488 212 257 204 0 0 61 0 135 0 57 60 
0 0 0 0 0 18 0 0 0 0 0 25 36 0 0 487 212 239 214 0 0 61 0 135 0 57 60 
0 0 0 0 0 21 0 0 0 0 0 24 36 0 0 491 211 240 209 0 0 61 0 135 0 57 60 
0 0 0 0 0 21 0 0 0 0 0 24 36 0 0 504 221 244 205 0 0 61 0 135 0 57 60 
0 0 0 0 0 17 0 0 0 0 0 23 36 0 0 491 215 257 213 0 0 61 0 135 0 57 60 
0 0 0 0 0 17 0 0 0 0 0 25 36 0 0 489 223 249 207 0 0 61 0 135 0 58 60 
0 0 0 0 0 21 0 0 0 0 0 26 36 0 0 487 213 255 213 0 0 60 0 135 0 58 60 
0 0 0 0 0 21 0 0 0 0 0 24 36 0 0 498 226 258 211 0 0 61 0 135 0 58 60 
0 0 0 0 0 18 0 0 0 0 0 24 35 0 0 503 226 258 204 0 0 61 0 135 0 59 60 
0 0 0 0 0 18 0 0 0 0 0 26 36 0 0 488 215 243 212 0 0 61 0 135 0 58 60 
0 0 0 0 0 21 0 0 0 0 0 22 36 0 0 496 226 258 210 0 0 61 0 135 0 59 60 
0 0 0 0 0 20 0 0 0 0 0 21 36 0 0 488 224 249 209 0 0 61 0 135 0 59 60 
0 0 0 0 0 17 0 0 0 0 0 24 36 0 0 484 225 239 204 0 0 61 0 135 0 59 60 
0 0 0 0 0 17 0 0 0 0 0 24 35 0 0 488 213 243 214 0 0 60 0 135 0 58 60 
0 0 0 0 0 20 0 0 0 0 0 24 36 0 0 492 213 251 205 0 0 61 0 135 0 59 60 
0 0 0 0 0 19 0 0 0 0 0 24 36 0 0 490 218 244 211 0 0 61 0 135 0 59 60 
0 0 0 0 0 16 0 0 0 0 0 24 36 0 0 494 217 256 210 0 0 61 0 135 0 59 60 
0 0 0 0 0 17 0 0 0 0 0 25 36 0 0 487 215 246 206 0 0 62 0 135 0 59 60 
0 0 0 0 0 20 0 0 0 0 0 25 35 0 0 486 218 239 212 0 0 62 0 135 0 59 60 
0 0 0 0 0 18 0 0 0 0 0 25 36 0 0 486 212 255 211 0 0 60 0 135 0 59 60 
0 0 0 0 0 16 0 0 0 0 0 25 36 0 0 497 225 250 213 0 0 61 0 135 0 60 60 
0 0 0 0 0 16 0 0 0 0 0 24 36 0 0 501 224 240 202 0 0 61 0 135 0 60 60 
0 0 0 0 0 20 0 0 0 0 0 26 36 0 0 484 210 256 207 0 0 61 0 135 0 60 60 
0 0 0 0 0 17 0 0 0 0 0 23 36 0 0 485 213 243 207 0 0 61 0 135 0 60 60 
0 0 0 0 0 15 0 0 0 0 0 24 36 0 0 496 222 242 205 0 0 61 0 135 0 59 60 
0 0 0 0 0 17 0 0 0 0 0 24 36 0 0 487 217 252 204 0 0 61 0 135 0 58 60 
0 0 0 0 0 19 0 0 0 0 0 25 35 0 0 491 212 239 214 0 0 61 0 135 0 58 60 
0 0 0 0 0 17 0 0 0 0 0 24 36 0 0 501 221 252 205 0 0 60 0 135 0 58 60 
0 0 0 0 0 15 0 0 0 0 0 25 35 0 0 487 214 251 205 0 0 60 0 135 0 59 60 
0 0 0 0 0 16 0 0 0 0 0 25 36 0 0 498 227 254 213 0 0 61 0 135 0 59 60 
0 0 0 0 0 20 0 0 0 0 0 26 36 0 0 489 211 258 211 0 0 61 0 135 0 58 60 
0 0 0 0 0 17 0 0 0 0 0 26 34 0 0 486 228 241 212 0 0 61 0 135 0 58 60 
0 0 0 0 0 14 0 0 0 0 0 25 35 0 0 489 220 254 209 0 0 61 0 135 0 59 60 
0 0 0 0 0 17 0 0 0 0 0 24 33 0 0 497 222 249 213 0 0 61 0 135 0 59 60 
0 0 0 0 0 19 0 0 0 0 0 24 35 0 0 502 217 254 213 0 0 61 0 135 0 59 60 
0 0 0 0 0 16 0 0 0 0 0 25 36 0 0 483 212 252 211 0 0 61 0 135 0 59 60 
0 0 0 0 0 15 0 0 0 0 0 26 35 0 0 496 216 255 201 0 0 61 0 135 0 59 60 
0 0 0 0 0 17 0 0 0 0 0 24 36 0 0 502 226 244 211 0 0 61 0 135 0 59 60 
0 0 0 0 0 18 0 0 0 0 0 24 36 0 0 486 218 243 211 0 0 61 0 135 0 59 60 
0 0 0 0 0 14 0 0 0 0 0 25 36 0 0 488 224 240 203 0 0 62 0 135 0 58 60 
0 0 0 0 0 13 0 0 0 0 0 23 36 0 0 491 227 246 202 0 0 61 0 135 0 58 60 
0 0 0 0 0 17 0 0 0 0 0 25 36 0 0 496 223 253 206 0 0 61 0 135 0 57 60 
0 0 0 0 0 18 0 0 0 0 0 24 36 0 0 502 211 239 211 0 0 61 0 135 0 57 60 
0 0 0 0 0 14 0 0 0 0 0 23 36 0 0 483 214 258 214 0 0 61 0 135 0 57 60 
0 0 0 0 0 13 0 0 0 0 0 25 36 0 0 499 212 258 204 0 0 61 0 135 0 57 60 
0 0 0 0 0 17 0 0 0 0 0 23 36 0 0 487 220 257 205 0 0 61 0 135 0 57 60 
0 0 0 0 0 17 0 0 0 0 0 25 36 0 0 493 218 240 210 0 0 61 0 135 0 57 60 
0 0 0 0 0 14 0 0 0 0 0 26 36 0 0 490 212 243 204 0 0 61 0 135 0 57 60 
0 0 0 0 0 14 0 0 0 0 0 24 36 0 0 492 213 253 201 0 0 61 0 135 0 57 60 
0 0 0 0 0 17 0 0 0 0 0 25 36 0 0 501 216 242 213 0 0 60 0 135 0 57 60 
0 0 0 0 0 16 0 0 0 0 0 24 36 0 0 485 226 248 206 0 0 61 0 135 0 57 60 
0 0 0 0 0 15 0 0 0 0 0 24 36 0 0 494 212 257 204 0 0 61 0 135 0 57 60 
0 0 0 0 0 14 0 0 0 0 0 25 36 0 0 485 226 241 208 0 0 61 0 135 0 57 60 
0 0 0 0 0 19 0 0 0 0 0 23 36 0 0 484 209 247 204 0 0 61 0 135 0 57 60 
0 0 0 0 0 17 0 0 0 0 0 25 36 0 0 494 217 237 202 0 0 61 0 135 0 57 60 
0 0 0 0 0 14 0 0 0 0 0 25 36 0 0 498 214 258 213 0 0 61 0 135 0 57 60 
0 0 0 0 0 16 0 0 0 0 0 25 36 0 0 491 224 244 211 0 0 61 0 135 0 57 60 
0 0 0 0 0 19 0 0 0 0 0 25 36 0 0 496 224 242 211 0 0 61 0 135 0 57 60 
0 0 0 0 0 17 0 0 0 0 0 24 36 0 0 497 210 238 211 0 0 61 0 135 0 57 60 
0 0 0 0 0 14 0 0 0 0 0 26 36 0 0 500 223 249 212 0 0 61 0 135 0 57 60 
0 0 0 0 0 15 0 0 0 0 0 24 36 0 0 499 212 256 212 0 0 61 0 135 0 57 60 
0 0 0 0 0 19 0 0 0 0 0 25 36 0 0 499 224 239 202 0 0 61 0 135 0 57 60 
0 0 0 0 0 15 0 0 0 0 0 25 36 0 0 491 225 255 203 0 0 61 0 135 0 57 60 
0 0 0 0 0 13 0 0 0 0 0 25 36 0 0 484 224 238 212 0 0 61 0 135 0 57 60 
0 0 0 0 0 16 0 0 0 0 0 24 36 0 0 500 211 248 208 0 0 61 0 135 0 57 60 
0 0 0 0 0 17 0 0 0 0 0 25 35 0 0 494 212 238 203 0 0 61 0 135 0 57 60 
0 0 0 0 0 16 0 0 0 0 0 24 36 0 0 499 211 238 203 0 0 61 0 135 0 57 60 
0 0 0 0 0 15 0 0 0 0 0 25 36 0 0 490 224 242 202 0 0 61 0 135 0 57 60 
0 0 0 0 0 17 0 0 0 0 0 24 36 0 0 488 216 255 208 0 0 61 0 135 0 57 60 
0 0 0 0 0 19 0 0 0 0 0 24 36 0 0 486 225 238 202 0 0 61 0 135 0 57 60 
0 0 0 0 0 16 0 0 0 0 0 24 36 0 0 486 217 254 202 0 0 61 0 135 0 57 60 
0 0 0 0 0 13 0 0 0 0 0 26 36 0 0 501 218 244 210 0 0 61 0 135 0 57 60 
0 0 0 0 0 17 0 0 0 0 0 25 36 0 0 500 224 240 209 0 0 61 0 135 0 57 60 
0 0 0 0 0 19 0 0 0 0 0 25 36 0 0 497 218 240 200 0 0 61 0 135 0 57 60 
0 0 0 0 0 17 0 0 0 0 0 23 36 0 0 486 217 240 202 0 0 61 0 135 0 57 60 
0 0 0 0 0 15 0 0 0 0 0 24 36 0 0 501 225 249 206 0 0 61 0 135 0 57 60 
0 0 0 0 0 17 0 0 0 0 0 24 36 0 0 489 223 255 211 0 0 61 0 135 0 57 60 
0 0 0 0 0 19 0 0 0 0 0 25 36 0 0 488 218 250 210 0 0 61 0 135 0 57 60 
0 0 0 0 0 16 0 0 0 0 0 26 36 0 0 484 210 254 203 0 0 61 0 135 0 58 60 
0 0 0 0 0 14 0 0 0 0 0 24 36 0 0 484 215 243 211 0 0 61 0 135 0 57 60 
0 0 0 0 0 18 0 0 0 0 0 26 36 0 0 501 211 253 205 0 0 61 0 135 0 57 60 
0 0 0 0 0 18 0 0 0 0 0 24 36 0 0 491 207 253 209 0 0 61 0 135 0 57 60 
0 0 0 0 0 14 0 0 0 0 0 25 36 0 0 490 225 248 211 0 0 61 0 135 0 57 60 
0 0 0 0 0 15 0 0 0 0 0 26 36 0 0 487 225 243 200 0 0 61 0 135 0 57 60 
0 0 0 0 0 19 0 0 0 0 0 21 36 0 0 498 220 256 205 0 0 61 0 135 0 57 60 
0 0 0 0 0 17 0 0 0 0 0 24 36 0 0 487 214 237 205 0 0 61 0 135 0 57 60 
0 0 0 0 0 15 0 0 0 0 0 24 35 0 0 484 211 251 203 0 0 61 0 135 0 57 60 
0 0 0 0 0 14 0 0 0 0 0 26 36 0 0 489 210 254 206 0 0 61 0 135 0 57 60 
0 0 0 0 0 18 0 0 0 0 0 26 35 0 0 484 212 236 208 0 0 61 0 135 0 58 60 
0 0 0 0 0 16 0 0 0 0 0 21 36 0 0 497 225 258 212 0 0 61 0 135 0 58 60 
0 0 0 0 0 13 0 0 0 0 0 23 36 0 0 501 215 241 213 0 0 61 0 135 0 58 60 
0 0 0 0 0 14 0 0 0 0 0 25 36 0 0 488 221 255 213 0 0 60 0 135 0 58 60 
0 0 0 0 0 18 0 0 0 0 0 25 36 0 0 493 224 257 209 0 0 60 0 135 0 58 60 
0 0 0 0 0 17 0 0 0 0 0 26 36 0 0 484 213 257 204 0 0 61 0 135 0 58 60 
0 0 0 0 0 13 0 0 0 0 0 24 36 0 0 496 222 258 203 0 0 61 0 135 0 58 60 
0 0 0 0 0 15 0 0 0 0 0 24 36 0 0 497 224 257 211 0 0 61 0 135 0 56 60 
0 0 0 0 0 19 0 0 0 0 0 26 36 0 0 495 221 256 210 0 0 61 0 135 0 54 60 
0 0 0 0 0 15 0 0 0 0 0 24 36 0 0 497 212 238 210 0 0 61 0 135 0 54 60 
0 0 128 0 0 13 0 0 0 0 0 26 36 0 0 500 221 256 208 0 0 61 0 135 0 57 60 
0 0 68 0 0 17 0 0 0 0 0 22 35 0 0 486 214 248 210 0 0 62 0 135 0 56 60 
0 0 55 0 0 18 0 0 0 0 0 24 36 0 0 501 218 244 204 0 0 62 0 135 0 57 60 
0 0 132 0 0 15 0 0 0 0 0 26 35 0 0 485 217 240 211 0 0 62 0 135 0 56 60 
0 0 29 0 0 13 0 0 0 0 0 24 36 0 0 487 210 244 208 0 0 61 0 135 0 57 60 
0 0 168 0 0 17 0 0 0 0 0 23 35 0 0 485 224 247 212 0 0 62 0 135 0 57 60 
0 0 89 0 0 19 0 0 0 0 0 23 36 0 0 494 220 256 202 0 0 62 0 135 0 57 60 
0 0 108 0 0 15 0 0 0 0 0 26 35 0 0 498 211 256 205 0 0 61 0 135 0 57 60 
0 0 127 0 0 12 0 0 0 0 0 24 36 0 0 497 217 251 202 0 0 61 0 135 0 57 60 
0 0 54 0 0 15 0 0 0 0 0 25 35 0 0 488 223 250 206 0 0 61 0 135 0 57 60 
0 0 215 0 0 15 0 0 0 0 0 22 35 0 0 500 221 238 211 0 0 61 0 135 0 57 60 
0 0 97 0 0 12 0 0 0 0 0 23 36 0 0 500 212 257 206 0 0 61 0 135 0 57 60 
0 0 69 0 0 11 0 0 0 0 0 24 36 0 0 482 223 244 212 0 0 61 0 135 0 57 60 
0 0 91 0 0 16 0 0 0 0 0 21 36 0 0 496 211 249 207 0 0 60 0 135 0 57 60 
0 0 0 0 0 16 0 0 0 0 0 24 36 0 0 484 218 255 207 0 0 61 0 135 0 56 60 
0 0 206 0 0 15 0 0 0 0 0 23 36 0 0 486 217 256 203 0 0 61 0 135 0 56 60 
0 0 41 0 0 14 0 0 0 0 0 27 36 0 0 491 223 255 203 0 0 61 0 135 0 57 60 
0 0 17 0 0 17 0 0 0 0 0 25 36 0 0 486 221 253 211 0 0 61 0 135 0 57 60 
0 0 0 0 0 16 0 0 0 0 0 25 36 0 0 486 225 252 202 0 0 62 0 135 0 56 60 
0 0 0 0 0 14 0 0 0 0 0 26 36 0 0 496 215 243 212 0 0 61 0 135 0 57 60 
0 0 0 0 0 14 0 0 0 0 0 24 36 0 0 501 216 257 202 0 0 62 0 135 0 57 60 
0 0 0 0 0 18 0 0 0 0 0 24 35 0 0 498 211 241 209 0 0 62 0 135 0 56 60 
0 0 0 0 0 17 0 0 0 0 0 24 36 0 0 498 224 238 205 0 0 61 0 135 0 56 60 
0 0 0 0 0 14 0 0 0 0 0 25 36 0 0 493 211 255 202 0 0 61 0 135 0 56 60 
0 0 0 0 0 15 0 0 0 0 0 25 36 0 0 498 212 247 202 0 0 61 0 135 0 57 60 
0 0 0 0 0 18 0 0 0 0 0 24 36 0 0 494 226 239 210 0 0 61 0 135 0 57 60 
0 0 0 0 0 17 0 0 0 0 0 22 36 0 0 499 208 242 202 0 0 61 0 135 0 57 60 
0 0 0 0 0 14 0 0 0 0 0 25 36 0 0 496 218 243 202 0 0 61 0 135 0 57 60 
0 0 0 0 0 15 0 0 0 0 0 23 36 0 0 500 211 256 208 0 0 61 0 135 0 57 60 
0 0 0 0 0 18 0 0 0 0 0 22 36 0 0 488 213 252 201 0 0 61 0 135 0 57 60 
0 0 0 0 0 16 0 0 0 0 0 26 36 0 0 485 226 248 203 0 0 61 0 135 0 57 60 
0 0 0 0 0 14 0 0 0 0 0 25 36 0 0 501 220 246 211 0 0 61 0 135 0 57 60 
0 0 0 0 0 15 0 0 0 0 0 26 36 0 0 500 210 248 207 0 0 62 0 135 0 57 60 
0 0 0 0 0 19 0 0 0 0 0 24 36 0 0 489 210 248 206 0 0 61 0 135 0 55 60 
0 0 0 0 0 18 0 0 0 0 0 26 36 0 0 499 219 237 211 0 0 61 0 135 0 55 60 
0 0 0 0 0 14 0 0 0 0 0 24 35 0 0 495 224 237 201 0 0 61 0 135 0 53 60 
0 0 0 0 0 16 0 0 0 0 0 23 36 0 0 489 214 240 212 0 0 61 0 135 0 52 60 
0 0 0 0 0 19 0 0 0 0 0 25 36 0 0 493 215 253 205 0 0 61 0 135 0 52 60 
0 0 0 0 0 18 0 0 0 0 0 25 36 0 0 499 211 240 205 0 0 61 0 135 0 50 60 
0 0 0 0 0 14 0 0 0 0 0 24 36 0 0 487 222 237 209 0 0 61 0 135 0 50 60 
0 0 0 0 0 17 0 0 0 0 0 25 36 0 0 496 213 253 206 0 0 61 0 135 0 49 60 
0 0 0 0 0 19 0 0 0 0 0 24 36 0 0 499 214 237 210 0 0 61 0 135 0 50 60 
0 0 0 0 0 17 0 0 0 0 0 24 36 0 0 485 210 250 201 0 0 61 0 135 0 51 60 
0 0 0 0 0 14 0 0 0 0 0 26 36 0 0 484 226 241 205 0 0 61 0 135 0 51 60 
0 0 0 0 0 17 0 0 0 0 0 25 36 0 0 486 213 241 211 0 0 61 0 135 0 51 60 
0 0 0 0 0 18 0 0 0 0 0 25 35 0 0 486 222 237 202 0 0 61 0 135 0 51 60 
0 0 0 0 0 15 0 0 0 0 0 25 36 0 0 493 221 250 203 0 0 61 0 135 0 51 60 
0 0 0 0 0 14 0 0 0 0 0 24 35 0 0 502 217 242 211 0 0 61 0 135 0 52 60 
0 0 0 0 0 16 0 0 0 0 0 26 35 0 0 488 209 252 209 0 0 61 0 135 0 52 60 
0 0 0 0 0 18 0 0 0 0 0 25 36 0 0 492 227 243 205 0 0 61 0 135 0 52 60 
0 0 0 0 0 15 0 0 0 0 0 24 36 0 0 496 221 254 202 0 0 61 0 135 0 52 60 
0 0 0 0 0 14 0 0 0 0 0 23 35 0 0 485 224 254 208 0 0 61 0 135 0 52 60 
0 0 0 0 0 17 0 0 0 0 0 23 36 0 0 494 220 244 209 0 0 61 0 135 0 51 60 
0 0 0 0 0 17 0 0 0 0 0 26 36 0 0 498 224 240 208 0 0 61 0 135 0 50 60 
0 0 0 0 0 14 0 0 0 0 0 26 36 0 0 498 220 252 212 0 0 61 0 135 0 50 60 
0 0 0 0 0 12 0 0 0 0 0 26 36 0 0 496 223 239 210 0 0 62 0 135 0 49 60 
0 0 0 0 0 16 0 0 0 0 0 27 36 0 0 493 217 255 206 0 0 62 0 135 0 48 60 
0 0 0 0 0 15 0 0 0 0 0 27 36 0 0 485 222 238 207 0 0 62 0 135 0 47 60 
0 0 0 0 0 12 0 0 0 0 0 26 36 0 0 484 213 255 209 0 0 62 0 135 0 47 60 
0 0 0 0 0 13 0 0 0 0 0 24 36 0 0 496 220 238 208 0 0 61 0 135 0 48 60 
0 0 0 0 0 16 0 0 0 0 0 25 36 0 0 493 212 253 203 0 0 61 0 135 0 47 60 
0 0 0 0 0 16 0 0 0 0 0 25 36 0 0 497 225 240 211 0 0 62 0 135 0 47 60 
0 0 0 0 0 15 0 0 0 0 0 26 36 0 0 498 220 239 208 0 0 62 0 135 0 46 60 
0 0 0 0 0 15 0 0 0 0 0 24 36 0 0 501 225 239 211 0 0 62 0 135 0 45 60 
0 0 0 0 0 15 0 0 0 0 0 24 36 0 0 487 217 252 209 0 0 62 0 135 0 45 60 
0 0 0 0 0 16 0 0 0 0 0 24 36 0 0 497 222 242 210 0 0 61 0 135 0 44 60 
0 0 0 0 0 12 0 0 0 0 0 27 35 0 0 489 212 241 204 0 0 60 0 135 0 44 60 
0 0 0 0 0 14 0 0 0 0 0 25 36 0 0 499 208 242 207 0 0 60 0 135 0 44 60 
0 0 0 0 0 17 0 0 0 0 0 26 36 0 0 486 212 238 210 0 0 60 0 135 0 44 60 
0 0 0 0 0 17 0 0 0 0 0 26 36 0 0 493 223 256 202 0 0 60 0 135 0 43 60 
0 0 0 0 0 13 0 0 0 0 0 24 36 0 0 482 224 236 204 0 0 61 0 135 0 44 60 
0 0 0 0 0 13 0 0 0 0 0 25 36 0 0 493 207 256 210 0 0 61 0 135 0 43 60 
0 0 0 0 0 18 0 0 0 0 0 25 36 0 0 491 224 241 200 0 0 62 0 135 0 40 60 
0 0 0 0 0 16 0 0 0 0 0 24 36 0 0 484 220 251 203 0 0 62 0 135 0 38 60 
0 0 0 0 0 13 0 0 0 0 0 24 35 0 0 500 214 236 200 0 0 62 0 135 0 36 60 
0 0 0 0 0 15 0 0 0 0 0 24 35 0 0 495 223 256 201 0 0 62 0 135 0 35 60 
0 0 0 0 0 18 0 0 0 0 0 25 36 0 0 492 223 247 210 0 0 62 0 135 0 33 60 
0 0 0 0 0 15 0 0 0 0 0 25 35 0 0 488 226 246 207 0 0 62 0 135 0 33 60 
0 0 0 0 0 14 0 0 0 0 0 25 36 0 0 500 210 255 207 0 0 62 0 135 0 32 60 
0 0 0 0 0 16 0 0 0 0 0 24 35 0 0 485 214 243 208 0 0 62 0 135 0 32 60 
0 0 0 0 0 18 0 0 0 0 0 25 36 0 0 498 211 245 208 0 0 62 0 135 0 32 60 
0 0 0 0 0 15 0 0 0 0 0 27 35 0 0 498 218 254 202 0 0 62 0 135 0 32 60 
0 0 0 0 0 13 0 0 0 0 0 25 35 0 0 482 223 241 211 0 0 61 0 135 0 32 60 
0 0 0 0 0 15 0 0 0 0 0 25 35 0 0 496 213 252 203 0 0 61 0 135 0 31 60 
0 0 0 0 0 15 0 0 0 0 0 26 36 0 0 489 223 241 201 0 0 61 0 135 0 31 60 
0 0 0 0 0 16 0 0 0 0 0 27 36 0 0 500 208 238 200 0 0 62 0 135 0 30 60 
0 0 0 0 0 13 0 0 0 0 0 25 35 0 0 490 222 247 205 0 0 62 0 135 0 30 60 
0 0 0 0 0 16 0 0 0 0 0 27 36 0 0 482 210 250 207 0 0 61 0 135 0 30 60 
0 0 0 0 0 16 0 0 0 0 0 25 35 0 0 484 223 249 201 0 0 61 0 135 0 30 60 
0 0 0 0 0 14 0 0 0 0 0 23 35 0 0 486 226 247 203 0 0 60 0 135 0 29 60 
0 0 0 0 0 13 0 0 0 0 0 25 35 0 0 491 208 250 205 0 0 61 0 135 0 29 60 
0 0 0 0 0 17 0 0 0 0 0 27 36 0 0 496 208 237 209 0 0 61 0 135 0 29 60 
0 0 0 0 0 18 0 0 0 0 0 25 36 0 0 485 221 243 206 0 0 61 0 135 0 29 60 
0 0 0 0 0 15 0 0 0 0 0 23 36 0 0 488 210 238 202 0 0 61 0 135 0 29 60 
0 0 0 0 0 13 0 0 0 0 0 24 35 0 0 487 219 253 202 0 0 61 0 135 0 29 60 
0 0 0 0 0 18 0 0 0 0 0 26 35 0 0 489 216 254 201 0 0 61 0 135 0 29 60 
0 0 0 0 0 17 0 0 0 0 0 26 36 0 0 499 210 247 203 0 0 62 0 135 0 29 60 
0 0 0 0 0 14 0 0 0 0 0 22 36 0 0 494 216 254 200 0 0 62 0 135 0 29 60 
0 0 0 0 0 14 0 0 0 0 0 25 36 0 0 492 213 255 201 0 0 62 0 135 0 29 60 
0 0 0 0 0 18 0 0 0 0 0 26 35 0 0 488 213 248 202 0 0 61 0 135 0 29 60 
0 0 0 0 0 17 0 0 0 0 0 25 36 0 0 486 211 237 211 0 0 61 0 135 0 29 60 
0 0 0 0 0 14 0 0 0 0 0 24 36 0 0 485 207 251 205 0 0 62 0 135 0 29 60 
0 0 0 0 0 15 0 0 0 0 0 27 35 0 0 493 220 239 203 0 0 62 0 135 0 29 60 
0 0 0 0 0 18 0 0 0 0 0 26 36 0 0 498 212 244 211 0 0 61 0 135 0 29 60 
0 0 0 0 0 17 0 0 0 0 0 24 36 0 0 496 224 236 211 0 0 60 0 135 0 29 60 
0 0 0 0 0 14 0 0 0 0 0 24 36 0 0 496 214 240 205 0 0 61 0 135 0 29 60 
0 0 0 0 0 15 0 0 0 0 0 26 36 0 0 497 223 255 207 0 0 60 0 135 0 29 60 
0 0 0 0 0 18 0 0 0 0 0 26 37 12 0 484 214 250 200 0 0 61 0 135 0 29 60 
0 85 0 0 0 22 0 27 0 55 0 35 37 20 41 500 211 255 207 0 0 61 0 135 0 29 60 
0 151 73 0 0 41 0 69 65 352 0 31 36 19 42 500 215 236 209 0 0 62 0 135 0 29 60 
0 147 70 0 23 66 0 65 78 485 0 36 37 19 42 484 209 239 210 0 0 61 0 135 0 29 60 
0 144 72 0 46 73 0 61 74 461 0 39 37 19 42 486 217 239 201 0 0 61 0 135 0 29 60 
43 149 71 0 74 52 0 65 75 446 0 39 38 21 41 379 149 220 41 0 0 60 0 135 0 29 60 
138 149 74 0 99 23 0 70 74 445 0 47 38 22 41 63 0 24 0 0 0 54 0 135 0 28 60 
132 154 71 0 118 15 0 69 74 445 0 37 37 24 41 257 49 127 384 0 0 45 0 135 0 28 60 
140 157 71 0 130 17 0 67 74 446 0 30 38 24 43 674 360 436 361 0 0 42 0 135 0 28 60 
141 148 73 0 133 14 0 71 75 445 0 28 38 21 42 685 361 488 341 0 0 59 0 135 0 28 60 
144 149 71 0 135 13 0 68 75 441 0 32 38 22 43 649 347 479 353 0 0 68 0 135 0 28 60 
143 148 74 0 133 24 0 70 75 436 0 28 38 21 44 683 328 514 375 0 0 80 0 135 0 28 60 
143 150 72 0 131 46 0 72 76 442 0 29 38 22 45 674 321 515 432 0 0 90 0 135 0 28 60 
146 146 73 0 129 71 0 69 76 430 0 26 38 22 45 719 317 497 438 0 0 98 0 135 0 28 60 
147 147 70 0 127 90 0 67 76 423 0 27 38 23 43 702 303 489 494 0 0 106 0 135 0 28 60 
145 162 74 0 126 103 0 75 78 440 0 25 38 19 44 704 240 473 413 0 0 107 0 135 0 28 60 
149 145 75 0 124 109 0 73 79 437 0 26 38 21 44 657 315 500 453 0 0 107 0 135 0 28 60 
149 144 70 0 123 105 0 75 76 429 0 24 38 21 44 669 421 509 476 0 0 113 0 135 0 28 60 
151 157 70 0 121 103 0 72 75 431 0 23 38 20 44 638 223 490 417 0 0 121 0 135 0 28 60 
150 155 74 0 121 101 0 74 74 437 0 25 38 23 42 687 324 522 367 0 0 124 0 135 0 29 60 
151 154 73 0 119 99 0 73 74 434 0 24 38 23 43 666 367 484 392 0 0 130 0 135 0 28 60 
152 148 72 0 118 95 0 70 74 430 0 25 38 25 42 648 316 506 384 0 0 136 0 135 0 28 60 
151 148 69 0 118 96 0 69 75 423 0 27 38 24 42 604 333 473 404 0 0 138 0 135 0 28 60 
154 151 72 0 117 95 0 76 75 427 0 21 38 22 42 667 316 492 443 0 0 135 0 135 0 27 60 
150 153 73 0 115 95 0 77 76 434 0 26 38 24 43 723 230 522 418 0 0 140 0 135 0 28 60 
153 145 74 0 113 91 0 78 76 429 0 26 38 23 43 707 329 514 348 0 0 141 0 135 0 27 60 
151 146 74 0 112 92 0 75 77 424 0 25 38 27 42 694 338 522 369 0 0 133 0 135 0 27 60 
156 149 74 0 110 94 0 76 77 434 0 27 38 29 43 650 287 507 385 0 0 125 0 135 0 27 60 
152 150 72 0 109 91 0 74 77 438 0 24 38 27 42 687 309 487 379 0 0 129 0 135 0 28 60 
152 142 73 0 109 88 0 76 78 432 0 31 38 25 44 682 231 499 456 0 0 131 0 135 0 28 60 
149 144 74 0 109 92 0 74 78 429 0 27 38 25 42 689 430 447 445 0 0 137 0 135 0 27 60 
154 150 73 0 110 96 0 75 77 435 0 30 38 24 43 620 404 320 434 0 0 150 0 135 0 28 60 
155 149 72 0 111 94 0 77 75 433 0 29 37 22 42 632 251 277 449 0 0 154 0 135 0 28 60 
147 149 73 0 111 89 0 73 75 436 0 29 38 21 42 679 258 304 446 0 0 161 0 135 0 27 60 
148 154 75 0 111 85 0 71 74 437 0 30 37 21 42 633 290 262 425 0 0 159 0 135 0 28 60 
150 149 73 0 111 90 0 81 73 434 0 30 37 19 42 639 360 327 435 0 0 152 0 135 0 27 60 
149 151 78 0 112 88 0 75 74 437 0 32 37 18 43 701 339 297 404 0 0 142 0 135 0 27 60 
150 147 71 0 113 88 0 75 75 425 0 31 38 17 42 663 290 296 406 0 0 134 0 135 0 27 60 
147 148 73 0 115 87 0 76 75 421 0 29 37 18 44 622 421 311 414 0 0 131 0 135 0 28 60 
147 153 77 0 114 93 0 74 76 436 0 27 37 20 44 684 159 299 389 0 0 126 0 135 0 28 60 
147 149 74 0 114 90 0 76 76 437 0 31 38 19 42 636 400 313 487 0 0 104 0 135 0 27 60 
151 153 74 0 113 87 0 76 75 425 0 31 38 23 42 655 326 298 384 0 0 97 0 135 0 28 60 
140 152 71 0 112 87 0 73 76 427 0 28 37 25 44 636 301 315 379 0 0 99 0 135 0 28 60 
139 151 73 0 110 85 0 77 74 434 0 31 38 28 44 633 316 293 369 0 0 97 0 135 0 28 60 
153 149 73 0 108 82 0 73 76 434 0 30 38 27 43 624 410 297 391 0 0 99 0 135 0 27 60 
154 154 74 0 108 84 0 73 75 430 0 30 38 30 45 637 299 299 436 0 0 95 0 135 0 28 60 
156 157 75 0 108 92 0 79 76 424 0 32 37 26 45 661 319 316 485 0 0 93 0 135 0 28 60 
136 144 73 0 107 88 0 72 74 425 0 30 37 21 47 638 357 297 451 0 0 92 0 135 0 28 60 
135 149 70 0 107 83 0 75 75 433 0 29 38 22 44 675 269 309 483 0 0 89 0 135 0 28 60 
157 161 73 0 106 80 0 75 75 427 0 29 38 20 42 664 302 281 445 0 0 91 0 135 0 28 60 
158 153 75 0 107 86 0 76 75 426 0 27 38 19 42 697 334 288 429 0 0 88 0 135 0 28 60 
159 155 70 0 106 88 0 79 76 444 0 31 37 18 42 669 318 263 485 0 0 86 0 135 0 28 60 
156 152 75 0 106 85 0 76 76 444 0 29 38 16 41 654 256 291 416 0 0 86 0 135 0 28 60 
156 151 71 0 107 84 0 74 75 431 0 27 38 14 43 668 341 302 388 0 0 82 0 135 0 28 60 
156 156 74 0 107 85 0 77 75 429 0 25 38 14 45 653 299 308 434 0 0 85 0 135 0 28 60 
149 147 74 0 107 84 0 72 75 438 0 29 38 17 43 613 340 296 432 0 0 90 0 135 0 28 60 
155 145 76 0 107 86 0 74 76 441 0 27 38 21 46 636 148 300 433 0 0 90 0 135 0 28 60 
154 149 72 0 106 89 0 74 78 442 0 28 37 23 43 680 350 299 419 0 0 82 0 135 0 28 60 
150 151 75 0 106 89 0 77 76 440 0 25 38 25 43 638 391 328 383 0 0 76 0 135 0 28 60 
154 148 75 0 106 84 0 77 75 438 0 28 38 24 43 627 382 318 367 0 0 78 0 135 0 28 60 
160 144 74 0 107 84 0 73 74 440 0 24 37 25 42 687 210 288 416 0 0 80 0 135 0 28 60 
151 152 75 0 107 89 0 77 74 425 0 27 38 24 42 664 233 304 429 0 0 78 0 135 0 28 60 
154 154 74 0 107 91 0 82 74 421 0 27 38 24 44 663 423 314 444 0 0 80 0 135 0 28 60 
150 148 74 0 106 91 0 80 76 434 0 28 38 23 43 652 267 317 446 0 0 83 0 135 0 28 60 
148 158 75 0 106 82 0 76 76 432 0 27 38 24 43 626 285 314 448 0 0 85 0 135 0 28 60 
148 155 72 0 105 81 0 76 77 426 0 28 37 24 44 683 313 300 459 0 0 88 0 135 0 28 60 
151 150 74 0 105 81 0 78 77 425 0 25 37 23 43 611 233 292 437 0 0 92 0 135 0 29 60 
154 151 76 0 106 80 0 79 77 437 0 26 37 23 44 632 476 280 432 0 0 92 0 135 0 28 60 
151 150 76 0 108 80 0 76 77 433 0 25 38 21 44 655 240 314 456 0 0 94 0 135 0 28 60 
