151 153 66 0 131 83 0 82 80 302 0 21 25 45 0 524 332 359 654 0 0 112 0 123 0 71 60 
154 150 66 0 130 90 0 81 79 299 0 22 24 45 0 485 306 389 609 0 0 108 0 123 0 70 60 
150 156 65 0 129 90 0 78 79 297 0 23 25 44 0 555 262 384 689 0 0 109 0 123 0 70 60 
156 159 63 0 129 90 0 82 81 306 0 22 25 48 0 556 275 391 623 0 0 115 0 123 0 70 60 
150 141 62 0 128 93 0 82 80 311 0 24 25 55 0 536 188 401 638 0 0 124 0 123 0 71 60 
150 146 63 0 128 99 0 83 81 308 0 21 25 53 0 480 377 374 616 0 0 131 0 123 0 72 60 
153 158 68 0 128 101 0 79 79 301 0 23 25 47 0 519 302 400 619 0 0 124 0 123 0 72 60 
149 157 62 0 128 98 0 83 79 286 0 23 25 42 0 559 209 361 686 0 0 123 0 123 0 72 60 
151 154 63 0 129 91 0 79 79 303 0 23 25 38 0 522 278 398 688 0 0 119 0 123 0 72 60 
155 147 58 0 129 91 0 76 80 305 0 25 25 42 0 557 395 366 642 0 0 118 0 123 0 72 60 
152 149 63 0 128 86 0 83 80 309 0 22 25 45 0 583 301 397 676 0 0 115 0 123 0 72 60 
151 149 64 0 128 84 0 80 81 302 0 21 24 56 0 568 273 399 644 0 0 116 0 123 0 71 60 
151 153 64 0 128 86 0 82 81 305 0 19 24 59 0 548 267 386 643 0 0 125 0 123 0 71 60 
150 146 68 0 128 93 0 84 81 307 0 19 24 50 0 547 193 376 652 0 0 120 0 123 0 70 60 
152 144 62 0 128 93 0 83 80 306 0 19 23 43 0 537 187 388 638 0 0 117 0 123 0 71 60 
152 149 66 0 127 84 0 83 80 308 0 18 24 38 0 547 344 397 592 0 0 118 0 123 0 71 60 
150 151 67 0 127 79 0 78 79 309 0 18 24 30 0 528 282 386 597 0 0 121 0 123 0 71 60 
149 147 63 0 127 84 0 78 80 301 0 20 24 35 0 528 223 359 658 0 0 123 0 123 0 71 60 
151 147 62 0 128 82 0 81 79 294 0 16 24 46 0 513 376 370 619 0 0 126 0 123 0 71 60 
150 149 65 0 129 76 0 81 80 295 0 19 24 49 0 577 235 383 653 0 0 131 0 123 0 71 60 
156 150 63 0 128 81 0 80 80 304 0 19 25 49 0 490 353 376 603 0 0 137 0 123 0 71 60 
151 152 65 0 129 88 0 74 81 309 0 20 25 50 0 514 305 383 607 0 0 131 0 123 0 72 60 
150 154 63 0 127 91 0 80 80 302 0 20 25 50 0 511 397 349 656 0 0 126 0 123 0 72 60 
152 150 60 0 125 91 0 77 81 297 0 20 25 46 0 520 223 403 661 0 0 117 0 123 0 73 60 
149 151 59 0 123 96 0 79 81 299 0 22 25 40 0 596 293 404 631 0 0 117 0 123 0 73 60 
157 148 63 0 124 94 0 80 81 300 0 23 25 33 0 535 265 373 615 0 0 117 0 123 0 73 60 
154 156 66 0 126 89 0 85 80 308 0 26 25 36 0 541 257 403 621 0 0 117 0 123 0 72 60 
148 155 67 0 128 86 0 83 81 306 0 29 25 43 0 530 198 364 627 0 0 121 0 123 0 73 60 
149 155 63 0 131 96 0 81 80 301 0 27 25 43 0 562 484 391 621 0 0 115 0 123 0 73 60 
149 149 62 0 133 91 0 84 79 299 0 26 25 44 0 550 433 362 680 0 0 112 0 123 0 74 60 
148 152 65 0 134 80 0 80 80 297 0 25 25 47 0 531 270 361 663 0 0 110 0 123 0 73 60 
150 154 67 0 135 83 0 76 80 300 0 23 25 49 0 527 314 395 661 0 0 109 0 123 0 74 60 
149 151 63 0 136 91 0 79 79 308 0 26 25 42 0 583 370 365 702 0 0 112 0 123 0 75 60 
152 152 65 0 134 92 0 76 80 307 0 23 25 41 0 538 271 392 661 0 0 120 0 123 0 75 60 
154 160 62 0 132 84 0 77 80 302 0 21 25 43 0 518 175 377 663 0 0 138 0 123 0 76 60 
150 145 68 0 130 84 0 79 81 300 0 23 25 38 0 504 324 406 646 0 0 144 0 123 0 76 60 
153 145 65 0 128 84 0 82 82 304 0 19 25 39 0 549 317 390 660 0 0 139 0 123 0 76 60 
151 157 63 0 128 79 0 84 80 310 0 20 25 39 0 538 245 371 630 0 0 125 0 123 0 75 60 
150 155 64 0 129 76 0 77 79 311 0 19 24 43 0 535 309 360 642 0 0 124 0 123 0 75 60 
156 151 65 0 130 88 0 82 78 307 0 19 25 42 0 537 278 378 583 0 0 124 0 123 0 76 60 
148 150 66 0 131 91 0 77 80 300 0 19 25 42 0 577 316 388 601 0 0 125 0 123 0 75 60 
151 146 65 0 131 88 0 74 80 298 0 18 25 44 0 558 435 397 657 0 0 127 0 123 0 75 60 
155 154 63 0 132 84 0 77 81 298 0 17 24 49 0 488 193 417 637 0 0 124 0 123 0 74 60 
151 153 67 0 132 92 0 79 80 304 0 20 25 49 0 502 267 396 604 0 0 118 0 123 0 73 60 
151 146 68 0 132 96 0 83 79 302 0 18 24 40 0 517 462 421 634 0 0 114 0 123 0 73 60 
152 144 70 0 130 94 0 80 78 300 0 19 25 37 0 572 219 380 605 0 0 112 0 123 0 74 60 
153 149 65 0 129 93 0 78 78 308 0 18 25 42 0 571 299 392 615 0 0 111 0 123 0 75 60 
149 149 66 0 128 91 0 85 80 306 0 21 25 49 0 522 227 384 640 0 0 111 0 123 0 74 60 
153 145 68 0 128 87 0 83 79 306 0 20 25 48 0 541 284 413 657 0 0 114 0 123 0 75 60 
149 145 72 0 128 82 0 80 79 308 0 19 24 50 0 532 388 412 659 0 0 120 0 123 0 74 60 
152 148 66 0 128 89 0 80 80 309 0 19 25 49 0 558 524 377 662 0 0 128 0 123 0 73 60 
149 147 64 0 130 87 0 76 81 298 0 19 25 46 0 540 196 381 603 0 0 126 0 123 0 73 60 
153 152 65 0 128 83 0 77 81 294 0 19 25 36 0 501 274 384 649 0 0 120 0 123 0 73 60 
153 156 60 0 129 78 0 78 81 298 0 19 25 26 0 535 359 403 683 0 0 116 0 123 0 74 60 
150 154 63 0 129 83 0 84 80 308 0 20 25 26 0 542 343 398 655 0 0 113 0 123 0 73 60 
151 154 65 0 129 86 0 82 79 310 0 20 25 28 0 611 256 396 670 0 0 115 0 123 0 73 60 
152 151 65 0 129 91 0 82 77 302 0 21 25 35 0 533 404 411 676 0 0 115 0 123 0 73 60 
151 154 62 0 129 92 0 77 79 298 0 21 25 40 0 512 287 385 650 0 0 121 0 123 0 73 60 
153 154 64 0 128 91 0 81 79 300 0 22 25 46 0 516 216 397 638 0 0 121 0 123 0 73 60 
152 152 62 0 127 86 0 79 79 300 0 21 25 44 0 518 296 393 609 0 0 116 0 123 0 72 60 
151 150 66 0 126 83 0 78 80 303 0 21 25 43 0 541 335 381 628 0 0 115 0 123 0 72 60 
152 154 65 0 125 85 0 77 80 302 0 22 24 43 0 544 288 400 703 0 0 112 0 123 0 73 60 
152 154 62 0 126 82 0 79 81 301 0 22 24 43 0 518 415 376 611 0 0 113 0 123 0 73 60 
154 155 63 0 127 86 0 83 82 299 0 19 25 42 0 542 283 377 620 0 0 110 0 123 0 72 60 
150 154 65 0 130 86 0 77 82 296 0 24 25 45 0 504 295 380 640 0 0 120 0 123 0 72 60 
147 160 66 0 131 89 0 81 81 298 0 19 24 46 0 491 310 386 645 0 0 129 0 123 0 72 60 
151 145 59 0 132 88 0 82 81 306 0 23 24 43 0 519 232 384 642 0 0 130 0 123 0 71 60 
153 149 62 0 134 93 0 77 81 305 0 22 25 40 0 518 323 433 640 0 0 135 0 123 0 73 60 
149 159 64 0 136 90 0 79 80 300 0 20 24 46 0 583 350 383 613 0 0 125 0 123 0 74 60 
151 160 65 0 137 84 0 80 80 299 0 23 25 42 0 571 322 402 658 0 0 120 0 123 0 75 60 
150 154 66 0 137 80 0 81 78 305 0 23 25 37 0 566 282 382 654 0 0 125 0 123 0 76 60 
151 151 63 0 134 88 0 80 78 310 0 24 25 46 0 533 346 404 630 0 0 127 0 123 0 75 60 
151 151 65 0 133 92 0 78 78 312 0 22 25 44 0 558 185 370 615 0 0 132 0 123 0 75 60 
147 151 66 0 131 86 0 83 78 307 0 21 25 44 0 569 400 370 651 0 0 131 0 123 0 74 60 
151 154 69 0 130 80 0 79 80 302 0 22 25 46 0 553 287 370 631 0 0 119 0 123 0 74 60 
151 148 65 0 128 86 0 80 81 302 0 22 25 55 0 519 342 379 637 0 0 115 0 123 0 74 60 
152 144 62 0 128 89 0 79 81 303 0 23 25 50 0 554 217 371 690 0 0 118 0 123 0 73 60 
151 151 65 0 128 86 0 78 82 308 0 27 25 45 0 551 300 372 672 0 0 122 0 123 0 73 60 
150 153 63 0 129 90 0 85 80 305 0 26 26 44 0 503 200 399 643 0 0 123 0 123 0 72 60 
149 146 64 0 129 94 0 85 80 302 0 28 25 39 0 514 370 377 703 0 0 121 0 123 0 70 60 
149 147 64 0 129 93 0 86 81 306 0 32 25 40 0 513 299 368 622 0 0 121 0 123 0 71 60 
151 148 62 0 130 86 0 83 79 303 0 29 25 45 0 540 317 367 652 0 0 120 0 123 0 71 60 
152 148 63 0 129 94 0 77 80 305 0 30 25 55 0 527 302 370 625 0 0 110 0 123 0 72 60 
150 151 68 0 128 98 0 81 79 305 0 28 25 57 0 583 300 365 637 0 0 106 0 123 0 72 60 
153 156 67 0 127 91 0 78 79 305 0 31 25 45 0 549 334 374 639 0 0 107 0 123 0 73 60 
150 152 64 0 127 80 0 74 79 298 0 34 25 41 0 564 299 379 626 0 0 107 0 123 0 74 60 
154 152 66 0 127 81 0 78 80 294 0 32 26 37 0 531 282 350 657 0 0 109 0 123 0 74 60 
150 147 67 0 125 86 0 78 80 298 0 34 25 29 0 482 188 366 629 0 0 114 0 123 0 73 60 
153 149 68 0 125 86 0 77 80 306 0 26 25 34 0 544 306 380 589 0 0 126 0 123 0 72 60 
150 155 64 0 126 87 0 81 80 309 0 21 25 44 0 573 317 353 664 0 0 129 0 123 0 71 60 
150 149 64 0 125 89 0 81 81 303 0 23 25 52 0 549 371 375 657 0 0 118 0 123 0 72 60 
152 150 66 0 126 88 0 83 82 296 0 21 25 53 0 525 428 384 577 0 0 115 0 123 0 71 60 
150 151 66 0 128 78 0 85 81 301 0 23 25 50 0 543 266 380 614 0 0 115 0 123 0 71 60 
155 152 65 0 129 83 0 75 80 303 0 22 26 49 0 529 366 355 651 0 0 113 0 123 0 71 60 
150 151 63 0 129 90 0 81 79 308 0 26 25 40 0 514 405 371 607 0 0 122 0 123 0 71 60 
152 153 65 0 127 92 0 80 79 305 0 27 25 32 0 539 302 373 631 0 0 133 0 123 0 71 60 
151 160 65 0 125 83 0 77 80 301 0 31 25 31 0 548 328 341 585 0 0 145 0 123 0 71 60 
153 143 67 0 124 86 0 79 79 301 0 33 26 38 0 530 330 370 672 0 0 146 0 123 0 71 60 
155 150 67 0 124 89 0 80 80 298 0 33 26 43 0 575 261 361 647 0 0 132 0 123 0 71 60 
155 157 68 0 125 91 0 84 80 299 0 34 26 44 0 598 387 376 634 0 0 128 0 123 0 71 60 
148 159 66 0 127 84 0 78 80 304 0 34 26 47 0 532 187 350 616 0 0 122 0 123 0 71 60 
150 153 66 0 130 89 0 82 80 302 0 34 26 47 0 532 370 379 637 0 0 121 0 123 0 71 60 
152 151 66 0 132 90 0 85 80 296 0 32 26 41 0 546 238 382 658 0 0 123 0 123 0 71 60 
149 150 66 0 133 88 0 78 81 295 0 34 26 38 0 523 385 343 670 0 0 129 0 123 0 71 60 
149 152 64 0 135 91 0 79 81 299 0 32 26 42 0 513 362 366 657 0 0 127 0 123 0 70 60 
152 152 67 0 135 94 0 79 81 307 0 34 26 40 0 561 192 367 650 0 0 118 0 123 0 70 60 
149 145 66 0 133 92 0 79 81 309 0 31 26 35 0 526 312 353 630 0 0 109 0 123 0 70 60 
151 145 67 0 132 84 0 81 80 305 0 30 26 38 0 560 194 359 622 0 0 112 0 123 0 70 60 
152 152 63 0 130 89 0 78 80 301 0 32 26 42 0 492 305 371 688 0 0 113 0 123 0 70 60 
152 151 65 0 128 95 0 87 78 298 0 31 26 39 0 487 288 339 629 0 0 112 0 123 0 69 60 
152 146 65 0 128 96 0 83 79 300 0 26 26 44 0 590 205 375 631 0 0 110 0 123 0 70 60 
150 149 65 0 130 87 0 82 80 306 0 28 26 43 0 513 376 391 590 0 0 111 0 123 0 70 60 
152 150 68 0 130 83 0 86 81 305 0 24 26 42 0 557 354 395 605 0 0 116 0 123 0 71 60 
148 152 64 0 131 78 0 79 80 302 0 23 25 44 0 575 232 375 644 0 0 114 0 123 0 72 60 
153 150 68 0 131 78 0 82 80 305 0 24 26 43 0 598 290 351 620 0 0 115 0 123 0 73 60 
149 156 67 0 131 79 0 81 79 307 0 20 26 35 0 540 397 377 630 0 0 115 0 123 0 73 60 
153 157 64 0 133 83 0 77 80 305 0 22 26 45 0 550 321 386 649 0 0 111 0 123 0 72 60 
153 150 66 0 132 83 0 80 80 301 0 24 26 51 0 525 335 367 644 0 0 111 0 123 0 72 60 
150 151 65 0 132 85 0 74 81 305 0 24 26 53 0 572 336 364 595 0 0 118 0 123 0 72 60 
150 150 66 0 130 85 0 75 79 294 0 26 26 51 0 529 207 372 628 0 0 120 0 123 0 72 60 
150 157 66 0 129 87 0 78 80 292 0 29 25 53 0 518 262 415 645 0 0 116 0 123 0 72 60 
146 153 64 0 129 93 0 78 79 297 0 29 26 46 0 550 335 375 640 0 0 109 0 123 0 72 60 
151 151 65 0 129 92 0 80 80 303 0 33 26 38 0 566 297 376 678 0 0 107 0 123 0 72 60 
152 154 65 0 130 88 0 82 79 308 0 31 26 25 0 505 240 375 651 0 0 110 0 123 0 70 60 
151 151 63 0 130 82 0 80 79 301 0 31 25 28 0 476 389 384 632 0 0 118 0 123 0 71 60 
154 152 62 0 131 91 0 83 79 299 0 25 25 28 0 538 379 379 641 0 0 123 0 123 0 71 60 
149 155 64 0 130 98 0 82 79 301 0 25 25 37 0 583 194 368 654 0 0 126 0 123 0 71 60 
150 157 65 0 130 95 0 79 79 305 0 22 25 40 0 586 193 395 696 0 0 133 0 123 0 71 60 
151 143 63 0 131 86 0 83 81 307 0 20 25 47 0 564 282 379 682 0 0 136 0 123 0 70 60 
150 145 65 0 130 89 0 81 81 305 0 19 25 48 0 566 315 390 666 0 0 129 0 123 0 71 60 
151 153 64 0 129 93 0 76 83 302 0 19 24 43 0 499 361 395 616 0 0 128 0 123 0 70 60 
149 163 67 0 129 87 0 80 82 300 0 20 25 40 0 509 378 376 628 0 0 131 0 123 0 70 60 
150 152 64 0 127 83 0 76 81 300 0 22 25 42 0 566 219 360 608 0 0 129 0 123 0 70 60 
151 151 66 0 126 84 0 81 77 303 0 18 25 41 0 552 467 390 611 0 0 125 0 123 0 69 60 
151 151 66 0 125 77 0 83 78 307 0 19 25 48 0 539 336 402 598 0 0 130 0 123 0 69 60 
150 150 66 0 127 71 0 78 79 302 0 20 25 45 0 525 336 379 728 0 0 118 0 123 0 69 60 
151 152 64 0 128 78 0 82 79 297 0 18 25 40 0 571 236 374 602 0 0 115 0 123 0 69 60 
150 144 64 0 130 87 0 73 78 298 0 22 26 44 0 515 202 395 626 0 0 117 0 123 0 69 60 
152 143 65 0 130 90 0 73 80 303 0 24 26 43 0 536 361 402 635 0 0 118 0 123 0 69 60 
153 151 64 0 132 85 0 79 80 311 0 23 26 40 0 538 353 392 622 0 0 120 0 123 0 68 60 
153 152 64 0 134 89 0 74 80 311 0 26 26 44 0 516 181 393 617 0 0 117 0 123 0 68 60 
149 148 64 0 136 91 0 82 81 303 0 24 26 45 0 582 195 404 640 0 0 120 0 123 0 68 60 
148 146 63 0 136 93 0 81 81 300 0 23 26 40 0 592 400 399 653 0 0 127 0 123 0 67 60 
149 148 66 0 136 90 0 81 81 299 0 22 25 45 0 551 326 378 657 0 0 122 0 123 0 67 60 
154 150 66 0 135 95 0 81 83 302 0 19 26 54 0 551 394 386 619 0 0 117 0 123 0 66 60 
150 150 66 0 133 95 0 80 81 303 0 20 25 53 0 525 254 377 603 0 0 115 0 123 0 67 60 
155 152 66 0 131 94 0 84 79 305 0 23 25 41 0 486 461 402 674 0 0 112 0 123 0 67 60 
156 153 63 0 131 99 0 76 79 303 0 22 25 46 0 534 336 412 619 0 0 120 0 123 0 67 60 
145 149 65 0 130 98 0 74 78 307 0 24 26 37 0 537 237 412 631 0 0 122 0 123 0 66 60 
154 149 65 0 129 87 0 83 78 308 0 23 26 40 0 504 328 402 619 0 0 123 0 123 0 66 60 
151 149 63 0 129 77 0 76 80 305 0 24 24 48 0 546 197 354 655 0 0 117 0 123 0 66 60 
147 154 66 0 129 81 0 80 80 306 0 22 25 55 0 557 326 394 643 0 0 117 0 123 0 66 60 
148 153 63 0 129 89 0 82 80 306 0 20 25 60 0 545 252 400 655 0 0 123 0 123 0 66 60 
148 149 62 0 131 92 0 84 80 295 0 21 25 46 0 537 326 404 663 0 0 124 0 123 0 66 60 
155 150 68 0 130 87 0 82 81 294 0 20 25 44 0 525 367 414 705 0 0 120 0 123 0 66 60 
152 150 68 0 129 84 0 78 82 300 0 18 25 40 0 565 343 390 597 0 0 118 0 123 0 66 60 
151 148 65 0 129 81 0 83 81 308 0 20 25 29 0 592 282 402 685 0 0 125 0 123 0 68 60 
155 156 68 0 128 81 0 83 81 309 0 17 26 37 0 574 280 418 643 0 0 138 0 123 0 68 60 
151 156 67 0 128 87 0 76 80 300 0 19 26 48 0 581 300 394 639 0 0 149 0 123 0 70 60 
151 141 66 0 128 90 0 78 79 298 0 19 25 48 0 567 246 395 605 0 0 143 0 123 0 70 60 
152 148 65 0 128 93 0 81 81 301 0 19 25 54 0 506 292 382 571 0 0 134 0 123 0 71 60 
153 157 62 0 127 91 0 79 80 305 0 20 26 53 0 505 261 396 635 0 0 129 0 123 0 70 60 
149 157 65 0 127 96 0 78 80 306 0 19 25 54 0 513 310 393 645 0 0 125 0 123 0 70 60 
155 154 68 0 127 94 0 79 79 301 0 21 25 44 0 503 349 409 624 0 0 125 0 123 0 70 60 
147 149 64 0 128 92 0 81 79 301 0 22 25 31 0 538 253 389 614 0 0 126 0 123 0 70 60 
152 151 65 0 129 87 0 80 78 299 0 21 25 31 0 520 180 394 642 0 0 119 0 123 0 70 60 
152 150 67 0 131 82 0 79 80 299 0 22 25 42 0 554 264 408 626 0 0 116 0 123 0 70 60 
150 152 64 0 130 78 0 84 81 302 0 23 25 45 0 508 526 406 586 0 0 114 0 123 0 70 60 
153 147 64 0 128 83 0 78 81 307 0 18 26 46 0 477 261 400 623 0 0 114 0 123 0 71 60 
153 143 65 0 126 91 0 78 83 303 0 21 25 48 0 561 263 410 603 0 0 118 0 123 0 71 60 
153 149 66 0 126 91 0 80 81 298 0 17 25 47 0 542 354 392 660 0 0 118 0 123 0 71 60 
156 148 65 0 126 88 0 78 81 300 0 20 25 42 0 551 280 402 634 0 0 122 0 123 0 71 60 
151 150 63 0 128 92 0 83 79 303 0 19 25 42 0 546 408 402 578 0 0 122 0 123 0 71 60 
154 151 65 0 130 95 0 73 79 312 0 16 25 44 0 615 191 396 616 0 0 116 0 123 0 70 60 
152 149 62 0 131 92 0 82 80 311 0 20 25 39 0 563 373 368 644 0 0 110 0 123 0 71 60 
149 153 64 0 134 90 0 86 79 303 0 21 25 37 0 525 354 385 640 0 0 105 0 123 0 70 60 
150 154 64 0 135 88 0 80 80 301 0 22 25 36 0 523 195 378 664 0 0 106 0 123 0 70 60 
149 153 65 0 136 82 0 90 80 300 0 23 25 42 0 513 266 369 653 0 0 110 0 123 0 71 60 
149 149 66 0 136 73 0 81 79 300 0 22 25 41 0 530 394 396 657 0 0 116 0 123 0 72 60 
153 152 64 0 134 76 0 80 80 306 0 23 26 40 0 566 282 367 626 0 0 116 0 123 0 71 60 
150 151 63 0 132 84 0 82 80 304 0 19 25 41 0 547 225 392 625 0 0 110 0 123 0 70 60 
149 149 62 0 130 86 0 76 81 301 0 19 26 48 0 524 321 363 664 0 0 107 0 123 0 68 60 
150 155 62 0 129 81 0 78 82 306 0 21 26 46 0 522 428 383 590 0 0 109 0 123 0 69 60 
145 148 64 0 127 87 0 78 81 307 0 21 26 40 0 536 411 390 608 0 0 111 0 123 0 68 60 
152 151 64 0 128 90 0 75 79 305 0 23 25 40 0 503 244 390 637 0 0 117 0 123 0 68 60 
150 152 64 0 128 89 0 77 80 304 0 26 25 47 0 524 364 404 591 0 0 119 0 123 0 68 60 
152 148 62 0 129 87 0 80 79 306 0 24 25 53 0 590 267 361 655 0 0 121 0 123 0 69 60 
153 152 66 0 129 91 0 82 80 296 0 24 25 48 0 573 343 399 606 0 0 126 0 123 0 70 60 
152 156 66 0 131 92 0 83 80 291 0 23 25 48 0 565 195 375 587 0 0 128 0 123 0 71 60 
153 152 64 0 131 92 0 82 80 303 0 23 25 49 0 507 279 376 670 0 0 131 0 123 0 71 60 
155 149 66 0 131 101 0 79 79 308 0 25 25 44 0 520 313 371 627 0 0 128 0 123 0 72 60 
149 150 64 0 130 103 0 79 79 306 0 23 25 35 0 533 369 386 624 0 0 128 0 123 0 72 60 
150 161 64 0 128 89 0 79 79 301 0 22 24 28 0 496 423 370 649 0 0 124 0 123 0 73 60 
152 155 63 0 127 77 0 80 79 299 0 21 24 26 0 522 208 379 639 0 0 122 0 123 0 71 60 
151 150 65 0 127 83 0 78 79 299 0 22 25 28 0 556 316 393 640 0 0 120 0 123 0 70 60 
152 152 63 0 128 88 0 81 81 305 0 22 24 33 0 561 311 390 622 0 0 115 0 123 0 70 60 
153 150 62 0 129 88 0 86 80 305 0 22 25 43 0 516 178 370 598 0 0 109 0 123 0 69 60 
154 157 64 0 129 81 0 77 80 300 0 21 25 52 0 530 290 383 609 0 0 108 0 123 0 70 60 
152 148 67 0 130 81 0 80 81 299 0 22 25 43 0 513 455 364 616 0 0 114 0 123 0 70 60 
152 145 64 0 129 79 0 81 81 297 0 22 24 42 0 513 241 367 703 0 0 120 0 123 0 71 60 
155 153 66 0 130 80 0 80 80 298 0 22 24 40 0 538 211 372 669 0 0 121 0 123 0 70 60 
153 150 65 0 130 86 0 79 79 301 0 21 24 40 0 554 482 382 667 0 0 126 0 123 0 70 60 
151 149 65 0 131 94 0 76 77 305 0 21 25 46 0 569 438 371 678 0 0 130 0 123 0 70 60 
152 148 65 0 131 91 0 83 78 303 0 21 24 48 0 571 190 372 629 0 0 129 0 123 0 71 60 
153 150 67 0 130 86 0 78 78 299 0 20 25 44 0 482 267 351 672 0 0 130 0 123 0 71 60 
151 151 62 0 128 87 0 77 80 297 0 18 25 41 0 500 434 353 624 0 0 122 0 123 0 71 60 
150 154 66 0 127 90 0 83 81 305 0 22 24 44 0 551 324 378 617 0 0 122 0 123 0 72 60 
150 154 67 0 127 90 0 82 82 310 0 19 24 44 0 525 297 379 610 0 0 121 0 123 0 72 60 
152 154 66 0 126 86 0 84 81 307 0 21 25 42 0 578 317 366 651 0 0 119 0 123 0 73 60 
150 149 64 0 127 83 0 81 81 308 0 21 25 44 0 532 188 351 613 0 0 118 0 123 0 73 60 
151 149 66 0 128 87 0 79 78 300 0 22 25 44 0 526 342 363 633 0 0 118 0 123 0 72 60 
151 153 58 0 128 99 0 86 79 300 0 20 25 41 0 507 286 379 591 0 0 115 0 123 0 72 60 
149 152 70 0 130 103 0 78 80 305 0 18 25 47 0 563 455 401 631 0 0 108 0 123 0 74 60 
152 156 66 0 134 95 0 80 80 307 0 19 25 56 0 561 205 370 639 0 0 106 0 123 0 74 60 
147 148 65 0 135 88 0 79 79 303 0 20 25 50 0 505 349 376 618 0 0 106 0 123 0 75 60 
151 153 67 0 136 88 0 74 79 302 0 19 25 49 0 583 290 361 621 0 0 110 0 123 0 75 60 
151 151 68 0 137 87 0 79 80 307 0 23 25 45 0 560 380 384 629 0 0 117 0 123 0 75 60 
150 151 67 0 136 91 0 79 80 305 0 22 25 38 0 613 288 352 588 0 0 130 0 123 0 75 60 
156 154 67 0 134 100 0 83 81 305 0 18 25 43 0 544 243 386 662 0 0 130 0 123 0 76 60 
150 160 65 0 132 101 0 82 80 301 0 20 25 48 0 508 213 363 646 0 0 134 0 123 0 75 60 
152 143 66 0 131 88 0 82 81 305 0 17 25 58 0 528 325 366 594 0 0 126 0 123 0 75 60 
154 148 67 0 130 78 0 82 81 296 0 20 25 56 0 534 266 377 596 0 0 124 0 123 0 75 60 
154 156 65 0 129 86 0 81 82 290 0 18 25 50 0 528 286 362 615 0 0 118 0 123 0 74 60 
152 158 63 0 129 89 0 80 80 301 0 19 25 46 0 504 327 375 672 0 0 112 0 123 0 73 60 
153 153 64 0 128 85 0 79 80 306 0 21 25 40 0 549 258 366 658 0 0 112 0 123 0 73 60 
152 148 63 0 129 78 0 81 80 305 0 23 25 31 0 541 388 368 611 0 0 121 0 123 0 73 60 
154 153 62 0 130 87 0 78 80 300 0 17 25 37 0 496 273 393 661 0 0 123 0 123 0 73 60 
152 151 65 0 130 88 0 78 78 297 0 22 25 47 0 483 236 405 636 0 0 120 0 123 0 74 60 
153 155 61 0 129 87 0 78 79 298 0 21 25 47 0 579 237 389 611 0 0 125 0 123 0 74 60 
154 143 66 0 129 86 0 79 79 305 0 22 25 49 0 551 376 401 701 0 0 133 0 123 0 75 60 
151 143 65 0 128 88 0 84 80 305 0 21 25 49 0 557 237 394 618 0 0 133 0 123 0 74 60 
150 151 63 0 127 86 0 78 82 304 0 20 25 53 0 566 291 401 631 0 0 137 0 123 0 72 60 
153 147 65 0 127 90 0 82 82 299 0 23 25 45 0 611 396 381 639 0 0 143 0 123 0 72 60 
152 148 66 0 128 105 0 80 81 302 0 22 25 38 0 526 348 379 562 0 0 135 0 123 0 72 60 
152 146 65 0 127 107 0 73 80 302 0 25 25 30 0 510 207 418 673 0 0 128 0 123 0 73 60 
153 149 63 0 126 95 0 75 81 302 0 22 25 36 0 514 313 377 612 0 0 116 0 123 0 73 60 
147 153 63 0 126 83 0 77 81 306 0 20 25 44 0 566 373 420 535 0 0 111 0 123 0 73 60 
154 149 64 0 126 88 0 80 80 305 0 18 25 45 0 531 333 369 629 0 0 109 0 123 0 72 60 
152 156 63 0 127 87 0 79 82 298 0 20 25 49 0 545 313 384 595 0 0 113 0 123 0 73 60 
150 151 61 0 129 83 0 82 80 299 0 19 25 51 0 584 314 382 618 0 0 120 0 123 0 73 60 
150 149 63 0 129 81 0 81 79 306 0 23 24 47 0 555 359 389 640 0 0 122 0 123 0 71 60 
147 150 66 0 129 87 0 78 80 309 0 19 25 40 0 512 221 417 574 0 0 121 0 123 0 71 60 
152 151 65 0 127 85 0 83 79 310 0 24 25 44 0 484 375 375 646 0 0 115 0 123 0 70 60 
151 155 64 0 126 83 0 83 80 307 0 23 25 45 0 532 404 389 632 0 0 113 0 123 0 69 60 
148 151 65 0 125 89 0 78 80 300 0 20 25 38 0 542 231 395 615 0 0 115 0 123 0 68 60 
152 152 67 0 126 92 0 77 80 300 0 18 25 37 0 537 303 424 622 0 0 116 0 123 0 69 60 
152 151 64 0 126 89 0 77 82 300 0 17 25 39 0 602 305 395 643 0 0 121 0 123 0 71 60 
150 150 65 0 128 84 0 82 82 305 0 18 25 42 0 557 202 393 630 0 0 126 0 123 0 71 60 
151 149 62 0 130 91 0 80 81 303 0 20 24 43 0 479 241 370 668 0 0 126 0 123 0 72 60 
154 157 64 0 132 94 0 79 79 302 0 18 25 44 0 539 439 410 690 0 0 124 0 123 0 73 60 
150 151 65 0 134 89 0 84 80 305 0 19 25 46 0 522 318 419 645 0 0 117 0 123 0 73 60 
151 144 64 0 135 84 0 81 78 306 0 20 24 47 0 545 224 411 639 0 0 115 0 123 0 73 60 
150 149 64 0 136 84 0 80 79 308 0 18 25 45 0 538 386 409 664 0 0 113 0 123 0 74 60 
150 160 66 0 134 80 0 81 80 306 0 23 25 40 0 515 387 392 646 0 0 114 0 123 0 74 60 
152 155 63 0 132 78 0 80 80 306 0 20 25 41 0 561 187 401 611 0 0 119 0 123 0 75 60 
152 150 66 0 130 83 0 78 78 299 0 21 25 46 0 535 344 382 597 0 0 119 0 123 0 75 60 
152 152 67 0 128 87 0 76 79 292 0 20 25 53 0 533 273 422 643 0 0 114 0 123 0 75 60 
152 148 65 0 128 88 0 81 79 300 0 20 25 50 0 532 248 399 618 0 0 114 0 123 0 75 60 
151 155 64 0 128 85 0 80 80 305 0 20 25 50 0 527 413 384 632 0 0 119 0 123 0 74 60 
153 149 65 0 128 86 0 77 79 306 0 21 25 48 0 614 352 398 594 0 0 123 0 123 0 74 60 
153 143 63 0 129 90 0 81 79 302 0 22 25 45 0 586 203 387 606 0 0 116 0 123 0 72 60 
149 152 69 0 130 94 0 83 80 295 0 25 26 36 0 587 305 387 647 0 0 120 0 123 0 71 60 
151 151 64 0 131 91 0 81 79 298 0 27 25 28 0 536 311 392 659 0 0 128 0 123 0 70 60 
150 148 66 0 132 88 0 80 81 302 0 24 25 30 0 527 378 389 585 0 0 132 0 123 0 71 60 
149 150 66 0 132 86 0 81 80 305 0 23 25 28 0 512 392 378 622 0 0 129 0 123 0 71 60 
152 145 68 0 130 90 0 80 80 305 0 23 25 36 0 527 265 399 593 0 0 120 0 123 0 70 60 
150 149 67 0 129 88 0 82 80 302 0 24 25 40 0 540 327 386 601 0 0 116 0 123 0 71 60 
151 149 64 0 128 81 0 76 80 298 0 22 25 49 0 503 290 367 676 0 0 114 0 123 0 71 60 
150 151 66 0 128 76 0 86 80 299 0 21 26 47 0 512 157 403 618 0 0 110 0 123 0 71 60 
150 155 68 0 129 80 0 79 80 300 0 21 25 45 0 544 259 369 609 0 0 114 0 123 0 70 60 
150 147 67 0 129 85 0 74 80 304 0 19 25 37 0 489 479 378 621 0 0 117 0 123 0 70 60 
148 150 65 0 130 85 0 84 79 303 0 20 26 37 0 529 357 395 629 0 0 114 0 123 0 70 60 
153 149 68 0 129 86 0 84 79 301 0 20 25 42 0 561 154 412 686 0 0 113 0 123 0 70 60 
153 153 66 0 130 87 0 88 79 295 0 20 25 46 0 506 430 387 658 0 0 109 0 123 0 70 60 
149 152 65 0 129 86 0 78 81 302 0 21 25 48 0 562 280 389 619 0 0 106 0 123 0 71 60 
151 150 67 0 130 87 0 81 81 310 0 18 25 43 0 550 271 361 673 0 0 107 0 123 0 70 60 
150 153 64 0 131 96 0 82 82 311 0 18 25 43 0 625 421 405 643 0 0 112 0 123 0 70 60 
153 152 66 0 130 99 0 76 81 309 0 19 25 44 0 566 260 379 657 0 0 122 0 123 0 70 60 
153 150 65 0 129 86 0 79 78 305 0 17 25 43 0 504 228 385 614 0 0 138 0 123 0 70 60 
153 157 64 0 127 76 0 77 78 301 0 18 25 42 0 508 366 418 662 0 0 144 0 123 0 70 60 
151 158 64 0 127 82 0 79 77 299 0 18 25 46 0 506 293 417 578 0 0 140 0 123 0 70 60 
147 146 65 0 126 85 0 80 78 302 0 17 25 40 0 535 292 384 631 0 0 134 0 123 0 71 60 
153 149 63 0 127 86 0 75 79 301 0 18 25 43 0 560 423 414 639 0 0 132 0 123 0 71 60 
152 158 61 0 127 84 0 79 80 302 0 19 25 46 0 530 238 399 565 0 0 129 0 123 0 72 60 
153 158 65 0 129 88 0 81 80 305 0 19 25 56 0 527 301 411 593 0 0 132 0 123 0 73 60 
152 151 69 0 129 85 0 83 81 307 0 21 25 55 0 533 372 411 661 0 0 130 0 123 0 73 60 
149 153 68 0 131 86 0 85 81 307 0 18 25 48 0 526 269 382 610 0 0 120 0 123 0 73 60 
152 148 67 0 133 100 0 81 81 303 0 20 25 46 0 519 433 405 626 0 0 115 0 123 0 73 60 
154 151 65 0 135 109 0 76 80 305 0 20 25 38 0 503 284 401 635 0 0 114 0 123 0 73 60 
151 148 67 0 136 98 0 77 79 299 0 18 25 44 0 580 186 380 612 0 0 116 0 123 0 72 60 
152 142 64 0 136 80 0 81 81 291 0 20 26 47 0 579 406 408 631 0 0 114 0 123 0 73 60 
151 152 67 0 134 84 0 78 80 296 0 19 26 57 0 540 250 395 630 0 0 113 0 123 0 72 60 
148 152 67 0 134 88 0 81 78 306 0 21 25 59 0 549 405 411 608 0 0 117 0 123 0 71 60 
153 145 62 0 133 86 0 81 79 309 0 18 26 51 0 517 158 379 634 0 0 122 0 123 0 71 60 
148 149 66 0 131 81 0 80 80 303 0 17 26 42 0 542 241 402 661 0 0 114 0 123 0 71 60 
150 149 64 0 130 83 0 80 80 298 0 19 26 40 0 546 433 401 652 0 0 111 0 123 0 71 60 
149 155 62 0 129 80 0 81 79 298 0 20 25 33 0 584 341 411 623 0 0 119 0 123 0 70 60 
147 148 66 0 129 78 0 82 81 302 0 20 26 33 0 554 270 410 616 0 0 116 0 123 0 70 60 
154 154 64 0 129 83 0 78 80 307 0 21 26 46 0 561 203 417 635 0 0 125 0 123 0 70 60 
152 155 66 0 129 90 0 77 82 305 0 17 26 51 0 503 478 384 635 0 0 131 0 123 0 70 60 
151 149 63 0 130 88 0 81 81 302 0 21 26 50 0 530 265 399 656 0 0 132 0 123 0 71 60 
152 155 64 0 129 83 0 80 81 302 0 21 26 50 0 552 418 410 627 0 0 123 0 123 0 70 60 
151 150 63 0 129 88 0 80 81 298 0 19 26 53 0 515 215 403 638 0 0 113 0 123 0 69 60 
152 154 64 0 129 97 0 82 81 300 0 21 26 50 0 560 314 398 647 0 0 113 0 123 0 68 60 
153 155 66 0 128 104 0 86 79 303 0 19 26 44 0 562 308 384 620 0 0 108 0 123 0 67 60 
150 151 67 0 128 102 0 86 79 301 0 18 26 34 0 604 362 368 628 0 0 112 0 123 0 68 60 
152 154 66 0 127 93 0 79 78 302 0 19 26 35 0 555 262 407 649 0 0 122 0 123 0 68 60 
154 153 64 0 126 92 0 79 80 298 0 18 25 40 0 510 232 400 615 0 0 130 0 123 0 68 60 
152 153 65 0 127 101 0 82 80 299 0 19 26 45 0 518 373 407 599 0 0 136 0 123 0 69 60 
154 156 65 0 126 104 0 78 80 307 0 19 26 46 0 535 265 404 642 0 0 136 0 123 0 70 60 
154 149 63 0 126 99 0 80 79 311 0 16 26 49 0 521 275 391 642 0 0 132 0 123 0 71 60 
151 148 63 0 126 88 0 75 79 311 0 20 26 47 0 521 282 409 595 0 0 132 0 123 0 71 60 
153 149 60 0 127 87 0 80 79 303 0 19 25 45 0 527 421 339 617 0 0 123 0 123 0 71 60 
151 160 65 0 129 85 0 76 80 299 0 21 25 42 0 539 229 386 613 0 0 125 0 123 0 71 60 
149 154 63 0 129 82 0 75 81 300 0 20 25 42 0 517 261 383 643 0 0 125 0 123 0 69 60 
152 150 64 0 129 86 0 81 81 303 0 18 25 43 0 528 452 370 628 0 0 125 0 123 0 68 60 
150 154 65 0 126 87 0 79 80 306 0 21 25 40 0 530 292 393 629 0 0 116 0 123 0 69 60 
153 151 67 0 125 84 0 82 81 303 0 19 25 40 0 528 300 373 635 0 0 109 0 123 0 68 60 
150 155 67 0 124 79 0 83 80 303 0 19 25 39 0 583 175 398 621 0 0 109 0 123 0 67 60 
152 147 62 0 124 89 0 82 80 308 0 20 24 41 0 573 276 379 590 0 0 113 0 123 0 67 60 
153 140 68 0 124 94 0 83 80 311 0 19 24 42 0 588 298 379 734 0 0 115 0 123 0 67 60 
149 153 67 0 127 92 0 81 80 308 0 20 25 43 0 515 437 406 653 0 0 112 0 123 0 68 60 
152 150 65 0 130 85 0 80 80 302 0 19 25 44 0 554 306 370 660 0 0 115 0 123 0 69 60 
150 148 66 0 132 89 0 80 80 302 0 19 25 47 0 521 478 409 660 0 0 115 0 123 0 69 60 
150 150 64 0 134 89 0 77 81 293 0 19 25 46 0 529 271 372 688 0 0 115 0 123 0 70 60 
154 145 68 0 134 85 0 75 80 289 0 20 25 40 0 534 160 386 705 0 0 111 0 123 0 71 60 
152 154 67 0 136 85 0 83 79 300 0 22 24 36 0 539 339 383 602 0 0 109 0 123 0 71 60 
150 150 68 0 134 89 0 81 79 307 0 20 24 41 0 566 350 377 613 0 0 106 0 123 0 71 60 
151 152 68 0 132 86 0 80 80 305 0 18 24 49 0 530 235 378 662 0 0 112 0 123 0 71 60 
151 149 65 0 129 86 0 79 80 303 0 18 24 51 0 500 322 386 587 0 0 115 0 123 0 71 60 
153 146 65 0 130 94 0 79 80 299 0 20 24 50 0 481 338 392 632 0 0 118 0 123 0 71 60 
153 153 65 0 129 97 0 79 81 298 0 17 25 50 0 555 277 341 593 0 0 118 0 123 0 71 60 
149 150 69 0 129 87 0 72 81 301 0 19 25 48 0 549 340 411 597 0 0 111 0 123 0 71 60 
153 155 68 0 130 80 0 77 81 308 0 18 24 42 0 548 192 378 588 0 0 108 0 123 0 71 60 
153 154 65 0 131 88 0 82 79 301 0 19 25 35 0 537 344 382 628 0 0 107 0 123 0 71 60 
150 148 67 0 133 90 0 78 80 301 0 19 25 29 0 572 262 363 626 0 0 112 0 123 0 71 60 
151 154 65 0 134 85 0 81 79 298 0 18 25 27 0 561 278 367 590 0 0 119 0 123 0 70 60 
147 149 66 0 134 78 0 80 79 295 0 18 25 27 0 538 338 389 660 0 0 129 0 123 0 69 60 
151 154 66 0 133 87 0 82 80 301 0 19 25 35 0 537 263 371 631 0 0 138 0 123 0 69 60 
154 157 63 0 131 87 0 83 79 304 0 17 24 41 0 515 298 381 629 0 0 140 0 123 0 69 60 
152 141 64 0 130 81 0 78 80 304 0 19 25 49 0 539 349 381 637 0 0 131 0 123 0 68 60 
154 150 66 0 129 85 0 81 80 299 0 21 25 47 0 567 427 351 634 0 0 129 0 123 0 69 60 
152 155 68 0 129 93 0 76 80 296 0 24 25 45 0 590 190 377 620 0 0 129 0 123 0 69 60 
149 158 63 0 129 90 0 75 80 301 0 23 25 44 0 502 336 362 662 0 0 127 0 123 0 70 60 
148 154 64 0 129 83 0 81 81 309 0 20 25 39 0 544 289 377 655 0 0 129 0 123 0 70 60 
149 144 65 0 129 86 0 80 81 309 0 22 25 41 0 490 190 397 640 0 0 134 0 123 0 71 60 
151 154 66 0 129 95 0 84 81 307 0 20 25 47 0 515 310 373 633 0 0 127 0 123 0 70 60 
149 151 67 0 129 95 0 80 80 306 0 20 25 44 0 563 336 360 609 0 0 112 0 123 0 70 60 
149 153 61 0 129 89 0 84 80 301 0 19 25 41 0 560 343 351 644 0 0 113 0 123 0 70 60 
154 147 63 0 129 92 0 81 80 301 0 21 25 38 0 598 290 378 668 0 0 113 0 123 0 69 60 
149 144 64 0 130 89 0 78 78 303 0 23 25 41 0 539 312 367 619 0 0 110 0 123 0 68 60 
151 155 64 0 129 94 0 82 79 299 0 21 25 41 0 491 292 374 593 0 0 112 0 123 0 67 60 
151 149 65 0 128 103 0 77 80 303 0 20 24 41 0 527 269 377 667 0 0 118 0 123 0 67 60 
149 147 63 0 127 114 0 77 80 305 0 19 25 45 0 545 361 396 605 0 0 128 0 123 0 66 60 
153 150 61 0 127 110 0 82 80 305 0 19 25 47 0 532 308 380 598 0 0 124 0 123 0 66 60 
152 146 62 0 126 92 0 81 80 306 0 19 25 41 0 573 386 376 626 0 0 121 0 123 0 66 60 
152 155 65 0 127 87 0 82 79 305 0 19 25 44 0 530 191 365 622 0 0 113 0 123 0 65 60 
152 151 67 0 127 93 0 79 80 304 0 21 25 52 0 520 408 392 579 0 0 114 0 123 0 66 60 
149 156 62 0 128 94 0 79 80 302 0 21 25 51 0 585 267 407 665 0 0 116 0 123 0 67 60 
153 149 64 0 129 89 0 83 79 295 0 21 25 50 0 541 256 366 626 0 0 119 0 123 0 68 60 
154 150 65 0 131 90 0 78 79 293 0 19 25 47 0 491 342 383 656 0 0 115 0 123 0 67 60 
148 155 66 0 133 90 0 78 80 306 0 17 25 40 0 539 321 382 637 0 0 112 0 123 0 69 60 
150 151 64 0 135 87 0 82 81 308 0 20 25 36 0 535 225 387 642 0 0 111 0 123 0 70 60 
151 156 61 0 136 80 0 79 80 301 0 18 25 42 0 574 401 371 656 0 0 112 0 123 0 71 60 
151 149 66 0 136 87 0 82 80 300 0 20 25 51 0 596 247 364 598 0 0 112 0 123 0 71 60 
153 152 63 0 135 88 0 81 79 297 0 18 25 59 0 558 354 390 584 0 0 111 0 123 0 71 60 
148 152 64 0 134 83 0 77 78 297 0 18 25 58 0 515 324 386 593 0 0 114 0 123 0 71 60 
145 150 64 0 133 79 0 80 79 307 0 19 25 45 0 535 365 408 618 0 0 119 0 123 0 71 60 
155 155 61 0 131 83 0 77 80 305 0 17 25 41 0 548 182 404 585 0 0 131 0 123 0 71 60 
152 160 65 0 130 90 0 88 80 302 0 20 25 37 0 499 372 367 584 0 0 138 0 123 0 71 60 
154 142 66 0 129 91 0 85 81 301 0 14 25 31 0 495 304 394 684 0 0 142 0 123 0 71 60 
154 151 65 0 128 88 0 79 82 299 0 19 25 36 0 548 208 406 671 0 0 134 0 123 0 70 60 
148 156 64 0 129 86 0 85 81 301 0 20 25 47 0 557 387 383 622 0 0 128 0 123 0 71 60 
145 160 67 0 129 86 0 79 80 305 0 19 25 50 0 472 309 385 745 0 0 126 0 123 0 70 60 
145 153 65 0 130 83 0 79 80 308 0 22 25 50 0 503 322 368 657 0 0 119 0 123 0 71 60 
152 148 66 0 130 88 0 77 81 305 0 22 25 49 0 539 326 393 645 0 0 121 0 123 0 71 60 
155 158 66 0 129 90 0 74 80 300 0 19 25 51 0 561 279 357 621 0 0 123 0 123 0 71 60 
153 150 64 0 129 91 0 81 81 299 0 23 25 47 0 592 319 379 654 0 0 120 0 123 0 70 60 
135 151 64 0 129 86 0 76 80 305 0 18 25 41 0 547 274 394 679 0 0 118 0 123 0 70 60 
128 143 64 0 129 89 0 75 79 309 0 21 25 33 0 582 316 379 563 0 0 121 0 123 0 69 60 
159 148 64 0 128 89 0 83 79 304 0 20 25 35 0 565 299 375 612 0 0 131 0 123 0 70 60 
154 153 67 0 127 93 0 82 79 303 0 18 25 40 0 549 352 399 634 0 0 131 0 123 0 69 60 
146 145 65 0 126 90 0 89 79 300 0 19 25 44 0 516 198 397 639 0 0 123 0 123 0 69 60 
157 149 62 0 126 84 0 79 80 297 0 18 25 45 0 499 396 413 653 0 0 126 0 123 0 70 60 
156 148 67 0 126 85 0 77 81 302 0 19 25 50 0 510 255 395 581 0 0 123 0 123 0 70 60 
158 149 67 0 127 95 0 80 80 302 0 20 25 49 0 553 317 404 588 0 0 120 0 123 0 70 60 
155 151 64 0 128 108 0 75 81 299 0 18 25 44 0 552 382 397 645 0 0 113 0 123 0 70 60 
153 154 65 0 129 101 0 81 81 302 0 21 25 41 0 535 219 414 597 0 0 106 0 123 0 71 60 
155 156 66 0 129 91 0 82 80 303 0 22 25 43 0 516 296 417 573 0 0 109 0 123 0 71 60 
159 151 69 0 128 88 0 81 79 305 0 20 25 44 0 507 277 386 642 0 0 110 0 123 0 72 60 
149 147 66 0 126 90 0 81 79 303 0 24 25 41 0 524 410 409 641 0 0 114 0 123 0 73 60 
154 155 65 0 125 86 0 85 79 302 0 20 25 40 0 568 388 392 625 0 0 122 0 123 0 73 60 
155 150 63 0 125 89 0 79 79 302 0 22 25 39 0 599 149 388 659 0 0 113 0 123 0 72 60 
151 154 64 0 125 91 0 82 80 297 0 20 25 40 0 532 301 408 619 0 0 109 0 123 0 73 60 
153 150 68 0 126 88 0 80 80 294 0 20 25 42 0 571 340 413 699 0 0 106 0 123 0 73 60 
147 151 63 0 128 80 0 81 81 299 0 19 25 41 0 513 370 411 665 0 0 112 0 123 0 73 60 
149 153 66 0 131 82 0 79 80 309 0 19 25 44 0 553 264 393 679 0 0 115 0 123 0 73 60 
151 146 57 0 133 90 0 74 80 307 0 19 25 48 0 546 252 414 687 0 0 121 0 123 0 72 60 
149 155 63 0 134 89 0 83 80 303 0 20 26 45 0 522 363 388 644 0 0 124 0 123 0 70 60 
153 158 62 0 135 83 0 78 80 300 0 21 25 40 0 546 328 401 628 0 0 140 0 123 0 71 60 
152 142 62 0 134 78 0 78 81 297 0 24 25 37 0 570 198 418 623 0 0 140 0 123 0 70 60 
151 150 63 0 133 86 0 84 82 303 0 31 26 40 0 579 339 408 680 0 0 139 0 123 0 70 60 
151 158 63 0 131 86 0 81 82 307 0 28 25 48 0 505 320 396 637 0 0 131 0 123 0 70 60 
149 156 63 0 129 91 0 83 79 301 0 33 25 53 0 556 226 411 578 0 0 130 0 123 0 69 60 
150 153 64 0 128 95 0 78 78 303 0 28 25 51 0 539 256 399 613 0 0 130 0 123 0 70 60 
152 149 64 0 128 98 0 81 78 298 0 28 26 50 0 504 399 414 632 0 0 131 0 123 0 70 60 
152 152 65 0 128 89 0 84 80 298 0 26 25 46 0 570 282 419 603 0 0 123 0 123 0 70 60 
150 150 62 0 129 84 0 78 80 301 0 26 25 41 0 561 355 383 625 0 0 115 0 123 0 71 60 
150 150 64 0 129 89 0 77 80 307 0 23 25 33 0 541 284 418 613 0 0 114 0 123 0 71 60 
154 139 61 0 131 87 0 78 81 305 0 25 25 28 0 576 253 420 633 0 0 115 0 123 0 72 60 
151 149 65 0 131 78 0 76 81 304 0 22 25 28 0 475 263 391 650 0 0 115 0 123 0 73 60 
151 151 63 0 131 78 0 79 80 300 0 22 25 27 0 526 394 406 658 0 0 117 0 123 0 72 60 
151 146 62 0 131 89 0 79 80 302 0 23 25 38 0 549 246 391 622 0 0 122 0 123 0 73 60 
152 150 66 0 129 90 0 81 80 314 0 21 25 42 0 525 299 400 601 0 0 121 0 123 0 72 60 
150 143 67 0 129 88 0 83 81 311 0 20 26 46 0 552 309 406 643 0 0 121 0 123 0 73 60 
151 152 63 0 128 87 0 79 79 308 0 19 26 46 0 502 326 412 627 0 0 122 0 123 0 73 60 
153 152 62 0 129 90 0 84 79 304 0 19 25 43 0 534 292 406 654 0 0 119 0 123 0 73 60 
153 153 65 0 128 83 0 82 79 299 0 20 25 40 0 543 273 403 650 0 0 119 0 123 0 73 60 
154 155 67 0 129 83 0 78 78 301 0 17 26 40 0 534 211 389 627 0 0 116 0 123 0 72 60 
154 148 63 0 129 91 0 79 80 305 0 23 25 40 0 547 433 403 672 0 0 114 0 123 0 71 60 
156 150 65 0 128 97 0 79 80 306 0 18 25 47 0 533 247 393 632 0 0 115 0 123 0 70 60 
147 151 62 0 129 87 0 79 82 304 0 22 25 45 0 558 346 412 656 0 0 111 0 123 0 69 60 
152 153 63 0 129 85 0 79 81 307 0 19 26 40 0 576 399 410 638 0 0 110 0 123 0 69 60 
155 153 63 0 130 93 0 76 81 304 0 18 25 42 0 607 198 385 630 0 0 118 0 123 0 68 60 
150 152 63 0 130 95 0 86 80 301 0 19 25 43 0 528 280 418 625 0 0 117 0 123 0 68 60 
151 156 64 0 129 90 0 79 79 303 0 17 25 39 0 543 347 422 638 0 0 114 0 123 0 67 60 
153 137 65 0 128 85 0 78 79 303 0 20 25 37 0 530 417 424 640 0 0 114 0 123 0 68 60 
150 151 66 0 127 89 0 81 79 299 0 20 25 46 0 537 242 402 606 0 0 115 0 123 0 67 60 
152 162 62 0 127 83 0 75 79 294 0 17 25 42 0 533 161 393 623 0 0 125 0 123 0 67 60 
149 143 66 0 126 84 0 75 79 288 0 22 25 42 0 525 413 374 636 0 0 130 0 123 0 67 60 
150 152 64 0 127 88 0 76 78 303 0 18 25 47 0 530 269 412 643 0 0 136 0 123 0 67 60 
154 160 67 0 127 97 0 83 79 310 0 19 25 50 0 564 251 355 687 0 0 138 0 123 0 66 60 
148 156 67 0 129 89 0 84 79 302 0 20 25 50 0 477 390 414 611 0 0 130 0 123 0 66 60 
155 157 62 0 130 79 0 79 79 301 0 20 26 48 0 484 325 386 629 0 0 132 0 123 0 67 60 
149 148 65 0 132 78 0 78 79 298 0 19 25 47 0 525 330 395 634 0 0 128 0 123 0 68 60 
149 155 66 0 134 83 0 86 79 300 0 22 25 39 0 533 271 403 629 0 0 128 0 123 0 68 60 
154 151 64 0 136 85 0 82 79 305 0 19 24 41 0 583 392 378 617 0 0 125 0 123 0 69 60 
149 149 65 0 136 84 0 78 80 304 0 22 25 42 0 581 290 401 619 0 0 117 0 123 0 69 60 
150 148 64 0 137 84 0 79 81 303 0 20 24 54 0 559 361 400 639 0 0 112 0 123 0 68 60 
153 146 63 0 136 87 0 74 82 302 0 19 25 60 0 507 369 392 606 0 0 114 0 123 0 68 60 
151 154 63 0 134 86 0 81 81 300 0 21 24 54 0 558 226 408 638 0 0 117 0 123 0 67 60 
154 148 66 0 133 91 0 76 80 298 0 17 25 44 0 573 326 360 647 0 0 114 0 123 0 67 60 
153 150 65 0 131 92 0 83 79 303 0 20 24 39 0 544 340 387 636 0 0 115 0 123 0 68 60 
148 153 64 0 130 87 0 82 78 305 0 19 25 34 0 530 211 391 706 0 0 119 0 123 0 67 60 
154 149 65 0 129 84 0 77 79 301 0 23 25 30 0 536 313 387 632 0 0 126 0 123 0 67 60 
154 153 65 0 128 85 0 82 80 300 0 22 25 42 0 545 332 381 645 0 0 126 0 123 0 67 60 
147 155 66 0 128 90 0 79 79 299 0 22 24 48 0 562 304 384 687 0 0 121 0 123 0 68 60 
154 156 68 0 129 88 0 79 80 306 0 23 24 51 0 521 211 402 692 0 0 122 0 123 0 68 60 
152 149 65 0 128 87 0 78 81 313 0 25 24 50 0 498 316 394 621 0 0 118 0 123 0 67 60 
151 149 66 0 128 80 0 79 80 310 0 25 24 49 0 530 354 377 683 0 0 128 0 123 0 66 60 
152 153 65 0 127 84 0 81 81 303 0 25 24 50 0 548 278 382 659 0 0 131 0 123 0 66 60 
149 152 64 0 127 94 0 79 82 302 0 27 24 43 0 563 234 376 631 0 0 128 0 123 0 66 60 
149 156 65 0 127 102 0 82 81 298 0 26 24 36 0 547 340 382 643 0 0 120 0 123 0 66 60 
155 151 63 0 128 95 0 80 81 303 0 26 24 34 0 574 204 434 623 0 0 117 0 123 0 66 60 
148 154 64 0 127 87 0 78 81 305 0 26 24 38 0 517 232 390 645 0 0 108 0 123 0 66 60 
152 156 66 0 126 87 0 79 80 303 0 26 24 42 0 503 363 377 635 0 0 110 0 123 0 66 60 
150 151 65 0 126 84 0 80 79 303 0 28 24 44 0 525 259 392 642 0 0 115 0 123 0 66 60 
146 155 64 0 126 84 0 80 79 308 0 26 24 48 0 572 393 370 620 0 0 130 0 123 0 66 60 
152 155 64 0 127 85 0 80 79 306 0 30 24 50 0 563 348 409 590 0 0 144 0 123 0 66 60 
148 145 66 0 127 91 0 81 80 307 0 27 24 48 0 501 218 415 627 0 0 143 0 123 0 66 60 
151 152 67 0 129 85 0 80 79 307 0 28 24 42 0 559 324 377 584 0 0 136 0 123 0 65 60 
152 158 64 0 129 86 0 79 80 305 0 33 24 43 0 540 479 418 639 0 0 131 0 123 0 65 60 
151 155 65 0 129 96 0 79 81 299 0 37 24 43 0 534 226 362 639 0 0 128 0 123 0 66 60 
150 153 65 0 128 106 0 83 81 291 0 42 24 40 0 490 411 376 640 0 0 124 0 123 0 66 60 
153 148 61 0 126 95 0 78 82 294 0 44 24 39 0 552 374 342 643 0 0 124 0 123 0 66 60 
150 156 66 0 125 82 0 78 81 305 0 39 24 39 0 555 207 396 651 0 0 121 0 123 0 66 60 
154 152 66 0 124 85 0 84 80 302 0 38 24 42 0 538 309 429 658 0 0 120 0 123 0 67 60 
150 152 64 0 125 87 0 84 79 299 0 39 24 41 0 603 244 376 677 0 0 115 0 123 0 67 60 
150 145 65 0 127 85 0 85 78 297 0 35 24 42 0 557 264 415 698 0 0 114 0 123 0 67 60 
154 149 67 0 129 83 0 82 79 298 0 37 24 44 0 549 333 375 616 0 0 118 0 123 0 67 60 
153 152 66 0 132 89 0 78 80 302 0 30 24 46 0 483 310 386 651 0 0 120 0 123 0 67 60 
150 149 60 0 134 84 0 83 79 306 0 30 24 46 0 556 331 372 683 0 0 115 0 123 0 67 60 
156 149 58 0 135 88 0 77 79 303 0 35 24 42 0 507 295 394 638 0 0 115 0 123 0 67 60 
151 148 60 0 135 96 0 73 78 301 0 34 24 36 0 539 309 373 643 0 0 115 0 123 0 67 60 
156 150 59 0 134 109 0 81 79 301 0 39 24 42 0 553 309 361 603 0 0 104 0 123 0 66 60 
151 152 59 0 133 97 0 76 80 297 0 39 24 49 0 518 421 376 669 0 0 100 0 123 0 66 60 
151 153 60 0 131 87 0 77 80 300 0 40 24 53 0 509 207 380 661 0 0 104 0 123 0 66 60 
152 152 65 0 130 89 0 78 81 307 0 40 24 53 0 522 367 394 636 0 0 108 0 123 0 66 60 
155 153 66 0 128 96 0 86 82 303 0 38 25 53 0 517 254 377 677 0 0 113 0 123 0 65 60 
152 150 67 0 129 86 0 86 82 301 0 36 24 45 0 589 254 390 593 0 0 121 0 123 0 66 60 
150 154 65 0 129 79 0 79 81 298 0 32 25 39 0 591 353 383 624 0 0 130 0 123 0 65 60 
149 154 64 0 131 80 0 80 79 299 0 27 25 31 0 576 358 388 654 0 0 123 0 123 0 66 60 
150 155 63 0 132 83 0 80 79 310 0 27 25 28 0 576 269 397 653 0 0 115 0 123 0 65 60 
147 154 64 0 133 81 0 77 78 310 0 24 25 29 0 530 237 361 604 0 0 108 0 123 0 66 60 
152 152 64 0 132 83 0 79 79 307 0 24 25 32 0 549 376 353 637 0 0 107 0 123 0 67 60 
148 155 64 0 131 93 0 80 79 301 0 26 25 38 0 531 437 377 649 0 0 109 0 123 0 69 60 
146 153 68 0 130 92 0 83 80 299 0 24 25 45 0 534 425 362 667 0 0 119 0 123 0 71 60 
148 155 68 0 130 87 0 82 79 301 0 24 25 44 0 486 205 370 640 0 0 132 0 123 0 71 60 
148 159 66 0 129 86 0 78 81 305 0 23 25 45 0 522 202 381 604 0 0 140 0 123 0 71 60 
149 138 68 0 129 92 0 80 81 306 0 21 25 45 0 562 341 398 646 0 0 142 0 123 0 71 60 
152 149 66 0 129 92 0 81 80 301 0 26 25 41 0 537 268 348 628 0 0 139 0 123 0 70 60 
154 157 68 0 130 90 0 79 81 306 0 22 25 41 0 475 346 368 628 0 0 133 0 123 0 70 60 
150 156 64 0 130 87 0 82 81 305 0 23 25 42 0 513 351 372 646 0 0 130 0 123 0 69 60 
150 154 67 0 130 84 0 81 80 304 0 28 25 49 0 562 297 362 660 0 0 128 0 123 0 68 60 
150 147 64 0 131 84 0 81 79 305 0 25 25 46 0 535 303 367 640 0 0 128 0 123 0 68 60 
153 154 63 0 131 87 0 79 79 303 0 29 25 44 0 554 336 385 659 0 0 128 0 123 0 68 60 
152 152 66 0 131 91 0 79 78 301 0 24 25 41 0 589 288 364 672 0 0 117 0 123 0 68 60 
151 152 67 0 130 88 0 81 80 295 0 24 25 45 0 527 260 361 659 0 0 112 0 123 0 68 60 
151 150 67 0 129 86 0 82 80 290 0 23 25 40 0 555 251 375 637 0 0 114 0 123 0 69 60 
152 141 65 0 128 89 0 85 80 304 0 23 25 38 0 518 378 356 711 0 0 119 0 123 0 70 60 
154 153 64 0 127 92 0 85 80 309 0 23 25 47 0 498 254 352 670 0 0 111 0 123 0 70 60 
154 150 67 0 126 91 0 80 81 301 0 23 25 44 0 542 196 345 603 0 0 111 0 123 0 71 60 
149 145 66 0 126 90 0 82 81 299 0 22 25 45 0 611 267 364 662 0 0 118 0 123 0 70 60 
153 152 67 0 126 87 0 82 80 299 0 24 25 51 0 535 371 373 613 0 0 117 0 123 0 70 60 
154 145 66 0 127 85 0 78 81 300 0 24 26 51 0 536 349 364 660 0 0 109 0 123 0 70 60 
152 153 67 0 128 84 0 78 80 307 0 23 25 52 0 545 396 343 633 0 0 110 0 123 0 70 60 
154 152 66 0 129 98 0 72 80 304 0 27 25 48 0 545 268 394 693 0 0 113 0 123 0 68 60 
152 151 65 0 131 112 0 77 81 298 0 20 25 44 0 487 391 355 660 0 0 116 0 123 0 67 60 
150 153 66 0 133 110 0 79 80 300 0 23 26 38 0 546 202 379 578 0 0 118 0 123 0 68 60 
154 147 62 0 135 100 0 79 80 298 0 20 25 39 0 547 302 379 597 0 0 120 0 123 0 69 60 
149 151 62 0 136 90 0 83 79 296 0 22 26 47 0 580 371 363 633 0 0 123 0 123 0 68 60 
153 153 64 0 136 86 0 80 78 304 0 24 25 58 0 561 284 376 660 0 0 119 0 123 0 69 60 
151 150 65 0 135 85 0 79 78 306 0 21 25 58 0 562 336 383 699 0 0 117 0 123 0 69 60 
149 148 67 0 134 88 0 83 79 302 0 22 25 49 0 485 257 394 616 0 0 113 0 123 0 70 60 
150 149 65 0 132 87 0 78 80 299 0 22 25 42 0 520 248 387 588 0 0 111 0 123 0 70 60 
153 150 67 0 131 85 0 82 81 299 0 20 25 38 0 515 311 373 664 0 0 113 0 123 0 69 60 
146 155 64 0 130 84 0 81 81 305 0 23 25 30 0 508 203 367 680 0 0 119 0 123 0 69 60 
152 151 67 0 129 94 0 75 82 312 0 22 25 34 0 584 366 392 670 0 0 126 0 123 0 68 60 
154 161 66 0 129 98 0 81 83 309 0 22 25 45 0 510 314 379 629 0 0 136 0 123 0 68 60 
146 145 66 0 129 90 0 76 80 302 0 22 25 52 0 551 327 377 661 0 0 145 0 123 0 67 60 
151 146 65 0 129 83 0 77 80 302 0 19 25 53 0 542 126 353 680 0 0 142 0 123 0 68 60 
149 153 67 0 129 86 0 80 80 301 0 21 25 50 0 541 112 382 665 0 0 134 0 123 0 67 60 
151 156 66 0 129 91 0 81 80 305 0 22 24 50 0 527 467 374 625 0 0 131 0 123 0 67 60 
156 156 63 0 128 89 0 77 79 305 0 22 25 46 0 530 430 355 645 0 0 129 0 123 0 67 60 
155 146 60 0 128 88 0 78 79 299 0 22 24 41 0 611 236 377 609 0 0 126 0 123 0 66 60 
153 151 68 0 128 87 0 75 79 305 0 21 24 33 0 599 270 385 628 0 0 126 0 123 0 66 60 
149 153 65 0 128 82 0 77 79 306 0 22 24 34 0 597 204 383 658 0 0 119 0 123 0 66 60 
149 152 64 0 128 72 0 76 80 304 0 22 24 41 0 513 316 389 616 0 0 118 0 123 0 66 60 
156 147 64 0 127 80 0 77 81 307 0 22 24 44 0 507 262 385 569 0 0 117 0 123 0 65 60 
157 142 65 0 127 90 0 84 81 305 0 23 24 44 0 524 412 385 676 0 0 120 0 123 0 65 60 
149 151 67 0 127 90 0 81 81 306 0 21 25 48 0 569 202 380 689 0 0 125 0 123 0 66 60 
151 151 66 0 127 83 0 81 81 297 0 23 24 49 0 524 325 382 641 0 0 124 0 123 0 67 60 
154 142 63 0 127 86 0 81 81 294 0 22 24 44 0 495 282 389 661 0 0 125 0 123 0 67 60 
150 148 63 0 129 91 0 84 80 302 0 19 24 42 0 558 304 395 565 0 0 117 0 123 0 68 60 
151 144 63 0 130 96 0 82 79 310 0 22 25 43 0 523 376 387 676 0 0 110 0 123 0 68 60 
148 154 65 0 129 99 0 75 80 307 0 22 24 42 0 484 322 390 641 0 0 105 0 123 0 68 60 
148 153 62 0 129 106 0 78 78 299 0 22 24 38 0 529 472 374 646 0 0 112 0 123 0 68 60 
155 155 66 0 127 101 0 79 78 300 0 24 24 38 0 542 259 398 645 0 0 115 0 123 0 67 60 
148 154 61 0 125 89 0 77 78 299 0 22 25 38 0 575 392 382 636 0 0 120 0 123 0 68 60 
153 149 65 0 124 90 0 81 79 303 0 22 24 42 0 561 203 382 665 0 0 123 0 123 0 69 60 
151 153 68 0 125 94 0 81 80 309 0 22 24 43 0 547 378 396 640 0 0 116 0 123 0 70 60 
149 152 65 0 127 91 0 82 81 303 0 19 25 41 0 549 180 400 666 0 0 109 0 123 0 71 60 
151 151 64 0 129 83 0 80 80 300 0 21 25 43 0 535 327 401 665 0 0 113 0 123 0 70 60 
149 153 65 0 131 87 0 81 79 298 0 22 25 47 0 523 415 391 696 0 0 116 0 123 0 71 60 
152 149 66 0 133 95 0 85 79 296 0 20 25 46 0 535 232 375 699 0 0 119 0 123 0 71 60 
151 154 66 0 135 94 0 77 80 301 0 22 25 39 0 521 193 410 648 0 0 125 0 123 0 71 60 
150 155 64 0 135 84 0 80 81 304 0 22 25 38 0 536 378 411 660 0 0 132 0 123 0 68 60 
154 153 65 0 134 83 0 81 80 302 0 19 25 41 0 584 325 393 628 0 0 136 0 123 0 67 60 
152 162 61 0 133 80 0 78 80 299 0 20 25 50 0 571 332 368 655 0 0 131 0 123 0 66 60 
151 143 67 0 131 74 0 81 79 296 0 22 25 51 0 490 308 396 654 0 0 122 0 123 0 66 60 
149 147 67 0 129 74 0 78 78 301 0 20 25 50 0 508 279 391 608 0 0 116 0 123 0 65 60 
154 158 67 0 127 87 0 81 79 308 0 23 25 50 0 534 360 383 584 0 0 115 0 123 0 66 60 
155 160 63 0 127 92 0 82 80 311 0 20 25 46 0 509 338 395 618 0 0 112 0 123 0 65 60 
152 153 67 0 129 87 0 79 79 303 0 22 25 38 0 562 326 410 660 0 0 117 0 123 0 67 60 
151 144 67 0 131 87 0 84 81 302 0 23 25 28 0 572 225 387 642 0 0 121 0 123 0 68 60 
153 151 68 0 131 91 0 81 81 299 0 24 25 29 0 567 170 370 648 0 0 120 0 123 0 68 60 
149 153 68 0 133 97 0 78 82 302 0 22 25 27 0 530 395 397 634 0 0 116 0 123 0 69 60 
152 150 66 0 132 91 0 79 81 306 0 23 25 34 0 526 244 377 659 0 0 118 0 123 0 69 60 
153 146 70 0 133 90 0 82 81 303 0 22 25 38 0 529 308 368 624 0 0 119 0 123 0 70 60 
153 142 70 0 130 88 0 80 79 300 0 22 25 45 0 551 351 401 653 0 0 124 0 123 0 71 60 
150 151 69 0 130 96 0 81 79 305 0 20 25 46 0 529 346 379 697 0 0 127 0 123 0 70 60 
152 152 67 0 128 107 0 76 79 304 0 23 25 46 0 512 211 398 614 0 0 127 0 123 0 70 60 
148 143 65 0 129 121 0 81 80 303 0 25 25 44 0 540 411 412 617 0 0 127 0 123 0 69 60 
154 150 63 0 129 112 0 82 80 305 0 27 25 41 0 584 407 384 682 0 0 121 0 123 0 68 60 
149 147 68 0 130 94 0 84 80 306 0 27 25 41 0 533 231 402 656 0 0 119 0 123 0 68 60 
148 150 68 0 130 83 0 89 80 296 0 29 25 46 0 526 289 362 639 0 0 119 0 123 0 68 60 
153 153 63 0 130 84 0 78 80 293 0 27 25 49 0 526 219 391 688 0 0 120 0 123 0 67 60 
146 156 58 0 131 88 0 81 81 293 0 28 25 44 0 557 240 369 618 0 0 121 0 123 0 66 60 
151 151 59 0 126 88 0 81 81 304 0 27 25 43 0 571 412 375 657 0 0 118 0 123 0 65 60 
149 145 63 0 130 86 0 75 80 311 0 27 25 45 0 554 277 408 702 0 0 117 0 123 0 66 60 
149 154 61 0 129 83 0 79 81 303 0 27 25 43 0 604 229 375 593 0 0 108 0 123 0 66 60 
149 152 62 0 121 86 0 76 80 299 0 27 25 38 0 549 446 396 641 0 0 108 0 123 0 68 60 
150 150 61 0 129 89 0 80 80 302 0 30 25 44 0 547 292 372 666 0 0 107 0 123 0 69 60 
149 151 65 0 127 90 0 77 80 302 0 25 25 46 0 479 231 365 645 0 0 114 0 123 0 68 60 
152 149 68 0 127 82 0 76 79 311 0 27 24 40 0 536 406 374 609 0 0 115 0 123 0 69 60 
151 154 63 0 127 84 0 83 79 307 0 25 24 47 0 527 333 413 611 0 0 122 0 123 0 69 60 
153 153 65 0 128 90 0 83 79 302 0 22 24 49 0 539 355 370 658 0 0 130 0 123 0 69 60 
154 156 61 0 129 93 0 80 79 302 0 23 24 50 0 513 285 369 618 0 0 140 0 123 0 68 60 
151 161 64 0 128 88 0 81 80 298 0 20 24 49 0 512 247 387 651 0 0 139 0 123 0 68 60 
152 145 65 0 131 87 0 77 80 297 0 22 24 45 0 502 388 387 649 0 0 136 0 123 0 67 60 
152 150 61 0 132 82 0 79 79 304 0 22 24 41 0 517 300 362 636 0 0 134 0 123 0 66 60 
149 159 63 0 134 74 0 79 79 305 0 21 24 37 0 583 365 349 641 0 0 131 0 123 0 66 60 
157 157 63 0 135 76 0 77 80 301 0 23 24 39 0 539 251 373 618 0 0 129 0 123 0 66 60 
158 154 67 0 137 83 0 83 80 297 0 22 24 48 0 570 287 367 627 0 0 124 0 123 0 66 60 
153 150 61 0 137 88 0 83 82 298 0 23 25 55 0 583 232 336 633 0 0 122 0 123 0 65 60 
156 152 61 0 137 84 0 79 80 302 0 21 25 60 0 568 348 344 647 0 0 111 0 123 0 66 60 
152 151 65 0 135 84 0 80 81 310 0 15 25 48 0 508 167 367 612 0 0 112 0 123 0 66 60 
148 148 65 0 134 88 0 81 78 307 0 22 25 42 0 546 292 378 677 0 0 113 0 123 0 68 60 
152 143 65 0 132 95 0 81 78 301 0 18 25 38 0 550 331 357 633 0 0 115 0 123 0 68 60 
150 147 61 0 131 92 0 84 78 302 0 22 25 28 0 525 283 365 676 0 0 117 0 123 0 68 60 
151 152 62 0 130 95 0 77 78 298 0 21 25 34 0 506 476 368 646 0 0 121 0 123 0 67 60 
150 144 65 0 129 91 0 78 78 304 0 20 25 47 0 572 345 378 616 0 0 128 0 123 0 67 60 
147 145 65 0 129 82 0 79 80 307 0 25 25 52 0 540 171 393 653 0 0 126 0 123 0 67 60 
150 148 65 0 129 83 0 77 80 302 0 25 24 50 0 505 517 380 655 0 0 117 0 123 0 66 60 
148 149 62 0 130 92 0 83 82 306 0 25 24 51 0 492 246 365 624 0 0 116 0 123 0 66 60 
149 153 62 0 129 94 0 81 81 309 0 33 24 51 0 525 193 382 678 0 0 116 0 123 0 65 60 
151 155 63 0 128 85 0 82 82 310 0 31 24 46 0 552 464 377 638 0 0 121 0 123 0 66 60 
147 153 67 0 128 88 0 83 80 305 0 29 24 39 0 536 308 374 637 0 0 126 0 123 0 66 60 
155 152 64 0 127 91 0 82 79 304 0 31 24 33 0 589 292 392 683 0 0 127 0 123 0 65 60 
149 149 62 0 127 92 0 83 79 303 0 30 24 35 0 550 364 353 628 0 0 120 0 123 0 65 60 
151 151 64 0 127 85 0 78 80 294 0 27 25 44 0 548 347 379 645 0 0 111 0 123 0 66 60 
150 153 68 0 127 88 0 82 79 291 0 25 25 44 0 498 311 390 609 0 0 105 0 123 0 66 60 
151 155 66 0 126 86 0 84 80 297 0 26 24 44 0 497 282 384 652 0 0 111 0 123 0 65 60 
155 153 63 0 127 84 0 72 79 306 0 29 24 47 0 601 313 384 647 0 0 114 0 123 0 65 60 
150 152 65 0 127 84 0 76 80 306 0 26 24 50 0 525 235 389 591 0 0 118 0 123 0 65 60 
149 155 64 0 127 90 0 78 81 299 0 28 24 45 0 547 361 398 604 0 0 130 0 123 0 65 60 
150 154 66 0 127 88 0 79 81 300 0 26 24 42 0 571 420 373 626 0 0 141 0 123 0 65 60 
151 160 66 0 129 80 0 83 81 301 0 21 24 43 0 605 178 417 629 0 0 143 0 123 0 64 60 
154 145 62 0 129 78 0 79 80 301 0 26 24 40 0 501 333 383 657 0 0 134 0 123 0 64 60 
151 146 66 0 129 84 0 84 82 305 0 24 24 38 0 535 445 352 622 0 0 133 0 123 0 64 60 
151 158 65 0 127 90 0 83 82 303 0 25 25 39 0 525 262 406 681 0 0 131 0 123 0 65 60 
151 154 68 0 125 89 0 78 81 301 0 30 25 40 0 536 400 385 608 0 0 126 0 123 0 65 60 
153 154 63 0 124 88 0 84 79 303 0 28 25 41 0 523 286 380 664 0 0 128 0 123 0 65 60 
151 151 66 0 124 86 0 79 79 299 0 32 25 43 0 558 347 386 681 0 0 123 0 123 0 66 60 
151 153 66 0 126 88 0 80 78 298 0 31 25 41 0 577 384 382 642 0 0 115 0 123 0 67 60 
152 151 66 0 128 89 0 77 79 306 0 35 25 42 0 548 380 383 636 0 0 112 0 123 0 67 60 
149 150 66 0 132 97 0 78 78 305 0 34 25 47 0 499 270 368 667 0 0 112 0 123 0 67 60 
151 147 66 0 134 95 0 78 80 298 0 35 25 45 0 529 304 390 636 0 0 110 0 123 0 67 60 
149 144 65 0 135 89 0 79 80 296 0 34 25 39 0 558 270 396 617 0 0 110 0 123 0 66 60 
152 152 63 0 136 85 0 80 81 300 0 37 25 39 0 520 330 418 578 0 0 120 0 123 0 65 60 
150 150 64 0 136 85 0 79 79 308 0 34 26 42 0 564 452 375 628 0 0 120 0 123 0 66 60 
146 147 68 0 134 78 0 79 80 311 0 35 25 49 0 537 202 367 628 0 0 118 0 123 0 65 60 
150 150 63 0 131 82 0 75 81 306 0 29 26 51 0 549 385 388 635 0 0 115 0 123 0 66 60 
152 148 64 0 130 80 0 76 80 301 0 28 26 53 0 495 397 383 624 0 0 114 0 123 0 67 60 
149 152 63 0 129 79 0 76 81 300 0 30 25 50 0 526 373 375 638 0 0 117 0 123 0 67 60 
152 156 66 0 128 86 0 78 80 301 0 24 25 46 0 575 225 377 632 0 0 119 0 123 0 68 60 
149 152 65 0 127 93 0 82 80 304 0 26 25 37 0 565 278 423 653 0 0 126 0 123 0 68 60 
155 151 64 0 128 95 0 82 80 306 0 25 25 29 0 593 219 370 637 0 0 126 0 123 0 68 60 
154 149 68 0 129 88 0 83 81 301 0 22 25 28 0 568 356 399 620 0 0 116 0 123 0 68 60 
148 150 66 0 130 90 0 78 79 303 0 23 25 26 0 596 385 411 638 0 0 109 0 123 0 68 60 
154 154 65 0 131 89 0 83 79 304 0 23 25 31 0 528 224 387 631 0 0 107 0 123 0 67 60 
154 150 63 0 131 86 0 84 78 301 0 20 25 41 0 531 340 382 644 0 0 108 0 123 0 69 60 
151 151 64 0 130 80 0 76 80 304 0 22 24 47 0 500 292 372 638 0 0 113 0 123 0 69 60 
153 154 67 0 128 84 0 79 81 307 0 24 25 48 0 508 461 402 651 0 0 116 0 123 0 70 60 
150 151 63 0 129 87 0 76 82 300 0 24 24 46 0 592 188 397 634 0 0 123 0 123 0 70 60 
149 150 66 0 128 82 0 82 81 298 0 23 24 45 0 522 318 384 629 0 0 137 0 123 0 70 60 
153 156 65 0 129 77 0 81 79 294 0 21 24 41 0 526 350 400 636 0 0 139 0 123 0 71 60 
154 159 64 0 128 87 0 79 79 305 0 24 24 41 0 515 325 389 674 0 0 139 0 123 0 72 60 
152 142 64 0 130 88 0 84 80 310 0 22 24 46 0 538 204 407 633 0 0 136 0 123 0 73 60 
153 151 64 0 130 82 0 80 79 302 0 21 24 47 0 491 240 385 651 0 0 131 0 123 0 73 60 
152 160 65 0 130 79 0 80 79 300 0 23 24 45 0 547 368 391 707 0 0 128 0 123 0 72 60 
147 159 63 0 130 83 0 83 80 299 0 24 24 44 0 575 302 377 655 0 0 123 0 123 0 71 60 
154 155 62 0 131 89 0 77 80 300 0 22 25 45 0 535 425 384 668 0 0 121 0 123 0 70 60 
155 147 66 0 131 90 0 78 79 304 0 23 24 43 0 558 282 404 614 0 0 122 0 123 0 69 60 
153 155 66 0 131 94 0 78 79 304 0 23 25 40 0 587 261 371 650 0 0 117 0 123 0 67 60 
154 152 66 0 130 93 0 81 78 300 0 23 25 41 0 525 383 388 647 0 0 112 0 123 0 66 60 
149 149 64 0 129 92 0 81 80 299 0 19 25 44 0 540 316 391 605 0 0 109 0 123 0 66 60 
150 144 64 0 128 92 0 78 80 301 0 21 25 41 0 534 263 418 592 0 0 115 0 123 0 66 60 
150 148 66 0 126 94 0 82 81 299 0 21 25 42 0 527 212 401 674 0 0 122 0 123 0 66 60 
150 150 68 0 126 88 0 82 80 303 0 20 25 53 0 510 411 405 619 0 0 121 0 123 0 67 60 
153 149 65 0 126 82 0 80 81 306 0 23 25 53 0 539 297 392 668 0 0 120 0 123 0 67 60 
150 146 65 0 127 86 0 79 80 299 0 22 25 50 0 572 217 400 632 0 0 124 0 123 0 67 60 
149 149 63 0 128 92 0 80 81 299 0 22 25 47 0 557 408 376 624 0 0 121 0 123 0 67 60 
152 149 64 0 131 92 0 79 80 299 0 23 25 44 0 490 213 376 615 0 0 116 0 123 0 67 60 
147 151 62 0 132 86 0 79 82 305 0 20 25 37 0 535 311 379 633 0 0 116 0 123 0 67 60 
151 154 60 0 135 84 0 78 79 311 0 18 25 43 0 521 532 388 634 0 0 115 0 123 0 67 60 
153 153 62 0 136 81 0 82 79 311 0 23 25 44 0 515 281 401 635 0 0 122 0 123 0 67 60 
154 154 68 0 137 82 0 81 78 303 0 21 25 54 0 616 292 377 624 0 0 122 0 123 0 67 60 
150 149 66 0 137 84 0 76 79 300 0 24 25 57 0 518 219 384 618 0 0 123 0 123 0 66 60 
152 155 66 0 136 90 0 81 78 299 0 23 25 53 0 543 433 380 640 0 0 113 0 123 0 66 60 
150 153 62 0 134 88 0 81 80 302 0 22 25 47 0 486 230 367 624 0 0 109 0 123 0 65 60 
154 151 68 0 132 83 0 85 80 305 0 22 25 41 0 541 260 376 657 0 0 112 0 123 0 66 60 
154 153 67 0 131 84 0 87 80 301 0 23 25 35 0 551 416 409 663 0 0 111 0 123 0 66 60 
152 148 65 0 129 86 0 80 79 302 0 21 25 29 0 525 257 384 635 0 0 118 0 123 0 65 60 
154 155 65 0 129 88 0 84 80 306 0 20 24 41 0 546 424 375 698 0 0 125 0 123 0 66 60 
149 153 65 0 129 86 0 79 78 303 0 19 24 48 0 510 274 409 713 0 0 132 0 123 0 66 60 
153 157 65 0 129 82 0 80 80 303 0 22 24 52 0 554 364 390 633 0 0 143 0 123 0 65 60 
153 148 66 0 129 79 0 77 78 304 0 21 24 50 0 556 314 355 635 0 0 151 0 123 0 65 60 
153 146 66 0 129 90 0 74 79 302 0 22 24 51 0 517 361 363 650 0 0 145 0 123 0 64 60 
149 150 67 0 129 98 0 81 78 296 0 22 24 51 0 536 353 396 654 0 0 141 0 123 0 65 60 
150 157 66 0 128 99 0 77 79 291 0 21 24 44 0 589 274 370 649 0 0 131 0 123 0 66 60 
146 153 70 0 128 89 0 76 81 299 0 25 24 37 0 549 208 401 581 0 0 124 0 123 0 66 60 
150 151 65 0 128 88 0 83 81 307 0 23 25 32 0 570 280 394 613 0 0 124 0 123 0 67 60 
153 152 68 0 128 86 0 80 82 307 0 22 24 38 0 576 239 382 589 0 0 123 0 123 0 67 60 
153 151 67 0 128 84 0 87 81 300 0 25 25 43 0 547 321 388 663 0 0 117 0 123 0 67 60 
148 155 66 0 128 83 0 79 79 300 0 24 24 47 0 462 317 367 620 0 0 108 0 123 0 67 60 
151 148 66 0 127 90 0 75 79 302 0 26 25 45 0 536 409 393 623 0 0 108 0 123 0 66 60 
152 145 68 0 127 89 0 78 79 304 0 29 25 48 0 551 260 377 626 0 0 114 0 123 0 66 60 
150 152 66 0 127 81 0 75 79 307 0 30 25 47 0 504 382 401 602 0 0 117 0 123 0 66 60 
150 151 65 0 127 84 0 81 79 304 0 31 25 44 0 539 216 401 632 0 0 114 0 123 0 66 60 
150 145 62 0 129 96 0 80 82 299 0 29 25 43 0 530 313 380 669 0 0 117 0 123 0 66 60 
147 148 68 0 128 99 0 82 79 300 0 28 25 44 0 553 338 392 647 0 0 123 0 123 0 67 60 
148 148 64 0 128 86 0 83 79 298 0 31 25 40 0 538 324 396 629 0 0 120 0 123 0 67 60 
150 152 64 0 127 81 0 78 79 300 0 32 25 38 0 516 255 414 638 0 0 112 0 123 0 68 60 
150 155 66 0 124 83 0 81 81 306 0 33 24 37 0 561 298 392 666 0 0 111 0 123 0 68 60 
151 153 67 0 124 83 0 81 80 302 0 32 24 39 0 557 248 413 643 0 0 108 0 123 0 68 60 
148 149 66 0 125 78 0 78 81 298 0 32 24 42 0 592 299 392 667 0 0 109 0 123 0 67 60 
156 150 65 0 126 84 0 78 81 294 0 35 24 42 0 554 341 390 657 0 0 110 0 123 0 68 60 
151 155 67 0 129 84 0 81 79 301 0 35 24 42 0 538 212 400 634 0 0 115 0 123 0 68 60 
154 152 66 0 131 79 0 82 80 308 0 34 24 43 0 518 324 380 659 0 0 119 0 123 0 67 60 
153 149 64 0 133 78 0 79 79 311 0 35 25 46 0 537 298 424 645 0 0 113 0 123 0 67 60 
149 148 65 0 135 88 0 82 80 305 0 36 25 45 0 559 322 420 591 0 0 111 0 123 0 67 60 
153 152 61 0 136 90 0 85 81 300 0 41 25 39 0 540 382 410 648 0 0 110 0 123 0 67 60 
152 152 64 0 136 83 0 83 81 302 0 41 25 38 0 520 250 375 680 0 0 111 0 123 0 67 60 
152 156 63 0 135 83 0 77 81 302 0 38 25 44 0 533 334 430 607 0 0 110 0 123 0 67 60 
151 158 62 0 133 89 0 85 79 307 0 38 25 49 0 563 274 413 606 0 0 113 0 123 0 67 60 
150 160 65 0 131 92 0 82 81 306 0 40 26 49 0 541 341 394 627 0 0 126 0 123 0 67 60 
148 144 61 0 129 89 0 80 82 301 0 36 25 49 0 486 230 396 646 0 0 139 0 123 0 68 60 
152 147 65 0 128 89 0 85 81 306 0 36 25 50 0 470 267 383 587 0 0 144 0 123 0 69 60 
151 159 64 0 129 88 0 77 80 305 0 32 25 47 0 581 372 394 678 0 0 145 0 123 0 70 60 
150 157 65 0 130 91 0 76 79 305 0 34 26 38 0 581 370 436 617 0 0 143 0 123 0 70 60 
149 154 67 0 129 94 0 76 80 306 0 35 25 28 0 572 262 396 645 0 0 141 0 123 0 71 60 
147 147 65 0 131 95 0 79 81 303 0 37 26 27 0 566 332 406 588 0 0 136 0 123 0 70 60 
152 154 66 0 131 87 0 81 81 296 0 36 25 25 0 527 335 407 644 0 0 132 0 123 0 69 60 
151 153 64 0 132 85 0 77 82 291 0 35 25 33 0 507 423 414 702 0 0 124 0 123 0 68 60 
145 151 65 0 132 85 0 81 81 296 0 35 25 42 0 496 194 401 642 0 0 113 0 123 0 67 60 
154 142 66 0 130 90 0 84 80 305 0 32 25 46 0 551 288 423 621 0 0 111 0 123 0 66 60 
154 145 65 0 130 91 0 82 79 308 0 32 25 45 0 570 235 421 596 0 0 113 0 123 0 65 60 
149 152 67 0 128 91 0 83 80 306 0 28 25 45 0 542 304 386 656 0 0 112 0 123 0 66 60 
149 149 63 0 129 84 0 80 81 301 0 27 25 43 0 555 342 406 644 0 0 111 0 123 0 65 60 
152 148 65 0 130 80 0 81 81 301 0 27 25 40 0 555 330 392 680 0 0 112 0 123 0 67 60 
150 150 65 0 130 88 0 80 82 301 0 27 25 40 0 547 225 412 631 0 0 120 0 123 0 66 60 
151 152 64 0 131 90 0 76 80 307 0 26 25 45 0 534 481 409 694 0 0 122 0 123 0 67 60 
148 154 64 0 130 87 0 77 80 306 0 25 25 49 0 533 169 428 710 0 0 121 0 123 0 67 60 
150 158 67 0 130 82 0 77 78 300 0 28 25 46 0 533 321 433 638 0 0 120 0 123 0 67 60 
154 157 68 0 130 85 0 81 80 301 0 24 25 43 0 542 357 403 633 0 0 118 0 123 0 67 60 
149 151 65 0 130 85 0 79 79 302 0 29 25 41 0 556 258 412 673 0 0 118 0 123 0 66 60 
150 148 66 0 130 86 0 74 81 301 0 25 26 44 0 567 326 396 635 0 0 116 0 123 0 66 60 
152 149 66 0 129 90 0 79 81 307 0 26 25 42 0 500 236 404 628 0 0 119 0 123 0 65 60 
151 154 64 0 128 98 0 74 80 304 0 26 25 42 0 524 467 424 629 0 0 119 0 123 0 66 60 
153 151 68 0 126 95 0 74 80 299 0 24 25 45 0 487 221 427 649 0 0 121 0 123 0 66 60 
151 153 64 0 126 88 0 77 81 296 0 25 25 44 0 583 277 408 609 0 0 117 0 123 0 66 60 
151 155 66 0 126 96 0 80 80 301 0 26 25 40 0 523 360 400 679 0 0 111 0 123 0 66 60 
154 152 63 0 127 104 0 83 80 305 0 21 25 50 0 529 336 417 625 0 0 110 0 123 0 66 60 
154 152 63 0 127 99 0 82 81 308 0 24 26 50 0 526 278 388 642 0 0 116 0 123 0 67 60 
150 154 64 0 129 85 0 79 80 307 0 22 25 50 0 610 351 389 624 0 0 125 0 123 0 66 60 
151 155 65 0 130 87 0 82 78 298 0 23 26 46 0 522 239 405 610 0 0 138 0 123 0 67 60 
149 143 67 0 132 88 0 82 79 299 0 24 25 46 0 527 351 414 618 0 0 147 0 123 0 66 60 
154 148 65 0 134 85 0 79 79 302 0 24 25 38 0 555 242 411 646 0 0 142 0 123 0 66 60 
150 157 65 0 136 79 0 80 81 306 0 24 25 41 0 552 361 387 621 0 0 131 0 123 0 66 60 
154 156 69 0 136 88 0 77 80 309 0 23 26 44 0 589 414 401 645 0 0 125 0 123 0 66 60 
148 154 71 0 136 86 0 81 80 303 0 25 25 55 0 549 258 413 659 0 0 123 0 123 0 66 60 
151 150 68 0 135 81 0 80 78 307 0 26 25 58 0 568 302 391 655 0 0 129 0 123 0 67 60 
153 150 65 0 133 83 0 82 79 307 0 27 25 52 0 513 296 397 622 0 0 128 0 123 0 67 60 
154 153 67 0 132 93 0 85 79 306 0 29 25 45 0 566 382 392 697 0 0 120 0 123 0 68 60 
149 148 67 0 130 92 0 80 79 304 0 34 25 40 0 534 372 389 646 0 0 114 0 123 0 68 60 
150 145 69 0 130 82 0 81 79 306 0 34 25 34 0 530 363 384 661 0 0 120 0 123 0 68 60 
152 149 64 0 129 82 0 80 79 302 0 39 25 29 0 503 218 375 703 0 0 128 0 123 0 67 60 
152 148 61 0 128 87 0 83 78 292 0 33 25 42 0 536 300 385 666 0 0 129 0 123 0 67 60 
149 149 61 0 129 89 0 83 79 292 0 34 25 48 0 547 238 386 673 0 0 128 0 123 0 67 60 
151 143 63 0 129 88 0 75 80 300 0 29 25 50 0 520 424 402 650 0 0 132 0 123 0 67 60 
151 148 63 0 129 92 0 82 80 305 0 31 25 52 0 503 365 412 624 0 0 134 0 123 0 67 60 
151 150 65 0 130 94 0 81 80 305 0 31 25 51 0 509 228 403 675 0 0 124 0 123 0 67 60 
152 150 64 0 129 99 0 79 80 297 0 34 25 49 0 524 352 384 674 0 0 123 0 123 0 68 60 
150 155 64 0 129 105 0 80 79 297 0 32 25 40 0 611 253 397 588 0 0 125 0 123 0 69 60 
150 149 68 0 128 109 0 80 78 299 0 35 25 34 0 554 304 409 604 0 0 123 0 123 0 69 60 
147 152 67 0 128 96 0 84 79 301 0 31 25 33 0 550 295 387 616 0 0 122 0 123 0 69 60 
154 151 62 0 129 82 0 79 80 305 0 28 25 40 0 547 310 400 639 0 0 126 0 123 0 69 60 
155 152 63 0 128 82 0 77 81 304 0 31 25 44 0 507 349 350 577 0 0 120 0 123 0 69 60 
150 153 66 0 127 86 0 83 81 301 0 31 25 45 0 507 280 410 588 0 0 114 0 123 0 68 60 
155 148 62 0 127 86 0 79 82 300 0 35 25 47 0 561 333 402 653 0 0 110 0 123 0 68 60 
148 151 66 0 127 83 0 79 79 296 0 35 25 49 0 538 326 393 591 0 0 112 0 123 0 68 60 
154 149 66 0 127 86 0 80 79 300 0 41 25 44 0 519 219 414 642 0 0 117 0 123 0 68 60 
152 151 58 0 128 86 0 80 78 305 0 36 25 42 0 527 304 378 652 0 0 119 0 123 0 68 60 
149 155 66 0 128 91 0 81 81 306 0 41 26 44 0 565 355 379 619 0 0 128 0 123 0 68 60 
153 161 66 0 129 94 0 76 79 299 0 44 25 44 0 571 257 399 657 0 0 130 0 123 0 68 60 
150 143 65 0 127 97 0 83 81 296 0 44 26 39 0 507 331 380 660 0 0 134 0 123 0 69 60 
151 149 68 0 125 90 0 85 80 303 0 46 26 38 0 505 259 371 669 0 0 129 0 123 0 69 60 
156 157 67 0 124 86 0 83 81 309 0 47 26 37 0 587 287 417 687 0 0 119 0 123 0 70 60 
147 159 66 0 125 83 0 82 81 312 0 47 25 42 0 535 379 367 622 0 0 111 0 123 0 70 60 
153 155 65 0 125 86 0 85 81 305 0 49 26 43 0 554 321 387 734 0 0 109 0 123 0 69 60 
148 150 62 0 127 94 0 79 79 302 0 50 26 42 0 551 215 382 689 0 0 115 0 123 0 69 60 
147 152 65 0 130 100 0 79 82 304 0 49 26 44 0 571 457 372 647 0 0 118 0 123 0 68 60 
152 149 66 0 131 102 0 76 78 305 0 48 26 46 0 505 436 375 634 0 0 117 0 123 0 67 60 
150 152 65 0 134 88 0 76 80 306 0 47 25 45 0 493 236 361 664 0 0 113 0 123 0 66 60 
152 143 63 0 136 86 0 80 80 304 0 42 26 39 0 522 370 405 598 0 0 115 0 123 0 66 60 
151 147 64 0 136 92 0 74 81 303 0 40 25 38 0 525 358 388 653 0 0 121 0 123 0 66 60 
155 152 63 0 134 94 0 81 75 303 0 37 25 42 0 558 204 383 581 0 0 123 0 123 0 66 60 
153 149 62 0 133 87 0 80 80 305 0 36 26 49 0 506 216 367 631 0 0 122 0 123 0 65 60 
152 145 64 0 129 86 0 81 74 305 0 44 26 51 0 545 395 375 605 0 0 118 0 123 0 65 60 
148 145 65 0 129 88 0 88 79 302 0 41 26 52 0 522 282 388 683 0 0 124 0 123 0 66 60 
154 150 64 0 128 88 0 77 80 304 0 44 26 52 0 513 368 392 602 0 0 127 0 123 0 66 60 
154 152 66 0 128 86 0 80 81 300 0 42 26 47 0 550 349 372 658 0 0 124 0 123 0 66 60 
150 156 68 0 128 88 0 76 82 293 0 39 26 40 0 567 329 370 623 0 0 120 0 123 0 66 60 
153 154 64 0 130 85 0 79 82 295 0 41 25 31 0 541 406 357 611 0 0 121 0 123 0 65 60 
150 150 66 0 131 81 0 82 80 301 0 36 26 29 0 561 297 367 658 0 0 116 0 123 0 66 60 
149 149 65 0 131 83 0 78 78 306 0 37 26 27 0 580 277 356 634 0 0 120 0 123 0 66 60 
155 150 67 0 132 95 0 83 80 300 0 36 25 31 0 537 257 398 653 0 0 118 0 123 0 65 60 
151 155 67 0 133 97 0 79 81 297 0 34 25 42 0 484 285 371 595 0 0 111 0 123 0 66 60 
151 150 65 0 131 86 0 79 81 298 0 33 24 45 0 511 278 373 651 0 0 112 0 123 0 67 60 
154 155 65 0 129 84 0 84 81 300 0 32 25 49 0 534 339 382 648 0 0 109 0 123 0 66 60 
148 153 62 0 128 87 0 79 81 306 0 34 25 46 0 523 285 386 641 0 0 110 0 123 0 66 60 
152 151 66 0 128 87 0 81 79 300 0 38 24 40 0 547 289 369 623 0 0 112 0 123 0 66 60 
155 157 65 0 128 85 0 78 80 300 0 38 24 40 0 520 349 387 646 0 0 122 0 123 0 66 60 
147 158 63 0 130 90 0 76 80 297 0 37 25 41 0 588 404 399 695 0 0 129 0 123 0 66 60 
153 145 65 0 130 90 0 82 80 299 0 37 25 43 0 487 231 386 633 0 0 139 0 123 0 66 60 
152 146 66 0 129 87 0 79 80 301 0 35 25 48 0 545 278 402 672 0 0 144 0 123 0 66 60 
149 153 65 0 129 82 0 78 81 302 0 35 25 46 0 576 260 367 619 0 0 143 0 123 0 65 60 
153 158 66 0 130 93 0 86 81 304 0 37 25 42 0 529 380 362 653 0 0 130 0 123 0 65 60 
152 152 64 0 130 99 0 83 79 301 0 37 25 41 0 604 338 382 629 0 0 121 0 123 0 66 60 
151 149 66 0 130 89 0 83 78 299 0 39 26 43 0 583 232 385 683 0 0 121 0 123 0 66 60 
151 150 68 0 130 77 0 79 78 302 0 39 26 42 0 565 285 335 621 0 0 124 0 123 0 66 60 
151 152 66 0 129 84 0 80 79 306 0 41 26 39 0 564 400 428 622 0 0 122 0 123 0 66 60 
152 152 64 0 128 89 0 82 80 313 0 38 25 43 0 536 315 381 611 0 0 121 0 123 0 66 60 
153 144 67 0 127 87 0 79 80 311 0 39 25 44 0 538 300 394 627 0 0 117 0 123 0 66 60 
151 150 62 0 127 87 0 78 81 302 0 36 25 42 0 553 316 371 667 0 0 113 0 123 0 66 60 
151 152 64 0 127 94 0 79 80 303 0 34 25 51 0 507 288 375 633 0 0 112 0 123 0 65 60 
149 151 66 0 128 92 0 76 80 304 0 35 24 55 0 507 408 383 623 0 0 111 0 123 0 66 60 
155 149 65 0 128 82 0 80 82 305 0 35 24 52 0 568 207 401 630 0 0 113 0 123 0 66 60 
153 147 64 0 130 88 0 80 82 307 0 32 24 47 0 542 188 404 625 0 0 117 0 123 0 66 60 
152 150 66 0 131 100 0 80 82 304 0 31 24 44 0 494 383 370 610 0 0 121 0 123 0 66 60 
155 150 67 0 134 95 0 84 81 304 0 33 24 38 0 508 294 406 637 0 0 122 0 123 0 66 60 
155 156 66 0 135 82 0 79 80 305 0 34 24 39 0 567 165 373 647 0 0 115 0 123 0 66 60 
154 150 66 0 135 83 0 87 79 303 0 37 25 43 0 536 348 405 667 0 0 116 0 123 0 65 60 
149 149 65 0 136 89 0 86 81 306 0 41 24 55 0 568 298 391 632 0 0 119 0 123 0 66 60 
154 154 63 0 135 86 0 79 81 306 0 48 24 56 0 519 484 373 654 0 0 117 0 123 0 64 60 
152 148 67 0 134 81 0 81 81 304 0 41 25 55 0 560 200 384 585 0 0 121 0 123 0 64 60 
153 154 65 0 133 84 0 79 82 290 0 35 25 45 0 535 352 381 702 0 0 120 0 123 0 65 60 
151 150 64 0 131 85 0 79 81 294 0 36 25 41 0 467 393 390 645 0 0 114 0 123 0 65 60 
150 151 65 0 129 77 0 78 80 299 0 33 25 36 0 526 175 390 690 0 0 109 0 123 0 65 60 
148 154 66 0 128 82 0 77 82 308 0 35 25 30 0 544 185 399 679 0 0 111 0 123 0 66 60 
150 150 65 0 128 91 0 87 82 296 0 32 25 37 0 561 394 383 627 0 0 113 0 123 0 65 60 
146 155 65 0 128 94 0 79 80 300 0 29 25 45 0 528 333 352 627 0 0 120 0 123 0 66 60 
149 161 59 0 128 86 0 74 79 295 0 31 25 48 0 560 342 357 662 0 0 135 0 123 0 66 60 
150 147 65 0 129 87 0 82 80 301 0 27 25 49 0 502 231 356 679 0 0 138 0 123 0 66 60 
154 148 67 0 129 92 0 78 81 303 0 32 24 50 0 520 365 375 646 0 0 135 0 123 0 66 60 
150 155 67 0 128 98 0 76 81 303 0 37 24 53 0 523 304 392 565 0 0 131 0 123 0 65 60 
153 159 65 0 127 95 0 74 81 306 0 35 24 45 0 592 283 377 628 0 0 125 0 123 0 65 60 
151 153 65 0 127 93 0 77 81 299 0 34 24 37 0 518 246 380 655 0 0 132 0 123 0 67 60 
152 146 65 0 128 87 0 81 79 300 0 31 24 31 0 570 218 358 614 0 0 135 0 123 0 67 60 
150 153 66 0 128 85 0 79 78 303 0 27 24 35 0 548 368 365 641 0 0 136 0 123 0 67 60 
153 150 63 0 128 89 0 80 79 306 0 28 24 41 0 535 302 395 619 0 0 136 0 123 0 66 60 
151 152 65 0 127 89 0 82 80 309 0 30 25 47 0 523 355 376 618 0 0 126 0 123 0 66 60 
152 145 64 0 127 88 0 80 80 307 0 32 25 44 0 526 310 369 607 0 0 122 0 123 0 66 60 
145 147 60 0 126 83 0 79 81 299 0 35 25 49 0 541 325 399 609 0 0 121 0 123 0 66 60 
151 150 60 0 127 86 0 81 82 302 0 37 25 47 0 538 395 399 585 0 0 121 0 123 0 66 60 
157 152 61 0 129 82 0 76 81 306 0 38 25 43 0 567 338 379 652 0 0 118 0 123 0 66 60 
149 145 63 0 130 82 0 77 82 312 0 40 25 40 0 525 317 352 635 0 0 113 0 123 0 66 60 
155 147 65 0 128 81 0 78 81 309 0 42 25 45 0 533 368 399 656 0 0 119 0 123 0 66 60 
150 149 69 0 127 86 0 81 79 304 0 43 25 41 0 498 279 380 680 0 0 124 0 123 0 66 60 
152 154 65 0 126 83 0 85 78 301 0 45 24 38 0 555 217 388 620 0 0 123 0 123 0 66 60 
151 156 65 0 124 83 0 77 79 299 0 48 24 38 0 560 311 356 692 0 0 117 0 123 0 67 60 
156 155 64 0 124 84 0 83 80 304 0 53 23 38 0 566 311 407 671 0 0 116 0 123 0 67 60 
154 149 63 0 125 85 0 80 79 306 0 52 24 41 0 571 307 375 643 0 0 117 0 123 0 67 60 
154 150 66 0 126 83 0 78 80 304 0 45 23 42 0 564 200 390 697 0 0 118 0 123 0 67 60 
148 153 61 0 129 87 0 82 80 305 0 40 23 43 0 611 539 388 591 0 0 117 0 123 0 68 60 
152 155 65 0 131 91 0 78 82 308 0 32 23 44 0 531 309 379 627 0 0 114 0 123 0 69 60 
150 154 61 0 132 92 0 79 83 310 0 30 23 46 0 513 244 411 644 0 0 112 0 123 0 69 60 
150 148 65 0 134 97 0 79 82 308 0 26 24 43 0 564 320 400 625 0 0 107 0 123 0 70 60 
152 152 62 0 134 98 0 81 81 307 0 26 23 38 0 522 241 401 626 0 0 104 0 123 0 69 60 
150 152 64 0 134 94 0 81 80 308 0 29 23 37 0 525 323 399 589 0 0 102 0 123 0 70 60 
148 152 66 0 132 86 0 77 80 300 0 28 23 44 0 577 415 392 655 0 0 105 0 123 0 69 60 
152 156 61 0 131 92 0 82 81 296 0 29 23 51 0 497 271 394 627 0 0 111 0 123 0 68 60 
147 154 67 0 128 98 0 84 80 299 0 31 23 49 0 518 175 408 624 0 0 119 0 123 0 67 60 
148 145 66 0 128 90 0 78 79 305 0 34 24 52 0 482 401 359 630 0 0 132 0 123 0 66 60 
150 149 65 0 128 76 0 82 77 305 0 43 24 50 0 515 253 373 615 0 0 141 0 123 0 65 60 
145 162 66 0 128 80 0 79 77 301 0 36 24 45 0 607 315 393 644 0 0 141 0 123 0 66 60 
152 158 66 0 129 93 0 81 78 298 0 38 24 38 0 565 454 389 623 0 0 131 0 123 0 65 60 
151 149 68 0 130 93 0 80 79 295 0 47 25 28 0 552 303 421 653 0 0 131 0 123 0 65 60 
150 150 64 0 131 89 0 77 81 302 0 46 25 28 0 532 359 364 633 0 0 124 0 123 0 66 60 
152 149 66 0 132 87 0 81 81 305 0 43 25 27 0 542 350 404 601 0 0 121 0 123 0 66 60 
150 158 67 0 131 85 0 76 82 302 0 42 25 34 0 525 446 360 648 0 0 122 0 123 0 66 60 
149 146 65 0 130 74 0 81 79 305 0 42 25 41 0 517 270 401 622 0 0 117 0 123 0 66 60 
155 141 62 0 129 75 0 86 79 301 0 42 25 45 0 529 210 398 612 0 0 114 0 123 0 67 60 
148 151 62 0 127 85 0 87 79 301 0 41 25 48 0 573 333 389 625 0 0 114 0 123 0 67 60 
154 151 68 0 128 89 0 84 80 301 0 44 25 44 0 496 297 389 669 0 0 117 0 123 0 68 60 
151 148 65 0 127 68 0 81 80 303 0 39 24 43 0 514 349 393 656 0 0 117 0 123 0 68 60 
152 148 64 0 129 61 0 81 79 308 0 34 25 40 0 591 264 386 704 0 0 116 0 123 0 68 60 
153 147 64 0 128 65 0 80 79 305 0 37 24 40 0 519 414 400 652 0 0 122 0 123 0 68 60 
149 155 66 0 128 65 0 75 79 299 0 34 25 49 0 483 195 398 643 0 0 130 0 123 0 67 60 
149 149 65 0 128 62 0 74 79 299 0 30 24 51 0 540 360 382 670 0 0 127 0 123 0 67 60 
152 158 65 0 128 61 0 82 80 306 0 31 24 47 0 585 265 402 621 0 0 123 0 123 0 66 60 
152 150 63 0 130 63 0 77 81 310 0 30 24 42 0 542 372 393 630 0 0 118 0 123 0 65 60 
154 150 65 0 129 62 0 76 80 307 0 31 24 42 0 564 344 405 676 0 0 119 0 123 0 64 60 
153 156 65 0 129 59 0 81 81 306 0 31 23 41 0 519 343 416 604 0 0 122 0 123 0 63 60 
147 148 63 0 129 60 0 81 81 300 0 29 24 41 0 539 274 410 636 0 0 122 0 123 0 63 60 
150 154 68 0 128 63 0 86 82 300 0 26 24 43 0 488 278 406 642 0 0 125 0 123 0 64 60 
154 149 62 0 126 61 0 83 80 303 0 25 24 47 0 539 290 399 644 0 0 122 0 123 0 65 60 
151 154 64 0 125 57 0 82 79 304 0 24 23 40 0 586 265 404 585 0 0 119 0 123 0 67 60 
151 152 64 0 126 58 0 79 78 303 0 24 24 44 0 535 305 410 611 0 0 116 0 123 0 67 60 
150 151 65 0 127 60 0 75 79 303 0 24 24 52 0 526 315 400 674 0 0 116 0 123 0 66 60 
149 154 67 0 128 58 0 78 79 306 0 24 24 50 0 564 181 435 638 0 0 117 0 123 0 66 60 
150 160 66 0 129 56 0 78 78 309 0 23 24 51 0 561 305 417 634 0 0 125 0 123 0 66 60 
152 144 65 0 130 57 0 81 80 306 0 23 23 47 0 533 497 424 608 0 0 133 0 123 0 65 60 
147 148 65 0 133 60 0 78 80 307 0 23 23 44 0 508 416 398 636 0 0 137 0 123 0 66 60 
151 156 65 0 135 56 0 80 81 306 0 21 22 37 0 588 220 428 683 0 0 137 0 123 0 66 60 
149 159 67 0 135 55 0 83 81 301 0 21 22 21 0 562 256 410 645 0 0 131 0 123 0 66 60 
152 80 59 0 132 58 0 48 67 161 0 22 21 0 0 576 270 395 623 0 0 126 0 123 0 66 60 
153 45 0 0 120 59 0 0 0 0 0 18 21 0 0 523 330 385 619 0 0 126 0 123 0 66 60 
151 19 0 0 101 57 0 0 0 0 0 19 21 0 0 554 399 455 635 0 0 121 0 123 0 66 60 
154 0 0 0 76 56 0 0 0 0 0 19 21 0 0 523 299 423 682 0 0 114 0 123 0 65 60 
103 0 0 0 46 59 0 0 0 0 0 17 21 0 0 382 224 302 409 0 0 115 0 123 0 66 60 
0 22 0 0 24 60 0 0 0 0 0 19 21 0 0 374 209 285 416 0 0 115 0 123 0 65 60 
0 10 0 0 0 57 0 0 0 0 0 19 21 0 0 370 205 286 407 0 0 115 0 123 0 66 60 
0 15 0 0 0 56 0 0 0 0 0 19 21 0 0 385 206 282 415 0 0 115 0 123 0 65 60 
0 19 0 0 0 58 0 0 0 0 0 19 21 0 0 375 217 282 416 0 0 115 0 123 0 65 60 
0 0 0 0 0 60 0 0 0 0 0 17 21 0 0 371 207 283 411 0 0 115 0 123 0 64 60 
0 0 0 0 0 56 0 0 0 0 0 19 21 0 0 367 208 298 404 0 0 116 0 123 0 63 60 
0 0 0 0 0 55 0 0 0 0 0 16 21 0 0 367 221 297 406 0 0 116 0 123 0 63 60 
0 0 0 0 0 59 0 0 0 0 0 18 21 0 0 367 204 284 411 0 0 115 0 123 0 63 60 
0 0 0 0 0 58 0 0 0 0 0 11 21 0 0 370 217 280 405 0 0 115 0 123 0 64 60 
0 0 0 0 0 56 0 0 0 0 0 18 21 0 0 383 205 279 416 0 0 116 0 123 0 64 60 
0 0 0 0 0 56 0 15 0 0 0 19 21 0 0 379 202 297 407 0 0 116 0 123 0 65 60 
0 0 0 0 0 60 0 21 0 0 0 20 21 0 0 379 208 281 406 0 0 116 0 123 0 65 60 
0 19 0 0 0 58 0 0 0 0 0 18 21 0 0 375 212 286 404 0 0 116 0 123 0 65 60 
0 0 0 0 0 55 0 0 0 0 0 19 21 0 0 368 203 285 410 0 0 116 0 123 0 65 60 
0 0 0 0 0 55 0 0 0 0 0 17 21 0 0 381 217 283 414 0 0 116 0 123 0 65 60 
0 0 0 0 0 59 0 0 0 0 0 17 21 0 0 375 208 278 408 0 0 116 0 123 0 66 60 
0 0 0 0 0 58 0 0 0 0 0 17 21 0 0 370 216 279 413 0 0 116 0 123 0 66 60 
0 0 0 0 0 53 0 0 0 0 0 18 21 0 0 383 219 282 405 0 0 116 0 123 0 66 60 
0 0 0 0 0 55 0 0 0 0 0 20 21 0 0 382 213 282 409 0 0 116 0 123 0 66 60 
0 0 0 0 0 58 0 0 0 0 0 20 21 0 0 369 204 295 410 0 0 116 0 123 0 66 60 
0 0 0 0 0 56 0 0 0 0 0 17 21 0 0 375 217 296 404 0 0 116 0 123 0 66 60 
0 0 0 0 0 55 0 0 0 0 0 18 21 0 0 377 209 291 405 0 0 116 0 123 0 66 60 
0 0 0 0 0 56 0 0 0 0 0 18 21 0 0 373 215 281 403 0 0 116 0 123 0 66 60 
0 0 0 0 0 58 0 0 0 0 0 17 21 0 0 369 215 283 403 0 0 116 0 123 0 66 60 
0 0 0 0 0 56 0 0 0 0 0 19 21 0 0 376 212 279 402 0 0 116 0 123 0 66 60 
0 0 0 0 0 54 0 0 0 0 0 17 22 0 0 375 216 278 411 0 0 116 0 123 0 65 60 
0 0 0 0 0 56 0 0 0 0 0 18 21 0 0 370 215 280 412 0 0 115 0 123 0 65 60 
0 0 0 0 0 58 0 0 0 0 0 20 21 0 0 369 203 295 407 0 0 116 0 123 0 66 60 
0 0 0 0 0 56 0 0 0 0 0 17 21 0 0 371 217 290 411 0 0 116 0 123 0 65 60 
0 0 0 0 0 53 0 0 0 0 0 18 21 0 0 379 216 284 413 0 0 115 0 123 0 65 60 
0 0 0 0 0 55 0 0 0 0 0 19 21 0 0 366 214 289 412 0 0 115 0 123 0 66 60 
0 0 0 0 0 57 0 0 0 0 0 18 21 0 0 380 215 290 411 0 0 115 0 123 0 66 60 
0 0 0 0 0 53 0 0 0 0 0 18 22 0 0 374 219 297 405 0 0 116 0 123 0 66 60 
0 0 0 0 0 53 0 0 0 0 0 18 22 0 0 380 204 287 411 0 0 117 0 123 0 66 60 
0 0 0 0 0 56 0 0 0 0 0 19 21 0 0 366 205 293 408 0 0 117 0 123 0 65 60 
0 0 0 0 0 57 0 0 0 0 0 19 22 0 0 371 208 278 410 0 0 115 0 123 0 66 60 
0 0 0 0 0 54 0 0 0 0 0 17 21 0 0 367 211 297 410 0 0 116 0 123 0 65 60 
0 0 0 0 0 53 0 0 0 0 0 18 21 0 0 382 214 287 408 0 0 116 0 123 0 66 60 
0 0 0 0 0 56 0 0 0 0 0 18 21 0 0 373 215 289 412 0 0 115 0 123 0 66 60 
0 0 0 0 0 56 0 0 0 0 0 19 21 0 0 380 209 281 403 0 0 116 0 123 0 65 60 
0 0 0 0 0 54 0 0 0 0 0 20 21 0 0 380 212 288 402 0 0 116 0 123 0 66 60 
0 0 0 0 0 53 0 0 0 0 0 17 21 0 0 372 211 275 411 0 0 116 0 123 0 65 60 
0 0 0 0 0 57 0 0 0 0 0 19 21 0 0 378 205 278 404 0 0 116 0 123 0 66 60 
0 0 0 0 0 56 0 0 0 0 0 18 21 0 0 379 214 281 407 0 0 116 0 123 0 67 60 
0 0 0 0 0 53 0 0 0 0 0 19 21 0 0 374 201 292 411 0 0 116 0 123 0 68 60 
0 0 0 0 0 55 0 0 0 0 0 20 22 0 0 372 216 280 399 0 0 116 0 123 0 68 60 
0 0 0 0 0 55 0 0 0 0 0 17 22 0 0 380 203 279 410 0 0 116 0 123 0 68 60 
0 0 0 0 0 54 0 0 0 0 0 19 21 0 0 368 202 288 406 0 0 116 0 123 0 68 60 
0 0 34 0 0 52 0 0 0 0 0 21 21 0 0 379 214 280 406 0 0 116 0 123 0 68 60 
0 0 0 0 0 53 0 0 0 0 0 18 21 0 0 379 215 284 411 0 0 116 0 123 0 68 60 
0 0 0 0 0 56 0 0 0 0 0 17 22 0 0 372 218 282 403 0 0 116 0 123 0 67 60 
0 0 0 0 0 54 0 0 0 0 0 18 21 0 0 379 215 296 404 0 0 116 0 123 0 67 60 
0 0 0 0 0 53 0 0 0 0 0 20 21 0 0 378 207 278 407 0 0 116 0 123 0 66 60 
0 0 0 0 0 53 0 0 0 0 0 19 21 0 0 375 206 277 401 0 0 116 0 123 0 66 60 
0 0 0 0 0 57 0 0 0 0 0 19 22 0 0 369 215 279 407 0 0 116 0 123 0 66 60 
0 0 0 0 0 54 0 0 0 0 0 20 22 0 0 367 210 294 403 0 0 116 0 123 0 66 60 
0 0 0 0 0 53 0 0 0 0 0 17 21 0 0 377 207 294 403 0 0 116 0 123 0 66 60 
0 0 0 0 0 53 0 0 0 0 0 18 21 0 0 380 213 293 401 0 0 116 0 123 0 65 60 
0 0 0 0 0 58 0 0 0 0 0 18 21 0 0 367 203 282 402 0 0 116 0 123 0 65 60 
0 0 0 0 0 55 0 0 0 0 0 19 21 0 0 382 214 287 411 0 0 116 0 123 0 64 60 
0 0 0 0 0 53 0 0 0 0 0 19 21 0 0 368 213 280 403 0 0 115 0 123 0 64 60 
0 0 0 0 0 54 0 0 0 0 0 20 22 0 0 382 213 280 403 0 0 115 0 123 0 64 60 
0 0 0 0 0 56 0 0 0 0 0 19 22 0 0 373 205 292 409 0 0 116 0 123 0 64 60 
0 0 0 0 0 55 0 0 0 0 0 19 21 0 0 380 204 279 402 0 0 116 0 123 0 64 60 
0 0 0 0 0 54 0 0 0 0 0 18 21 0 0 371 202 278 407 0 0 116 0 123 0 64 60 
0 0 0 0 0 55 0 0 0 0 0 19 22 0 0 365 213 284 407 0 0 115 0 123 0 65 60 
0 0 0 0 0 57 0 0 0 0 0 17 21 0 0 368 209 295 402 0 0 115 0 123 0 65 60 
0 0 0 0 0 54 0 0 0 0 0 18 21 0 0 375 207 279 411 0 0 115 0 123 0 65 60 
0 0 0 0 0 53 0 0 0 0 0 20 21 0 0 380 217 290 405 0 0 115 0 123 0 65 60 
0 0 0 0 0 54 0 0 0 0 0 19 21 0 0 381 203 280 400 0 0 115 0 123 0 65 60 
0 0 0 0 0 56 0 0 0 0 0 18 21 0 0 365 203 291 401 0 0 116 0 123 0 64 60 
0 0 0 0 0 53 0 0 0 0 0 18 22 0 0 380 207 277 401 0 0 116 0 123 0 64 60 
0 0 0 0 0 52 0 0 0 0 0 20 21 0 0 380 199 277 410 0 0 116 0 123 0 64 60 
0 0 0 0 0 55 0 0 0 0 0 20 21 0 0 368 208 277 399 0 0 116 0 123 0 64 60 
0 0 0 0 0 56 0 0 0 0 0 18 21 0 0 376 214 299 411 0 0 116 0 123 0 64 60 
0 0 0 0 0 53 0 0 0 0 0 19 22 0 0 373 207 277 411 0 0 115 0 123 0 64 60 
0 0 0 0 0 53 0 0 0 0 0 19 21 0 0 370 207 293 410 0 0 115 0 123 0 65 60 
0 0 0 0 0 56 0 0 0 0 0 19 21 0 0 367 210 294 402 0 0 116 0 123 0 65 60 
0 0 0 0 0 56 0 0 11 0 0 18 22 0 0 371 205 296 406 0 0 116 0 123 0 65 60 
0 0 0 0 0 53 0 0 0 0 0 20 21 0 0 366 215 289 410 0 0 116 0 123 0 65 60 
0 0 0 0 0 53 0 0 0 0 0 19 19 0 0 379 204 295 405 0 0 116 0 123 0 66 60 
0 0 0 0 0 55 0 0 0 0 0 19 21 0 0 366 216 289 409 0 0 116 0 123 0 66 60 
0 0 0 0 0 55 0 0 0 0 0 18 21 0 0 366 215 277 401 0 0 116 0 123 0 66 60 
0 0 0 0 0 52 0 0 0 0 0 18 21 0 0 379 205 277 403 0 0 116 0 123 0 66 60 
0 0 0 0 0 53 0 0 0 0 0 19 21 0 0 374 215 283 409 0 0 116 0 123 0 66 60 
0 0 0 0 0 56 0 0 0 0 0 20 22 0 0 373 207 293 406 0 0 116 0 123 0 66 60 
0 0 0 0 0 54 0 0 0 0 0 19 22 0 0 379 217 291 408 0 0 116 0 123 0 66 60 
0 0 0 0 0 53 0 0 0 0 0 19 21 0 0 376 208 284 402 0 0 116 0 123 0 65 60 
0 0 0 0 0 53 0 0 0 0 0 18 21 0 0 369 205 290 403 0 0 116 0 123 0 66 60 
0 0 0 0 0 55 0 0 0 0 0 21 22 0 0 382 207 280 405 0 0 116 0 123 0 67 60 
0 0 0 0 0 54 0 0 0 0 0 21 21 0 0 376 204 295 403 0 0 116 0 123 0 68 60 
0 0 0 0 0 52 0 0 0 0 0 18 22 0 0 380 216 280 412 0 0 117 0 123 0 67 60 
0 0 0 0 0 54 0 0 0 0 0 19 21 0 0 366 203 295 399 0 0 116 0 123 0 68 60 
0 0 0 0 0 56 0 0 0 0 0 19 21 0 0 365 216 292 403 0 0 116 0 123 0 68 60 
0 0 0 0 0 53 0 0 0 0 0 19 21 0 0 372 211 292 408 0 0 116 0 123 0 68 60 
0 0 0 0 0 52 0 0 0 0 0 17 21 0 0 379 217 284 404 0 0 116 0 123 0 67 60 
0 0 0 0 0 55 0 0 0 0 0 19 21 0 0 379 209 287 401 0 0 116 0 123 0 66 60 
0 0 0 0 0 55 0 0 0 0 0 20 21 0 0 377 204 291 410 0 0 116 0 123 0 65 60 
0 0 0 0 0 54 0 0 0 0 0 16 21 0 0 373 217 295 410 0 0 116 0 123 0 65 60 
0 0 0 0 0 52 0 0 0 0 0 15 21 0 0 383 207 287 406 0 0 116 0 123 0 65 60 
0 0 0 0 0 55 0 0 0 0 0 19 21 0 0 380 208 278 401 0 0 117 0 123 0 65 60 
0 0 0 0 0 55 0 0 0 0 0 19 21 0 0 380 215 291 402 0 0 117 0 123 0 66 60 
0 0 0 0 0 53 0 0 0 0 0 19 21 0 0 379 213 295 410 0 0 117 0 123 0 65 60 
0 0 0 0 0 52 0 0 0 0 0 19 21 0 0 366 212 286 401 0 0 116 0 123 0 66 60 
0 0 0 0 0 55 0 0 0 0 0 17 21 0 0 372 217 283 408 0 0 116 0 123 0 66 60 
0 0 0 0 0 55 0 0 0 0 0 19 21 0 0 373 211 284 409 0 0 116 0 123 0 66 60 
0 0 0 0 0 53 0 0 0 0 0 18 21 0 0 365 201 281 404 0 0 116 0 123 0 66 60 
0 0 0 0 0 52 0 0 0 0 0 18 21 0 0 372 216 294 407 0 0 116 0 123 0 65 60 
0 0 0 0 0 55 0 0 0 0 0 18 21 0 0 372 205 278 410 0 0 116 0 123 0 65 60 
0 0 0 0 0 56 0 0 0 0 0 18 21 0 0 364 216 282 410 0 0 116 0 123 0 65 60 
0 0 0 0 0 52 0 0 0 0 0 20 21 0 0 376 216 293 410 0 0 116 0 123 0 65 60 
0 0 0 0 0 52 0 0 0 0 0 18 21 0 0 368 202 294 404 0 0 116 0 123 0 66 60 
0 0 0 0 0 54 0 0 0 0 0 17 21 0 0 377 214 278 409 0 0 116 0 123 0 65 60 
0 0 0 0 0 53 0 0 0 0 0 18 21 0 0 379 215 291 401 0 0 116 0 123 0 66 60 
0 0 0 0 0 52 0 0 0 0 0 18 21 0 0 364 201 276 408 0 0 116 0 123 0 66 60 
0 0 0 0 0 52 0 0 0 20 0 19 21 0 0 376 215 295 409 0 0 116 0 123 0 65 60 
0 0 0 0 0 55 0 0 0 0 0 18 21 0 0 367 216 290 409 0 0 116 0 123 0 65 60 
0 0 0 0 0 55 0 0 0 0 0 18 21 0 0 367 202 281 410 0 0 116 0 123 0 65 60 
0 0 0 0 0 52 0 0 0 0 0 20 21 0 0 370 209 277 410 0 0 116 0 123 0 66 60 
0 0 0 0 0 53 0 0 0 0 0 18 21 0 0 380 216 295 399 0 0 116 0 123 0 66 60 
0 0 0 0 0 55 0 0 0 0 0 19 21 0 0 366 209 287 409 0 0 116 0 123 0 65 60 
0 0 0 0 0 53 0 0 0 0 0 20 21 0 0 366 213 280 404 0 0 116 0 123 0 65 60 
0 0 0 0 0 52 0 0 0 0 0 19 21 0 0 364 211 289 403 0 0 116 0 123 0 65 60 
0 0 0 0 0 52 0 0 0 0 0 17 21 0 0 366 203 276 409 0 0 116 0 123 0 64 60 
0 0 0 0 0 55 0 0 0 0 0 19 21 0 0 380 207 286 404 0 0 116 0 123 0 64 60 
0 10 0 0 0 53 0 0 0 17 0 19 21 0 0 366 199 282 404 0 0 116 0 123 0 63 60 
0 67 0 0 0 51 0 0 0 12 0 20 21 0 0 377 213 279 403 0 0 116 0 123 0 64 60 
0 57 0 0 0 53 0 0 0 15 0 19 21 0 0 369 212 294 400 0 0 117 0 123 0 63 60 
0 58 0 0 0 55 0 0 0 37 0 17 21 0 0 380 215 292 409 0 0 116 0 123 0 64 60 
0 43 0 0 0 52 0 0 0 11 0 20 21 0 0 366 217 292 400 0 0 117 0 123 0 65 60 
0 122 0 0 0 52 0 0 15 0 0 18 21 0 0 377 213 286 409 0 0 117 0 123 0 65 60 
0 100 0 0 0 54 0 0 0 0 0 17 21 0 0 375 213 286 402 0 0 117 0 123 0 65 60 
0 147 0 0 0 55 0 0 0 0 0 20 21 0 0 373 202 278 410 0 0 117 0 123 0 65 60 
0 106 0 0 0 52 0 0 0 0 0 19 21 0 0 368 203 290 400 0 0 117 0 123 0 66 60 
0 218 0 0 0 52 0 0 0 0 0 20 21 0 0 382 217 295 408 0 0 117 0 123 0 66 60 
0 260 0 0 0 54 0 0 0 11 0 20 21 0 0 375 217 278 400 0 0 117 0 123 0 66 60 
0 270 0 0 0 55 0 0 0 25 0 17 21 0 0 368 210 282 407 0 0 116 0 123 0 66 60 
0 194 0 0 0 51 0 0 0 38 0 19 21 0 0 372 214 277 405 0 0 116 0 123 0 66 60 
0 230 0 0 0 51 0 0 0 36 0 19 21 0 0 369 208 282 402 0 0 116 0 123 0 66 60 
0 265 0 0 0 53 0 0 0 60 0 19 21 0 0 379 200 284 402 0 0 116 0 123 0 66 60 
0 229 0 0 0 54 0 0 0 64 0 18 21 0 0 379 214 281 407 0 0 115 0 123 0 66 60 
0 196 0 0 0 51 0 0 0 61 0 17 21 0 0 371 214 277 406 0 0 116 0 123 0 66 60 
0 220 0 0 0 52 0 0 0 15 0 19 21 0 0 370 210 280 400 0 0 116 0 123 0 65 60 
0 197 0 0 0 54 0 67 0 0 0 21 21 0 0 364 201 278 409 0 0 116 0 123 0 66 60 
0 192 0 0 0 55 0 95 0 0 0 16 21 0 0 375 205 278 407 0 0 116 0 123 0 66 60 
0 267 0 0 0 52 0 44 0 0 0 20 21 0 0 370 208 289 400 0 0 116 0 123 0 66 60 
0 247 0 0 0 52 0 0 0 0 0 20 21 0 0 365 200 283 406 0 0 116 0 123 0 66 60 
0 185 0 0 0 55 0 0 0 0 0 19 21 0 0 375 208 293 400 0 0 116 0 123 0 66 60 
0 181 0 0 0 55 0 0 0 0 0 17 21 0 0 380 216 292 401 0 0 116 0 123 0 66 60 
0 178 0 0 0 52 0 0 0 0 0 19 21 0 0 379 215 286 405 0 0 116 0 123 0 66 60 
0 140 0 0 0 52 0 0 0 0 0 19 21 0 0 366 212 285 401 0 0 116 0 123 0 66 60 
0 90 0 0 0 55 0 0 0 0 0 19 21 0 0 379 205 293 408 0 0 116 0 123 0 64 60 
0 135 0 0 0 54 0 0 0 0 0 20 21 0 0 371 213 287 407 0 0 116 0 123 0 64 60 
0 109 0 0 0 52 0 0 0 0 0 19 21 0 0 365 217 297 404 0 0 116 0 123 0 64 60 
0 170 0 0 0 52 0 0 0 0 0 19 21 0 0 382 207 295 403 0 0 116 0 123 0 64 60 
0 99 0 0 0 54 0 0 0 0 0 19 21 0 0 376 214 290 408 0 0 116 0 123 0 64 60 
0 20 0 0 0 54 0 0 0 0 0 19 21 0 0 377 215 283 409 0 0 116 0 123 0 64 60 
0 49 0 0 0 51 0 0 0 0 0 18 21 0 0 367 212 282 406 0 0 116 0 123 0 64 60 
0 34 0 0 0 52 0 0 0 0 0 16 21 0 0 367 205 277 409 0 0 116 0 123 0 64 60 
0 19 0 0 0 54 0 0 0 0 0 18 21 0 0 375 206 287 408 0 0 116 0 123 0 65 60 
0 29 0 0 0 53 0 0 0 0 0 21 21 0 0 366 217 290 403 0 0 116 0 123 0 67 60 
0 40 0 0 0 51 0 0 0 0 0 20 21 0 0 370 219 293 404 0 0 117 0 123 0 67 60 
0 42 0 0 0 53 0 0 0 0 0 19 20 0 0 377 202 290 408 0 0 117 0 123 0 67 60 
0 36 0 0 0 54 0 0 0 0 0 20 21 0 0 372 212 296 407 0 0 117 0 123 0 68 60 
0 13 0 0 0 51 0 0 0 0 0 19 20 0 0 377 216 277 408 0 0 117 0 123 0 67 60 
0 12 0 0 0 51 0 0 0 0 0 19 20 0 0 370 204 286 409 0 0 115 0 123 0 66 60 
0 17 0 0 0 52 0 0 0 0 0 19 20 0 0 373 210 278 407 0 0 115 0 123 0 66 60 
0 20 0 0 0 53 0 0 0 0 0 19 20 0 0 372 199 282 407 0 0 115 0 123 0 66 60 
0 0 0 0 0 52 0 0 0 0 0 20 21 0 0 367 206 278 409 0 0 116 0 123 0 66 60 
0 13 0 0 0 51 0 0 0 0 0 20 21 0 0 379 209 278 406 0 0 115 0 123 0 65 60 
0 14 0 0 0 53 0 0 0 0 0 20 21 0 0 380 201 285 410 0 0 116 0 123 0 65 60 
0 24 0 0 0 54 0 0 0 0 0 20 20 0 0 370 216 278 402 0 0 115 0 123 0 66 60 
0 19 0 0 0 52 0 0 0 0 0 18 20 0 0 367 200 283 401 0 0 116 0 123 0 66 60 
0 15 0 0 0 51 0 0 0 0 0 19 21 0 0 373 211 276 399 0 0 116 0 123 0 65 60 
0 12 0 0 0 53 0 0 0 0 0 21 21 0 0 381 208 287 403 0 0 116 0 123 0 65 60 
0 12 0 0 0 53 0 0 0 0 0 19 20 0 0 375 216 285 409 0 0 116 0 123 0 64 60 
0 15 0 0 0 50 0 0 0 0 0 19 20 0 0 379 210 287 400 0 0 116 0 123 0 65 60 
0 0 0 0 0 51 0 0 0 0 0 17 20 0 0 375 208 293 409 0 0 116 0 123 0 65 60 
0 0 0 0 0 53 0 0 0 0 0 19 20 0 0 372 200 286 399 0 0 116 0 123 0 64 60 
0 0 0 0 0 54 0 0 0 0 0 19 20 0 0 373 215 292 400 0 0 116 0 123 0 65 60 
0 0 0 0 0 51 0 49 0 0 0 19 20 0 0 379 206 283 409 0 0 116 0 123 0 65 60 
0 0 0 0 0 51 0 65 0 0 0 19 20 0 0 364 208 280 399 0 0 116 0 123 0 65 60 
0 0 0 0 0 54 0 70 0 0 0 19 20 0 0 367 207 279 406 0 0 116 0 123 0 66 60 
0 0 0 0 0 54 0 21 0 0 0 18 20 0 0 375 201 278 406 0 0 116 0 123 0 66 60 
0 0 0 0 0 51 0 0 0 0 0 21 20 0 0 366 216 295 399 0 0 116 0 123 0 66 60 
0 0 0 0 0 51 0 0 0 0 0 18 20 0 0 377 204 279 408 0 0 116 0 123 0 65 60 
0 0 0 0 0 54 0 0 0 0 0 18 20 0 0 373 208 280 406 0 0 116 0 123 0 66 60 
0 10 0 0 0 53 0 0 0 0 0 20 20 0 0 366 216 289 411 0 0 116 0 123 0 66 60 
0 0 0 0 0 51 0 0 0 0 0 17 20 0 0 371 210 295 402 0 0 116 0 123 0 65 60 
0 0 0 0 0 53 0 24 0 0 0 19 20 0 0 380 202 287 408 0 0 116 0 123 0 65 60 
0 0 0 0 0 54 0 77 0 0 0 18 20 0 0 371 206 293 401 0 0 116 0 123 0 66 60 
0 0 0 0 0 53 0 61 0 0 0 20 20 0 0 367 202 287 408 0 0 116 0 123 0 65 60 
0 0 0 0 0 51 0 48 0 0 0 19 20 0 0 362 207 280 400 0 0 116 0 123 0 65 60 
0 0 0 0 0 52 0 0 0 0 0 14 20 0 0 376 213 287 409 0 0 116 0 123 0 65 60 
0 0 0 0 0 54 0 30 0 0 0 19 20 0 0 365 216 279 401 0 0 116 0 123 0 65 60 
0 0 0 0 0 52 0 11 0 0 0 21 20 0 0 380 216 290 402 0 0 116 0 123 0 65 60 
0 0 0 0 0 50 0 0 0 0 0 18 20 0 0 364 202 275 403 0 0 116 0 123 0 66 60 
0 0 0 0 0 52 0 0 0 0 0 19 20 0 0 374 212 278 401 0 0 116 0 123 0 66 60 
0 0 0 0 0 54 0 0 0 0 0 16 20 0 0 366 215 293 400 0 0 116 0 123 0 65 60 
0 0 0 0 0 52 0 21 0 0 0 17 20 0 0 379 208 280 398 0 0 117 0 123 0 66 60 
0 0 0 0 0 50 0 0 0 0 0 18 20 0 0 372 207 291 408 0 0 116 0 123 0 66 60 
0 0 0 0 0 52 0 36 0 0 0 20 20 0 0 379 210 289 408 0 0 116 0 123 0 66 60 
0 0 0 0 0 54 0 13 0 0 0 20 20 0 0 370 212 290 399 0 0 116 0 123 0 65 60 
0 0 0 0 0 51 0 0 0 0 0 20 20 0 0 377 200 289 402 0 0 116 0 123 0 65 60 
0 0 0 0 0 50 0 0 0 0 0 19 20 0 0 366 216 277 399 0 0 117 0 123 0 65 60 
0 0 0 0 0 52 0 0 0 0 0 21 20 0 0 372 212 278 405 0 0 117 0 123 0 64 60 
0 0 0 0 0 53 0 0 0 0 0 19 20 0 0 367 217 293 399 0 0 117 0 123 0 64 60 
0 0 0 0 0 50 0 0 0 0 0 14 20 0 0 364 214 293 399 0 0 118 0 123 0 63 60 
0 0 0 0 0 50 0 0 0 0 0 19 20 0 0 378 212 277 404 0 0 118 0 123 0 64 60 
0 0 0 0 0 52 0 0 0 0 0 19 20 0 0 364 200 286 408 0 0 117 0 123 0 63 60 
0 0 0 0 0 52 0 0 0 0 0 21 20 0 0 372 207 283 409 0 0 116 0 123 0 62 60 
0 0 0 0 0 50 0 0 0 0 0 19 20 0 0 376 213 276 400 0 0 117 0 123 0 61 60 
0 0 0 0 0 50 0 0 0 0 0 19 20 0 0 368 210 278 399 0 0 116 0 123 0 60 60 
0 0 0 0 0 53 0 82 0 0 0 20 20 0 0 374 215 295 403 0 0 116 0 123 0 60 60 
0 0 0 0 0 52 0 141 0 0 0 17 20 0 0 379 200 292 409 0 0 116 0 123 0 61 60 
0 0 0 0 0 50 0 78 0 0 0 17 20 0 0 364 216 295 409 0 0 116 0 123 0 60 60 
0 0 0 0 0 51 0 0 0 0 0 20 20 0 0 372 214 286 409 0 0 116 0 123 0 60 60 
0 0 0 0 0 53 0 20 0 0 0 18 20 0 0 381 210 281 409 0 0 116 0 123 0 59 60 
0 0 0 0 0 52 0 92 0 0 0 19 20 0 0 379 207 294 398 0 0 116 0 123 0 60 60 
0 0 0 0 0 50 0 104 0 0 0 20 20 0 0 366 200 286 402 0 0 116 0 123 0 60 60 
0 0 0 0 0 50 0 48 0 0 0 19 20 0 0 367 207 292 410 0 0 116 0 123 0 60 60 
0 0 0 0 0 53 0 0 0 0 0 20 20 0 0 379 213 291 400 0 0 116 0 123 0 59 60 
0 0 0 0 0 53 0 0 0 0 0 20 20 0 0 369 204 289 406 0 0 116 0 123 0 58 60 
0 0 0 0 0 50 0 0 0 0 0 20 20 0 0 370 208 287 407 0 0 115 0 123 0 59 60 
0 0 0 0 0 51 0 0 0 0 0 20 20 0 0 367 202 284 404 0 0 116 0 123 0 58 60 
0 0 0 0 0 53 0 0 0 0 0 18 19 0 0 366 206 294 400 0 0 115 0 123 0 58 60 
0 0 0 0 0 52 0 0 0 0 0 20 20 0 0 367 207 282 407 0 0 115 0 123 0 58 60 
0 0 0 0 0 50 0 0 0 0 0 20 20 0 0 365 203 279 399 0 0 116 0 123 0 57 60 
0 0 0 0 0 52 0 0 0 0 0 15 19 0 0 376 216 293 401 0 0 116 0 123 0 57 60 
0 0 0 0 0 54 0 0 0 0 0 18 20 0 0 379 207 283 408 0 0 116 0 123 0 57 60 
0 0 0 0 0 51 0 0 0 0 0 20 20 0 0 364 215 282 410 0 0 116 0 123 0 57 60 
0 0 0 0 0 50 0 0 0 0 0 19 20 0 0 377 201 279 409 0 0 116 0 123 0 57 60 
0 0 0 0 0 51 0 0 0 0 0 18 20 0 0 378 202 296 402 0 0 117 0 123 0 57 60 
0 0 0 0 0 53 0 0 0 0 0 19 20 0 0 377 213 291 401 0 0 116 0 123 0 57 60 
0 0 0 0 0 50 0 0 0 0 0 19 20 0 0 367 212 289 402 0 0 116 0 123 0 57 60 
0 0 0 0 0 49 0 0 0 0 0 19 20 0 0 366 207 280 397 0 0 116 0 123 0 57 60 
0 0 0 0 0 52 0 0 0 0 0 18 20 0 0 366 210 284 398 0 0 116 0 123 0 57 60 
0 0 0 0 0 53 0 0 0 0 0 20 20 0 0 370 201 275 403 0 0 117 0 123 0 57 60 
0 0 0 0 0 51 0 0 0 0 0 19 19 0 0 381 208 289 409 0 0 116 0 123 0 57 60 
0 0 0 0 0 49 0 0 0 0 0 19 20 0 0 379 215 286 401 0 0 116 0 123 0 57 60 
0 0 0 0 0 51 0 0 0 0 0 17 20 0 0 367 202 295 409 0 0 116 0 123 0 57 60 
0 0 0 0 0 53 0 0 0 0 0 18 20 0 0 367 200 288 398 0 0 115 0 123 0 57 60 
0 0 0 0 0 51 0 0 0 0 0 18 19 0 0 380 200 278 402 0 0 116 0 123 0 57 60 
0 0 0 0 0 50 0 0 0 0 0 19 19 0 0 365 209 278 409 0 0 116 0 123 0 57 60 
0 0 0 0 0 52 0 0 0 0 0 20 19 0 0 374 210 289 399 0 0 117 0 123 0 56 60 
0 0 0 0 0 53 0 0 0 0 0 19 19 0 0 363 214 292 400 0 0 117 0 123 0 55 60 
0 0 0 0 0 50 0 0 0 0 0 17 19 0 0 367 201 277 401 0 0 117 0 123 0 54 60 
0 0 0 0 0 50 0 0 0 0 0 20 19 0 0 366 213 275 406 0 0 116 0 123 0 52 60 
0 0 0 0 0 52 0 13 10 0 0 19 19 0 0 365 207 286 409 0 0 117 0 123 0 52 60 
0 0 0 0 0 52 0 0 0 0 0 17 19 0 0 372 202 278 407 0 0 116 0 123 0 51 60 
0 0 0 0 0 49 0 11 0 0 0 16 19 0 0 379 202 295 407 0 0 116 0 123 0 51 60 
0 0 0 0 0 48 0 25 0 0 0 19 19 0 0 380 215 284 406 0 0 116 0 123 0 51 60 
0 0 0 0 0 52 0 0 0 0 0 20 19 0 0 381 205 281 404 0 0 116 0 123 0 52 60 
0 0 0 0 0 51 0 40 0 0 0 17 19 0 0 365 211 294 408 0 0 116 0 123 0 52 60 
0 0 0 0 0 50 0 55 0 0 0 20 19 0 0 365 202 291 410 0 0 116 0 123 0 52 60 
0 0 0 0 0 49 0 56 0 0 0 19 19 0 0 375 209 290 410 0 0 116 0 123 0 51 60 
0 0 0 0 0 51 0 86 0 0 0 17 19 0 0 370 205 289 400 0 0 116 0 123 0 51 60 
0 0 0 0 0 51 0 107 0 0 0 17 19 0 0 377 200 290 408 0 0 116 0 123 0 52 60 
0 0 0 0 0 50 0 22 0 0 0 19 19 0 0 378 201 294 405 0 0 116 0 123 0 51 60 
0 0 0 0 0 50 0 0 0 0 0 17 19 0 0 376 205 280 399 0 0 116 0 123 0 50 60 
0 0 0 0 0 52 0 42 0 0 0 17 19 0 0 380 202 277 410 0 0 116 0 123 0 49 60 
0 0 0 0 0 51 0 0 0 0 0 17 19 0 0 379 212 276 399 0 0 116 0 123 0 49 60 
0 0 0 0 0 49 0 0 0 0 0 18 19 0 0 375 215 297 408 0 0 116 0 123 0 48 60 
0 0 0 0 0 51 0 0 0 0 0 20 19 0 0 364 206 290 399 0 0 116 0 123 0 49 60 
0 0 0 0 0 53 0 0 0 0 0 19 19 0 0 379 207 294 408 0 0 116 0 123 0 49 60 
0 0 0 0 0 52 0 0 0 0 0 19 19 0 0 364 204 276 401 0 0 116 0 123 0 48 60 
0 0 0 0 0 49 0 0 0 0 0 19 19 0 0 370 213 282 399 0 0 116 0 123 0 48 60 
0 0 0 0 0 52 0 0 0 0 0 18 19 0 0 379 216 283 406 0 0 116 0 123 0 47 60 
0 0 0 0 0 54 0 0 0 0 0 17 19 0 0 380 202 276 407 0 0 116 0 123 0 47 60 
0 0 0 0 0 51 0 0 0 0 0 20 19 0 0 373 209 294 410 0 0 116 0 123 0 47 60 
0 0 0 0 0 50 0 0 0 0 0 17 19 0 0 379 205 277 405 0 0 116 0 123 0 46 60 
0 0 0 0 0 52 0 0 0 0 0 20 19 0 0 370 214 289 401 0 0 116 0 123 0 46 60 
0 0 0 0 0 53 0 0 0 0 0 18 19 0 0 364 204 282 406 0 0 116 0 123 0 46 60 
0 0 0 0 0 50 0 0 0 0 0 20 19 0 0 378 212 285 399 0 0 116 0 123 0 45 60 
0 0 0 0 0 50 0 62 0 0 0 18 19 0 0 376 215 280 400 0 0 116 0 123 0 46 60 
0 0 0 0 0 52 0 122 0 0 0 19 19 0 0 370 209 284 405 0 0 116 0 123 0 46 60 
0 0 0 0 0 53 0 104 0 0 0 20 19 0 0 366 212 278 409 0 0 116 0 123 0 46 60 
0 0 0 0 0 50 0 19 0 0 0 18 19 0 0 364 201 294 403 0 0 116 0 123 0 46 60 
0 0 0 0 0 51 0 0 0 0 0 17 19 0 0 365 201 280 399 0 0 115 0 123 0 46 60 
0 0 0 0 0 52 0 15 0 0 0 19 19 0 0 365 200 290 404 0 0 116 0 123 0 46 60 
0 0 0 0 0 52 0 0 0 0 0 17 20 11 0 373 210 293 399 0 0 116 0 123 0 47 60 
0 57 0 0 0 64 0 24 0 42 0 21 20 42 0 375 208 291 401 0 0 116 0 123 0 46 60 
0 148 66 0 0 99 0 76 60 257 0 19 19 55 0 363 209 294 408 0 0 115 0 123 0 47 60 
0 146 62 0 23 176 0 69 82 322 0 15 19 57 0 379 201 277 408 0 0 115 0 123 0 47 60 
0 146 63 0 46 200 0 64 79 305 0 14 18 53 0 368 207 281 404 0 0 115 0 123 0 47 60 
0 146 64 0 78 200 0 67 80 306 0 10 18 44 0 358 301 285 339 0 0 114 0 123 0 46 60 
157 144 61 0 109 200 0 68 79 303 0 0 17 42 0 26 0 10 15 0 0 97 0 123 0 46 60 
129 144 61 0 134 200 0 70 79 300 0 0 16 36 0 146 0 25 358 0 0 67 0 123 0 45 60 
137 151 62 0 150 200 0 71 79 301 0 0 15 30 0 517 299 199 715 0 0 50 0 123 0 44 60 
136 147 64 0 158 169 0 75 79 306 0 0 15 39 0 588 323 236 668 0 0 58 0 123 0 44 60 
139 144 64 0 159 128 0 76 80 309 0 0 15 50 0 535 520 251 699 0 0 79 0 123 0 44 60 
140 147 63 0 160 108 0 77 80 305 0 0 15 53 0 579 264 282 594 0 0 94 0 123 0 44 60 
148 147 66 0 158 103 0 77 82 301 0 0 15 56 0 521 299 260 651 0 0 98 0 123 0 44 60 
146 142 66 0 155 91 0 74 80 299 0 0 15 55 0 562 360 259 684 0 0 95 0 123 0 45 60 
149 146 63 0 153 82 0 75 80 299 0 0 15 59 0 572 341 289 627 0 0 93 0 123 0 45 60 
148 154 67 0 151 79 0 79 80 296 0 0 15 52 0 519 292 235 575 0 0 97 0 123 0 44 60 
146 153 65 0 148 84 0 76 81 302 0 0 15 44 0 590 226 259 635 0 0 100 0 123 0 44 60 
148 151 64 0 146 82 0 76 81 304 0 0 14 37 0 580 292 253 634 0 0 99 0 123 0 44 60 
148 146 66 0 144 85 0 76 82 303 0 0 15 35 0 647 239 265 598 0 0 99 0 123 0 44 60 
154 150 64 0 142 89 0 75 80 296 0 0 14 38 0 531 455 261 616 0 0 94 0 123 0 44 60 
148 153 67 0 142 84 0 79 80 296 0 0 15 42 0 540 213 290 603 0 0 85 0 123 0 44 60 
144 155 62 0 141 84 0 78 78 307 0 0 14 44 0 536 292 275 630 0 0 85 0 123 0 42 60 
143 148 60 0 139 92 0 78 79 313 0 0 15 45 0 545 428 241 627 0 0 92 0 123 0 39 60 
154 153 67 0 137 106 0 84 79 310 0 0 14 49 0 527 244 255 601 0 0 89 0 123 0 40 60 
143 152 61 0 134 99 0 79 78 303 0 0 14 45 0 550 307 257 645 0 0 91 0 123 0 41 60 
155 150 67 0 132 89 0 80 79 297 0 0 14 42 0 591 280 280 640 0 0 94 0 123 0 42 60 
152 158 65 0 131 90 0 83 80 298 0 0 14 44 0 495 389 255 634 0 0 89 0 123 0 42 60 
143 157 65 0 131 93 0 78 79 301 0 0 15 46 0 547 222 236 570 0 0 89 0 123 0 43 60 
155 141 70 0 132 84 0 81 79 302 0 0 14 42 0 523 185 266 703 0 0 86 0 123 0 44 60 
143 143 66 0 134 80 0 78 80 303 0 0 14 37 0 539 266 270 639 0 0 86 0 123 0 43 60 
153 161 70 0 136 83 0 77 79 303 0 0 14 37 0 555 409 256 673 0 0 86 0 123 0 44 60 
153 160 67 0 138 81 0 81 79 306 0 0 15 36 0 623 235 260 639 0 0 95 0 123 0 44 60 
158 152 66 0 139 75 0 75 78 304 0 0 15 39 0 583 357 268 680 0 0 95 0 123 0 41 60 
152 151 68 0 138 80 0 75 78 303 0 0 16 41 0 598 418 253 672 0 0 89 0 123 0 39 60 
154 153 69 0 136 92 0 82 80 303 0 0 17 41 0 545 234 239 638 0 0 91 0 123 0 39 60 
155 151 68 0 134 88 0 78 79 302 0 12 18 44 0 532 303 254 628 0 0 91 0 123 0 38 60 
151 149 62 0 132 81 0 79 79 295 0 20 19 45 0 538 362 240 630 0 0 98 0 123 0 36 60 
152 140 61 0 130 83 0 78 81 289 0 18 20 48 0 519 448 257 628 0 0 102 0 123 0 38 60 
