151 152 65 0 131 103 0 63 80 296 0 23 26 49 0 570 215 379 595 0 0 124 0 128 0 71 60 
154 153 65 0 129 101 0 62 81 307 0 23 26 44 0 555 355 403 602 0 0 126 0 128 0 70 60 
149 151 67 0 129 101 0 64 81 309 0 21 26 41 0 542 326 404 638 0 0 121 0 128 0 68 60 
151 152 65 0 128 110 0 63 82 305 0 18 26 43 0 504 235 423 587 0 0 119 0 128 0 67 60 
152 150 68 0 127 107 0 62 80 301 0 21 26 42 0 498 179 386 607 0 0 117 0 128 0 67 60 
152 147 67 0 129 97 0 66 80 301 0 21 25 40 0 584 458 387 642 0 0 113 0 128 0 67 60 
146 158 67 0 130 100 0 65 81 303 0 18 25 45 0 578 283 394 640 0 0 118 0 128 0 66 60 
150 152 66 0 130 109 0 68 81 306 0 20 26 44 0 577 227 381 584 0 0 119 0 128 0 66 60 
152 145 68 0 130 107 0 67 80 303 0 19 25 42 0 551 393 368 599 0 0 119 0 128 0 66 60 
149 151 70 0 128 93 0 65 81 302 0 19 25 52 0 491 312 395 613 0 0 117 0 128 0 67 60 
148 158 66 0 128 85 0 63 79 307 0 19 25 50 0 514 279 393 654 0 0 115 0 128 0 68 60 
149 158 64 0 129 85 0 65 79 305 0 21 25 53 0 585 459 383 625 0 0 115 0 128 0 70 60 
153 155 61 0 130 83 0 63 79 304 0 21 25 44 0 518 200 413 633 0 0 112 0 128 0 69 60 
151 148 68 0 129 86 0 65 79 304 0 20 26 45 0 539 344 389 566 0 0 115 0 128 0 69 60 
158 156 63 0 127 98 0 63 80 304 0 20 25 37 0 487 234 401 628 0 0 117 0 128 0 68 60 
150 153 62 0 127 103 0 64 80 297 0 22 26 39 0 560 366 373 678 0 0 119 0 128 0 68 60 
150 152 64 0 126 96 0 70 79 291 0 22 25 50 0 530 412 390 689 0 0 117 0 128 0 68 60 
153 144 66 0 126 85 0 66 80 299 0 23 26 57 0 500 338 412 640 0 0 109 0 128 0 68 60 
151 144 66 0 127 88 0 66 79 306 0 22 26 60 0 511 221 414 651 0 0 108 0 128 0 68 60 
157 153 65 0 127 88 0 64 80 306 0 21 26 42 0 540 492 389 669 0 0 108 0 128 0 69 60 
153 146 64 0 129 84 0 65 80 299 0 22 26 43 0 605 345 400 609 0 0 110 0 128 0 68 60 
151 143 63 0 131 78 0 65 81 298 0 19 26 37 0 561 165 408 654 0 0 118 0 128 0 67 60 
149 148 62 0 132 86 0 66 83 295 0 21 26 29 0 604 398 418 631 0 0 120 0 128 0 68 60 
152 148 63 0 134 92 0 64 82 304 0 19 26 39 0 553 372 404 587 0 0 127 0 128 0 67 60 
156 155 62 0 136 95 0 63 81 304 0 18 25 50 0 501 237 443 610 0 0 128 0 128 0 67 60 
149 154 66 0 135 100 0 68 78 303 0 17 25 53 0 536 338 407 616 0 0 124 0 128 0 67 60 
152 154 64 0 135 100 0 64 77 301 0 18 25 51 0 541 236 425 611 0 0 118 0 128 0 68 60 
151 151 68 0 131 90 0 63 78 298 0 18 25 51 0 527 355 414 585 0 0 115 0 128 0 69 60 
150 147 65 0 131 80 0 65 80 295 0 18 25 48 0 535 435 405 678 0 0 119 0 128 0 69 60 
150 153 66 0 130 80 0 66 80 302 0 20 25 38 0 493 205 405 646 0 0 128 0 128 0 69 60 
152 148 65 0 129 81 0 66 80 305 0 20 25 33 0 546 278 408 648 0 0 133 0 128 0 69 60 
146 153 68 0 129 87 0 68 79 302 0 23 25 36 0 543 418 406 601 0 0 131 0 128 0 69 60 
152 152 62 0 129 84 0 68 79 297 0 20 25 41 0 483 585 409 579 0 0 126 0 128 0 69 60 
152 149 61 0 128 85 0 62 81 293 0 20 25 43 0 552 318 458 580 0 0 122 0 128 0 69 60 
155 155 64 0 128 85 0 66 82 303 0 19 25 42 0 543 269 390 652 0 0 116 0 128 0 68 60 
149 157 61 0 129 91 0 68 82 306 0 19 25 51 0 540 244 414 635 0 0 118 0 128 0 68 60 
152 152 66 0 129 92 0 65 81 309 0 18 25 49 0 586 260 435 638 0 0 123 0 128 0 68 60 
149 162 66 0 129 88 0 62 79 305 0 19 25 41 0 601 412 400 645 0 0 128 0 128 0 68 60 
155 151 63 0 127 94 0 66 79 301 0 17 25 41 0 529 248 423 585 0 0 127 0 128 0 68 60 
151 150 64 0 127 96 0 63 79 302 0 21 25 40 0 522 251 425 707 0 0 125 0 128 0 67 60 
152 154 67 0 127 90 0 61 80 307 0 19 25 37 0 567 474 400 605 0 0 113 0 128 0 67 60 
154 159 67 0 127 90 0 63 80 307 0 21 25 39 0 548 285 416 624 0 0 110 0 128 0 66 60 
155 156 64 0 126 92 0 61 79 301 0 18 25 38 0 513 297 403 582 0 0 112 0 128 0 66 60 
151 149 68 0 126 89 0 64 79 305 0 19 25 42 0 541 322 437 703 0 0 110 0 128 0 65 60 
149 149 68 0 126 90 0 66 78 304 0 18 25 43 0 585 325 385 618 0 0 114 0 128 0 65 60 
149 154 67 0 126 84 0 67 80 310 0 18 25 38 0 514 365 367 623 0 0 113 0 128 0 66 60 
152 152 64 0 126 88 0 65 81 308 0 19 25 45 0 550 294 458 647 0 0 114 0 128 0 66 60 
155 150 63 0 128 95 0 66 82 310 0 22 25 47 0 497 210 383 603 0 0 112 0 128 0 67 60 
152 145 69 0 130 89 0 66 81 301 0 22 25 44 0 508 314 436 606 0 0 105 0 128 0 68 60 
155 147 63 0 130 83 0 67 81 297 0 24 25 39 0 522 325 408 648 0 0 106 0 128 0 70 60 
151 151 68 0 130 93 0 65 79 298 0 23 25 37 0 576 345 414 602 0 0 112 0 128 0 70 60 
151 148 63 0 127 94 0 64 79 308 0 21 25 47 0 536 277 392 586 0 0 111 0 128 0 71 60 
153 147 66 0 127 92 0 69 78 306 0 21 25 55 0 547 317 400 655 0 0 108 0 128 0 70 60 
152 149 66 0 126 89 0 63 79 302 0 18 25 49 0 542 337 420 598 0 0 109 0 128 0 70 60 
153 148 64 0 126 96 0 65 80 301 0 22 25 53 0 534 447 418 596 0 0 112 0 128 0 69 60 
149 154 68 0 128 96 0 64 80 298 0 21 25 45 0 522 248 416 612 0 0 115 0 128 0 68 60 
147 151 65 0 130 83 0 63 81 304 0 20 25 37 0 540 268 392 655 0 0 118 0 128 0 68 60 
150 157 67 0 132 87 0 63 80 306 0 22 25 25 0 554 290 426 603 0 0 113 0 128 0 67 60 
150 150 65 0 134 100 0 65 79 302 0 21 25 28 0 525 240 413 620 0 0 110 0 128 0 67 60 
149 149 65 0 134 100 0 66 80 302 0 19 25 27 0 543 317 362 630 0 0 110 0 128 0 69 60 
148 156 65 0 136 90 0 63 81 299 0 20 25 33 0 564 319 391 605 0 0 110 0 128 0 71 60 
149 151 65 0 136 89 0 66 81 299 0 19 25 40 0 531 438 415 622 0 0 112 0 128 0 70 60 
151 152 66 0 135 97 0 65 82 302 0 19 25 48 0 513 237 421 612 0 0 119 0 128 0 71 60 
148 150 64 0 131 96 0 62 81 307 0 21 25 46 0 551 331 384 689 0 0 126 0 128 0 71 60 
150 149 65 0 130 91 0 61 80 299 0 21 25 42 0 523 266 406 658 0 0 132 0 128 0 71 60 
149 152 65 0 129 95 0 63 79 299 0 24 25 41 0 539 317 418 604 0 0 129 0 128 0 71 60 
153 149 64 0 129 99 0 62 79 297 0 18 25 40 0 589 318 382 666 0 0 121 0 128 0 71 60 
149 150 63 0 129 90 0 65 79 303 0 19 25 43 0 568 200 389 664 0 0 115 0 128 0 70 60 
152 162 68 0 130 100 0 66 80 311 0 21 25 48 0 517 179 424 630 0 0 112 0 128 0 71 60 
155 144 65 0 131 115 0 63 80 306 0 20 25 44 0 502 487 384 646 0 0 110 0 128 0 70 60 
152 148 66 0 132 126 0 70 79 303 0 23 25 42 0 537 239 387 653 0 0 110 0 128 0 70 60 
151 157 67 0 132 104 0 66 80 302 0 21 25 42 0 519 385 394 644 0 0 111 0 128 0 70 60 
154 157 68 0 132 94 0 63 80 300 0 19 25 41 0 534 389 398 595 0 0 109 0 128 0 70 60 
149 159 64 0 130 98 0 66 81 304 0 21 25 43 0 524 416 386 613 0 0 112 0 128 0 69 60 
152 147 63 0 130 97 0 68 82 306 0 19 24 42 0 530 182 397 637 0 0 110 0 128 0 68 60 
152 151 68 0 129 96 0 63 79 303 0 18 25 49 0 544 305 374 594 0 0 109 0 128 0 68 60 
154 151 65 0 127 93 0 64 81 305 0 21 25 40 0 540 362 375 587 0 0 112 0 128 0 69 60 
151 153 65 0 127 95 0 64 78 307 0 16 25 51 0 507 500 389 619 0 0 113 0 128 0 68 60 
154 150 67 0 128 89 0 61 79 306 0 19 25 53 0 514 245 399 624 0 0 120 0 128 0 68 60 
149 143 64 0 129 81 0 65 79 308 0 17 25 48 0 549 246 384 628 0 0 122 0 128 0 68 60 
151 150 64 0 128 78 0 65 80 306 0 22 25 45 0 562 317 407 574 0 0 119 0 128 0 68 60 
150 155 64 0 130 97 0 64 80 300 0 22 25 44 0 571 308 365 618 0 0 115 0 128 0 68 60 
153 146 64 0 130 92 0 66 79 294 0 25 25 39 0 549 384 399 617 0 0 115 0 128 0 68 60 
151 149 67 0 130 86 0 68 79 291 0 25 25 39 0 533 224 374 636 0 0 118 0 128 0 68 60 
151 149 65 0 130 86 0 66 81 306 0 25 25 51 0 523 316 403 684 0 0 119 0 128 0 67 60 
153 147 66 0 130 98 0 64 79 308 0 22 25 58 0 505 276 386 579 0 0 118 0 128 0 68 60 
149 151 62 0 130 98 0 65 80 299 0 25 25 61 0 505 471 371 611 0 0 116 0 128 0 68 60 
150 151 67 0 129 100 0 65 81 300 0 23 25 47 0 542 360 360 672 0 0 119 0 128 0 68 60 
149 155 65 0 128 103 0 68 80 298 0 25 25 43 0 556 231 376 719 0 0 115 0 128 0 68 60 
151 150 64 0 127 107 0 65 79 301 0 26 25 32 0 532 234 321 614 0 0 100 0 128 0 68 60 
153 147 65 0 126 97 0 62 80 309 0 27 25 28 0 495 235 399 678 0 0 97 0 128 0 67 60 
147 152 65 0 127 98 0 63 79 305 0 26 25 43 0 530 440 377 632 0 0 101 0 128 0 66 60 
150 153 66 0 127 106 0 66 80 302 0 26 25 51 0 548 280 354 678 0 0 106 0 128 0 66 60 
157 154 63 0 128 109 0 65 80 301 0 25 25 54 0 510 270 378 606 0 0 117 0 128 0 65 60 
154 150 63 0 129 100 0 63 80 299 0 25 25 47 0 574 279 367 605 0 0 130 0 128 0 65 60 
153 151 64 0 130 89 0 64 79 299 0 22 25 49 0 607 340 364 638 0 0 138 0 128 0 66 60 
152 153 66 0 133 94 0 65 78 307 0 23 25 48 0 592 444 380 577 0 0 146 0 128 0 65 60 
152 151 64 0 135 94 0 68 79 302 0 24 25 35 0 525 299 394 637 0 0 145 0 128 0 65 60 
154 154 64 0 136 94 0 65 79 300 0 22 25 33 0 525 328 346 648 0 0 131 0 128 0 66 60 
150 162 67 0 137 92 0 65 79 297 0 24 25 38 0 547 279 373 555 0 0 119 0 128 0 66 60 
152 142 67 0 135 97 0 63 80 303 0 22 25 42 0 536 386 365 625 0 0 108 0 128 0 67 60 
153 147 65 0 133 93 0 66 81 310 0 23 25 42 0 562 280 351 660 0 0 107 0 128 0 67 60 
152 157 65 0 132 85 0 65 82 308 0 26 25 49 0 558 176 397 649 0 0 110 0 128 0 67 60 
152 156 67 0 131 83 0 64 80 302 0 26 25 50 0 587 249 362 639 0 0 115 0 128 0 68 60 
153 158 67 0 129 87 0 61 80 301 0 25 25 43 0 540 549 382 595 0 0 117 0 128 0 68 60 
152 143 62 0 127 86 0 64 78 300 0 24 25 46 0 556 258 357 551 0 0 115 0 128 0 68 60 
151 152 65 0 128 81 0 69 79 302 0 21 25 47 0 510 188 353 599 0 0 116 0 128 0 66 60 
147 150 61 0 128 88 0 63 80 304 0 19 25 43 0 541 319 354 624 0 0 112 0 128 0 66 60 
151 151 65 0 128 94 0 62 80 301 0 20 24 40 0 506 297 381 645 0 0 114 0 128 0 66 60 
150 148 69 0 129 95 0 67 79 305 0 17 25 36 0 535 358 379 597 0 0 122 0 128 0 66 60 
150 143 66 0 129 87 0 66 79 307 0 20 25 41 0 570 278 384 598 0 0 123 0 128 0 67 60 
154 151 65 0 128 84 0 68 80 304 0 17 24 44 0 561 258 338 650 0 0 118 0 128 0 67 60 
151 153 67 0 128 80 0 70 81 308 0 21 25 42 0 557 307 402 677 0 0 112 0 128 0 67 60 
150 142 68 0 127 83 0 66 82 307 0 21 25 38 0 504 410 378 665 0 0 114 0 128 0 68 60 
149 150 65 0 127 86 0 64 82 302 0 20 25 47 0 556 300 349 644 0 0 108 0 128 0 69 60 
148 146 63 0 127 91 0 68 80 295 0 20 25 49 0 543 257 361 653 0 0 107 0 128 0 69 60 
154 152 67 0 127 88 0 64 80 291 0 20 25 43 0 540 427 325 631 0 0 109 0 128 0 70 60 
153 152 64 0 126 83 0 62 81 304 0 20 25 38 0 534 263 339 612 0 0 116 0 128 0 70 60 
153 150 65 0 127 82 0 63 81 309 0 20 25 42 0 522 225 394 573 0 0 118 0 128 0 69 60 
149 155 64 0 126 84 0 62 80 302 0 18 25 49 0 520 354 350 625 0 0 115 0 128 0 68 60 
152 152 61 0 127 87 0 61 80 299 0 21 25 52 0 538 276 358 616 0 0 112 0 128 0 68 60 
149 148 67 0 129 86 0 65 79 297 0 21 25 54 0 546 264 344 614 0 0 101 0 128 0 68 60 
151 155 69 0 130 87 0 63 78 298 0 22 24 50 0 527 308 370 662 0 0 101 0 128 0 67 60 
152 154 65 0 130 86 0 61 78 307 0 21 25 45 0 541 300 355 612 0 0 105 0 128 0 68 60 
149 151 68 0 129 89 0 66 79 306 0 23 25 37 0 576 331 315 628 0 0 109 0 128 0 68 60 
149 154 65 0 127 91 0 65 80 302 0 22 24 27 0 628 238 396 702 0 0 116 0 128 0 67 60 
153 151 66 0 124 90 0 63 80 301 0 20 24 25 0 556 367 378 609 0 0 118 0 128 0 68 60 
153 153 65 0 124 86 0 69 82 299 0 21 25 28 0 542 430 369 612 0 0 122 0 128 0 68 60 
155 148 63 0 125 88 0 68 81 300 0 19 24 37 0 553 337 356 601 0 0 122 0 128 0 68 60 
156 154 61 0 127 88 0 64 80 307 0 20 24 42 0 543 320 388 583 0 0 122 0 128 0 68 60 
150 158 67 0 129 87 0 65 79 306 0 19 24 44 0 513 286 344 629 0 0 118 0 128 0 67 60 
149 141 64 0 131 88 0 63 79 300 0 22 25 44 0 526 327 367 624 0 0 109 0 128 0 67 60 
152 152 62 0 132 91 0 63 79 298 0 20 25 43 0 531 270 355 590 0 0 105 0 128 0 67 60 
151 156 62 0 135 91 0 66 80 302 0 21 24 41 0 540 307 404 587 0 0 106 0 128 0 66 60 
151 157 63 0 135 87 0 64 79 312 0 21 24 41 0 488 223 346 582 0 0 108 0 128 0 66 60 
152 157 64 0 134 96 0 63 81 311 0 22 24 39 0 536 372 358 600 0 0 113 0 128 0 67 60 
153 147 62 0 134 106 0 66 79 309 0 27 25 49 0 548 417 373 624 0 0 121 0 128 0 67 60 
148 155 64 0 131 102 0 67 80 301 0 28 24 44 0 523 333 370 653 0 0 122 0 128 0 67 60 
150 152 64 0 130 84 0 66 81 302 0 24 24 42 0 529 214 382 649 0 0 119 0 128 0 68 60 
151 149 63 0 129 80 0 64 81 303 0 25 24 43 0 556 300 398 656 0 0 114 0 128 0 68 60 
151 148 67 0 129 84 0 64 80 307 0 20 24 43 0 587 287 376 691 0 0 116 0 128 0 66 60 
149 143 64 0 130 87 0 67 82 299 0 20 24 40 0 550 447 397 639 0 0 114 0 128 0 66 60 
150 150 62 0 131 85 0 66 80 301 0 21 25 42 0 543 162 379 637 0 0 113 0 128 0 66 60 
149 151 65 0 131 88 0 65 81 306 0 19 24 45 0 535 154 377 612 0 0 113 0 128 0 66 60 
148 147 63 0 132 88 0 65 80 304 0 20 25 43 0 547 357 372 616 0 0 114 0 128 0 67 60 
150 149 64 0 132 84 0 64 80 303 0 18 25 46 0 526 296 388 660 0 0 106 0 128 0 66 60 
151 147 62 0 131 90 0 64 80 306 0 20 25 55 0 559 254 360 653 0 0 101 0 128 0 66 60 
149 151 66 0 131 104 0 64 79 303 0 20 25 49 0 601 454 378 621 0 0 104 0 128 0 67 60 
153 150 64 0 129 108 0 66 80 298 0 17 25 48 0 503 366 366 537 0 0 106 0 128 0 67 60 
151 150 65 0 128 94 0 62 79 292 0 21 25 46 0 526 339 394 607 0 0 108 0 128 0 66 60 
156 152 63 0 128 86 0 68 81 300 0 18 25 37 0 528 224 385 617 0 0 110 0 128 0 66 60 
152 149 64 0 126 89 0 71 81 309 0 23 25 37 0 508 363 379 635 0 0 109 0 128 0 66 60 
147 150 69 0 128 88 0 65 82 307 0 22 25 46 0 505 266 352 598 0 0 109 0 128 0 66 60 
149 150 62 0 129 86 0 63 81 300 0 18 24 56 0 529 302 387 650 0 0 107 0 128 0 66 60 
150 151 64 0 129 90 0 67 81 299 0 19 25 60 0 578 316 373 652 0 0 111 0 128 0 66 60 
152 151 65 0 129 91 0 69 79 300 0 18 25 47 0 570 335 389 580 0 0 106 0 128 0 66 60 
148 151 64 0 129 84 0 63 80 308 0 17 25 42 0 543 221 378 586 0 0 102 0 128 0 67 60 
152 150 66 0 129 77 0 66 81 309 0 22 25 40 0 543 290 391 679 0 0 106 0 128 0 67 60 
154 152 61 0 129 86 0 63 82 300 0 21 24 31 0 525 350 394 577 0 0 112 0 128 0 67 60 
151 150 64 0 131 87 0 61 78 299 0 20 25 37 0 539 370 397 643 0 0 114 0 128 0 67 60 
151 157 65 0 130 78 0 65 78 301 0 21 25 48 0 585 270 376 642 0 0 121 0 128 0 67 60 
153 150 66 0 128 70 0 62 79 298 0 21 25 49 0 543 334 357 633 0 0 133 0 128 0 68 60 
154 146 65 0 126 78 0 62 79 305 0 21 24 54 0 550 176 384 623 0 0 139 0 128 0 68 60 
152 153 62 0 126 85 0 63 80 305 0 20 24 50 0 573 310 396 627 0 0 134 0 128 0 68 60 
148 160 66 0 126 88 0 68 81 302 0 19 24 49 0 519 387 419 668 0 0 135 0 128 0 67 60 
153 155 63 0 127 89 0 64 81 298 0 20 25 39 0 503 450 373 653 0 0 136 0 128 0 67 60 
149 150 66 0 128 89 0 65 81 298 0 19 25 33 0 545 246 381 655 0 0 132 0 128 0 68 60 
151 149 64 0 128 89 0 67 80 307 0 18 25 34 0 512 178 403 622 0 0 127 0 128 0 67 60 
150 154 65 0 130 87 0 65 80 313 0 21 25 42 0 566 245 391 589 0 0 131 0 128 0 68 60 
152 151 68 0 133 92 0 68 79 310 0 19 24 45 0 602 333 392 662 0 0 122 0 128 0 70 60 
150 146 67 0 135 90 0 68 79 301 0 18 24 42 0 559 457 387 573 0 0 117 0 128 0 70 60 
147 146 65 0 137 90 0 65 79 302 0 18 24 46 0 506 207 399 579 0 0 114 0 128 0 71 60 
151 147 69 0 137 90 0 62 80 300 0 18 25 50 0 526 281 379 571 0 0 109 0 128 0 71 60 
150 152 66 0 136 92 0 67 80 306 0 20 24 46 0 520 450 391 619 0 0 107 0 128 0 70 60 
151 147 67 0 135 97 0 65 79 307 0 19 25 42 0 516 195 396 620 0 0 108 0 128 0 70 60 
153 148 66 0 134 97 0 64 79 301 0 19 25 43 0 550 413 387 636 0 0 112 0 128 0 71 60 
146 151 65 0 132 94 0 62 79 306 0 21 25 37 0 524 304 383 610 0 0 119 0 128 0 72 60 
152 147 65 0 130 85 0 63 79 305 0 18 24 39 0 515 433 406 633 0 0 122 0 128 0 71 60 
154 152 66 0 129 91 0 66 80 303 0 21 24 39 0 532 256 396 605 0 0 113 0 128 0 70 60 
152 150 62 0 129 95 0 66 81 306 0 19 23 42 0 558 181 394 618 0 0 108 0 128 0 70 60 
152 150 63 0 128 96 0 65 81 306 0 19 24 39 0 536 339 390 645 0 0 107 0 128 0 70 60 
148 151 65 0 129 87 0 63 79 297 0 18 23 42 0 523 410 410 665 0 0 106 0 128 0 69 60 
153 147 61 0 130 88 0 64 80 292 0 17 23 41 0 523 294 407 583 0 0 105 0 128 0 68 60 
151 154 63 0 129 91 0 65 81 292 0 22 24 46 0 566 347 424 619 0 0 104 0 128 0 67 60 
149 155 65 0 129 92 0 62 81 301 0 18 24 46 0 576 295 435 643 0 0 111 0 128 0 67 60 
150 153 63 0 128 88 0 59 80 306 0 19 24 39 0 567 401 396 589 0 0 117 0 128 0 67 60 
154 153 63 0 127 89 0 65 79 299 0 19 25 40 0 550 242 408 634 0 0 117 0 128 0 66 60 
151 150 65 0 127 84 0 65 78 297 0 19 25 47 0 540 296 414 649 0 0 108 0 128 0 66 60 
151 155 64 0 127 77 0 65 78 299 0 18 26 51 0 523 421 418 587 0 0 107 0 128 0 66 60 
152 187 61 0 127 78 0 63 80 302 0 20 26 51 0 503 304 404 669 0 0 106 0 128 0 66 60 
154 147 63 0 126 91 0 66 80 308 0 17 26 50 0 555 321 407 602 0 0 102 0 128 0 66 60 
158 159 64 0 126 98 0 65 80 303 0 18 27 48 0 539 225 404 626 0 0 103 0 128 0 66 60 
152 137 63 0 125 88 0 63 81 300 0 19 27 43 0 472 373 387 657 0 0 113 0 128 0 66 60 
154 144 66 0 125 80 0 69 80 300 0 16 26 32 0 529 341 399 623 0 0 122 0 128 0 65 60 
149 154 63 0 127 85 0 64 80 298 0 19 26 25 0 530 227 404 623 0 0 128 0 128 0 66 60 
149 157 66 0 129 84 0 66 80 299 0 19 25 26 0 564 404 399 580 0 0 135 0 128 0 67 60 
151 153 65 0 129 82 0 70 80 305 0 19 26 34 0 495 203 425 590 0 0 130 0 128 0 69 60 
152 148 66 0 128 85 0 61 81 305 0 20 25 39 0 542 214 391 560 0 0 121 0 128 0 70 60 
147 151 67 0 127 86 0 61 82 299 0 18 25 47 0 580 323 411 755 0 0 118 0 128 0 71 60 
150 152 63 0 125 84 0 66 80 300 0 18 25 48 0 567 317 378 590 0 0 111 0 128 0 71 60 
149 151 62 0 124 84 0 64 79 306 0 20 25 41 0 512 283 401 625 0 0 116 0 128 0 72 60 
148 146 60 0 124 96 0 63 78 308 0 18 25 44 0 554 378 400 627 0 0 119 0 128 0 72 60 
149 146 61 0 126 101 0 69 79 311 0 19 25 39 0 539 405 390 533 0 0 118 0 128 0 72 60 
150 153 65 0 128 92 0 65 79 306 0 18 25 43 0 512 275 382 604 0 0 117 0 128 0 72 60 
150 153 64 0 130 84 0 65 80 303 0 20 25 48 0 563 188 399 633 0 0 117 0 128 0 71 60 
153 148 64 0 133 87 0 68 80 299 0 20 25 47 0 528 353 428 585 0 0 113 0 128 0 70 60 
153 147 63 0 135 86 0 67 81 304 0 19 24 41 0 608 408 391 631 0 0 111 0 128 0 69 60 
149 150 64 0 136 79 0 63 81 307 0 20 25 42 0 510 204 399 662 0 0 109 0 128 0 69 60 
152 151 66 0 136 80 0 67 81 298 0 21 25 42 0 553 341 404 650 0 0 109 0 128 0 68 60 
153 150 68 0 135 82 0 65 81 304 0 18 24 40 0 527 331 369 592 0 0 112 0 128 0 68 60 
150 155 65 0 132 82 0 61 79 307 0 22 24 43 0 542 194 383 635 0 0 114 0 128 0 67 60 
156 154 67 0 130 83 0 63 79 304 0 20 24 43 0 530 306 374 617 0 0 115 0 128 0 68 60 
155 153 64 0 129 93 0 65 80 306 0 24 24 40 0 498 416 401 622 0 0 112 0 128 0 68 60 
148 144 64 0 129 95 0 65 80 306 0 28 24 45 0 561 379 390 654 0 0 111 0 128 0 69 60 
151 153 67 0 129 89 0 66 79 302 0 23 24 54 0 577 241 387 617 0 0 114 0 128 0 68 60 
151 154 64 0 129 84 0 65 80 295 0 20 24 53 0 530 416 377 582 0 0 116 0 128 0 69 60 
149 154 67 0 131 88 0 64 79 292 0 21 24 47 0 542 280 379 624 0 0 119 0 128 0 70 60 
152 156 62 0 131 92 0 64 81 302 0 21 24 44 0 538 186 409 644 0 0 120 0 128 0 70 60 
153 151 68 0 132 88 0 67 81 310 0 18 25 37 0 492 291 382 689 0 0 125 0 128 0 70 60 
151 150 66 0 132 86 0 66 81 303 0 20 25 41 0 541 334 360 591 0 0 121 0 128 0 71 60 
150 150 66 0 130 88 0 64 80 300 0 24 25 48 0 515 426 387 594 0 0 118 0 128 0 71 60 
151 156 67 0 130 90 0 65 80 298 0 27 25 56 0 558 234 360 639 0 0 113 0 128 0 72 60 
148 158 67 0 129 90 0 66 80 302 0 25 25 59 0 579 351 404 576 0 0 108 0 128 0 72 60 
149 143 67 0 128 93 0 63 82 306 0 26 25 49 0 543 355 342 659 0 0 104 0 128 0 72 60 
153 149 63 0 128 90 0 62 83 306 0 20 25 43 0 510 271 404 617 0 0 104 0 128 0 72 60 
154 162 67 0 129 89 0 65 80 303 0 22 25 35 0 504 363 374 570 0 0 111 0 128 0 71 60 
153 156 66 0 130 89 0 65 77 299 0 23 25 30 0 571 291 389 637 0 0 117 0 128 0 70 60 
150 158 64 0 130 97 0 64 77 297 0 20 25 42 0 582 265 370 568 0 0 125 0 128 0 70 60 
147 148 66 0 130 95 0 65 79 298 0 22 26 49 0 592 191 367 602 0 0 130 0 128 0 70 60 
149 152 68 0 130 89 0 64 80 304 0 24 27 50 0 528 405 385 652 0 0 135 0 128 0 70 60 
152 152 65 0 130 84 0 63 81 304 0 23 29 51 0 526 234 371 662 0 0 129 0 128 0 69 60 
150 151 65 0 131 80 0 70 81 302 0 21 30 53 0 578 370 387 620 0 0 120 0 128 0 69 60 
150 146 64 0 130 79 0 69 80 299 0 19 33 46 0 518 260 373 655 0 0 118 0 128 0 69 60 
156 146 64 0 130 88 0 66 80 301 0 21 34 41 0 517 292 409 661 0 0 113 0 128 0 69 60 
152 151 66 0 129 95 0 66 81 308 0 22 35 29 0 565 339 389 619 0 0 119 0 128 0 68 60 
150 155 66 0 128 98 0 69 81 313 0 21 36 36 0 527 408 398 689 0 0 123 0 128 0 67 60 
152 149 65 0 127 95 0 63 81 306 0 21 36 45 0 531 216 384 659 0 0 119 0 128 0 66 60 
152 148 67 0 127 91 0 65 81 300 0 21 37 44 0 512 449 363 644 0 0 113 0 128 0 66 60 
152 148 69 0 128 94 0 67 80 300 0 22 36 48 0 508 248 396 650 0 0 106 0 128 0 67 60 
151 155 66 0 128 88 0 60 79 301 0 24 37 46 0 523 267 372 583 0 0 99 0 128 0 67 60 
154 154 64 0 129 90 0 62 79 307 0 23 36 49 0 549 348 371 616 0 0 104 0 128 0 69 60 
150 151 67 0 130 88 0 68 79 305 0 28 36 42 0 528 252 412 634 0 0 106 0 128 0 70 60 
152 154 65 0 131 84 0 63 80 303 0 31 35 47 0 522 275 394 627 0 0 108 0 128 0 70 60 
153 153 67 0 134 78 0 60 81 304 0 29 34 42 0 555 321 381 619 0 0 114 0 128 0 71 60 
151 148 65 0 135 81 0 65 82 303 0 29 32 36 0 562 327 397 586 0 0 111 0 128 0 72 60 
150 152 64 0 135 86 0 64 81 300 0 27 31 39 0 558 396 391 640 0 0 111 0 128 0 72 60 
151 154 64 0 135 85 0 65 81 301 0 23 29 40 0 549 327 395 609 0 0 110 0 128 0 72 60 
149 151 62 0 134 84 0 69 80 303 0 22 27 38 0 510 329 399 619 0 0 114 0 128 0 72 60 
151 153 63 0 133 89 0 67 79 295 0 22 26 43 0 495 259 410 638 0 0 115 0 128 0 72 60 
151 150 65 0 131 91 0 63 80 294 0 20 25 43 0 556 199 385 674 0 0 113 0 128 0 71 60 
154 152 65 0 131 91 0 66 81 299 0 23 25 43 0 530 195 403 605 0 0 119 0 128 0 72 60 
148 150 68 0 130 99 0 65 81 307 0 22 25 47 0 498 399 363 643 0 0 123 0 128 0 72 60 
146 153 66 0 128 104 0 60 80 307 0 24 25 41 0 565 297 385 590 0 0 124 0 128 0 73 60 
149 158 65 0 128 102 0 63 79 303 0 20 25 37 0 545 291 372 609 0 0 114 0 128 0 73 60 
149 141 65 0 128 89 0 66 79 299 0 21 26 45 0 516 288 375 662 0 0 105 0 128 0 73 60 
153 150 65 0 130 92 0 64 79 297 0 20 25 51 0 513 296 393 656 0 0 104 0 128 0 72 60 
149 159 66 0 130 96 0 66 79 304 0 19 25 52 0 522 387 384 651 0 0 106 0 128 0 72 60 
152 154 65 0 129 91 0 64 80 302 0 20 25 49 0 515 382 397 612 0 0 111 0 128 0 71 60 
152 155 65 0 129 83 0 65 79 299 0 19 25 51 0 585 336 401 592 0 0 107 0 128 0 71 60 
151 145 64 0 128 86 0 63 80 300 0 19 25 42 0 530 297 358 682 0 0 108 0 128 0 71 60 
152 151 66 0 128 91 0 66 80 300 0 21 25 33 0 549 269 395 665 0 0 113 0 128 0 70 60 
151 150 61 0 128 87 0 66 79 299 0 18 25 24 0 572 305 401 610 0 0 120 0 128 0 71 60 
154 150 62 0 128 82 0 65 80 300 0 22 25 28 0 495 232 394 593 0 0 128 0 128 0 71 60 
152 144 64 0 128 87 0 65 82 305 0 22 25 28 0 556 254 379 692 0 0 126 0 128 0 72 60 
150 143 66 0 127 92 0 64 81 299 0 23 25 38 0 562 404 395 622 0 0 119 0 128 0 72 60 
153 150 65 0 127 87 0 63 78 300 0 26 25 42 0 580 224 385 619 0 0 118 0 128 0 72 60 
155 152 67 0 127 96 0 63 77 300 0 23 25 50 0 528 425 378 636 0 0 113 0 128 0 73 60 
150 147 67 0 129 109 0 68 78 306 0 19 26 46 0 582 307 386 627 0 0 117 0 128 0 72 60 
152 146 67 0 129 108 0 66 79 311 0 21 26 41 0 538 311 354 575 0 0 118 0 128 0 72 60 
152 150 65 0 130 87 0 65 80 309 0 19 27 41 0 484 349 365 584 0 0 120 0 128 0 72 60 
149 151 62 0 129 84 0 68 81 300 0 18 27 42 0 554 150 395 595 0 0 116 0 128 0 72 60 
150 152 64 0 127 88 0 68 80 300 0 19 28 48 0 522 302 387 645 0 0 107 0 128 0 72 60 
151 154 67 0 126 91 0 66 80 302 0 15 28 46 0 568 425 376 620 0 0 103 0 128 0 72 60 
148 153 63 0 124 83 0 67 79 305 0 19 29 41 0 526 193 377 668 0 0 103 0 128 0 72 60 
149 150 66 0 125 84 0 64 82 304 0 18 30 45 0 532 367 401 641 0 0 104 0 128 0 72 60 
152 148 68 0 126 87 0 62 81 301 0 19 30 43 0 513 372 392 597 0 0 108 0 128 0 72 60 
152 150 67 0 127 81 0 69 81 302 0 19 31 41 0 527 284 389 585 0 0 107 0 128 0 72 60 
151 153 67 0 130 76 0 66 80 308 0 19 31 40 0 469 357 379 623 0 0 113 0 128 0 73 60 
153 151 66 0 131 84 0 63 81 304 0 21 31 43 0 564 297 393 552 0 0 113 0 128 0 72 60 
149 154 67 0 133 91 0 63 78 307 0 19 29 44 0 558 263 399 616 0 0 107 0 128 0 72 60 
149 150 67 0 135 86 0 64 79 307 0 19 28 43 0 513 261 366 645 0 0 109 0 128 0 72 60 
150 154 67 0 135 81 0 62 79 299 0 21 26 56 0 471 304 396 615 0 0 108 0 128 0 72 60 
148 150 65 0 134 82 0 62 79 293 0 20 26 48 0 555 382 399 624 0 0 110 0 128 0 70 60 
151 158 65 0 132 90 0 66 79 293 0 19 26 51 0 528 247 377 659 0 0 116 0 128 0 68 60 
155 154 67 0 130 89 0 61 79 304 0 20 25 44 0 530 280 375 626 0 0 123 0 128 0 67 60 
153 145 65 0 129 90 0 64 80 308 0 17 25 36 0 535 261 373 694 0 0 128 0 128 0 67 60 
152 152 66 0 129 90 0 68 81 302 0 19 25 43 0 540 236 401 628 0 0 124 0 128 0 67 60 
154 158 67 0 129 94 0 66 81 300 0 18 25 44 0 615 273 388 639 0 0 121 0 128 0 67 60 
149 156 66 0 129 96 0 63 82 299 0 19 25 57 0 578 445 420 589 0 0 110 0 128 0 67 60 
155 154 67 0 130 96 0 69 82 301 0 21 25 60 0 602 163 390 604 0 0 104 0 128 0 68 60 
153 149 69 0 131 94 0 66 80 307 0 19 25 50 0 538 316 393 617 0 0 103 0 128 0 68 60 
148 153 66 0 132 91 0 63 80 306 0 19 25 44 0 513 309 395 594 0 0 108 0 128 0 68 60 
151 157 64 0 133 92 0 67 79 305 0 22 25 37 0 493 394 372 686 0 0 116 0 128 0 68 60 
154 148 67 0 132 88 0 64 78 303 0 18 25 31 0 520 284 386 634 0 0 123 0 128 0 68 60 
150 146 63 0 130 87 0 65 79 303 0 21 24 34 0 563 306 399 612 0 0 128 0 128 0 68 60 
148 149 66 0 129 81 0 64 80 298 0 17 24 47 0 541 251 405 634 0 0 134 0 128 0 69 60 
154 151 64 0 127 79 0 65 80 304 0 20 24 52 0 482 413 398 564 0 0 131 0 128 0 69 60 
149 151 64 0 128 71 0 61 81 303 0 21 24 49 0 548 314 412 616 0 0 127 0 128 0 69 60 
152 146 66 0 128 79 0 63 80 300 0 20 24 52 0 544 280 403 619 0 0 125 0 128 0 69 60 
154 148 63 0 129 91 0 68 79 297 0 20 24 54 0 529 313 397 611 0 0 124 0 128 0 70 60 
149 149 63 0 129 100 0 65 78 299 0 20 24 40 0 539 228 404 610 0 0 121 0 128 0 70 60 
152 154 62 0 129 99 0 63 79 304 0 20 24 34 0 548 368 399 575 0 0 122 0 128 0 70 60 
150 154 64 0 128 95 0 64 81 311 0 22 24 32 0 589 351 394 589 0 0 119 0 128 0 69 60 
147 153 65 0 129 96 0 66 81 306 0 22 24 38 0 572 273 408 646 0 0 114 0 128 0 70 60 
151 149 65 0 130 91 0 61 81 299 0 20 23 46 0 547 253 400 694 0 0 110 0 128 0 71 60 
150 150 65 0 130 89 0 63 78 298 0 20 23 43 0 599 280 387 612 0 0 111 0 128 0 72 60 
152 152 62 0 130 90 0 60 78 300 0 19 23 50 0 503 353 406 586 0 0 110 0 128 0 73 60 
152 153 66 0 128 89 0 62 77 304 0 23 23 45 0 503 335 430 692 0 0 112 0 128 0 74 60 
153 154 64 0 129 79 0 65 80 300 0 21 24 42 0 575 217 408 635 0 0 117 0 128 0 74 60 
150 149 63 0 128 78 0 66 80 301 0 17 24 44 0 570 426 412 623 0 0 120 0 128 0 74 60 
153 155 67 0 127 86 0 64 81 306 0 21 23 45 0 511 333 406 621 0 0 119 0 128 0 74 60 
153 150 63 0 127 91 0 65 79 306 0 17 23 37 0 488 399 389 648 0 0 121 0 128 0 73 60 
153 155 63 0 128 83 0 67 79 305 0 19 24 39 0 537 234 408 628 0 0 121 0 128 0 73 60 
153 151 61 0 129 82 0 68 80 306 0 22 24 38 0 567 412 413 632 0 0 120 0 128 0 73 60 
152 154 64 0 130 89 0 66 82 307 0 22 24 41 0 522 195 424 594 0 0 118 0 128 0 72 60 
152 159 63 0 131 90 0 64 81 299 0 23 24 42 0 512 327 384 672 0 0 116 0 128 0 72 60 
149 143 64 0 134 86 0 64 80 290 0 24 24 43 0 604 356 427 595 0 0 109 0 128 0 70 60 
154 149 67 0 135 87 0 62 80 295 0 21 24 45 0 560 302 396 637 0 0 110 0 128 0 70 60 
152 160 61 0 137 89 0 64 79 306 0 21 24 44 0 529 324 397 657 0 0 110 0 128 0 71 60 
153 155 65 0 136 82 0 63 79 307 0 20 24 44 0 577 207 408 605 0 0 110 0 128 0 71 60 
150 155 63 0 135 81 0 62 80 302 0 26 24 38 0 528 278 402 639 0 0 109 0 128 0 72 60 
154 149 65 0 134 88 0 69 79 299 0 24 24 41 0 510 330 408 606 0 0 106 0 128 0 73 60 
151 151 65 0 133 93 0 67 80 299 0 26 24 51 0 543 372 428 622 0 0 107 0 128 0 73 60 
154 152 65 0 131 85 0 64 81 302 0 25 24 50 0 531 352 430 645 0 0 104 0 128 0 73 60 
148 150 65 0 130 82 0 66 80 305 0 21 23 51 0 564 362 425 608 0 0 106 0 128 0 73 60 
152 146 63 0 128 87 0 68 80 304 0 19 23 50 0 519 363 397 601 0 0 112 0 128 0 73 60 
150 146 64 0 127 90 0 64 79 299 0 18 24 49 0 551 307 407 582 0 0 118 0 128 0 73 60 
151 150 63 0 128 85 0 66 82 299 0 19 24 40 0 552 234 399 668 0 0 126 0 128 0 72 60 
151 150 65 0 128 84 0 65 80 298 0 18 23 28 0 526 248 414 657 0 0 134 0 128 0 72 60 
148 148 65 0 129 87 0 61 80 300 0 18 23 27 0 543 238 439 587 0 0 127 0 128 0 73 60 
148 148 60 0 129 88 0 65 79 305 0 18 23 26 0 556 388 409 635 0 0 116 0 128 0 73 60 
151 150 66 0 128 88 0 66 80 302 0 22 23 37 0 585 348 410 633 0 0 112 0 128 0 73 60 
148 151 64 0 127 91 0 64 79 299 0 18 23 40 0 532 313 384 707 0 0 113 0 128 0 73 60 
146 152 65 0 127 90 0 63 79 300 0 23 23 49 0 574 248 400 669 0 0 109 0 128 0 73 60 
152 154 65 0 127 83 0 68 81 303 0 22 23 45 0 529 336 385 649 0 0 110 0 128 0 72 60 
151 150 66 0 128 81 0 63 81 309 0 24 23 42 0 545 241 399 689 0 0 115 0 128 0 72 60 
148 150 66 0 127 81 0 66 79 310 0 27 23 41 0 524 373 413 686 0 0 116 0 128 0 71 60 
153 151 66 0 127 82 0 65 79 305 0 29 23 42 0 528 346 396 574 0 0 117 0 128 0 71 60 
152 149 68 0 126 79 0 63 79 303 0 30 24 44 0 518 189 425 651 0 0 114 0 128 0 70 60 
148 154 68 0 126 85 0 68 80 301 0 29 23 48 0 525 294 414 626 0 0 117 0 128 0 70 60 
152 149 68 0 127 88 0 65 80 303 0 25 23 44 0 491 308 404 624 0 0 113 0 128 0 70 60 
154 153 66 0 128 95 0 65 80 306 0 30 23 44 0 572 424 393 574 0 0 113 0 128 0 68 60 
150 153 62 0 130 98 0 63 82 304 0 29 24 41 0 570 317 392 659 0 0 110 0 128 0 67 60 
156 153 63 0 128 101 0 66 81 301 0 29 24 43 0 486 219 396 621 0 0 114 0 128 0 67 60 
152 155 66 0 129 97 0 65 80 307 0 33 24 41 0 525 432 375 669 0 0 118 0 128 0 67 60 
152 157 63 0 127 94 0 63 78 304 0 27 24 43 0 510 236 428 616 0 0 114 0 128 0 68 60 
151 156 65 0 126 95 0 64 77 306 0 22 24 47 0 605 287 394 647 0 0 111 0 128 0 69 60 
151 145 59 0 125 93 0 66 78 306 0 20 24 40 0 568 376 389 689 0 0 112 0 128 0 69 60 
152 153 62 0 125 94 0 64 80 302 0 15 24 51 0 539 333 389 589 0 0 113 0 128 0 70 60 
149 161 63 0 127 99 0 62 80 295 0 19 23 53 0 525 236 398 608 0 0 118 0 128 0 70 60 
153 157 63 0 129 105 0 68 80 290 0 18 23 51 0 573 177 381 620 0 0 125 0 128 0 70 60 
155 152 61 0 131 95 0 68 79 299 0 16 23 45 0 539 491 397 639 0 0 123 0 128 0 70 60 
150 148 64 0 132 89 0 68 80 306 0 20 23 44 0 565 158 393 614 0 0 120 0 128 0 70 60 
154 151 63 0 135 86 0 70 81 306 0 21 23 37 0 560 350 401 627 0 0 114 0 128 0 69 60 
149 153 62 0 135 90 0 66 82 301 0 19 23 41 0 512 521 407 614 0 0 113 0 128 0 69 60 
151 150 63 0 135 84 0 65 81 297 0 23 24 52 0 512 305 371 617 0 0 109 0 128 0 69 60 
154 143 64 0 134 85 0 66 80 303 0 18 23 54 0 504 283 368 671 0 0 104 0 128 0 69 60 
151 147 61 0 132 86 0 67 80 304 0 21 24 59 0 491 416 379 644 0 0 104 0 128 0 70 60 
155 151 62 0 131 87 0 62 80 306 0 18 24 46 0 500 287 385 644 0 0 107 0 128 0 70 60 
154 150 64 0 130 85 0 60 79 302 0 16 24 39 0 537 283 401 679 0 0 115 0 128 0 71 60 
150 148 66 0 130 85 0 63 80 298 0 17 24 36 0 534 322 394 632 0 0 114 0 128 0 72 60 
149 148 65 0 130 91 0 65 79 299 0 18 24 29 0 587 242 370 667 0 0 118 0 128 0 73 60 
149 148 64 0 131 88 0 62 79 297 0 17 24 42 0 546 388 383 684 0 0 125 0 128 0 72 60 
153 151 66 0 132 90 0 63 79 302 0 19 24 50 0 572 279 388 613 0 0 122 0 128 0 72 60 
150 153 67 0 134 98 0 60 79 305 0 18 24 50 0 516 282 397 604 0 0 123 0 128 0 73 60 
153 153 65 0 134 106 0 64 81 302 0 20 24 52 0 526 405 367 659 0 0 122 0 128 0 72 60 
149 150 60 0 134 97 0 69 81 298 0 17 24 51 0 521 330 378 616 0 0 126 0 128 0 73 60 
151 150 63 0 132 87 0 67 82 299 0 18 24 47 0 548 359 390 600 0 0 129 0 128 0 73 60 
154 151 63 0 130 86 0 65 82 304 0 21 24 39 0 576 279 384 612 0 0 131 0 128 0 73 60 
151 150 60 0 129 89 0 66 82 309 0 16 23 30 0 548 263 379 652 0 0 124 0 128 0 74 60 
154 153 66 0 130 84 0 65 79 309 0 18 23 38 0 579 312 363 617 0 0 118 0 128 0 74 60 
152 151 62 0 129 83 0 63 79 300 0 18 24 44 0 524 237 383 635 0 0 116 0 128 0 75 60 
152 158 65 0 130 87 0 66 79 300 0 19 24 44 0 524 336 389 631 0 0 118 0 128 0 75 60 
151 150 62 0 130 86 0 63 79 299 0 22 24 47 0 545 401 394 582 0 0 112 0 128 0 75 60 
148 154 65 0 129 81 0 63 80 305 0 18 24 51 0 517 232 416 624 0 0 109 0 128 0 75 60 
150 151 63 0 129 85 0 66 80 307 0 18 24 47 0 574 347 379 646 0 0 112 0 128 0 75 60 
155 155 65 0 129 96 0 67 79 303 0 20 24 43 0 586 307 387 662 0 0 111 0 128 0 74 60 
153 158 67 0 129 91 0 63 79 306 0 18 24 44 0 499 267 374 616 0 0 109 0 128 0 73 60 
151 144 65 0 129 84 0 65 80 305 0 18 24 42 0 501 318 411 616 0 0 105 0 128 0 72 60 
153 147 62 0 129 84 0 66 79 302 0 18 24 36 0 580 275 396 595 0 0 106 0 128 0 72 60 
152 161 66 0 128 92 0 65 81 306 0 19 23 39 0 504 297 382 645 0 0 102 0 128 0 72 60 
151 160 64 0 127 86 0 64 81 304 0 17 23 40 0 535 413 388 657 0 0 105 0 128 0 70 60 
154 155 64 0 126 83 0 64 81 301 0 18 23 37 0 532 179 383 615 0 0 110 0 128 0 70 60 
149 150 65 0 126 86 0 64 80 294 0 17 23 43 0 516 489 391 628 0 0 115 0 128 0 69 60 
152 151 64 0 125 85 0 65 80 292 0 19 23 44 0 530 207 362 662 0 0 120 0 128 0 68 60 
149 150 64 0 126 81 0 64 78 302 0 19 23 45 0 549 282 371 645 0 0 118 0 128 0 69 60 
156 150 65 0 126 83 0 64 79 306 0 19 23 47 0 542 337 396 649 0 0 111 0 128 0 70 60 
148 145 65 0 128 92 0 64 79 301 0 17 23 41 0 515 348 394 589 0 0 106 0 128 0 71 60 
149 146 65 0 130 90 0 67 80 297 0 18 23 37 0 530 406 397 628 0 0 106 0 128 0 72 60 
146 149 65 0 133 84 0 66 79 297 0 18 23 46 0 531 234 371 619 0 0 111 0 128 0 73 60 
149 151 63 0 134 83 0 67 79 299 0 17 23 51 0 623 434 370 575 0 0 116 0 128 0 73 60 
153 146 69 0 136 91 0 65 80 307 0 20 23 52 0 579 462 371 658 0 0 123 0 128 0 73 60 
152 147 66 0 136 93 0 72 81 306 0 17 23 52 0 561 218 374 582 0 0 129 0 128 0 72 60 
148 148 66 0 136 93 0 66 81 304 0 16 23 51 0 529 288 375 658 0 0 128 0 128 0 73 60 
145 151 64 0 135 92 0 63 83 301 0 19 24 42 0 516 311 413 623 0 0 128 0 128 0 72 60 
145 149 66 0 134 91 0 67 80 300 0 19 23 34 0 520 391 393 649 0 0 121 0 128 0 72 60 
153 155 63 0 132 91 0 67 81 300 0 19 24 25 0 532 338 374 634 0 0 118 0 128 0 72 60 
151 152 65 0 131 96 0 65 80 304 0 20 24 28 0 517 317 370 611 0 0 116 0 128 0 72 60 
134 152 66 0 129 99 0 64 80 306 0 19 24 28 0 542 412 372 619 0 0 116 0 128 0 73 60 
129 148 62 0 129 94 0 65 79 303 0 21 24 36 0 521 186 376 633 0 0 115 0 128 0 73 60 
135 148 63 0 128 84 0 60 81 298 0 21 24 45 0 518 286 356 691 0 0 112 0 128 0 73 60 
157 155 63 0 129 84 0 61 80 301 0 20 24 44 0 528 275 372 624 0 0 109 0 128 0 73 60 
157 153 63 0 129 89 0 67 80 309 0 20 24 43 0 553 351 382 568 0 0 108 0 128 0 74 60 
160 151 66 0 129 88 0 62 80 310 0 21 24 45 0 523 369 385 687 0 0 107 0 128 0 74 60 
156 151 65 0 128 85 0 62 80 306 0 22 24 36 0 518 239 408 625 0 0 109 0 128 0 76 60 
155 151 68 0 128 80 0 67 79 300 0 21 24 41 0 579 212 392 641 0 0 110 0 128 0 76 60 
156 150 66 0 127 78 0 65 81 299 0 21 24 48 0 555 306 392 643 0 0 109 0 128 0 77 60 
156 154 65 0 127 81 0 65 80 300 0 20 24 46 0 591 358 371 648 0 0 104 0 128 0 77 60 
154 158 65 0 127 88 0 68 80 305 0 19 23 42 0 549 212 382 687 0 0 113 0 128 0 78 60 
154 142 65 0 127 94 0 67 80 303 0 18 24 40 0 542 322 377 644 0 0 127 0 128 0 79 60 
157 146 64 0 127 95 0 63 79 302 0 20 24 47 0 553 384 390 618 0 0 120 0 128 0 80 60 
149 157 66 0 125 87 0 68 80 307 0 17 24 41 0 539 302 364 667 0 0 115 0 128 0 81 60 
146 158 65 0 126 83 0 66 80 305 0 20 24 40 0 537 298 382 647 0 0 118 0 128 0 82 60 
153 150 65 0 126 81 0 62 81 304 0 21 24 48 0 538 399 341 635 0 0 114 0 128 0 82 60 
151 148 65 0 127 86 0 65 81 304 0 22 24 41 0 570 300 368 645 0 0 116 0 128 0 83 60 
151 152 65 0 129 89 0 66 80 306 0 22 24 47 0 537 135 364 673 0 0 114 0 128 0 83 60 
149 152 65 0 129 90 0 62 79 298 0 21 24 53 0 501 324 392 574 0 0 118 0 128 0 83 60 
150 153 66 0 129 86 0 62 79 291 0 23 23 52 0 484 338 376 555 0 0 120 0 128 0 83 60 
147 146 70 0 128 86 0 64 78 297 0 24 23 49 0 556 311 387 596 0 0 115 0 128 0 83 60 
154 143 65 0 126 92 0 65 80 305 0 22 23 46 0 558 249 393 619 0 0 107 0 128 0 83 60 
148 152 64 0 125 88 0 67 82 304 0 20 23 39 0 575 295 360 641 0 0 98 0 128 0 83 60 
149 151 65 0 124 85 0 64 82 301 0 21 23 40 0 490 248 347 598 0 0 101 0 128 0 84 60 
154 147 66 0 126 83 0 64 81 297 0 20 23 43 0 545 227 360 609 0 0 101 0 128 0 86 60 
151 149 67 0 127 88 0 62 80 299 0 21 23 54 0 541 396 341 620 0 0 104 0 128 0 85 60 
150 149 63 0 129 82 0 62 81 301 0 17 23 60 0 496 273 360 647 0 0 114 0 128 0 83 60 
151 153 64 0 132 80 0 63 80 306 0 19 23 52 0 564 339 358 647 0 0 124 0 128 0 81 60 
155 151 68 0 134 85 0 61 79 303 0 19 23 40 0 535 430 355 616 0 0 126 0 128 0 79 60 
152 155 66 0 136 91 0 63 79 299 0 19 24 41 0 517 282 355 612 0 0 128 0 128 0 79 60 
152 152 67 0 136 88 0 66 80 297 0 17 24 31 0 507 318 367 627 0 0 122 0 128 0 78 60 
153 152 63 0 135 88 0 68 79 297 0 18 24 31 0 551 253 373 677 0 0 122 0 128 0 77 60 
152 145 65 0 133 97 0 64 79 302 0 17 24 48 0 553 500 373 645 0 0 128 0 128 0 76 60 
152 152 64 0 132 97 0 66 80 307 0 18 24 51 0 531 440 363 634 0 0 129 0 128 0 74 60 
152 150 64 0 130 86 0 64 82 304 0 17 24 51 0 478 320 394 650 0 0 125 0 128 0 72 60 
154 153 65 0 130 81 0 66 81 298 0 17 23 51 0 529 240 346 702 0 0 124 0 128 0 71 60 
153 153 65 0 129 88 0 68 81 297 0 21 23 53 0 596 287 370 618 0 0 132 0 128 0 70 60 
152 157 64 0 129 86 0 65 80 305 0 17 24 45 0 607 236 347 631 0 0 126 0 128 0 69 60 
153 144 65 0 130 83 0 61 81 311 0 21 23 34 0 566 277 379 669 0 0 118 0 128 0 68 60 
155 152 65 0 131 81 0 63 79 309 0 19 24 34 0 545 358 355 635 0 0 115 0 128 0 67 60 
151 158 66 0 133 84 0 65 81 303 0 22 24 39 0 590 234 372 608 0 0 113 0 128 0 68 60 
149 158 66 0 133 86 0 62 81 300 0 22 24 45 0 456 283 375 617 0 0 111 0 128 0 67 60 
149 145 66 0 133 98 0 65 79 299 0 20 24 46 0 496 350 388 627 0 0 108 0 128 0 68 60 
151 146 65 0 131 111 0 65 79 303 0 23 24 49 0 547 349 349 647 0 0 109 0 128 0 67 60 
148 158 67 0 129 111 0 67 79 307 0 20 24 51 0 550 253 382 650 0 0 108 0 128 0 68 60 
153 158 68 0 129 94 0 67 79 302 0 19 24 42 0 483 251 342 641 0 0 105 0 128 0 68 60 
150 156 69 0 128 83 0 66 80 304 0 21 24 40 0 476 453 353 634 0 0 105 0 128 0 67 60 
153 154 67 0 129 85 0 62 80 305 0 18 24 46 0 567 270 364 603 0 0 105 0 128 0 68 60 
149 156 68 0 130 85 0 66 81 304 0 19 24 42 0 552 283 368 661 0 0 106 0 128 0 68 60 
148 155 64 0 130 83 0 67 82 305 0 20 23 38 0 519 216 390 614 0 0 102 0 128 0 68 60 
155 153 67 0 130 84 0 64 81 305 0 18 24 38 0 510 380 370 632 0 0 106 0 128 0 68 60 
152 148 67 0 130 87 0 63 80 301 0 21 23 40 0 578 395 351 639 0 0 112 0 128 0 70 60 
152 149 67 0 130 88 0 65 78 292 0 19 24 43 0 580 319 357 685 0 0 114 0 128 0 71 60 
151 156 65 0 130 95 0 63 79 292 0 19 23 40 0 563 306 352 661 0 0 114 0 128 0 71 60 
149 149 68 0 130 101 0 64 78 306 0 17 24 45 0 566 295 404 611 0 0 110 0 128 0 72 60 
150 148 68 0 130 103 0 67 80 311 0 19 24 48 0 561 234 376 687 0 0 106 0 128 0 72 60 
152 148 66 0 129 91 0 62 80 302 0 19 24 45 0 502 291 390 697 0 0 104 0 128 0 73 60 
150 151 66 0 128 83 0 63 80 300 0 22 24 39 0 522 409 377 602 0 0 108 0 128 0 73 60 
155 156 69 0 127 82 0 69 78 299 0 18 24 35 0 551 268 360 704 0 0 112 0 128 0 71 60 
153 150 67 0 127 86 0 64 80 301 0 21 24 48 0 556 333 386 674 0 0 126 0 128 0 70 60 
152 156 68 0 126 84 0 62 80 307 0 21 24 54 0 547 204 336 640 0 0 132 0 128 0 69 60 
153 150 66 0 127 79 0 67 79 304 0 21 23 45 0 513 325 382 622 0 0 133 0 128 0 70 60 
155 150 63 0 128 83 0 67 81 301 0 20 23 53 0 523 322 391 653 0 0 128 0 128 0 70 60 
154 153 65 0 129 91 0 63 80 299 0 18 23 47 0 512 277 396 634 0 0 120 0 128 0 70 60 
151 151 66 0 131 105 0 65 81 299 0 20 23 42 0 561 343 392 616 0 0 115 0 128 0 70 60 
153 154 64 0 133 104 0 64 80 299 0 19 23 34 0 527 381 365 544 0 0 112 0 128 0 71 60 
147 154 66 0 135 100 0 64 80 304 0 18 23 26 0 576 329 382 647 0 0 113 0 128 0 71 60 
149 152 67 0 136 92 0 65 80 303 0 20 24 26 0 522 116 391 598 0 0 115 0 128 0 71 60 
149 154 65 0 136 91 0 66 79 299 0 18 23 31 0 554 360 381 653 0 0 118 0 128 0 70 60 
149 152 66 0 136 83 0 64 79 296 0 17 23 38 0 525 345 389 636 0 0 113 0 128 0 71 60 
153 154 66 0 135 83 0 62 78 299 0 20 23 47 0 532 325 376 631 0 0 108 0 128 0 71 60 
151 157 64 0 134 87 0 64 79 308 0 17 24 44 0 560 256 384 628 0 0 106 0 128 0 71 60 
146 155 66 0 132 95 0 69 80 310 0 19 24 44 0 539 336 391 644 0 0 104 0 128 0 71 60 
148 145 64 0 130 91 0 65 81 305 0 18 24 46 0 549 361 383 597 0 0 108 0 128 0 70 60 
152 147 63 0 129 85 0 66 81 302 0 19 24 38 0 503 437 384 622 0 0 107 0 128 0 70 60 
151 160 65 0 128 83 0 72 81 300 0 22 24 43 0 559 260 376 594 0 0 112 0 128 0 68 60 
153 158 66 0 128 87 0 64 81 304 0 19 24 49 0 547 326 425 650 0 0 116 0 128 0 68 60 
150 154 65 0 129 83 0 66 79 309 0 23 24 45 0 514 338 378 605 0 0 118 0 128 0 67 60 
147 149 65 0 128 80 0 65 80 306 0 24 24 41 0 479 296 387 658 0 0 118 0 128 0 66 60 
148 151 66 0 129 84 0 63 80 305 0 25 24 44 0 537 279 382 639 0 0 117 0 128 0 66 60 
151 151 65 0 128 84 0 61 79 306 0 30 24 43 0 547 273 404 626 0 0 123 0 128 0 66 60 
149 153 65 0 128 87 0 64 79 307 0 29 24 41 0 595 363 380 695 0 0 118 0 128 0 67 60 
152 148 65 0 127 87 0 63 79 305 0 25 24 45 0 537 324 376 680 0 0 115 0 128 0 67 60 
155 145 64 0 128 90 0 61 79 305 0 24 23 45 0 503 215 384 678 0 0 119 0 128 0 67 60 
151 153 60 0 128 83 0 68 79 304 0 20 24 43 0 543 350 391 627 0 0 121 0 128 0 68 60 
155 150 64 0 128 91 0 62 80 295 0 21 24 44 0 511 290 395 639 0 0 124 0 128 0 68 60 
155 146 64 0 127 102 0 62 81 291 0 18 24 54 0 533 404 390 631 0 0 120 0 128 0 68 60 
155 149 62 0 126 107 0 68 81 298 0 18 24 54 0 480 365 376 678 0 0 111 0 128 0 68 60 
155 149 67 0 126 95 0 66 81 306 0 21 23 50 0 582 208 368 669 0 0 111 0 128 0 68 60 
150 156 62 0 126 85 0 65 81 306 0 16 24 45 0 523 258 416 611 0 0 106 0 128 0 68 60 
150 150 67 0 127 89 0 68 80 300 0 15 23 38 0 518 355 404 655 0 0 109 0 128 0 67 60 
150 155 58 0 128 88 0 65 80 297 0 19 24 36 0 552 312 397 554 0 0 114 0 128 0 68 60 
150 150 66 0 128 82 0 63 80 300 0 18 24 45 0 513 150 403 661 0 0 120 0 128 0 68 60 
150 152 63 0 128 78 0 66 80 306 0 19 24 52 0 532 284 404 641 0 0 125 0 128 0 68 60 
148 148 65 0 127 85 0 66 80 304 0 18 23 62 0 564 524 392 586 0 0 128 0 128 0 67 60 
152 151 63 0 126 83 0 63 80 303 0 18 23 52 0 605 282 419 662 0 0 123 0 128 0 67 60 
151 153 65 0 124 83 0 63 80 301 0 21 23 40 0 562 393 416 640 0 0 115 0 128 0 68 60 
152 153 63 0 124 87 0 67 79 299 0 21 23 37 0 557 278 376 624 0 0 115 0 128 0 67 60 
151 151 66 0 124 94 0 65 79 298 0 21 23 29 0 562 284 411 609 0 0 119 0 128 0 67 60 
149 153 67 0 127 84 0 63 78 301 0 24 23 37 0 510 311 390 596 0 0 121 0 128 0 68 60 
148 152 64 0 130 78 0 65 79 305 0 25 23 48 0 549 284 429 664 0 0 122 0 128 0 68 60 
150 150 64 0 132 82 0 63 80 301 0 25 23 48 0 508 289 401 662 0 0 126 0 128 0 69 60 
148 153 65 0 134 90 0 67 81 296 0 23 23 53 0 542 277 410 659 0 0 122 0 128 0 69 60 
154 159 69 0 136 91 0 66 79 298 0 22 23 48 0 504 341 381 677 0 0 117 0 128 0 69 60 
148 141 66 0 136 89 0 65 81 305 0 20 24 49 0 494 343 414 685 0 0 116 0 128 0 69 60 
149 148 65 0 135 89 0 62 80 311 0 17 23 41 0 545 270 401 644 0 0 115 0 128 0 69 60 
152 154 70 0 134 82 0 66 83 307 0 17 23 35 0 535 299 417 658 0 0 115 0 128 0 71 60 
149 156 67 0 131 77 0 64 80 304 0 19 23 33 0 510 406 405 663 0 0 117 0 128 0 71 60 
150 152 67 0 130 80 0 64 79 300 0 18 24 38 0 512 226 401 644 0 0 121 0 128 0 71 60 
150 148 62 0 129 87 0 62 78 301 0 23 23 41 0 546 460 402 639 0 0 117 0 128 0 71 60 
151 152 65 0 129 88 0 63 78 305 0 21 23 41 0 588 278 392 618 0 0 112 0 128 0 71 60 
153 150 69 0 129 91 0 67 79 305 0 21 23 52 0 550 320 383 665 0 0 110 0 128 0 71 60 
149 155 65 0 131 91 0 66 80 306 0 21 23 50 0 539 285 428 668 0 0 114 0 128 0 71 60 
150 148 64 0 132 95 0 69 80 305 0 16 23 41 0 583 316 401 637 0 0 118 0 128 0 71 60 
152 141 63 0 133 91 0 66 80 305 0 22 23 40 0 517 365 408 570 0 0 121 0 128 0 71 60 
153 152 64 0 133 87 0 66 81 305 0 21 23 42 0 544 225 416 656 0 0 123 0 128 0 71 60 
152 151 62 0 133 80 0 67 80 304 0 18 23 39 0 533 252 390 648 0 0 118 0 128 0 71 60 
151 148 63 0 131 78 0 68 80 303 0 20 23 40 0 627 298 401 659 0 0 120 0 128 0 71 60 
151 147 64 0 130 86 0 64 81 297 0 21 23 38 0 547 396 387 643 0 0 120 0 128 0 71 60 
151 147 60 0 129 89 0 63 81 293 0 20 23 41 0 525 242 425 601 0 0 111 0 128 0 71 60 
151 152 63 0 129 88 0 68 81 293 0 21 23 44 0 532 380 381 598 0 0 105 0 128 0 71 60 
153 152 64 0 128 83 0 63 79 307 0 18 23 41 0 539 176 413 654 0 0 103 0 128 0 71 60 
151 151 62 0 129 88 0 61 79 307 0 20 23 44 0 536 320 405 658 0 0 98 0 128 0 70 60 
148 155 64 0 129 85 0 65 79 299 0 18 24 49 0 486 384 394 658 0 0 102 0 128 0 71 60 
150 149 65 0 130 94 0 63 79 298 0 20 23 45 0 511 291 391 649 0 0 112 0 128 0 71 60 
148 147 63 0 130 98 0 62 78 295 0 19 24 41 0 562 161 396 631 0 0 125 0 128 0 71 60 
148 153 62 0 129 105 0 66 79 299 0 17 24 40 0 580 363 406 691 0 0 130 0 128 0 72 60 
154 150 61 0 130 96 0 65 81 305 0 18 25 47 0 564 460 405 648 0 0 131 0 128 0 72 60 
149 154 64 0 130 92 0 62 80 300 0 18 25 55 0 552 235 433 654 0 0 126 0 128 0 72 60 
149 151 61 0 130 94 0 70 81 299 0 18 25 50 0 522 246 388 700 0 0 116 0 128 0 72 60 
152 152 64 0 129 92 0 67 81 297 0 18 26 53 0 512 360 405 631 0 0 113 0 128 0 71 60 
153 154 64 0 128 78 0 64 80 297 0 19 26 52 0 520 363 391 756 0 0 110 0 128 0 70 60 
149 147 66 0 128 72 0 64 79 301 0 20 26 43 0 586 189 386 643 0 0 112 0 128 0 70 60 
158 154 62 0 128 80 0 68 80 306 0 22 25 34 0 522 284 402 570 0 0 116 0 128 0 70 60 
153 161 63 0 127 84 0 63 79 305 0 22 25 27 0 537 380 390 658 0 0 121 0 128 0 70 60 
150 142 66 0 127 84 0 65 79 302 0 19 24 29 0 553 405 363 699 0 0 120 0 128 0 69 60 
149 145 65 0 128 78 0 67 79 299 0 23 25 29 0 563 257 404 651 0 0 117 0 128 0 69 60 
151 154 63 0 129 82 0 62 79 302 0 23 24 42 0 527 228 387 643 0 0 112 0 128 0 71 60 
152 157 64 0 130 86 0 65 79 312 0 21 24 42 0 495 292 392 646 0 0 113 0 128 0 71 60 
156 159 66 0 132 91 0 65 80 308 0 18 24 45 0 543 469 368 608 0 0 112 0 128 0 71 60 
154 146 65 0 133 103 0 65 80 305 0 17 24 46 0 555 315 384 667 0 0 113 0 128 0 71 60 
148 150 63 0 136 101 0 64 80 302 0 20 24 42 0 560 230 404 663 0 0 118 0 128 0 69 60 
154 156 67 0 136 87 0 68 79 300 0 20 24 37 0 531 256 373 670 0 0 122 0 128 0 69 60 
153 152 64 0 137 80 0 65 80 302 0 21 24 42 0 575 326 408 588 0 0 118 0 128 0 69 60 
149 143 64 0 136 81 0 64 80 305 0 21 24 44 0 511 442 375 658 0 0 108 0 128 0 69 60 
154 141 62 0 134 82 0 65 82 302 0 19 24 48 0 544 261 372 647 0 0 109 0 128 0 68 60 
152 151 64 0 132 78 0 61 82 301 0 21 24 45 0 587 221 360 677 0 0 109 0 128 0 68 60 
150 153 65 0 130 78 0 63 80 305 0 20 25 43 0 556 294 366 629 0 0 115 0 128 0 69 60 
152 146 65 0 128 85 0 62 78 302 0 19 25 44 0 496 267 355 653 0 0 118 0 128 0 68 60 
149 147 65 0 128 90 0 64 78 305 0 20 25 39 0 490 406 363 695 0 0 118 0 128 0 67 60 
151 146 64 0 128 97 0 64 78 306 0 18 24 41 0 556 364 399 611 0 0 127 0 128 0 66 60 
152 153 65 0 129 96 0 65 79 300 0 20 24 46 0 549 318 372 648 0 0 125 0 128 0 66 60 
155 150 63 0 129 92 0 66 81 294 0 20 24 45 0 576 336 401 681 0 0 117 0 128 0 67 60 
149 149 65 0 129 85 0 65 81 292 0 20 24 42 0 521 347 402 674 0 0 109 0 128 0 69 60 
151 156 65 0 129 85 0 63 81 303 0 24 23 50 0 546 263 370 653 0 0 108 0 128 0 69 60 
150 148 66 0 129 86 0 65 80 310 0 22 24 50 0 575 248 380 735 0 0 105 0 128 0 69 60 
149 149 66 0 128 88 0 71 81 302 0 24 23 54 0 552 436 365 666 0 0 105 0 128 0 69 60 
147 156 64 0 128 85 0 63 80 300 0 22 24 43 0 564 199 372 642 0 0 114 0 128 0 70 60 
150 150 65 0 127 80 0 64 81 300 0 21 24 45 0 542 237 360 690 0 0 127 0 128 0 71 60 
149 156 68 0 127 80 0 62 80 301 0 22 24 35 0 518 450 417 647 0 0 128 0 128 0 71 60 
151 149 64 0 126 89 0 62 79 306 0 21 24 44 0 542 276 392 614 0 0 130 0 128 0 71 60 
149 149 66 0 126 99 0 64 78 307 0 22 24 48 0 554 317 355 688 0 0 129 0 128 0 71 60 
154 152 65 0 126 92 0 65 78 299 0 21 24 59 0 510 311 364 598 0 0 120 0 128 0 71 60 
151 149 67 0 126 87 0 64 80 298 0 16 24 59 0 528 274 374 639 0 0 118 0 128 0 71 60 
154 157 65 0 126 90 0 66 80 296 0 20 24 46 0 544 251 385 688 0 0 113 0 128 0 71 60 
149 158 66 0 128 88 0 69 81 296 0 21 24 43 0 499 234 397 660 0 0 116 0 128 0 71 60 
153 143 64 0 128 85 0 65 81 305 0 18 24 37 0 504 463 380 625 0 0 115 0 128 0 70 60 
153 154 65 0 128 86 0 65 81 304 0 22 24 29 0 545 311 376 643 0 0 117 0 128 0 69 60 
154 152 65 0 128 86 0 68 81 300 0 17 24 39 0 525 357 344 623 0 0 115 0 128 0 70 60 
150 159 62 0 125 83 0 64 80 296 0 18 23 46 0 580 285 354 635 0 0 112 0 128 0 70 60 
152 154 65 0 124 84 0 64 79 300 0 16 24 54 0 542 326 383 633 0 0 115 0 128 0 70 60 
152 149 65 0 123 95 0 67 80 307 0 16 24 52 0 543 381 345 632 0 0 115 0 128 0 70 60 
152 153 65 0 123 100 0 61 80 309 0 14 24 50 0 583 372 404 635 0 0 113 0 128 0 70 60 
152 150 67 0 125 90 0 61 81 303 0 19 24 49 0 506 265 362 630 0 0 112 0 128 0 71 60 
153 152 65 0 128 84 0 68 79 300 0 16 24 43 0 558 251 349 656 0 0 116 0 128 0 71 60 
149 149 67 0 129 87 0 65 79 300 0 17 24 35 0 523 381 366 669 0 0 119 0 128 0 71 60 
151 143 65 0 130 87 0 62 79 302 0 17 24 35 0 571 240 358 703 0 0 113 0 128 0 72 60 
151 150 65 0 134 83 0 63 79 309 0 17 24 39 0 536 207 352 684 0 0 107 0 128 0 72 60 
156 149 67 0 131 83 0 67 79 305 0 20 24 44 0 551 351 350 695 0 0 106 0 128 0 72 60 
151 146 65 0 133 86 0 64 80 304 0 19 24 45 0 479 296 370 700 0 0 106 0 128 0 72 60 
150 151 64 0 132 87 0 66 79 306 0 18 24 45 0 516 322 338 665 0 0 112 0 128 0 72 60 
152 148 64 0 130 86 0 64 78 306 0 20 24 49 0 525 359 355 649 0 0 117 0 128 0 72 60 
150 153 65 0 129 93 0 63 79 307 0 16 24 46 0 546 359 384 684 0 0 123 0 128 0 70 60 
150 150 65 0 127 92 0 68 79 306 0 16 25 43 0 555 236 367 651 0 0 122 0 128 0 70 60 
150 154 65 0 128 85 0 65 81 303 0 18 24 44 0 538 336 370 673 0 0 122 0 128 0 70 60 
150 158 63 0 127 80 0 62 81 295 0 17 25 42 0 530 355 363 702 0 0 119 0 128 0 69 60 
152 152 67 0 125 85 0 64 81 290 0 19 25 39 0 583 265 364 617 0 0 113 0 128 0 69 60 
149 152 64 0 132 89 0 66 79 301 0 19 25 41 0 597 331 345 608 0 0 108 0 128 0 70 60 
150 155 67 0 133 86 0 65 77 307 0 18 24 39 0 518 321 363 643 0 0 103 0 128 0 70 60 
151 154 66 0 134 85 0 66 79 304 0 17 24 41 0 551 284 343 628 0 0 103 0 128 0 70 60 
153 157 64 0 134 83 0 62 80 299 0 18 24 40 0 504 302 343 608 0 0 106 0 128 0 70 60 
148 150 65 0 132 84 0 63 80 298 0 19 24 41 0 522 348 344 651 0 0 115 0 128 0 70 60 
153 153 65 0 131 84 0 67 81 302 0 19 24 44 0 507 264 373 631 0 0 119 0 128 0 70 60 
152 151 64 0 131 86 0 69 80 306 0 17 24 44 0 552 272 369 618 0 0 125 0 128 0 70 60 
150 150 66 0 130 84 0 68 79 307 0 19 24 44 0 566 329 344 699 0 0 126 0 128 0 69 60 
151 157 65 0 130 85 0 67 80 302 0 17 24 40 0 525 190 347 667 0 0 117 0 128 0 68 60 
153 163 67 0 130 84 0 66 81 301 0 19 24 42 0 561 407 338 638 0 0 108 0 128 0 67 60 
151 142 65 0 130 87 0 68 81 302 0 16 24 46 0 569 288 370 663 0 0 108 0 128 0 67 60 
155 153 67 0 130 89 0 65 81 300 0 17 24 51 0 624 256 326 656 0 0 107 0 128 0 69 60 
152 152 63 0 130 92 0 62 80 304 0 21 24 53 0 536 230 341 652 0 0 105 0 128 0 70 60 
149 162 64 0 130 91 0 65 80 305 0 16 25 53 0 564 328 354 691 0 0 109 0 128 0 70 60 
154 156 63 0 130 87 0 62 79 301 0 18 24 50 0 555 302 341 638 0 0 116 0 128 0 71 60 
152 145 64 0 130 92 0 61 79 298 0 18 24 42 0 527 223 347 680 0 0 115 0 128 0 71 60 
153 152 64 0 129 96 0 64 78 301 0 17 24 32 0 505 415 331 701 0 0 110 0 128 0 71 60 
155 149 64 0 129 101 0 65 79 307 0 20 24 26 0 516 293 351 660 0 0 103 0 128 0 72 60 
153 152 66 0 128 94 0 60 79 309 0 20 24 28 0 518 278 337 608 0 0 109 0 128 0 72 60 
148 147 67 0 128 90 0 64 79 304 0 18 24 30 0 524 372 350 669 0 0 113 0 128 0 72 60 
155 141 65 0 127 88 0 67 80 300 0 21 24 36 0 509 401 365 668 0 0 114 0 128 0 72 60 
146 149 67 0 127 86 0 62 81 299 0 17 24 44 0 529 293 350 622 0 0 116 0 128 0 73 60 
151 152 67 0 127 81 0 70 81 301 0 20 24 46 0 555 250 379 595 0 0 117 0 128 0 73 60 
153 147 63 0 129 83 0 69 81 306 0 20 24 48 0 522 355 320 648 0 0 110 0 128 0 73 60 
153 149 64 0 130 85 0 63 82 303 0 18 24 39 0 583 307 330 645 0 0 108 0 128 0 74 60 
150 145 65 0 132 80 0 65 79 302 0 21 24 42 0 557 282 373 657 0 0 108 0 128 0 74 60 
154 150 67 0 133 77 0 65 79 306 0 20 24 43 0 556 331 349 618 0 0 106 0 128 0 74 60 
149 154 67 0 136 87 0 63 79 305 0 21 24 45 0 548 343 367 687 0 0 110 0 128 0 73 60 
147 151 66 0 137 96 0 64 79 305 0 24 24 49 0 547 318 373 646 0 0 115 0 128 0 73 60 
149 154 64 0 137 92 0 66 79 304 0 24 25 42 0 537 370 373 609 0 0 115 0 128 0 73 60 
149 150 66 0 137 85 0 62 80 302 0 26 25 42 0 543 351 370 661 0 0 118 0 128 0 70 60 
145 146 66 0 135 88 0 68 80 295 0 24 25 44 0 543 182 340 650 0 0 117 0 128 0 69 60 
152 155 67 0 134 88 0 68 80 289 0 24 24 43 0 537 364 379 613 0 0 114 0 128 0 69 60 
150 152 66 0 131 88 0 63 79 301 0 22 25 41 0 598 329 367 657 0 0 110 0 128 0 68 60 
149 153 64 0 131 88 0 63 78 311 0 21 25 41 0 522 182 358 635 0 0 104 0 128 0 67 60 
152 151 65 0 130 88 0 67 81 307 0 19 24 45 0 571 260 355 634 0 0 102 0 128 0 67 60 
147 149 66 0 130 87 0 65 81 300 0 19 25 41 0 532 477 351 656 0 0 103 0 128 0 67 60 
150 153 67 0 130 85 0 65 82 298 0 19 25 46 0 505 384 357 618 0 0 112 0 128 0 68 60 
153 145 68 0 129 90 0 67 82 302 0 22 24 55 0 542 234 358 673 0 0 122 0 128 0 68 60 
153 155 65 0 129 97 0 61 79 305 0 22 25 52 0 534 344 365 712 0 0 130 0 128 0 67 60 
155 162 68 0 129 91 0 65 79 305 0 25 25 44 0 479 300 356 663 0 0 140 0 128 0 68 60 
155 139 66 0 129 85 0 65 78 300 0 25 25 46 0 593 337 372 665 0 0 142 0 128 0 69 60 
152 152 65 0 127 96 0 65 79 299 0 25 25 36 0 568 179 361 684 0 0 130 0 128 0 70 60 
147 149 65 0 128 103 0 62 80 297 0 28 24 42 0 509 407 364 632 0 0 122 0 128 0 70 60 
148 157 65 0 128 94 0 65 80 300 0 26 25 40 0 571 357 377 613 0 0 114 0 128 0 70 60 
153 153 67 0 127 88 0 68 80 306 0 23 24 51 0 560 266 353 708 0 0 114 0 128 0 70 60 
150 144 62 0 127 84 0 67 80 308 0 20 24 56 0 563 355 378 639 0 0 119 0 128 0 71 60 
146 152 65 0 126 84 0 66 79 301 0 17 24 51 0 530 252 371 632 0 0 120 0 128 0 70 60 
152 148 63 0 126 78 0 65 82 299 0 17 24 45 0 573 358 380 600 0 0 120 0 128 0 70 60 
151 150 63 0 126 83 0 67 81 303 0 18 24 41 0 552 254 393 683 0 0 108 0 128 0 68 60 
150 147 64 0 126 93 0 65 80 309 0 18 24 32 0 575 278 377 727 0 0 105 0 128 0 67 60 
149 142 64 0 128 97 0 66 80 312 0 19 24 32 0 553 510 379 635 0 0 103 0 128 0 67 60 
149 145 65 0 129 90 0 64 79 308 0 22 25 46 0 491 267 346 675 0 0 109 0 128 0 66 60 
151 151 61 0 129 90 0 64 80 302 0 20 24 47 0 504 335 351 659 0 0 115 0 128 0 66 60 
149 142 66 0 129 93 0 65 78 298 0 23 24 53 0 564 361 388 637 0 0 119 0 128 0 65 60 
150 149 64 0 127 94 0 65 79 301 0 23 24 51 0 528 200 360 627 0 0 125 0 128 0 66 60 
149 144 65 0 125 90 0 61 79 306 0 22 24 49 0 572 282 386 649 0 0 118 0 128 0 65 60 
152 150 66 0 125 90 0 63 80 301 0 29 24 43 0 527 320 383 634 0 0 112 0 128 0 66 60 
155 150 62 0 125 90 0 68 80 299 0 25 24 33 0 496 299 393 682 0 0 112 0 128 0 65 60 
150 155 68 0 126 89 0 64 81 303 0 24 24 31 0 571 247 372 631 0 0 114 0 128 0 66 60 
148 157 66 0 129 93 0 63 79 302 0 23 24 36 0 510 203 359 658 0 0 114 0 128 0 67 60 
154 150 67 0 131 94 0 65 81 306 0 23 24 40 0 560 270 370 703 0 0 116 0 128 0 68 60 
152 150 65 0 133 93 0 67 80 307 0 22 24 45 0 511 463 374 706 0 0 117 0 128 0 70 60 
151 151 64 0 133 90 0 64 80 305 0 22 24 44 0 536 185 377 682 0 0 122 0 128 0 70 60 
153 149 63 0 136 91 0 67 80 293 0 23 24 47 0 518 374 362 668 0 0 123 0 128 0 70 60 
151 154 60 0 135 94 0 66 80 291 0 26 24 44 0 546 275 373 649 0 0 119 0 128 0 71 60 
154 151 65 0 134 93 0 62 79 299 0 22 24 40 0 530 195 385 660 0 0 115 0 128 0 70 60 
152 151 65 0 133 86 0 66 78 309 0 22 24 42 0 479 445 390 675 0 0 115 0 128 0 68 60 
150 154 63 0 130 85 0 68 80 308 0 17 24 43 0 533 307 399 687 0 0 117 0 128 0 67 60 
156 148 67 0 129 81 0 64 80 301 0 23 24 39 0 513 238 355 714 0 0 111 0 128 0 67 60 
155 157 65 0 128 79 0 64 79 299 0 23 24 40 0 544 232 392 669 0 0 116 0 128 0 66 60 
151 151 65 0 129 82 0 65 78 300 0 22 24 37 0 586 376 375 626 0 0 118 0 128 0 66 60 
151 145 65 0 129 87 0 64 78 308 0 24 24 43 0 556 261 391 639 0 0 121 0 128 0 66 60 
151 156 64 0 131 92 0 62 78 308 0 26 24 42 0 552 287 393 621 0 0 125 0 128 0 66 60 
151 157 66 0 131 91 0 68 80 301 0 23 24 41 0 510 337 369 649 0 0 121 0 128 0 66 60 
153 158 66 0 132 88 0 64 82 300 0 23 24 42 0 538 318 396 708 0 0 117 0 128 0 66 60 
148 151 65 0 132 87 0 62 81 296 0 22 24 48 0 534 232 394 672 0 0 115 0 128 0 67 60 
147 148 62 0 132 88 0 68 81 298 0 21 24 45 0 537 445 363 636 0 0 116 0 128 0 67 60 
154 150 63 0 131 84 0 64 81 301 0 22 24 38 0 512 327 383 668 0 0 118 0 128 0 66 60 
153 150 65 0 130 82 0 59 79 307 0 17 24 43 0 535 287 379 654 0 0 114 0 128 0 66 60 
153 150 66 0 129 79 0 63 79 299 0 19 24 49 0 505 268 392 661 0 0 116 0 128 0 66 60 
152 144 65 0 128 84 0 65 79 296 0 20 24 56 0 523 288 384 641 0 0 114 0 128 0 66 60 
149 150 63 0 129 94 0 60 80 302 0 24 24 51 0 554 387 392 616 0 0 107 0 128 0 66 60 
150 153 67 0 130 100 0 65 80 307 0 24 24 49 0 532 299 385 682 0 0 106 0 128 0 66 60 
152 146 65 0 130 95 0 65 79 314 0 23 24 47 0 484 296 402 726 0 0 108 0 128 0 66 60 
151 149 64 0 130 86 0 63 78 308 0 25 24 38 0 555 228 375 711 0 0 112 0 128 0 65 60 
149 147 64 0 129 86 0 66 80 302 0 26 24 30 0 605 456 355 676 0 0 111 0 128 0 65 60 
153 149 66 0 129 84 0 66 80 302 0 24 24 26 0 538 237 388 705 0 0 113 0 128 0 65 60 
149 155 69 0 129 87 0 65 82 303 0 28 24 26 0 547 285 394 720 0 0 116 0 128 0 65 60 
151 152 66 0 129 92 0 67 81 309 0 24 24 32 0 542 288 385 664 0 0 107 0 128 0 65 60 
154 154 66 0 129 98 0 67 80 303 0 24 24 43 0 579 256 374 658 0 0 105 0 128 0 66 60 
148 150 68 0 128 91 0 65 80 303 0 26 24 47 0 509 287 378 667 0 0 109 0 128 0 66 60 
152 147 63 0 127 84 0 62 80 306 0 24 24 43 0 617 474 392 708 0 0 115 0 128 0 66 60 
155 154 70 0 127 86 0 60 81 305 0 27 24 44 0 545 250 367 699 0 0 119 0 128 0 67 60 
153 152 66 0 125 93 0 63 79 305 0 28 24 40 0 479 253 374 635 0 0 125 0 128 0 67 60 
153 155 68 0 127 87 0 63 79 305 0 25 24 40 0 535 428 357 632 0 0 129 0 128 0 67 60 
151 155 64 0 126 81 0 64 79 306 0 26 24 42 0 543 383 363 638 0 0 127 0 128 0 67 60 
150 152 64 0 129 83 0 67 78 293 0 26 24 49 0 527 203 368 704 0 0 120 0 128 0 68 60 
155 158 65 0 130 86 0 66 79 291 0 21 25 45 0 490 421 363 684 0 0 113 0 128 0 68 60 
152 151 63 0 132 86 0 66 79 297 0 22 25 45 0 530 174 382 661 0 0 111 0 128 0 70 60 
150 155 61 0 134 85 0 68 81 308 0 22 25 41 0 562 289 363 664 0 0 111 0 128 0 69 60 
152 160 63 0 135 91 0 65 81 306 0 24 24 44 0 549 438 372 676 0 0 110 0 128 0 69 60 
150 144 60 0 137 86 0 64 82 298 0 24 24 41 0 542 219 384 665 0 0 111 0 128 0 69 60 
150 151 62 0 137 83 0 67 81 297 0 23 25 39 0 585 334 367 693 0 0 118 0 128 0 68 60 
151 158 65 0 136 89 0 64 79 300 0 26 25 44 0 523 374 348 655 0 0 124 0 128 0 67 60 
149 158 63 0 134 103 0 61 79 304 0 22 24 41 0 544 397 370 639 0 0 132 0 128 0 67 60 
148 157 63 0 132 98 0 64 79 306 0 23 25 48 0 519 287 366 644 0 0 131 0 128 0 66 60 
151 147 61 0 131 86 0 67 80 303 0 21 24 53 0 544 210 337 670 0 0 130 0 128 0 66 60 
151 156 62 0 130 81 0 63 80 299 0 21 24 50 0 571 474 372 715 0 0 126 0 128 0 67 60 
150 153 62 0 129 87 0 66 80 300 0 21 24 49 0 544 320 355 710 0 0 121 0 128 0 67 60 
152 153 61 0 129 83 0 65 80 299 0 22 24 42 0 525 263 341 680 0 0 119 0 128 0 68 60 
150 150 65 0 130 81 0 62 79 302 0 21 25 40 0 547 209 365 717 0 0 116 0 128 0 68 60 
152 140 64 0 129 83 0 67 80 307 0 24 25 40 0 547 348 362 679 0 0 118 0 128 0 68 60 
149 153 65 0 129 85 0 67 80 301 0 21 25 44 0 560 403 368 643 0 0 116 0 128 0 68 60 
146 152 62 0 129 85 0 62 82 297 0 22 24 54 0 583 218 361 684 0 0 108 0 128 0 68 60 
149 146 63 0 129 92 0 63 83 301 0 24 25 57 0 561 218 401 693 0 0 108 0 128 0 68 60 
152 149 66 0 128 104 0 66 82 308 0 24 24 55 0 556 348 350 654 0 0 107 0 128 0 67 60 
150 145 65 0 128 102 0 63 83 311 0 28 25 46 0 537 472 359 661 0 0 111 0 128 0 68 60 
149 155 65 0 127 87 0 64 79 307 0 26 24 41 0 537 195 344 690 0 0 114 0 128 0 68 60 
150 155 64 0 127 82 0 67 80 301 0 28 25 32 0 527 276 308 652 0 0 117 0 128 0 69 60 
152 154 63 0 127 90 0 64 79 298 0 30 24 30 0 535 259 333 651 0 0 126 0 128 0 68 60 
150 154 60 0 127 87 0 66 80 301 0 25 24 47 0 526 322 366 677 0 0 128 0 128 0 69 60 
154 156 65 0 126 86 0 68 79 303 0 23 24 52 0 503 352 376 716 0 0 118 0 128 0 70 60 
150 147 64 0 127 87 0 62 78 301 0 24 24 54 0 506 382 365 621 0 0 113 0 128 0 69 60 
151 154 63 0 127 90 0 60 79 301 0 23 24 50 0 570 312 358 612 0 0 111 0 128 0 68 60 
151 152 65 0 128 85 0 69 80 307 0 24 24 51 0 539 171 360 669 0 0 115 0 128 0 67 60 
152 154 61 0 129 84 0 68 81 306 0 24 24 42 0 563 336 342 700 0 0 118 0 128 0 67 60 
157 151 67 0 130 86 0 65 81 306 0 29 24 35 0 534 314 344 676 0 0 123 0 128 0 67 60 
158 152 65 0 129 84 0 69 80 308 0 30 24 32 0 522 278 370 680 0 0 125 0 128 0 66 60 
147 154 65 0 127 87 0 65 81 307 0 29 24 38 0 561 222 338 690 0 0 126 0 128 0 66 60 
152 150 65 0 125 86 0 67 80 294 0 34 24 43 0 575 435 351 671 0 0 118 0 128 0 66 60 
152 156 66 0 125 95 0 65 80 292 0 33 24 46 0 548 280 354 651 0 0 114 0 128 0 67 60 
152 157 66 0 126 98 0 66 80 302 0 27 24 49 0 528 415 385 694 0 0 113 0 128 0 67 60 
154 137 66 0 127 98 0 62 80 309 0 29 24 52 0 550 291 358 683 0 0 107 0 128 0 67 60 
149 149 65 0 130 93 0 56 79 307 0 32 24 47 0 533 298 371 723 0 0 109 0 128 0 68 60 
150 158 65 0 131 92 0 63 79 302 0 33 24 41 0 529 318 353 727 0 0 115 0 128 0 68 60 
150 157 66 0 133 92 0 58 80 299 0 37 24 45 0 554 437 343 645 0 0 118 0 128 0 68 60 
148 156 67 0 135 97 0 57 81 298 0 41 24 45 0 557 410 344 686 0 0 122 0 128 0 68 60 
152 146 64 0 136 100 0 57 79 305 0 40 24 40 0 517 238 341 662 0 0 125 0 128 0 68 60 
149 155 66 0 136 97 0 66 80 302 0 44 24 36 0 537 355 352 684 0 0 120 0 128 0 68 60 
153 152 66 0 134 91 0 66 80 301 0 39 24 39 0 523 183 376 675 0 0 116 0 128 0 68 60 
154 146 64 0 132 86 0 70 81 299 0 37 24 43 0 525 298 374 690 0 0 112 0 128 0 69 60 
152 143 62 0 130 90 0 67 79 299 0 28 24 40 0 542 292 343 657 0 0 113 0 128 0 70 60 
150 140 67 0 129 94 0 66 80 299 0 25 24 43 0 493 313 361 598 0 0 111 0 128 0 70 60 
151 152 63 0 128 94 0 66 80 303 0 23 24 48 0 575 325 363 648 0 0 110 0 128 0 70 60 
151 150 65 0 129 90 0 65 80 305 0 21 25 46 0 507 257 338 722 0 0 118 0 128 0 71 60 
152 145 67 0 129 85 0 62 79 302 0 22 24 41 0 565 335 343 651 0 0 116 0 128 0 69 60 
150 149 64 0 130 83 0 64 80 300 0 20 25 39 0 580 341 359 633 0 0 110 0 128 0 68 60 
152 149 62 0 131 87 0 67 79 300 0 21 24 41 0 505 302 336 615 0 0 108 0 128 0 67 60 
153 154 63 0 131 95 0 64 78 308 0 24 25 48 0 566 445 368 673 0 0 104 0 128 0 66 60 
152 151 67 0 132 98 0 65 78 311 0 23 24 51 0 534 344 373 683 0 0 103 0 128 0 65 60 
156 154 66 0 131 93 0 68 79 308 0 27 25 47 0 562 208 335 700 0 0 104 0 128 0 65 60 
150 154 61 0 128 88 0 64 79 301 0 28 25 54 0 532 213 335 643 0 0 109 0 128 0 66 60 
149 146 65 0 129 89 0 64 82 300 0 28 25 47 0 538 338 348 703 0 0 119 0 128 0 67 60 
152 150 63 0 129 88 0 67 80 299 0 34 25 38 0 552 192 346 669 0 0 117 0 128 0 67 60 
151 157 64 0 128 87 0 63 82 302 0 29 25 28 0 530 378 339 722 0 0 109 0 128 0 67 60 
153 150 64 0 129 82 0 63 81 305 0 26 25 26 0 516 348 339 738 0 0 105 0 128 0 66 60 
151 155 64 0 129 91 0 68 83 302 0 23 25 27 0 534 285 340 685 0 0 106 0 128 0 66 60 
152 149 65 0 130 91 0 65 81 305 0 19 25 33 0 565 295 305 701 0 0 105 0 128 0 67 60 
150 150 64 0 130 98 0 62 79 304 0 18 25 41 0 541 309 341 712 0 0 107 0 128 0 69 60 
148 150 66 0 130 96 0 65 79 303 0 20 25 51 0 496 333 349 693 0 0 114 0 128 0 70 60 
152 150 62 0 129 94 0 67 79 304 0 18 25 44 0 511 226 353 637 0 0 121 0 128 0 71 60 
152 163 64 0 129 83 0 63 78 303 0 18 25 43 0 549 263 307 624 0 0 125 0 128 0 71 60 
152 151 66 0 129 81 0 65 79 295 0 20 25 42 0 540 292 343 642 0 0 120 0 128 0 72 60 
150 146 65 0 129 82 0 66 80 293 0 24 25 42 0 543 237 312 663 0 0 112 0 128 0 72 60 
152 152 65 0 128 83 0 67 80 298 0 23 24 44 0 496 362 360 657 0 0 106 0 128 0 72 60 
149 157 66 0 127 89 0 67 81 307 0 25 25 50 0 557 295 349 608 0 0 107 0 128 0 71 60 
149 157 64 0 126 96 0 67 81 306 0 24 25 43 0 508 364 353 678 0 0 108 0 128 0 69 60 
150 150 67 0 126 97 0 66 81 301 0 23 25 41 0 536 302 348 660 0 0 112 0 128 0 68 60 
150 147 64 0 127 89 0 66 82 299 0 22 25 47 0 568 312 337 669 0 0 121 0 128 0 68 60 
150 152 65 0 127 86 0 68 81 301 0 21 25 45 0 524 403 335 638 0 0 125 0 128 0 68 60 
149 150 66 0 129 90 0 66 82 305 0 22 25 41 0 548 233 356 658 0 0 130 0 128 0 67 60 
151 148 63 0 131 92 0 64 81 303 0 22 25 41 0 540 334 350 645 0 0 127 0 128 0 67 60 
152 142 65 0 133 84 0 64 79 301 0 23 26 45 0 583 329 358 647 0 0 120 0 128 0 67 60 
156 149 67 0 135 83 0 64 78 299 0 21 25 41 0 575 300 361 666 0 0 124 0 128 0 66 60 
153 152 66 0 137 87 0 63 79 297 0 26 25 47 0 567 282 384 690 0 0 126 0 128 0 66 60 
150 145 65 0 138 86 0 62 78 296 0 25 25 54 0 571 227 339 622 0 0 120 0 128 0 65 60 
156 147 64 0 137 83 0 62 79 301 0 29 25 54 0 535 317 323 691 0 0 119 0 128 0 65 60 
151 150 69 0 136 84 0 62 79 305 0 28 25 47 0 546 332 353 654 0 0 118 0 128 0 66 60 
152 150 64 0 134 85 0 65 81 302 0 24 25 46 0 551 360 357 679 0 0 114 0 128 0 66 60 
155 151 67 0 133 81 0 68 82 298 0 23 25 40 0 535 172 338 675 0 0 111 0 128 0 65 60 
151 156 65 0 131 77 0 67 82 301 0 23 25 40 0 535 389 336 680 0 0 107 0 128 0 66 60 
150 156 63 0 130 86 0 65 81 307 0 24 25 41 0 521 334 372 672 0 0 109 0 128 0 65 60 
156 152 63 0 129 91 0 68 80 311 0 26 25 53 0 500 312 351 681 0 0 106 0 128 0 66 60 
150 150 62 0 129 84 0 69 76 311 0 22 25 59 0 533 169 379 625 0 0 106 0 128 0 66 60 
151 152 65 0 128 83 0 64 79 301 0 28 24 57 0 570 244 327 687 0 0 107 0 128 0 66 60 
150 152 68 0 130 90 0 64 78 299 0 20 25 44 0 537 345 353 656 0 0 111 0 128 0 67 60 
150 150 67 0 130 97 0 66 80 301 0 19 25 39 0 493 347 362 682 0 0 111 0 128 0 67 60 
151 151 67 0 130 94 0 64 79 305 0 18 25 32 0 529 354 387 628 0 0 115 0 128 0 67 60 
153 150 63 0 130 94 0 62 80 309 0 17 25 30 0 583 210 368 718 0 0 114 0 128 0 67 60 
150 153 66 0 129 95 0 67 80 305 0 19 25 40 0 574 408 336 668 0 0 116 0 128 0 67 60 
156 148 66 0 129 93 0 60 82 303 0 20 25 51 0 542 230 352 646 0 0 119 0 128 0 67 60 
152 155 65 0 127 100 0 63 80 307 0 24 25 50 0 521 398 377 677 0 0 123 0 128 0 67 60 
151 155 65 0 127 116 0 68 81 303 0 25 25 48 0 553 296 370 669 0 0 130 0 128 0 67 60 
151 140 66 0 128 119 0 67 81 303 0 24 25 54 0 542 270 376 665 0 0 133 0 128 0 66 60 
147 153 69 0 127 98 0 61 82 304 0 21 25 50 0 578 445 388 636 0 0 129 0 128 0 66 60 
148 161 62 0 126 83 0 65 82 297 0 25 25 40 0 555 245 376 670 0 0 121 0 128 0 66 60 
152 159 65 0 126 85 0 66 82 292 0 22 25 32 0 545 234 345 667 0 0 117 0 128 0 66 60 
154 149 67 0 126 90 0 61 80 298 0 21 25 36 0 523 300 366 687 0 0 113 0 128 0 66 60 
151 149 66 0 128 86 0 61 78 304 0 22 25 40 0 554 267 384 666 0 0 110 0 128 0 66 60 
151 156 68 0 129 83 0 61 79 306 0 21 25 45 0 508 353 357 632 0 0 112 0 128 0 65 60 
148 155 68 0 130 82 0 61 77 300 0 20 26 42 0 503 259 404 649 0 0 121 0 128 0 66 60 
153 150 66 0 129 88 0 65 78 298 0 21 25 47 0 526 390 374 711 0 0 125 0 128 0 65 60 
155 145 64 0 127 93 0 67 80 302 0 19 25 44 0 544 230 379 704 0 0 124 0 128 0 66 60 
151 149 69 0 125 100 0 63 80 306 0 20 25 40 0 535 217 358 653 0 0 124 0 128 0 66 60 
154 157 67 0 124 96 0 65 80 308 0 19 25 41 0 520 401 365 674 0 0 118 0 128 0 66 60 
151 146 68 0 125 84 0 69 80 306 0 18 25 45 0 575 427 376 653 0 0 115 0 128 0 66 60 
154 150 66 0 126 75 0 65 80 300 0 20 25 40 0 542 304 389 708 0 0 113 0 128 0 66 60 
152 153 66 0 129 78 0 69 82 297 0 19 25 41 0 564 401 384 627 0 0 113 0 128 0 66 60 
154 148 68 0 131 80 0 65 81 297 0 21 25 38 0 494 214 388 678 0 0 117 0 128 0 66 60 
153 150 67 0 133 83 0 63 81 301 0 21 25 37 0 565 296 363 670 0 0 120 0 128 0 66 60 
149 155 64 0 135 81 0 64 80 304 0 22 25 41 0 545 421 413 630 0 0 120 0 128 0 65 60 
150 156 65 0 136 81 0 63 80 301 0 19 25 41 0 564 510 379 716 0 0 111 0 128 0 65 60 
151 151 65 0 135 92 0 66 79 297 0 20 26 44 0 536 243 404 669 0 0 106 0 128 0 65 60 
152 149 68 0 133 104 0 62 78 296 0 20 26 50 0 519 424 337 620 0 0 112 0 128 0 65 60 
153 151 64 0 131 109 0 64 80 305 0 22 25 43 0 515 274 372 651 0 0 118 0 128 0 66 60 
149 153 65 0 129 97 0 66 80 309 0 19 25 38 0 543 266 366 610 0 0 116 0 128 0 66 60 
152 152 63 0 128 91 0 65 80 308 0 22 25 42 0 587 240 387 667 0 0 117 0 128 0 65 60 
153 151 64 0 128 89 0 64 81 303 0 18 25 46 0 522 261 350 667 0 0 120 0 128 0 65 60 
151 151 64 0 129 86 0 68 80 300 0 20 25 55 0 559 370 359 629 0 0 119 0 128 0 66 60 
147 152 64 0 129 81 0 67 80 302 0 20 25 51 0 542 151 357 655 0 0 111 0 128 0 66 60 
151 151 62 0 130 84 0 66 80 304 0 20 25 51 0 589 247 376 705 0 0 110 0 128 0 66 60 
152 152 68 0 131 86 0 65 80 305 0 22 25 46 0 508 370 376 651 0 0 111 0 128 0 66 60 
148 163 65 0 132 84 0 66 80 302 0 21 25 42 0 509 320 367 672 0 0 108 0 128 0 67 60 
154 145 66 0 132 84 0 65 81 304 0 22 25 34 0 538 304 372 642 0 0 110 0 128 0 67 60 
149 149 63 0 130 93 0 62 81 307 0 23 25 25 0 532 413 367 674 0 0 109 0 128 0 67 60 
149 159 65 0 130 96 0 63 80 307 0 24 26 28 0 520 201 362 673 0 0 112 0 128 0 68 60 
152 157 64 0 129 86 0 61 79 308 0 22 25 29 0 523 314 379 712 0 0 114 0 128 0 68 60 
148 155 67 0 128 83 0 66 78 296 0 24 25 38 0 559 421 360 689 0 0 113 0 128 0 67 60 
149 146 63 0 128 89 0 66 79 299 0 25 26 43 0 518 351 342 696 0 0 107 0 128 0 66 60 
150 155 68 0 128 88 0 63 79 274 0 26 25 46 0 546 224 379 737 0 0 106 0 128 0 66 60 
152 153 66 0 128 82 0 65 79 295 0 27 26 48 0 530 270 386 695 0 0 105 0 128 0 65 60 
150 149 60 0 129 84 0 66 78 308 0 26 26 42 0 530 282 330 676 0 0 109 0 128 0 66 60 
154 146 64 0 130 87 0 63 79 303 0 26 26 38 0 531 340 367 689 0 0 113 0 128 0 66 60 
152 145 65 0 130 85 0 66 81 306 0 23 25 43 0 593 256 355 592 0 0 118 0 128 0 65 60 
153 151 65 0 129 84 0 65 81 302 0 24 25 45 0 567 355 371 657 0 0 125 0 128 0 66 60 
150 151 66 0 129 96 0 63 83 302 0 26 25 48 0 545 285 375 659 0 0 129 0 128 0 67 60 
156 142 62 0 131 101 0 67 80 307 0 22 25 45 0 561 211 381 675 0 0 133 0 128 0 67 60 
153 149 65 0 130 91 0 66 77 307 0 23 25 42 0 517 300 364 606 0 0 128 0 128 0 67 60 
151 149 65 0 128 80 0 63 78 303 0 26 25 44 0 546 375 352 657 0 0 123 0 128 0 67 60 
151 152 64 0 126 86 0 65 79 301 0 26 25 44 0 558 349 361 608 0 0 115 0 128 0 67 60 
148 156 65 0 126 90 0 71 79 299 0 28 25 40 0 485 255 348 667 0 0 118 0 128 0 66 60 
150 154 65 0 125 88 0 65 80 299 0 29 25 45 0 484 229 352 685 0 0 116 0 128 0 66 60 
151 153 65 0 125 90 0 63 79 304 0 26 25 43 0 587 360 351 693 0 0 117 0 128 0 65 60 
148 150 62 0 126 91 0 64 80 306 0 24 25 41 0 525 395 339 618 0 0 120 0 128 0 67 60 
154 151 65 0 127 88 0 65 78 305 0 25 25 47 0 571 255 321 659 0 0 114 0 128 0 68 60 
150 151 64 0 128 78 0 69 81 299 0 25 26 54 0 491 252 367 684 0 0 103 0 128 0 67 60 
150 152 62 0 130 84 0 69 81 301 0 23 25 50 0 549 317 342 659 0 0 98 0 128 0 68 60 
149 149 67 0 133 93 0 67 82 307 0 23 26 47 0 530 311 338 627 0 0 102 0 128 0 70 60 
149 154 63 0 135 91 0 64 81 311 0 25 26 45 0 580 338 353 604 0 0 104 0 128 0 70 60 
152 150 63 0 136 81 0 67 81 311 0 23 25 37 0 567 381 351 640 0 0 105 0 128 0 70 60 
154 152 67 0 136 83 0 65 80 303 0 22 25 37 0 515 285 364 678 0 0 106 0 128 0 67 60 
150 153 65 0 134 88 0 63 80 303 0 20 25 45 0 573 252 344 682 0 0 118 0 128 0 66 60 
150 158 67 0 134 87 0 62 79 305 0 21 25 60 0 552 413 338 682 0 0 119 0 128 0 66 60 
150 155 65 0 133 81 0 60 79 307 0 21 25 55 0 555 297 353 642 0 0 115 0 128 0 65 60 
151 143 64 0 131 82 0 65 78 307 0 19 25 49 0 519 302 375 732 0 0 110 0 128 0 65 60 
153 152 62 0 131 84 0 63 79 303 0 22 25 44 0 571 352 348 696 0 0 109 0 128 0 65 60 
154 159 66 0 129 89 0 65 80 307 0 22 25 39 0 534 278 350 638 0 0 112 0 128 0 65 60 
155 155 71 0 129 97 0 60 81 307 0 22 25 32 0 543 246 341 665 0 0 111 0 128 0 66 60 
151 153 64 0 129 100 0 62 80 305 0 21 25 35 0 499 403 340 701 0 0 117 0 128 0 67 60 
154 147 66 0 129 94 0 68 81 305 0 21 25 49 0 534 198 341 627 0 0 121 0 128 0 67 60 
156 150 62 0 130 82 0 68 80 305 0 18 25 53 0 528 292 330 639 0 0 127 0 128 0 67 60 
151 152 70 0 130 80 0 65 81 304 0 21 25 49 0 514 317 348 656 0 0 124 0 128 0 67 60 
153 147 68 0 130 81 0 66 80 295 0 18 25 47 0 541 223 346 635 0 0 119 0 128 0 67 60 
154 144 64 0 128 88 0 67 79 295 0 20 25 49 0 557 284 326 649 0 0 119 0 128 0 66 60 
150 144 63 0 129 86 0 63 79 307 0 20 25 41 0 566 387 374 683 0 0 114 0 128 0 65 60 
154 149 63 0 128 84 0 63 80 307 0 20 25 31 0 527 317 363 641 0 0 111 0 128 0 65 60 
152 150 62 0 127 83 0 63 78 303 0 24 25 30 0 581 364 343 599 0 0 119 0 128 0 64 60 
147 147 59 0 127 88 0 64 79 299 0 24 25 38 0 550 297 369 652 0 0 124 0 128 0 64 60 
152 151 61 0 126 94 0 63 80 300 0 26 25 42 0 545 285 336 666 0 0 125 0 128 0 63 60 
149 147 65 0 126 96 0 68 79 302 0 23 25 41 0 495 372 375 654 0 0 125 0 128 0 63 60 
150 153 63 0 127 91 0 66 78 308 0 22 26 51 0 549 191 328 682 0 0 119 0 128 0 63 60 
155 151 65 0 126 82 0 62 79 301 0 23 26 52 0 543 273 354 615 0 0 119 0 128 0 63 60 
145 152 64 0 129 83 0 68 81 302 0 24 25 44 0 563 241 375 645 0 0 125 0 128 0 64 60 
149 152 62 0 129 82 0 65 82 300 0 23 26 43 0 498 533 341 689 0 0 128 0 128 0 64 60 
150 147 63 0 130 86 0 63 82 295 0 25 25 45 0 542 255 339 720 0 0 123 0 128 0 65 60 
149 152 63 0 129 87 0 65 81 300 0 24 26 41 0 571 239 358 664 0 0 124 0 128 0 65 60 
147 154 65 0 127 88 0 66 79 304 0 25 25 38 0 537 371 355 684 0 0 118 0 128 0 64 60 
151 152 62 0 125 92 0 63 78 305 0 21 25 35 0 546 348 360 675 0 0 111 0 128 0 65 60 
147 153 62 0 125 100 0 65 79 302 0 20 26 41 0 547 219 345 703 0 0 107 0 128 0 65 60 
151 150 65 0 126 107 0 64 80 297 0 20 26 42 0 560 367 359 684 0 0 104 0 128 0 65 60 
150 152 62 0 127 99 0 64 79 301 0 19 26 41 0 554 382 366 709 0 0 103 0 128 0 65 60 
148 155 65 0 129 88 0 68 80 309 0 21 26 45 0 515 290 386 656 0 0 106 0 128 0 65 60 
150 153 63 0 130 84 0 64 80 309 0 22 26 45 0 521 351 362 659 0 0 106 0 128 0 65 60 
153 161 64 0 133 87 0 64 79 307 0 19 26 47 0 564 395 325 644 0 0 113 0 128 0 66 60 
151 143 66 0 135 83 0 65 80 302 0 21 26 41 0 499 250 349 632 0 0 117 0 128 0 66 60 
154 146 64 0 136 84 0 68 81 302 0 24 25 38 0 532 314 379 661 0 0 110 0 128 0 67 60 
154 158 62 0 135 86 0 66 81 303 0 24 26 47 0 546 411 355 611 0 0 109 0 128 0 67 60 
150 155 63 0 133 91 0 64 81 307 0 25 25 55 0 517 289 375 675 0 0 106 0 128 0 67 60 
153 155 64 0 132 87 0 65 81 302 0 25 26 51 0 600 323 378 625 0 0 109 0 128 0 66 60 
153 147 63 0 130 92 0 67 80 303 0 24 26 49 0 515 215 372 640 0 0 104 0 128 0 66 60 
151 148 64 0 129 102 0 68 79 305 0 24 26 53 0 535 280 336 612 0 0 109 0 128 0 65 60 
152 154 62 0 129 100 0 66 79 306 0 25 25 45 0 539 311 348 598 0 0 112 0 128 0 65 60 
152 153 62 0 129 89 0 65 80 304 0 25 26 33 0 557 190 348 644 0 0 120 0 128 0 64 60 
152 148 66 0 130 91 0 60 81 302 0 27 25 26 0 558 247 372 632 0 0 119 0 128 0 64 60 
154 146 63 0 130 98 0 63 79 305 0 25 26 29 0 566 464 338 667 0 0 110 0 128 0 64 60 
153 152 63 0 131 91 0 63 81 298 0 27 26 29 0 501 230 380 618 0 0 103 0 128 0 64 60 
149 151 64 0 133 72 0 62 79 289 0 24 26 36 0 541 297 358 670 0 0 93 0 128 0 64 60 
154 147 68 0 132 73 0 62 80 297 0 23 26 42 0 590 334 365 688 0 0 103 0 128 0 65 60 
151 150 65 0 132 74 0 64 79 304 0 25 26 49 0 548 441 352 718 0 0 122 0 128 0 65 60 
150 149 64 0 130 72 0 66 81 306 0 22 26 44 0 475 339 375 711 0 0 127 0 128 0 65 60 
149 149 66 0 129 70 0 64 80 299 0 24 26 43 0 545 218 371 677 0 0 136 0 128 0 66 60 
149 154 65 0 128 71 0 68 81 296 0 23 26 41 0 548 278 375 684 0 0 140 0 128 0 65 60 
149 154 64 0 128 73 0 67 81 298 0 27 25 37 0 535 225 365 708 0 0 140 0 128 0 65 60 
148 152 62 0 128 71 0 67 80 301 0 26 26 48 0 536 219 367 643 0 0 133 0 128 0 65 60 
159 151 65 0 128 67 0 65 80 305 0 24 25 45 0 488 494 387 637 0 0 129 0 128 0 65 60 
148 148 67 0 129 69 0 68 79 301 0 21 25 45 0 523 297 357 630 0 0 118 0 128 0 65 60 
150 151 63 0 129 68 0 63 79 304 0 21 26 44 0 495 272 366 638 0 0 114 0 128 0 65 60 
151 151 67 0 129 63 0 64 79 298 0 18 25 43 0 566 321 379 619 0 0 117 0 128 0 65 60 
152 149 63 0 129 60 0 69 78 299 0 19 25 40 0 597 263 385 668 0 0 120 0 128 0 65 60 
149 155 65 0 130 63 0 62 79 299 0 19 25 42 0 568 377 356 648 0 0 114 0 128 0 66 60 
151 148 63 0 131 62 0 61 79 304 0 19 25 44 0 576 241 405 684 0 0 112 0 128 0 65 60 
152 155 65 0 130 60 0 64 82 304 0 19 25 44 0 513 331 376 620 0 0 105 0 128 0 65 60 
153 152 66 0 129 58 0 66 82 299 0 20 25 44 0 535 378 389 656 0 0 109 0 128 0 66 60 
150 155 67 0 128 60 0 65 81 299 0 20 25 47 0 539 212 345 669 0 0 118 0 128 0 66 60 
150 161 64 0 127 60 0 64 81 302 0 21 25 55 0 568 234 364 669 0 0 115 0 128 0 65 60 
154 145 62 0 127 56 0 63 79 311 0 23 25 55 0 523 375 356 628 0 0 114 0 128 0 65 60 
150 151 66 0 127 56 0 60 79 306 0 24 24 12 0 530 401 351 622 0 0 107 0 128 0 66 60 
154 11 61 0 123 59 0 31 62 138 0 20 23 0 0 537 312 379 678 0 0 107 0 128 0 66 60 
147 0 0 0 113 59 0 0 0 0 0 20 23 0 0 533 274 369 665 0 0 104 0 128 0 65 60 
152 0 0 0 95 56 0 0 0 0 0 20 23 0 0 565 270 383 611 0 0 101 0 128 0 65 60 
153 0 0 0 71 55 0 0 0 0 0 21 23 0 0 501 604 354 638 0 0 104 0 128 0 65 60 
86 0 11 0 43 59 0 0 0 0 0 20 23 0 0 301 370 269 481 0 0 106 0 128 0 66 60 
0 0 0 0 22 57 0 0 0 0 0 21 23 0 0 295 365 260 484 0 0 107 0 128 0 66 60 
0 0 0 0 0 55 0 0 0 0 0 22 23 0 0 293 370 276 472 0 0 108 0 128 0 66 60 
0 0 0 0 0 55 0 0 0 0 0 21 23 0 0 295 377 279 484 0 0 108 0 128 0 66 60 
0 0 0 0 0 58 0 0 0 0 0 21 23 0 0 309 367 273 478 0 0 109 0 128 0 66 60 
0 0 0 0 0 57 0 0 0 0 0 21 23 0 0 298 363 266 474 0 0 109 0 128 0 66 60 
0 0 0 0 0 54 0 0 0 0 0 21 23 0 0 296 366 274 471 0 0 109 0 128 0 65 60 
0 0 0 0 0 57 0 0 0 0 0 21 23 0 0 298 377 265 473 0 0 109 0 128 0 65 60 
0 0 0 0 0 60 0 0 0 0 0 23 23 0 0 307 373 277 478 0 0 109 0 128 0 65 60 
0 0 0 0 0 59 0 0 0 0 0 22 23 0 0 297 375 263 479 0 0 109 0 128 0 66 60 
0 0 0 0 0 56 0 0 0 0 0 22 23 0 0 292 367 276 470 0 0 109 0 128 0 65 60 
0 0 0 0 0 59 0 0 0 0 0 23 23 0 0 305 375 276 470 0 0 109 0 128 0 66 60 
0 0 0 0 0 59 0 0 0 0 0 22 23 0 0 309 379 276 472 0 0 109 0 128 0 68 60 
0 0 0 0 0 58 0 0 0 0 0 22 23 0 0 299 379 258 470 0 0 108 0 128 0 69 60 
0 0 0 0 0 56 0 0 0 0 0 23 23 0 0 293 379 276 479 0 0 108 0 128 0 70 60 
0 0 0 0 0 58 0 0 0 0 0 22 24 0 0 297 364 267 469 0 0 109 0 128 0 70 60 
0 0 0 0 0 59 0 0 0 0 0 24 23 0 0 293 365 261 479 0 0 109 0 128 0 70 60 
0 0 0 0 0 56 0 0 0 0 0 22 23 0 0 309 377 262 470 0 0 109 0 128 0 69 60 
0 0 0 0 0 56 0 0 0 0 0 21 24 0 0 292 375 275 472 0 0 108 0 128 0 68 60 
0 0 0 0 0 58 0 0 0 0 0 24 23 0 0 304 364 256 478 0 0 109 0 128 0 67 60 
0 0 0 0 0 59 0 0 0 0 0 22 24 0 0 299 363 263 468 0 0 109 0 128 0 66 60 
0 0 0 0 0 56 0 0 0 0 0 23 24 0 0 296 378 260 471 0 0 108 0 128 0 66 60 
0 0 0 0 0 56 0 0 0 0 0 23 23 0 0 308 370 275 480 0 0 109 0 128 0 66 60 
0 0 0 0 0 58 0 0 0 0 0 22 24 0 0 307 376 275 480 0 0 109 0 128 0 65 60 
0 0 0 0 0 59 0 0 0 0 0 21 24 0 0 292 372 277 472 0 0 108 0 128 0 66 60 
0 0 0 0 0 57 0 0 0 0 0 22 24 0 0 292 379 275 473 0 0 108 0 128 0 65 60 
0 0 0 0 0 56 0 0 0 0 0 24 23 0 0 292 368 261 477 0 0 109 0 128 0 66 60 
0 0 0 0 0 58 0 0 0 0 0 23 23 0 0 297 379 260 472 0 0 108 0 128 0 65 60 
0 0 0 0 0 58 0 0 0 0 0 22 24 0 0 297 379 260 471 0 0 109 0 128 0 65 60 
0 0 0 0 0 56 0 0 0 0 0 23 24 0 0 293 379 265 470 0 0 108 0 128 0 65 60 
0 0 0 0 0 54 0 0 0 0 0 23 24 0 0 291 378 274 478 0 0 107 0 128 0 65 60 
0 0 0 0 0 58 0 0 0 0 0 22 24 0 0 298 364 273 471 0 0 109 0 128 0 66 60 
0 0 0 0 0 58 0 0 0 0 0 22 24 0 0 293 365 278 474 0 0 109 0 128 0 66 60 
0 0 0 0 0 56 0 0 0 0 0 23 24 0 0 306 370 271 476 0 0 108 0 128 0 67 60 
0 0 0 0 0 57 0 0 0 0 0 22 24 0 0 298 364 269 469 0 0 108 0 128 0 65 60 
0 0 0 0 0 59 0 0 0 0 0 23 24 0 0 295 364 259 477 0 0 109 0 128 0 66 60 
0 0 0 0 0 57 0 11 0 0 0 21 24 0 0 309 367 268 477 0 0 108 0 128 0 65 60 
0 0 0 0 0 53 0 0 0 0 0 24 24 0 0 298 369 259 471 0 0 109 0 128 0 65 60 
0 0 0 0 0 56 0 30 0 0 0 22 23 0 0 290 377 260 478 0 0 109 0 128 0 66 60 
0 0 0 0 0 58 0 15 0 0 0 23 24 0 0 292 375 262 477 0 0 109 0 128 0 66 60 
0 0 0 0 0 58 0 16 0 0 0 23 24 0 0 292 363 272 476 0 0 109 0 128 0 65 60 
0 0 0 0 0 55 0 31 0 0 0 24 24 0 0 292 365 263 470 0 0 109 0 128 0 66 60 
0 0 0 0 0 56 0 10 0 0 0 24 24 0 0 295 379 275 467 0 0 109 0 128 0 66 60 
0 0 0 0 0 58 0 40 0 0 0 23 24 0 0 307 377 271 474 0 0 109 0 128 0 66 60 
0 0 0 0 0 56 0 0 0 0 0 24 24 0 0 307 375 266 478 0 0 109 0 128 0 65 60 
0 0 0 0 0 55 0 27 0 0 0 25 24 0 0 302 377 258 469 0 0 109 0 128 0 65 60 
0 0 0 0 0 56 0 18 0 0 0 21 22 0 0 302 379 274 467 0 0 109 0 128 0 65 60 
0 0 0 0 0 58 0 0 0 0 0 24 24 0 0 295 366 261 478 0 0 109 0 128 0 66 60 
0 0 0 0 0 56 0 12 0 0 0 24 24 0 0 305 379 275 471 0 0 110 0 128 0 67 60 
0 0 0 0 0 54 0 0 0 0 0 23 24 0 0 303 367 277 478 0 0 109 0 128 0 67 60 
0 21 0 0 0 56 0 0 0 0 0 24 24 0 0 302 371 277 474 0 0 109 0 128 0 67 60 
0 0 0 0 0 57 0 0 0 0 0 21 23 0 0 302 376 261 477 0 0 109 0 128 0 67 60 
0 0 0 0 0 55 0 0 0 0 0 21 23 0 0 306 365 257 468 0 0 109 0 128 0 67 60 
0 0 0 0 0 55 0 0 0 0 0 20 24 0 0 291 375 261 467 0 0 108 0 128 0 67 60 
0 0 0 0 0 56 0 0 0 0 0 23 24 0 0 304 377 256 468 0 0 109 0 128 0 66 60 
0 0 0 0 0 57 0 0 0 0 0 24 24 0 0 295 373 273 469 0 0 109 0 128 0 65 60 
0 0 0 0 0 55 0 0 0 0 0 23 24 0 0 291 378 271 467 0 0 109 0 128 0 66 60 
0 17 14 0 0 54 0 10 0 0 0 24 24 0 0 295 364 257 473 0 0 109 0 128 0 65 60 
0 30 14 0 0 56 0 0 0 0 0 25 24 0 0 292 376 276 472 0 0 109 0 128 0 65 60 
0 0 44 0 0 56 0 10 0 0 0 23 24 0 0 294 365 270 466 0 0 109 0 128 0 65 60 
0 0 0 0 0 55 0 13 0 0 0 24 24 0 0 305 367 277 469 0 0 109 0 128 0 65 60 
0 82 0 0 0 54 0 0 0 0 0 25 24 0 0 304 373 270 473 0 0 109 0 128 0 65 60 
0 53 0 0 0 55 0 24 0 0 0 21 24 0 0 300 375 265 467 0 0 109 0 128 0 66 60 
0 70 0 0 0 56 0 0 0 0 0 21 24 0 0 295 376 258 474 0 0 109 0 128 0 65 60 
0 23 0 0 0 54 0 39 0 0 0 24 24 0 0 295 364 265 476 0 0 108 0 128 0 65 60 
0 76 0 0 0 54 0 19 0 0 0 21 24 0 0 291 363 258 467 0 0 109 0 128 0 65 60 
0 53 0 0 0 57 0 24 0 0 0 23 24 0 0 308 378 275 468 0 0 109 0 128 0 66 60 
0 91 0 0 0 57 0 32 0 0 0 23 24 0 0 307 379 256 468 0 0 108 0 128 0 65 60 
0 80 0 0 0 54 0 17 0 0 0 25 24 0 0 291 369 262 473 0 0 109 0 128 0 66 60 
0 246 0 0 0 54 0 51 0 0 0 22 24 0 0 297 373 264 476 0 0 109 0 128 0 67 60 
0 223 0 0 0 57 0 22 0 0 0 24 24 0 0 308 364 273 476 0 0 109 0 128 0 67 60 
0 250 0 0 0 56 0 45 0 0 0 24 24 0 0 293 364 273 469 0 0 108 0 128 0 67 60 
0 260 0 0 0 54 0 75 0 0 0 23 24 0 0 301 372 278 473 0 0 109 0 128 0 67 60 
0 252 0 0 0 54 0 48 0 0 0 25 24 0 0 297 379 260 469 0 0 109 0 128 0 66 60 
0 234 0 0 0 55 0 49 0 0 0 26 24 0 0 302 373 270 477 0 0 109 0 128 0 65 60 
0 223 0 0 0 55 0 39 0 0 0 24 24 0 0 293 366 274 473 0 0 109 0 128 0 65 60 
0 253 0 0 0 52 0 53 0 0 0 25 24 0 0 293 377 265 469 0 0 109 0 128 0 66 60 
0 224 0 0 0 53 0 0 0 0 0 25 24 0 0 292 364 265 475 0 0 109 0 128 0 65 60 
0 154 0 0 0 57 0 29 0 0 0 23 24 0 0 296 371 276 472 0 0 108 0 128 0 65 60 
0 76 0 0 0 56 0 16 0 0 0 25 24 0 0 308 367 258 477 0 0 109 0 128 0 65 60 
0 69 0 0 0 54 0 16 0 0 0 20 24 0 0 292 371 254 467 0 0 109 0 128 0 66 60 
0 10 0 0 0 55 0 34 0 0 0 25 24 0 0 299 366 276 467 0 0 109 0 128 0 65 60 
0 17 0 0 0 57 0 0 0 0 0 23 24 0 0 299 368 258 466 0 0 109 0 128 0 65 60 
0 11 0 0 0 56 0 21 0 0 0 23 24 0 0 299 367 273 476 0 0 109 0 128 0 65 60 
0 0 0 0 0 54 0 28 0 0 0 26 24 0 0 296 378 265 471 0 0 109 0 128 0 65 60 
0 0 0 0 0 56 0 81 0 0 0 25 24 0 0 305 377 275 468 0 0 109 0 128 0 64 60 
0 0 0 0 0 57 0 86 0 0 0 22 24 0 0 291 367 255 478 0 0 109 0 128 0 64 60 
0 0 0 0 0 55 0 37 0 0 0 25 24 0 0 308 363 276 471 0 0 109 0 128 0 65 60 
0 0 0 0 0 53 0 75 0 0 0 25 24 0 0 300 366 268 467 0 0 108 0 128 0 65 60 
0 0 0 0 0 54 0 95 0 0 0 24 24 0 0 307 362 273 467 0 0 108 0 128 0 65 60 
0 0 0 0 0 55 0 83 0 0 0 22 24 0 0 308 362 271 475 0 0 109 0 128 0 66 60 
0 0 0 0 0 54 0 91 0 0 0 23 24 0 0 303 366 273 470 0 0 109 0 128 0 65 60 
0 0 0 0 0 52 0 95 0 0 0 26 24 0 0 294 364 274 474 0 0 109 0 128 0 65 60 
0 0 0 0 0 54 0 60 0 0 0 23 24 0 0 304 368 276 475 0 0 109 0 128 0 65 60 
0 0 0 0 0 55 0 48 0 0 0 22 24 0 0 300 377 258 472 0 0 109 0 128 0 65 60 
0 0 0 0 0 53 0 76 0 0 0 25 24 0 0 297 363 268 471 0 0 109 0 128 0 65 60 
0 0 0 0 0 52 0 57 0 0 0 23 24 0 0 307 376 275 475 0 0 109 0 128 0 64 60 
0 0 0 0 0 55 0 55 0 0 0 24 24 0 0 306 377 267 466 0 0 109 0 128 0 63 60 
0 0 0 0 0 56 0 21 0 0 0 25 24 0 0 292 367 272 473 0 0 109 0 128 0 63 60 
0 0 0 0 0 53 0 30 0 0 0 24 24 0 0 292 375 271 468 0 0 109 0 128 0 63 60 
0 0 0 0 0 53 0 49 0 0 0 24 24 0 0 296 372 258 476 0 0 109 0 128 0 63 60 
0 0 0 0 0 56 0 33 0 0 0 25 24 0 0 307 365 268 476 0 0 109 0 128 0 63 60 
0 0 0 0 0 56 0 38 0 0 0 24 24 0 0 292 377 277 474 0 0 110 0 128 0 63 60 
0 0 0 0 0 54 0 0 0 0 0 24 24 0 0 292 376 263 475 0 0 109 0 128 0 64 60 
0 0 0 0 0 53 0 19 0 0 0 24 24 0 0 290 366 258 472 0 0 109 0 128 0 64 60 
0 0 0 0 0 55 0 0 0 0 0 22 24 0 0 292 362 277 467 0 0 109 0 128 0 65 60 
0 0 0 0 0 55 0 0 0 0 0 25 24 0 0 299 367 260 466 0 0 109 0 128 0 65 60 
0 0 0 0 0 53 0 0 0 0 0 24 24 0 0 305 370 271 468 0 0 108 0 128 0 65 60 
0 0 0 0 0 54 0 0 0 0 0 25 24 0 0 294 368 273 472 0 0 109 0 128 0 65 60 
0 0 0 0 0 56 0 0 0 0 0 25 24 0 0 299 363 268 476 0 0 108 0 128 0 65 60 
0 0 0 0 0 55 0 0 0 0 0 25 24 0 0 292 376 272 476 0 0 108 0 128 0 64 60 
0 0 0 0 0 53 0 23 0 0 0 24 24 0 0 295 362 258 477 0 0 109 0 128 0 64 60 
0 0 0 0 0 54 0 22 0 0 0 24 24 0 0 298 362 263 468 0 0 109 0 128 0 63 60 
0 0 0 0 0 56 0 57 0 0 0 27 24 0 0 304 362 270 475 0 0 109 0 128 0 63 60 
0 0 0 0 0 55 0 35 0 0 0 24 24 0 0 292 360 257 476 0 0 108 0 128 0 62 60 
0 0 0 0 0 53 0 0 0 0 0 24 24 0 0 297 370 273 469 0 0 109 0 128 0 63 60 
0 0 0 0 0 54 0 16 0 0 0 25 24 0 0 304 377 262 466 0 0 109 0 128 0 63 60 
0 0 0 0 0 56 0 0 0 0 0 24 24 0 0 292 370 265 467 0 0 109 0 128 0 64 60 
0 0 0 0 0 54 0 0 0 0 0 24 24 0 0 308 366 261 476 0 0 109 0 128 0 64 60 
0 0 0 0 0 53 0 0 0 0 0 24 24 0 0 307 370 273 470 0 0 109 0 128 0 65 60 
0 0 0 0 0 55 0 0 0 0 0 25 24 0 0 302 372 276 475 0 0 109 0 128 0 65 60 
0 0 0 0 0 56 0 0 0 0 0 26 24 0 0 298 363 275 468 0 0 109 0 128 0 65 60 
0 0 0 0 0 55 0 0 0 0 0 24 24 0 0 297 377 259 467 0 0 109 0 128 0 64 60 
0 0 0 0 0 53 0 0 0 0 0 25 24 0 0 294 367 258 474 0 0 108 0 128 0 64 60 
0 0 0 0 0 54 0 12 0 0 0 24 24 0 0 306 371 270 466 0 0 109 0 128 0 64 60 
0 0 0 0 0 56 0 38 0 0 0 22 24 0 0 305 373 260 472 0 0 109 0 128 0 63 60 
0 0 0 0 0 54 0 29 0 0 0 26 24 0 0 297 371 264 474 0 0 109 0 128 0 64 60 
0 0 0 0 0 53 0 72 0 0 0 24 24 0 0 304 367 259 473 0 0 109 0 128 0 63 60 
0 0 0 0 0 55 0 53 0 0 0 24 24 0 0 294 362 261 470 0 0 109 0 128 0 63 60 
0 0 0 0 0 56 0 12 0 0 0 25 24 0 0 305 373 275 467 0 0 109 0 128 0 64 60 
0 0 0 0 0 53 0 68 0 0 0 23 24 0 0 294 363 276 477 0 0 108 0 128 0 64 60 
0 0 0 0 0 53 0 68 0 0 0 25 24 0 0 297 363 262 469 0 0 109 0 128 0 64 60 
0 0 0 0 0 55 0 57 0 0 0 23 24 0 0 299 375 273 468 0 0 109 0 128 0 64 60 
0 0 0 0 0 56 0 32 0 0 0 24 24 0 0 305 363 266 477 0 0 109 0 128 0 64 60 
0 0 0 0 0 53 0 61 0 0 0 25 24 0 0 298 365 267 470 0 0 110 0 128 0 64 60 
0 0 0 0 0 52 0 66 0 0 0 25 23 0 0 297 377 273 476 0 0 109 0 128 0 63 60 
0 0 0 0 0 55 0 33 0 0 0 24 24 0 0 299 378 275 473 0 0 109 0 128 0 62 60 
0 0 0 0 0 55 0 47 0 0 0 26 24 0 0 293 377 268 471 0 0 109 0 128 0 61 60 
0 0 0 0 0 53 0 15 0 0 0 25 24 0 0 292 361 275 475 0 0 109 0 128 0 61 60 
0 0 0 0 0 53 0 0 0 0 0 24 24 0 0 304 361 272 467 0 0 109 0 128 0 60 60 
0 0 0 0 0 55 0 12 0 0 0 26 24 0 0 306 375 273 468 0 0 109 0 128 0 60 60 
0 0 0 0 0 55 0 0 0 0 0 24 24 0 0 290 368 255 475 0 0 109 0 128 0 60 60 
0 0 0 0 0 53 0 14 0 0 0 25 24 0 0 306 362 262 471 0 0 110 0 128 0 60 60 
0 0 0 0 0 53 0 0 0 0 0 24 24 0 0 292 377 257 472 0 0 108 0 128 0 60 60 
0 0 0 0 0 55 0 0 0 0 0 25 24 0 0 302 375 267 466 0 0 108 0 128 0 60 60 
0 0 0 0 0 55 0 0 0 0 0 24 24 0 0 295 362 273 475 0 0 108 0 128 0 59 60 
0 0 0 0 0 53 0 0 0 0 0 21 24 0 0 291 370 261 472 0 0 109 0 128 0 59 60 
0 0 0 0 0 54 0 15 0 0 0 26 24 0 0 299 367 275 466 0 0 109 0 128 0 58 60 
0 0 0 0 0 55 0 0 0 0 0 25 24 0 0 301 370 275 471 0 0 109 0 128 0 58 60 
0 0 0 0 0 54 0 27 0 0 0 23 24 0 0 300 363 274 471 0 0 108 0 128 0 59 60 
0 0 0 0 0 52 0 0 0 0 0 26 24 0 0 293 377 275 472 0 0 109 0 128 0 59 60 
0 0 0 0 0 53 0 20 0 0 0 24 24 0 0 297 374 274 476 0 0 109 0 128 0 59 60 
0 0 0 0 0 55 0 0 0 0 0 26 24 0 0 306 364 262 475 0 0 109 0 128 0 59 60 
0 0 0 0 0 54 0 0 0 0 0 23 24 0 0 303 365 277 471 0 0 110 0 128 0 59 60 
0 0 0 0 0 52 0 0 0 0 0 23 24 0 0 300 363 272 477 0 0 109 0 128 0 59 60 
0 0 0 0 0 53 0 0 0 0 0 25 24 0 0 302 365 257 464 0 0 110 0 128 0 58 60 
0 0 0 0 0 55 0 0 0 0 0 23 24 0 0 297 360 277 470 0 0 109 0 128 0 59 60 
0 0 0 0 0 53 0 0 0 0 0 24 23 0 0 294 365 260 473 0 0 109 0 128 0 58 60 
0 0 0 0 0 52 0 0 0 0 0 25 24 0 0 291 369 256 465 0 0 108 0 128 0 59 60 
0 0 0 0 0 53 0 0 0 0 0 25 23 0 0 291 362 263 475 0 0 108 0 128 0 60 60 
0 0 0 0 0 55 0 0 0 0 0 24 24 0 0 292 362 259 472 0 0 108 0 128 0 62 60 
0 0 0 0 0 53 0 0 0 0 0 24 23 0 0 296 376 265 475 0 0 109 0 128 0 62 60 
0 0 0 0 0 52 0 0 0 0 0 26 24 0 0 307 361 276 467 0 0 109 0 128 0 63 60 
0 0 0 0 0 53 0 0 0 0 0 25 24 0 0 302 375 257 473 0 0 109 0 128 0 63 60 
0 0 0 0 0 55 0 0 0 0 0 22 24 0 0 296 363 264 467 0 0 109 0 128 0 64 60 
0 0 0 0 0 52 0 0 0 0 0 23 24 0 0 295 376 258 475 0 0 109 0 128 0 63 60 
0 0 0 0 0 51 0 0 0 0 0 26 24 0 0 307 364 257 467 0 0 110 0 128 0 62 60 
0 0 0 0 0 53 0 0 0 0 0 23 23 0 0 304 372 272 467 0 0 109 0 128 0 60 60 
0 0 0 0 0 54 0 0 0 0 0 23 23 0 0 292 365 259 467 0 0 109 0 128 0 60 60 
0 0 0 0 0 52 0 0 0 0 0 26 24 0 0 304 368 258 475 0 0 109 0 128 0 59 60 
0 0 0 0 0 51 0 0 0 0 0 24 23 0 0 291 367 275 467 0 0 109 0 128 0 59 60 
0 0 0 0 0 54 0 0 0 0 0 24 23 0 0 307 375 259 471 0 0 109 0 128 0 59 60 
0 0 0 0 0 54 0 0 0 0 0 25 24 0 0 292 368 258 476 0 0 109 0 128 0 58 60 
0 0 0 0 0 52 0 0 0 0 0 24 23 0 0 306 376 261 475 0 0 109 0 128 0 59 60 
0 0 0 0 0 52 0 0 0 0 0 23 23 0 0 304 375 268 475 0 0 109 0 128 0 61 60 
0 0 0 0 0 55 0 0 0 0 0 23 24 0 0 299 375 259 467 0 0 109 0 128 0 60 60 
0 0 0 0 0 54 0 0 0 0 0 22 23 0 0 301 361 257 468 0 0 109 0 128 0 60 60 
0 0 0 0 0 51 0 0 0 0 0 24 24 0 0 304 370 264 472 0 0 109 0 128 0 60 60 
0 0 0 0 0 52 0 0 0 0 0 20 23 0 0 292 369 259 467 0 0 109 0 128 0 61 60 
0 0 0 0 0 56 0 0 0 0 0 26 24 0 0 295 375 259 466 0 0 109 0 128 0 60 60 
0 12 0 0 0 54 0 0 0 0 0 25 23 0 0 302 373 258 469 0 0 109 0 128 0 60 60 
0 0 0 0 0 51 0 0 0 0 0 24 24 0 0 291 366 258 476 0 0 109 0 128 0 59 60 
0 0 0 0 0 51 0 0 0 0 0 25 24 0 0 305 362 260 475 0 0 109 0 128 0 59 60 
0 0 0 0 0 54 0 0 0 0 0 25 24 0 0 293 362 276 476 0 0 109 0 128 0 59 60 
0 0 0 0 0 52 0 0 0 0 0 24 23 0 0 308 373 264 473 0 0 109 0 128 0 58 60 
0 0 0 0 0 51 0 0 0 0 0 24 23 0 0 308 363 271 472 0 0 109 0 128 0 59 60 
0 0 0 0 0 54 0 0 0 0 0 25 23 0 0 295 368 270 476 0 0 109 0 128 0 59 60 
0 0 0 0 0 55 0 0 0 0 0 27 23 0 0 304 368 258 476 0 0 109 0 128 0 59 60 
0 0 0 0 0 54 0 0 0 0 0 22 23 0 0 291 366 258 469 0 0 109 0 128 0 60 60 
0 0 0 0 0 52 0 0 0 0 0 23 23 0 0 292 366 274 469 0 0 109 0 128 0 59 60 
0 0 0 0 0 54 0 0 0 0 0 25 23 0 0 297 362 275 465 0 0 109 0 128 0 59 60 
0 0 0 0 0 55 0 0 0 0 0 26 23 0 0 291 377 259 469 0 0 109 0 128 0 59 60 
0 0 0 0 0 53 0 0 0 0 0 25 23 0 0 299 362 258 473 0 0 109 0 128 0 58 60 
0 0 0 0 0 52 0 0 0 0 0 23 23 0 0 304 371 269 471 0 0 109 0 128 0 58 60 
0 0 0 0 0 54 0 0 0 0 0 24 23 0 0 292 363 256 475 0 0 109 0 128 0 58 60 
0 0 0 0 0 55 0 0 0 0 0 25 23 0 0 292 361 273 465 0 0 108 0 128 0 58 60 
0 0 0 0 0 53 0 0 0 0 0 21 23 0 0 308 360 268 466 0 0 108 0 128 0 58 60 
0 0 0 0 0 52 0 0 0 0 0 26 23 0 0 291 375 270 468 0 0 108 0 128 0 59 60 
0 0 0 0 0 54 0 0 0 0 0 24 23 0 0 294 364 265 475 0 0 108 0 128 0 58 60 
0 0 0 0 0 55 0 0 0 0 0 24 23 0 0 306 374 275 466 0 0 108 0 128 0 58 60 
0 0 0 0 0 53 0 0 0 0 0 25 23 0 0 291 378 264 467 0 0 108 0 128 0 59 60 
0 0 0 0 0 52 0 0 0 0 0 25 23 0 0 293 373 264 467 0 0 108 0 128 0 59 60 
0 0 0 0 0 55 0 0 0 0 0 24 23 0 0 292 373 255 473 0 0 109 0 128 0 59 60 
0 0 0 0 0 55 0 0 0 0 0 25 23 0 0 295 370 272 472 0 0 108 0 128 0 59 60 
0 0 0 0 0 52 0 0 0 0 0 24 23 0 0 307 375 275 466 0 0 109 0 128 0 59 60 
0 0 0 0 0 52 0 0 0 0 0 25 23 0 0 304 372 263 464 0 0 109 0 128 0 58 60 
0 0 0 0 0 55 0 0 0 0 0 23 23 0 0 294 361 259 467 0 0 109 0 128 0 58 60 
0 0 0 0 0 55 0 0 0 0 0 25 23 0 0 308 365 264 469 0 0 109 0 128 0 58 60 
0 0 0 0 0 53 0 0 0 0 0 24 23 0 0 302 369 266 467 0 0 109 0 128 0 59 60 
0 0 0 0 0 53 0 0 0 0 0 22 23 0 0 299 371 268 475 0 0 109 0 128 0 60 60 
0 0 0 0 0 55 0 0 0 0 0 23 23 0 0 307 363 255 466 0 0 108 0 128 0 60 60 
0 0 0 0 0 55 0 0 0 0 0 24 23 0 0 305 364 277 467 0 0 109 0 128 0 60 60 
0 0 0 0 0 52 0 0 0 0 0 24 23 0 0 306 364 268 470 0 0 109 0 128 0 59 60 
0 13 0 0 0 53 0 0 0 0 0 25 23 0 0 290 367 274 471 0 0 109 0 128 0 59 60 
0 0 0 0 0 56 0 0 0 0 0 24 23 0 0 307 372 261 476 0 0 108 0 128 0 58 60 
0 14 0 0 0 55 0 0 0 0 0 27 23 0 0 302 360 274 470 0 0 108 0 128 0 57 60 
0 0 0 0 0 53 0 0 0 0 0 23 23 0 0 293 365 261 475 0 0 108 0 128 0 57 60 
0 0 0 0 0 53 0 0 0 0 0 23 23 0 0 303 360 260 476 0 0 108 0 128 0 57 60 
0 0 0 0 0 55 0 0 0 0 0 26 23 0 0 293 376 273 469 0 0 109 0 128 0 57 60 
0 0 0 0 0 54 0 0 0 0 0 25 23 0 0 304 375 265 470 0 0 109 0 128 0 58 60 
0 0 0 0 0 52 0 0 0 0 0 23 23 0 0 297 362 267 473 0 0 109 0 128 0 58 60 
0 0 0 0 0 53 0 0 0 0 0 25 23 0 0 307 375 266 466 0 0 109 0 128 0 58 60 
0 0 0 0 0 56 0 0 0 0 0 24 23 0 0 293 364 265 474 0 0 109 0 128 0 57 60 
0 0 0 0 0 54 0 0 0 0 0 25 23 0 0 307 363 272 468 0 0 109 0 128 0 58 60 
0 0 0 0 0 53 0 0 0 0 0 24 23 0 0 293 374 256 467 0 0 109 0 128 0 58 60 
0 45 0 0 0 54 0 0 0 0 0 23 23 0 0 306 358 264 467 0 0 109 0 128 0 57 60 
0 34 0 0 0 56 0 0 0 0 0 25 23 0 0 307 365 274 476 0 0 109 0 128 0 57 60 
0 60 0 0 0 54 0 0 0 0 0 23 23 0 0 304 361 273 475 0 0 109 0 128 0 58 60 
0 28 0 0 0 52 0 0 0 0 0 26 24 25 0 290 376 277 476 0 0 109 0 128 0 57 60 
0 114 0 0 0 74 0 38 0 79 0 27 25 46 0 297 377 260 476 0 0 109 0 128 0 57 60 
0 152 62 0 11 114 0 59 73 294 0 24 23 35 0 304 376 261 475 0 0 109 0 128 0 57 60 
0 150 59 0 29 173 0 49 80 317 0 18 22 41 0 300 370 276 469 0 0 110 0 128 0 56 60 
0 142 58 0 54 200 0 50 78 305 0 14 22 42 0 307 368 268 465 0 0 109 0 128 0 56 60 
35 150 62 0 89 200 0 57 79 307 0 10 21 54 0 230 146 228 258 0 0 108 0 128 0 54 60 
147 151 60 0 123 200 0 60 79 306 0 0 19 56 0 28 0 0 39 0 0 85 0 128 0 53 60 
132 153 62 0 146 200 0 58 80 306 0 0 18 53 0 265 46 78 521 0 0 57 0 128 0 53 60 
139 146 63 0 161 200 0 60 81 307 0 0 18 42 0 576 360 241 721 0 0 54 0 128 0 51 60 
143 144 63 0 165 187 0 61 81 309 0 0 17 40 0 627 273 260 645 0 0 72 0 128 0 50 60 
140 146 64 0 164 155 0 57 80 306 0 0 17 36 0 554 350 276 771 0 0 87 0 128 0 50 60 
149 153 63 0 162 122 0 61 81 304 0 0 17 33 0 546 321 251 662 0 0 103 0 128 0 50 60 
147 146 62 0 159 105 0 64 82 306 0 0 17 47 0 514 454 256 602 0 0 112 0 128 0 49 60 
144 143 65 0 156 95 0 62 81 294 0 0 18 54 0 555 235 229 661 0 0 116 0 128 0 49 60 
147 149 62 0 154 89 0 58 81 286 0 0 19 53 0 549 193 263 720 0 0 115 0 128 0 49 60 
147 148 66 0 152 85 0 62 82 301 0 10 20 50 0 557 510 254 671 0 0 113 0 128 0 49 60 
152 152 63 0 150 86 0 62 80 311 0 16 21 49 0 555 297 278 680 0 0 113 0 128 0 49 60 
153 151 64 0 147 88 0 60 80 317 0 19 22 48 0 547 193 256 636 0 0 117 0 128 0 49 60 
150 154 66 0 146 87 0 62 80 313 0 19 24 40 0 602 366 263 676 0 0 128 0 128 0 48 60 
148 151 64 0 143 92 0 62 80 309 0 18 25 33 0 549 298 285 614 0 0 136 0 128 0 49 60 
152 147 65 0 141 92 0 64 80 310 0 21 25 30 0 547 230 241 692 0 0 144 0 128 0 48 60 
149 149 65 0 139 87 0 65 81 315 0 19 25 36 0 545 277 275 644 0 0 139 0 128 0 48 60 
152 156 63 0 137 81 0 67 81 310 0 20 25 42 0 553 412 293 638 0 0 131 0 128 0 48 60 
152 149 63 0 136 84 0 64 80 305 0 17 25 44 0 543 307 280 656 0 0 125 0 128 0 48 60 
151 152 65 0 134 85 0 65 78 303 0 20 25 46 0 603 343 277 615 0 0 129 0 128 0 47 60 
148 152 66 0 133 92 0 68 78 299 0 19 25 49 0 599 469 273 685 0 0 137 0 128 0 46 60 
148 150 64 0 132 94 0 67 78 299 0 20 24 45 0 539 231 287 636 0 0 142 0 128 0 46 60 
152 156 68 0 133 95 0 65 79 302 0 19 24 41 0 507 387 278 629 0 0 141 0 128 0 47 60 
152 152 65 0 134 88 0 64 80 303 0 19 25 39 0 495 329 263 645 0 0 137 0 128 0 46 60 
144 153 65 0 133 84 0 66 80 301 0 20 25 39 0 573 376 278 644 0 0 141 0 128 0 46 60 
149 151 66 0 131 87 0 64 80 298 0 20 24 35 0 509 225 277 653 0 0 147 0 128 0 45 60 
152 147 65 0 130 88 0 63 78 297 0 19 25 36 0 564 464 246 668 0 0 155 0 128 0 46 60 
150 152 68 0 127 87 0 64 79 306 0 19 25 36 0 543 261 290 670 0 0 159 0 128 0 45 60 
152 161 72 0 127 87 0 63 79 312 0 20 25 41 0 550 295 253 695 0 0 154 0 128 0 46 60 
144 154 63 0 127 88 0 63 80 309 0 18 24 41 0 499 259 248 638 0 0 150 0 128 0 46 60 
155 154 62 0 128 84 0 64 82 306 0 20 25 40 0 549 444 278 690 0 0 150 0 128 0 45 60 
147 148 65 0 129 84 0 65 82 303 0 21 25 43 0 578 257 248 672 0 0 147 0 128 0 44 60 
156 153 68 0 131 83 0 62 81 302 0 20 24 48 0 520 352 289 665 0 0 143 0 128 0 44 60 
157 152 67 0 133 85 0 66 80 308 0 21 25 46 0 590 349 304 680 0 0 134 0 128 0 44 60 
138 146 68 0 134 81 0 68 79 305 0 21 24 40 0 586 406 293 743 0 0 124 0 128 0 44 60 
139 145 64 0 136 84 0 63 79 303 0 20 24 41 0 602 305 272 679 0 0 116 0 128 0 44 60 
158 146 65 0 136 87 0 63 80 305 0 21 24 46 0 508 185 257 632 0 0 101 0 128 0 44 60 
135 150 67 0 134 87 0 65 79 305 0 21 24 51 0 518 292 285 636 0 0 90 0 128 0 44 60 
155 149 65 0 132 85 0 63 80 306 0 20 24 49 0 528 307 269 613 0 0 79 0 128 0 44 60 
152 144 63 0 130 87 0 62 79 304 0 20 24 50 0 567 297 278 627 0 0 77 0 128 0 44 60 
156 146 66 0 129 92 0 66 81 302 0 21 24 49 0 547 308 275 691 0 0 75 0 128 0 44 60 
158 146 65 0 129 89 0 64 81 304 0 23 24 42 0 521 204 271 618 0 0 75 0 128 0 44 60 
157 156 63 0 129 94 0 61 80 295 0 21 24 34 0 533 223 270 641 0 0 75 0 128 0 44 60 
153 153 66 0 130 98 0 67 80 288 0 22 24 26 0 550 459 260 678 0 0 79 0 128 0 44 60 
153 151 68 0 131 102 0 63 79 299 0 23 24 29 0 517 389 229 642 0 0 83 0 128 0 41 60 
155 149 65 0 132 92 0 63 80 309 0 22 24 30 0 490 233 270 646 0 0 94 0 128 0 38 60 
151 148 68 0 133 92 0 68 81 307 0 25 24 37 0 535 427 278 649 0 0 101 0 128 0 37 60 
152 151 65 0 133 96 0 69 78 305 0 28 24 38 0 534 278 322 676 0 0 106 0 128 0 35 60 
152 152 67 0 133 92 0 65 80 300 0 23 24 46 0 585 224 272 672 0 0 105 0 128 0 38 60 
151 150 67 0 131 81 0 64 79 300 0 25 24 49 0 549 388 272 683 0 0 103 0 128 0 37 60 
152 151 65 0 130 80 0 69 81 306 0 24 24 42 0 552 309 294 706 0 0 105 0 128 0 36 60 
151 151 65 0 129 86 0 63 80 307 0 25 23 42 0 576 299 251 655 0 0 108 0 128 0 35 60 
151 152 65 0 129 88 0 65 81 304 0 23 24 39 0 544 311 265 670 0 0 111 0 128 0 35 60 
150 151 65 0 129 89 0 66 81 302 0 24 24 44 0 548 287 269 689 0 0 116 0 128 0 37 60 
147 152 64 0 130 93 0 61 81 298 0 27 24 50 0 536 255 276 671 0 0 119 0 128 0 37 60 
151 155 64 0 130 100 0 60 80 296 0 28 24 42 0 527 318 245 652 0 0 117 0 128 0 36 60 
149 153 68 0 130 90 0 67 80 302 0 29 24 42 0 571 328 278 658 0 0 109 0 128 0 35 60 
152 146 66 0 130 90 0 64 80 306 0 25 24 43 0 594 228 268 673 0 0 107 0 128 0 34 60 
154 150 66 0 131 95 0 60 80 306 0 25 24 43 0 515 304 264 692 0 0 109 0 128 0 34 60 
151 160 67 0 131 98 0 61 80 301 0 23 24 39 0 510 275 256 650 0 0 112 0 128 0 34 60 
