153 150 73 0 132 98 0 64 89 311 0 0 26 56 0 663 359 371 532 0 0 136 0 135 0 66 60 
155 154 76 0 132 98 0 65 89 310 0 0 26 50 0 674 237 361 532 0 0 136 0 135 0 65 60 
154 157 76 0 131 91 0 64 88 303 0 0 26 39 0 622 278 380 551 0 0 128 0 135 0 66 60 
155 154 73 0 130 89 0 64 86 296 0 0 26 33 0 608 382 346 523 0 0 127 0 135 0 66 60 
156 154 75 0 130 91 0 68 90 304 0 0 26 36 0 684 408 351 546 0 0 125 0 135 0 66 60 
153 149 73 0 130 79 0 66 89 316 0 0 26 43 0 639 154 348 481 0 0 122 0 135 0 65 60 
157 156 74 0 129 72 0 63 88 310 0 0 26 45 0 658 182 359 562 0 0 121 0 135 0 66 60 
152 155 74 0 129 73 0 74 89 308 0 0 26 47 0 659 436 350 558 0 0 117 0 135 0 65 60 
152 154 76 0 128 81 0 70 87 303 0 0 26 50 0 678 283 361 520 0 0 112 0 135 0 65 60 
150 156 77 0 129 84 0 64 88 305 0 0 26 45 0 714 175 355 587 0 0 106 0 135 0 66 60 
151 151 75 0 130 99 0 67 88 312 0 0 26 41 0 682 405 379 556 0 0 101 0 135 0 65 60 
155 156 77 0 131 120 0 70 89 310 0 0 26 45 0 663 378 385 529 0 0 101 0 135 0 66 60 
149 155 74 0 132 110 0 64 88 308 0 0 27 42 0 673 324 388 525 0 0 106 0 135 0 65 60 
152 156 75 0 131 102 0 67 89 305 0 0 27 38 0 639 333 380 544 0 0 107 0 135 0 65 60 
151 162 76 0 129 100 0 67 87 306 0 0 27 38 0 663 330 335 574 0 0 113 0 135 0 66 60 
156 144 73 0 127 101 0 63 89 304 0 0 27 39 0 695 331 333 647 0 0 120 0 135 0 65 60 
150 154 71 0 126 85 0 66 90 312 0 0 27 44 0 642 408 397 534 0 0 122 0 135 0 66 60 
152 164 75 0 127 73 0 66 90 311 0 0 27 42 0 648 206 380 528 0 0 117 0 135 0 66 60 
151 159 78 0 129 73 0 63 87 307 0 0 27 47 0 652 385 343 565 0 0 112 0 135 0 66 60 
153 159 70 0 131 72 0 67 86 303 0 0 27 48 0 636 342 374 537 0 0 113 0 135 0 66 60 
157 150 76 0 134 68 0 68 88 308 0 0 27 39 0 682 354 369 538 0 0 109 0 135 0 67 60 
157 159 78 0 136 73 0 64 88 317 0 0 27 35 0 707 304 351 554 0 0 113 0 135 0 67 60 
154 156 71 0 137 83 0 65 88 318 0 0 27 46 0 659 268 345 508 0 0 109 0 135 0 67 60 
154 153 76 0 139 89 0 67 89 313 0 0 27 53 0 692 263 386 512 0 0 107 0 135 0 67 60 
158 150 77 0 138 81 0 63 89 309 0 0 26 48 0 629 331 366 536 0 0 110 0 135 0 67 60 
155 148 75 0 137 75 0 62 87 306 0 0 27 51 0 655 377 374 574 0 0 112 0 135 0 66 60 
153 155 77 0 135 79 0 65 89 310 0 0 26 49 0 645 97 382 589 0 0 108 0 135 0 65 60 
158 156 74 0 134 85 0 62 89 314 0 0 27 36 0 703 237 346 525 0 0 109 0 135 0 65 60 
155 149 76 0 132 89 0 64 88 307 0 0 26 31 0 670 367 379 561 0 0 113 0 135 0 66 60 
152 155 76 0 133 87 0 67 86 309 0 0 26 26 0 649 315 355 563 0 0 117 0 135 0 65 60 
155 150 78 0 132 92 0 66 86 314 0 0 27 27 0 653 331 417 526 0 0 123 0 135 0 65 60 
150 156 73 0 134 89 0 65 85 308 0 0 26 34 0 655 236 367 474 0 0 125 0 135 0 66 60 
153 156 75 0 135 82 0 67 86 310 0 0 27 42 0 700 382 358 540 0 0 128 0 135 0 66 60 
157 155 76 0 136 78 0 73 87 313 0 0 27 49 0 685 390 341 572 0 0 127 0 135 0 66 60 
154 154 73 0 136 83 0 66 88 303 0 0 27 46 0 671 341 335 498 0 0 121 0 135 0 66 60 
153 152 75 0 136 87 0 66 88 302 0 0 27 43 0 658 185 341 493 0 0 118 0 135 0 66 60 
153 155 76 0 135 90 0 64 87 298 0 0 27 39 0 671 172 366 507 0 0 119 0 135 0 67 60 
156 157 77 0 133 92 0 63 87 311 0 0 27 44 0 686 335 348 530 0 0 119 0 135 0 68 60 
154 155 77 0 132 94 0 64 87 316 0 0 27 51 0 662 262 348 537 0 0 120 0 135 0 68 60 
154 155 79 0 132 93 0 67 87 309 0 0 27 46 0 611 238 347 560 0 0 118 0 135 0 69 60 
156 156 78 0 131 85 0 64 89 305 0 0 27 43 0 624 320 353 498 0 0 113 0 135 0 69 60 
150 153 80 0 132 85 0 66 89 306 0 0 27 43 0 646 230 353 551 0 0 107 0 135 0 69 60 
153 155 77 0 133 90 0 72 90 309 0 0 27 44 0 625 250 377 585 0 0 102 0 135 0 68 60 
154 153 73 0 132 91 0 67 90 316 0 0 27 42 0 645 258 329 573 0 0 103 0 135 0 68 60 
157 160 74 0 132 88 0 65 89 316 0 0 28 46 0 680 470 328 567 0 0 110 0 135 0 70 60 
154 156 75 0 132 90 0 69 87 310 0 0 27 45 0 682 201 365 583 0 0 109 0 135 0 69 60 
154 146 71 0 132 93 0 66 87 309 0 0 27 43 0 667 244 368 568 0 0 113 0 135 0 69 60 
151 152 68 0 133 93 0 65 88 305 0 0 27 52 0 649 355 359 585 0 0 118 0 135 0 70 60 
157 159 70 0 133 83 0 68 89 308 0 0 27 55 0 661 296 351 553 0 0 118 0 135 0 69 60 
160 157 75 0 132 83 0 62 88 312 0 0 27 53 0 636 267 366 538 0 0 113 0 135 0 69 60 
150 153 74 0 130 87 0 62 89 309 0 0 27 49 0 685 358 376 509 0 0 109 0 135 0 69 60 
156 151 72 0 130 88 0 69 90 305 0 0 27 37 0 685 297 359 478 0 0 114 0 135 0 69 60 
158 155 74 0 129 88 0 66 90 304 0 0 27 42 0 718 234 347 514 0 0 118 0 135 0 69 60 
156 153 76 0 131 99 0 63 91 311 0 0 27 50 0 645 230 386 550 0 0 118 0 135 0 68 60 
155 151 73 0 131 110 0 68 90 316 0 0 26 57 0 666 312 356 470 0 0 117 0 135 0 68 60 
155 147 69 0 132 109 0 66 89 316 0 0 26 60 0 611 372 350 547 0 0 118 0 135 0 68 60 
156 150 72 0 133 106 0 65 89 307 0 0 26 48 0 643 254 310 554 0 0 122 0 135 0 68 60 
153 157 77 0 135 106 0 68 90 307 0 0 26 44 0 680 229 374 528 0 0 122 0 135 0 67 60 
155 152 77 0 136 105 0 65 89 306 0 0 27 33 0 704 441 358 539 0 0 115 0 135 0 66 60 
152 149 71 0 138 90 0 67 87 307 0 0 26 30 0 680 153 357 498 0 0 108 0 135 0 65 60 
152 155 75 0 139 78 0 67 87 310 0 0 26 45 0 615 211 368 585 0 0 101 0 135 0 66 60 
155 152 74 0 139 77 0 65 86 307 0 0 26 51 0 614 300 352 484 0 0 95 0 135 0 66 60 
153 158 80 0 137 76 0 65 88 312 0 0 27 54 0 665 392 386 530 0 0 103 0 135 0 65 60 
154 155 70 0 136 76 0 67 88 312 0 0 26 52 0 636 287 373 523 0 0 129 0 135 0 66 60 
151 154 75 0 135 84 0 67 89 312 0 0 27 52 0 654 203 368 536 0 0 139 0 135 0 66 60 
153 155 74 0 134 88 0 66 89 312 0 0 26 44 0 645 385 353 534 0 0 143 0 135 0 66 60 
151 150 75 0 133 85 0 67 90 312 0 0 27 32 0 636 238 374 556 0 0 140 0 135 0 66 60 
154 154 74 0 132 78 0 64 89 303 0 0 27 34 0 631 311 374 534 0 0 140 0 135 0 66 60 
155 160 76 0 132 76 0 67 88 298 0 0 27 42 0 647 198 385 545 0 0 137 0 135 0 65 60 
155 156 71 0 130 82 0 70 88 303 0 0 27 45 0 687 193 356 549 0 0 132 0 135 0 66 60 
152 155 75 0 132 84 0 70 87 312 0 0 27 49 0 716 347 370 566 0 0 128 0 135 0 66 60 
157 154 72 0 131 83 0 68 88 314 0 0 27 50 0 652 344 379 553 0 0 122 0 135 0 66 60 
155 156 75 0 130 88 0 68 88 310 0 0 27 53 0 690 518 375 560 0 0 113 0 135 0 66 60 
156 155 75 0 131 100 0 69 87 307 0 0 26 42 0 655 192 361 560 0 0 106 0 135 0 64 60 
156 155 75 0 130 96 0 66 88 308 0 0 26 44 0 703 202 374 551 0 0 102 0 135 0 63 60 
154 163 74 0 130 86 0 64 88 309 0 0 26 42 0 651 324 358 555 0 0 101 0 135 0 62 60 
157 145 75 0 128 80 0 68 89 311 0 0 26 38 0 651 420 380 541 0 0 104 0 135 0 61 60 
153 151 76 0 130 78 0 64 89 309 0 0 26 39 0 665 216 399 595 0 0 105 0 135 0 61 60 
150 162 77 0 130 73 0 62 90 306 0 0 26 43 0 633 215 371 535 0 0 110 0 135 0 62 60 
158 157 73 0 130 75 0 65 90 304 0 0 26 41 0 596 230 401 509 0 0 115 0 135 0 63 60 
154 159 73 0 129 84 0 66 90 303 0 0 26 43 0 661 241 369 599 0 0 117 0 135 0 64 60 
156 151 77 0 129 97 0 61 89 309 0 0 26 44 0 716 448 394 552 0 0 114 0 135 0 65 60 
155 154 77 0 131 103 0 65 89 313 0 0 26 53 0 693 215 361 530 0 0 111 0 135 0 66 60 
154 155 71 0 132 100 0 67 88 310 0 0 26 42 0 619 218 379 485 0 0 109 0 135 0 66 60 
156 154 75 0 132 99 0 66 87 304 0 0 26 36 0 632 309 355 503 0 0 112 0 135 0 65 60 
156 154 76 0 131 96 0 74 86 307 0 0 26 42 0 634 467 355 535 0 0 114 0 135 0 66 60 
153 147 76 0 129 89 0 68 87 314 0 0 25 55 0 665 199 386 575 0 0 117 0 135 0 66 60 
151 153 74 0 127 82 0 62 88 315 0 0 26 51 0 711 328 379 552 0 0 119 0 135 0 66 60 
154 158 76 0 126 82 0 66 89 314 0 0 25 53 0 641 538 374 539 0 0 117 0 135 0 66 60 
157 151 76 0 127 85 0 68 89 307 0 0 25 49 0 662 282 377 546 0 0 110 0 135 0 65 60 
155 149 75 0 127 85 0 64 89 308 0 0 26 43 0 645 288 392 514 0 0 102 0 135 0 65 60 
152 152 76 0 130 79 0 66 88 310 0 0 25 33 0 632 196 382 511 0 0 103 0 135 0 66 60 
153 152 74 0 133 86 0 66 88 315 0 0 25 26 0 675 283 381 547 0 0 110 0 135 0 66 60 
153 155 76 0 135 87 0 68 89 309 0 0 25 27 0 663 449 367 547 0 0 113 0 135 0 65 60 
152 153 76 0 137 84 0 70 89 310 0 0 25 31 0 655 178 383 592 0 0 116 0 135 0 66 60 
159 151 73 0 139 80 0 66 88 312 0 0 25 39 0 685 245 375 544 0 0 122 0 135 0 65 60 
152 152 72 0 139 85 0 65 88 311 0 0 25 45 0 708 553 371 567 0 0 126 0 135 0 65 60 
155 150 75 0 137 94 0 67 87 312 0 0 25 46 0 641 294 407 523 0 0 129 0 135 0 65 60 
153 154 75 0 135 95 0 68 88 311 0 0 25 44 0 671 342 384 564 0 0 124 0 135 0 65 60 
152 155 73 0 133 99 0 65 88 311 0 0 25 40 0 647 253 371 577 0 0 120 0 135 0 65 60 
153 154 74 0 132 100 0 66 88 303 0 0 25 40 0 671 244 372 610 0 0 120 0 135 0 65 60 
161 156 77 0 132 93 0 64 89 297 0 0 25 49 0 623 307 378 545 0 0 125 0 135 0 65 60 
158 154 75 0 132 80 0 67 87 306 0 0 25 51 0 655 227 356 591 0 0 126 0 135 0 66 60 
154 156 74 0 132 77 0 67 87 314 0 0 25 44 0 612 128 365 567 0 0 123 0 135 0 65 60 
160 154 73 0 133 75 0 67 88 312 0 0 25 41 0 682 388 375 539 0 0 119 0 135 0 66 60 
153 162 74 0 134 78 0 64 88 306 0 0 25 46 0 652 260 366 487 0 0 116 0 135 0 66 60 
155 157 75 0 135 77 0 66 89 304 0 0 25 42 0 633 313 372 598 0 0 113 0 135 0 66 60 
157 147 74 0 135 86 0 69 90 305 0 0 25 41 0 678 443 373 521 0 0 105 0 135 0 65 60 
154 157 72 0 134 95 0 68 89 312 0 0 25 47 0 636 423 367 539 0 0 108 0 135 0 65 60 
151 165 74 0 133 96 0 67 88 311 0 0 25 43 0 641 306 382 524 0 0 105 0 135 0 65 60 
155 156 71 0 132 94 0 66 87 309 0 0 26 49 0 638 205 377 527 0 0 108 0 135 0 65 60 
151 157 72 0 131 101 0 68 87 307 0 0 25 56 0 667 159 335 548 0 0 115 0 135 0 65 60 
158 155 75 0 131 115 0 68 87 305 0 0 25 55 0 670 193 353 522 0 0 125 0 135 0 65 60 
155 155 77 0 131 117 0 68 87 304 0 0 25 47 0 668 315 328 535 0 0 126 0 135 0 65 60 
155 156 76 0 132 109 0 65 89 311 0 0 25 43 0 635 407 367 520 0 0 122 0 135 0 65 60 
149 149 74 0 132 98 0 65 88 311 0 0 25 36 0 619 232 370 562 0 0 120 0 135 0 65 60 
155 148 74 0 132 92 0 66 90 310 0 0 26 40 0 683 383 373 530 0 0 117 0 135 0 65 60 
154 149 74 0 132 77 0 64 89 304 0 0 25 54 0 714 395 365 527 0 0 112 0 135 0 65 60 
157 157 74 0 133 67 0 61 90 307 0 0 25 58 0 716 392 354 546 0 0 111 0 135 0 66 60 
157 155 71 0 133 69 0 63 88 316 0 0 25 58 0 649 221 360 577 0 0 112 0 135 0 65 60 
158 151 70 0 133 72 0 69 87 319 0 0 26 46 0 615 288 362 505 0 0 107 0 135 0 66 60 
154 154 71 0 132 75 0 63 87 314 0 0 25 38 0 644 245 357 593 0 0 108 0 135 0 65 60 
157 150 76 0 131 79 0 67 87 308 0 0 26 29 0 672 215 364 537 0 0 105 0 135 0 66 60 
144 152 74 0 130 88 0 68 87 307 0 0 26 41 0 663 251 339 581 0 0 101 0 135 0 65 60 
140 160 77 0 129 86 0 66 88 307 0 0 26 51 0 692 378 382 570 0 0 100 0 135 0 66 60 
157 154 77 0 129 86 0 67 88 313 0 0 26 52 0 632 424 334 547 0 0 101 0 135 0 65 60 
155 154 77 0 129 81 0 69 87 309 0 0 26 54 0 651 251 364 549 0 0 108 0 135 0 65 60 
159 148 76 0 130 80 0 65 87 307 0 0 26 53 0 628 250 378 584 0 0 116 0 135 0 66 60 
156 152 75 0 131 79 0 64 88 313 0 0 26 48 0 658 345 353 563 0 0 131 0 135 0 65 60 
160 158 74 0 133 78 0 69 88 311 0 0 26 38 0 711 336 352 595 0 0 138 0 135 0 65 60 
158 151 77 0 135 80 0 66 90 312 0 0 26 35 0 635 328 322 582 0 0 141 0 135 0 66 60 
157 154 75 0 137 90 0 63 89 311 0 0 26 38 0 683 251 356 606 0 0 140 0 135 0 66 60 
160 156 78 0 138 90 0 66 87 309 0 0 25 43 0 682 301 351 542 0 0 141 0 135 0 66 60 
150 153 75 0 139 89 0 67 87 301 0 0 26 44 0 702 143 380 552 0 0 143 0 135 0 65 60 
155 159 77 0 138 92 0 63 86 296 0 0 25 49 0 668 330 346 583 0 0 133 0 135 0 65 60 
157 157 76 0 137 93 0 68 86 305 0 0 26 54 0 680 325 373 527 0 0 127 0 135 0 66 60 
159 166 76 0 135 91 0 66 87 315 0 0 25 45 0 658 245 321 568 0 0 123 0 135 0 65 60 
156 146 77 0 135 86 0 65 88 311 0 0 25 42 0 637 304 344 480 0 0 119 0 135 0 65 60 
156 152 77 0 134 90 0 67 87 305 0 0 25 44 0 628 509 347 558 0 0 116 0 135 0 65 60 
156 163 75 0 132 97 0 67 88 306 0 0 25 40 0 612 199 353 560 0 0 110 0 135 0 65 60 
159 159 75 0 132 95 0 63 88 305 0 0 25 38 0 680 228 326 525 0 0 106 0 135 0 66 60 
154 156 76 0 132 88 0 64 88 313 0 0 26 41 0 680 220 334 515 0 0 105 0 135 0 66 60 
154 150 78 0 132 87 0 63 88 312 0 0 26 40 0 653 345 355 558 0 0 104 0 135 0 66 60 
153 153 81 0 132 90 0 63 88 309 0 0 25 41 0 651 299 307 545 0 0 107 0 135 0 66 60 
152 154 75 0 132 96 0 68 89 307 0 0 25 41 0 641 360 341 528 0 0 113 0 135 0 66 60 
156 158 81 0 131 96 0 71 89 306 0 0 26 47 0 620 275 347 557 0 0 117 0 135 0 65 60 
155 147 78 0 131 100 0 66 89 303 0 0 26 46 0 655 321 295 483 0 0 110 0 135 0 65 60 
148 152 74 0 130 107 0 66 89 311 0 0 26 43 0 634 265 358 525 0 0 100 0 135 0 64 60 
156 154 73 0 130 110 0 65 89 312 0 0 26 36 0 643 172 324 594 0 0 100 0 135 0 63 60 
156 158 74 0 130 113 0 66 89 307 0 0 26 45 0 639 442 316 555 0 0 99 0 135 0 63 60 
154 151 77 0 130 102 0 70 89 303 0 0 26 53 0 652 277 341 605 0 0 100 0 135 0 62 60 
158 153 75 0 129 90 0 66 88 305 0 0 26 53 0 657 483 325 517 0 0 105 0 135 0 62 60 
157 148 72 0 129 80 0 64 87 315 0 0 26 51 0 658 224 345 544 0 0 106 0 135 0 63 60 
154 154 75 0 129 73 0 62 89 319 0 0 26 47 0 710 179 360 580 0 0 106 0 135 0 63 60 
156 156 75 0 130 70 0 63 90 314 0 0 26 39 0 708 408 324 538 0 0 105 0 135 0 64 60 
155 158 75 0 132 75 0 66 90 307 0 0 26 29 0 721 390 337 579 0 0 108 0 135 0 64 60 
153 152 74 0 132 82 0 64 88 304 0 0 26 29 0 643 234 310 543 0 0 110 0 135 0 65 60 
152 151 75 0 133 92 0 67 87 305 0 0 26 27 0 645 186 311 579 0 0 113 0 135 0 65 60 
155 150 72 0 132 97 0 68 87 310 0 0 26 35 0 636 389 315 588 0 0 112 0 135 0 65 60 
156 157 77 0 130 97 0 68 88 307 0 0 26 41 0 651 294 345 563 0 0 114 0 135 0 66 60 
155 158 75 0 129 88 0 68 89 308 0 0 26 48 0 653 313 335 567 0 0 116 0 135 0 65 60 
158 156 74 0 127 79 0 69 89 310 0 0 27 45 0 658 363 359 531 0 0 120 0 135 0 65 60 
155 157 78 0 128 77 0 66 87 309 0 0 26 45 0 674 353 353 666 0 0 123 0 135 0 65 60 
156 145 73 0 129 75 0 68 87 309 0 0 26 41 0 634 261 337 507 0 0 127 0 135 0 65 60 
159 158 73 0 131 73 0 68 87 310 0 0 27 44 0 650 235 330 543 0 0 124 0 135 0 66 60 
155 146 74 0 134 78 0 64 88 307 0 0 27 48 0 682 351 370 485 0 0 122 0 135 0 67 60 
158 164 75 0 136 82 0 63 88 301 0 0 26 45 0 648 227 316 505 0 0 121 0 135 0 68 60 
155 155 73 0 137 86 0 67 88 297 0 0 26 42 0 692 222 358 459 0 0 120 0 135 0 70 60 
158 145 76 0 138 85 0 66 87 307 0 0 26 44 0 667 386 310 586 0 0 121 0 135 0 71 60 
150 157 72 0 137 84 0 67 88 314 0 0 26 43 0 658 207 351 516 0 0 116 0 135 0 73 60 
152 161 73 0 135 85 0 66 89 310 0 0 26 40 0 692 383 325 632 0 0 110 0 135 0 73 60 
154 155 73 0 134 87 0 63 89 306 0 0 26 43 0 667 269 330 534 0 0 106 0 135 0 75 60 
154 156 74 0 132 87 0 72 91 304 0 0 26 49 0 695 338 336 545 0 0 112 0 135 0 73 60 
155 156 75 0 131 92 0 66 90 305 0 0 26 43 0 654 394 348 583 0 0 111 0 135 0 72 60 
152 154 75 0 131 99 0 64 89 313 0 0 26 48 0 622 330 313 525 0 0 111 0 135 0 70 60 
152 157 77 0 132 96 0 66 88 312 0 0 26 56 0 666 308 377 530 0 0 109 0 135 0 69 60 
153 150 75 0 133 95 0 69 88 309 0 0 26 52 0 693 315 362 556 0 0 112 0 135 0 69 60 
150 150 77 0 134 96 0 65 87 307 0 0 26 45 0 700 284 377 552 0 0 120 0 135 0 70 60 
152 157 78 0 135 97 0 64 88 305 0 0 26 43 0 665 305 373 570 0 0 126 0 135 0 70 60 
155 157 75 0 136 91 0 66 87 303 0 0 26 41 0 653 273 350 465 0 0 117 0 135 0 70 60 
149 149 75 0 136 82 0 63 88 310 0 0 26 43 0 638 399 321 585 0 0 111 0 135 0 71 60 
158 151 75 0 135 88 0 69 88 312 0 0 26 53 0 646 164 330 572 0 0 111 0 135 0 72 60 
151 154 75 0 133 95 0 67 88 307 0 0 26 60 0 624 207 337 539 0 0 108 0 135 0 73 60 
155 158 74 0 132 104 0 63 87 306 0 0 26 51 0 670 303 370 560 0 0 113 0 135 0 71 60 
153 157 75 0 132 116 0 62 88 310 0 0 26 44 0 651 311 366 555 0 0 115 0 135 0 70 60 
154 162 78 0 131 125 0 69 88 317 0 0 26 37 0 626 208 348 602 0 0 111 0 135 0 68 60 
153 154 80 0 133 115 0 68 88 316 0 0 26 28 0 642 362 335 584 0 0 109 0 135 0 68 60 
154 154 82 0 133 99 0 69 88 311 0 0 26 42 0 642 207 360 597 0 0 106 0 135 0 67 60 
154 152 78 0 132 78 0 69 89 308 0 0 26 52 0 692 348 363 656 0 0 109 0 135 0 67 60 
157 156 75 0 132 78 0 68 89 309 0 0 26 51 0 664 302 337 509 0 0 114 0 135 0 66 60 
152 158 80 0 133 80 0 68 90 312 0 0 26 50 0 697 253 354 563 0 0 116 0 135 0 66 60 
157 157 74 0 133 87 0 67 91 313 0 0 26 53 0 658 404 374 504 0 0 121 0 135 0 65 60 
156 157 75 0 133 82 0 65 88 310 0 0 26 47 0 672 160 343 549 0 0 123 0 135 0 65 60 
154 154 73 0 132 89 0 64 86 309 0 0 26 37 0 674 355 357 540 0 0 129 0 135 0 66 60 
154 153 72 0 131 94 0 63 86 311 0 0 26 33 0 685 389 367 544 0 0 135 0 135 0 66 60 
157 154 70 0 130 86 0 66 88 312 0 0 26 40 0 641 384 330 462 0 0 141 0 135 0 67 60 
155 155 72 0 129 78 0 65 89 313 0 0 26 47 0 662 398 366 592 0 0 136 0 135 0 67 60 
156 157 74 0 129 76 0 63 90 313 0 0 26 44 0 602 243 360 560 0 0 127 0 135 0 67 60 
155 148 74 0 129 76 0 66 89 306 0 0 26 49 0 644 235 357 536 0 0 126 0 135 0 68 60 
153 152 76 0 130 74 0 64 88 301 0 0 26 50 0 697 365 360 521 0 0 126 0 135 0 68 60 
154 161 75 0 131 79 0 67 88 301 0 0 26 45 0 689 222 362 653 0 0 124 0 135 0 68 60 
156 159 74 0 131 88 0 68 90 313 0 0 26 41 0 672 464 355 547 0 0 115 0 135 0 69 60 
153 154 71 0 134 97 0 70 90 316 0 0 27 44 0 643 297 350 545 0 0 109 0 135 0 69 60 
153 152 71 0 135 97 0 68 89 308 0 0 26 39 0 648 210 333 559 0 0 110 0 135 0 69 60 
155 155 74 0 138 100 0 66 89 305 0 0 26 41 0 621 248 377 518 0 0 109 0 135 0 68 60 
155 155 75 0 138 105 0 65 87 305 0 0 26 39 0 706 220 358 500 0 0 108 0 135 0 68 60 
153 152 74 0 138 103 0 63 87 308 0 0 26 45 0 666 399 389 579 0 0 109 0 135 0 68 60 
156 146 73 0 137 93 0 70 88 310 0 0 26 41 0 696 276 371 575 0 0 108 0 135 0 67 60 
156 151 74 0 136 83 0 64 88 307 0 0 27 44 0 641 237 355 512 0 0 112 0 135 0 66 60 
150 153 74 0 135 83 0 66 87 306 0 0 26 45 0 608 291 356 543 0 0 117 0 135 0 66 60 
156 155 76 0 133 88 0 68 87 304 0 0 26 47 0 601 240 353 540 0 0 117 0 135 0 66 60 
156 152 74 0 132 87 0 68 88 304 0 0 26 41 0 654 312 393 555 0 0 112 0 135 0 66 60 
152 151 76 0 131 89 0 66 89 309 0 0 27 37 0 727 497 366 597 0 0 108 0 135 0 66 60 
157 153 69 0 130 103 0 68 90 314 0 0 27 48 0 691 353 382 569 0 0 108 0 135 0 66 60 
155 152 74 0 131 98 0 65 89 308 0 0 26 55 0 693 249 363 599 0 0 105 0 135 0 67 60 
155 156 72 0 131 89 0 66 89 305 0 0 26 50 0 653 310 411 626 0 0 105 0 135 0 67 60 
158 156 78 0 132 78 0 69 88 305 0 0 27 54 0 680 196 370 558 0 0 108 0 135 0 68 60 
157 155 74 0 131 76 0 66 88 310 0 0 27 47 0 658 270 380 515 0 0 116 0 135 0 68 60 
155 156 75 0 130 67 0 62 87 318 0 0 27 37 0 666 300 329 565 0 0 123 0 135 0 68 60 
156 155 76 0 130 67 0 68 87 314 0 0 27 28 0 625 435 353 600 0 0 118 0 135 0 69 60 
154 157 76 0 130 77 0 67 88 309 0 0 27 29 0 637 191 386 509 0 0 116 0 135 0 68 60 
156 155 78 0 130 85 0 65 88 306 0 0 27 28 0 661 407 375 554 0 0 107 0 135 0 69 60 
153 153 79 0 130 84 0 67 89 307 0 0 27 35 0 640 211 368 537 0 0 102 0 135 0 68 60 
160 158 76 0 130 85 0 66 88 313 0 0 27 42 0 618 240 374 555 0 0 103 0 135 0 68 60 
153 156 78 0 129 88 0 71 87 312 0 0 27 47 0 656 312 333 549 0 0 112 0 135 0 68 60 
155 151 73 0 129 80 0 68 89 309 0 0 27 46 0 663 297 365 515 0 0 122 0 135 0 68 60 
154 158 76 0 129 79 0 69 89 311 0 0 26 46 0 637 355 363 661 0 0 131 0 135 0 68 60 
150 159 75 0 129 77 0 64 91 312 0 0 26 43 0 680 360 374 572 0 0 136 0 135 0 68 60 
154 148 79 0 131 81 0 66 91 310 0 0 26 40 0 646 280 366 480 0 0 132 0 135 0 68 60 
160 154 76 0 132 81 0 68 87 313 0 0 26 49 0 719 453 379 585 0 0 125 0 135 0 68 60 
154 163 76 0 132 82 0 66 87 310 0 0 27 46 0 655 237 380 533 0 0 123 0 135 0 68 60 
152 164 73 0 131 80 0 65 87 301 0 0 27 43 0 696 139 372 542 0 0 122 0 135 0 67 60 
155 156 75 0 129 85 0 66 88 298 0 0 27 44 0 652 428 352 498 0 0 120 0 135 0 67 60 
153 151 76 0 128 84 0 67 88 305 0 0 26 47 0 610 254 363 542 0 0 123 0 135 0 66 60 
154 155 78 0 127 80 0 62 88 316 0 0 27 42 0 673 312 339 544 0 0 113 0 135 0 66 60 
152 155 76 0 128 81 0 64 87 312 0 0 26 45 0 687 350 371 530 0 0 111 0 135 0 66 60 
155 156 77 0 129 85 0 64 88 304 0 0 26 46 0 732 238 358 539 0 0 108 0 135 0 66 60 
153 146 77 0 132 89 0 65 89 303 0 0 26 43 0 651 357 353 545 0 0 104 0 135 0 66 60 
154 148 78 0 134 88 0 66 90 306 0 0 26 52 0 741 257 349 568 0 0 106 0 135 0 65 60 
154 155 76 0 137 91 0 70 88 310 0 0 26 56 0 640 292 373 562 0 0 112 0 135 0 66 60 
153 153 77 0 138 93 0 66 89 312 0 0 26 50 0 670 139 341 581 0 0 118 0 135 0 65 60 
155 151 74 0 139 96 0 65 87 309 0 0 26 45 0 613 228 346 592 0 0 120 0 135 0 66 60 
156 152 76 0 137 94 0 73 87 307 0 0 26 45 0 653 355 353 619 0 0 119 0 135 0 66 60 
155 153 76 0 135 94 0 66 88 308 0 0 26 39 0 633 354 348 507 0 0 113 0 135 0 65 60 
154 152 75 0 134 98 0 65 89 306 0 0 26 42 0 644 297 348 573 0 0 110 0 135 0 65 60 
158 154 76 0 133 95 0 67 88 312 0 0 26 57 0 625 199 370 575 0 0 110 0 135 0 66 60 
156 157 75 0 132 90 0 65 88 312 0 0 26 58 0 617 261 341 526 0 0 115 0 135 0 65 60 
157 154 79 0 132 92 0 65 88 307 0 0 26 58 0 694 355 328 550 0 0 114 0 135 0 66 60 
155 155 75 0 132 94 0 68 87 304 0 0 26 42 0 711 304 379 506 0 0 111 0 135 0 66 60 
155 154 78 0 133 93 0 64 88 307 0 0 26 38 0 690 313 353 515 0 0 111 0 135 0 66 60 
152 154 75 0 135 94 0 62 89 316 0 0 26 28 0 646 360 336 556 0 0 108 0 135 0 67 60 
157 158 75 0 136 93 0 70 88 316 0 0 26 39 0 638 275 372 476 0 0 110 0 135 0 67 60 
154 152 75 0 136 99 0 69 88 311 0 0 26 51 0 638 332 316 552 0 0 109 0 135 0 67 60 
154 151 75 0 135 99 0 64 88 307 0 0 26 52 0 682 210 296 566 0 0 106 0 135 0 67 60 
155 158 76 0 133 104 0 66 89 308 0 0 26 52 0 652 479 333 485 0 0 107 0 135 0 68 60 
151 154 77 0 132 101 0 67 89 310 0 0 26 53 0 685 177 352 556 0 0 114 0 135 0 68 60 
153 155 74 0 131 99 0 64 89 314 0 0 27 48 0 631 224 323 561 0 0 116 0 135 0 67 60 
154 161 80 0 130 94 0 63 87 309 0 0 26 40 0 656 438 322 544 0 0 127 0 135 0 67 60 
152 161 76 0 131 90 0 64 87 309 0 0 27 33 0 690 268 343 522 0 0 128 0 135 0 67 60 
156 148 76 0 131 81 0 63 86 313 0 0 26 35 0 675 521 341 556 0 0 129 0 135 0 67 60 
154 151 74 0 132 76 0 65 86 311 0 0 26 44 0 661 314 358 594 0 0 126 0 135 0 67 60 
155 162 73 0 132 75 0 69 88 311 0 0 26 45 0 665 126 342 540 0 0 120 0 135 0 68 60 
152 160 73 0 132 76 0 67 89 313 0 0 27 53 0 663 396 355 542 0 0 122 0 135 0 68 60 
157 157 76 0 133 79 0 69 90 309 0 0 26 50 0 627 227 328 538 0 0 126 0 135 0 69 60 
153 153 76 0 133 83 0 68 90 300 0 0 26 47 0 649 341 343 650 0 0 124 0 135 0 69 60 
154 155 73 0 132 86 0 65 90 300 0 0 26 43 0 632 285 346 523 0 0 123 0 135 0 71 60 
155 154 72 0 132 88 0 69 87 310 0 0 27 45 0 647 350 337 515 0 0 129 0 135 0 70 60 
157 154 74 0 131 96 0 66 88 314 0 0 26 37 0 628 422 367 525 0 0 124 0 135 0 70 60 
155 147 73 0 129 91 0 67 88 309 0 0 26 42 0 644 246 346 565 0 0 119 0 135 0 70 60 
156 149 73 0 129 85 0 63 89 303 0 0 26 37 0 637 295 350 591 0 0 114 0 135 0 69 60 
156 152 75 0 129 83 0 65 87 304 0 0 26 43 0 678 351 364 548 0 0 114 0 135 0 69 60 
153 152 77 0 129 87 0 63 87 306 0 0 26 42 0 708 307 358 568 0 0 115 0 135 0 68 60 
157 152 76 0 129 83 0 65 86 312 0 0 26 41 0 685 368 370 588 0 0 115 0 135 0 67 60 
160 150 76 0 130 84 0 66 88 309 0 0 26 45 0 677 284 365 560 0 0 118 0 135 0 67 60 
154 151 75 0 131 84 0 67 90 306 0 0 25 48 0 696 463 350 591 0 0 111 0 135 0 68 60 
157 156 75 0 133 91 0 66 90 307 0 0 25 40 0 648 149 348 586 0 0 106 0 135 0 68 60 
152 155 75 0 136 88 0 67 89 304 0 0 25 37 0 674 331 345 550 0 0 105 0 135 0 68 60 
152 157 74 0 138 87 0 72 89 308 0 0 26 45 0 648 321 375 565 0 0 112 0 135 0 68 60 
155 155 78 0 139 88 0 64 89 310 0 0 25 52 0 650 341 378 505 0 0 116 0 135 0 68 60 
156 152 75 0 139 92 0 67 89 309 0 0 26 50 0 671 360 356 555 0 0 117 0 135 0 68 60 
154 155 76 0 138 90 0 66 89 305 0 0 26 53 0 669 70 390 535 0 0 112 0 135 0 68 60 
154 155 76 0 137 86 0 65 89 303 0 0 26 50 0 661 427 364 506 0 0 111 0 135 0 68 60 
154 156 77 0 136 85 0 66 87 311 0 0 26 44 0 631 308 327 483 0 0 110 0 135 0 68 60 
152 154 76 0 133 81 0 66 86 316 0 0 25 29 0 673 313 348 594 0 0 111 0 135 0 68 60 
152 158 75 0 133 81 0 64 87 317 0 0 26 27 0 670 390 357 511 0 0 113 0 135 0 67 60 
156 154 75 0 132 80 0 66 89 309 0 0 26 26 0 651 286 347 547 0 0 109 0 135 0 67 60 
153 156 75 0 132 83 0 69 88 307 0 0 26 34 0 654 312 368 521 0 0 104 0 135 0 66 60 
153 157 73 0 131 83 0 63 89 306 0 0 25 42 0 632 361 381 533 0 0 103 0 135 0 66 60 
158 160 76 0 131 86 0 64 89 313 0 0 26 47 0 683 207 367 557 0 0 105 0 135 0 66 60 
152 151 77 0 132 85 0 69 87 311 0 0 26 45 0 627 244 346 567 0 0 111 0 135 0 66 60 
154 151 75 0 132 92 0 66 87 307 0 0 26 46 0 666 360 349 561 0 0 118 0 135 0 66 60 
156 159 77 0 130 94 0 65 88 312 0 0 26 43 0 659 301 386 566 0 0 122 0 135 0 66 60 
151 162 77 0 130 91 0 69 89 313 0 0 26 41 0 636 255 360 566 0 0 124 0 135 0 66 60 
152 157 77 0 128 89 0 64 88 310 0 0 26 48 0 712 183 355 488 0 0 123 0 135 0 65 60 
157 153 75 0 129 94 0 64 90 313 0 0 25 48 0 654 309 359 626 0 0 122 0 135 0 65 60 
154 155 76 0 128 100 0 69 88 310 0 0 25 44 0 693 274 351 576 0 0 125 0 135 0 67 60 
153 152 74 0 129 98 0 65 87 302 0 0 25 42 0 704 407 343 564 0 0 123 0 135 0 68 60 
159 160 72 0 127 100 0 62 88 296 0 0 26 48 0 667 304 348 612 0 0 119 0 135 0 69 60 
153 150 74 0 128 97 0 67 89 304 0 0 26 44 0 608 200 371 585 0 0 121 0 135 0 70 60 
158 149 73 0 128 94 0 69 88 315 0 0 26 42 0 659 251 353 568 0 0 117 0 135 0 71 60 
160 156 74 0 128 89 0 63 89 315 0 0 25 46 0 690 378 368 550 0 0 112 0 135 0 70 60 
156 152 73 0 132 91 0 65 88 306 0 0 26 43 0 672 261 386 545 0 0 110 0 135 0 70 60 
153 150 75 0 132 90 0 67 89 305 0 0 26 45 0 646 233 350 577 0 0 110 0 135 0 69 60 
156 153 74 0 129 97 0 70 87 307 0 0 26 57 0 665 228 358 581 0 0 113 0 135 0 68 60 
154 149 73 0 126 98 0 72 89 312 0 0 25 51 0 644 479 374 542 0 0 114 0 135 0 67 60 
153 151 73 0 125 100 0 70 89 312 0 0 26 50 0 617 298 358 553 0 0 115 0 135 0 67 60 
155 154 71 0 128 107 0 65 89 307 0 0 25 46 0 680 332 375 555 0 0 121 0 135 0 67 60 
155 156 74 0 127 91 0 68 88 306 0 0 26 37 0 681 289 386 548 0 0 115 0 135 0 68 60 
156 160 74 0 128 78 0 67 88 304 0 0 26 41 0 695 359 350 481 0 0 104 0 135 0 67 60 
153 151 73 0 129 74 0 64 89 305 0 0 26 48 0 638 247 369 558 0 0 103 0 135 0 66 60 
154 153 75 0 131 74 0 64 89 310 0 0 26 57 0 671 414 373 534 0 0 110 0 135 0 67 60 
153 158 73 0 134 70 0 64 90 312 0 0 26 62 0 626 185 346 582 0 0 114 0 135 0 67 60 
152 158 75 0 138 71 0 67 88 307 0 0 26 45 0 679 230 351 587 0 0 119 0 135 0 68 60 
152 159 73 0 140 76 0 64 87 305 0 0 26 42 0 634 460 406 565 0 0 121 0 135 0 68 60 
151 154 76 0 140 85 0 66 88 308 0 0 26 33 0 636 335 384 581 0 0 122 0 135 0 69 60 
157 157 72 0 139 83 0 63 87 315 0 0 26 32 0 689 303 324 540 0 0 116 0 135 0 68 60 
152 154 75 0 137 87 0 63 88 318 0 0 26 45 0 665 181 384 529 0 0 113 0 135 0 68 60 
154 154 73 0 136 87 0 67 90 310 0 0 26 54 0 670 452 351 541 0 0 110 0 135 0 69 60 
154 156 72 0 134 94 0 68 89 307 0 0 26 52 0 645 244 357 553 0 0 114 0 135 0 69 60 
155 161 74 0 134 94 0 65 88 306 0 0 26 53 0 716 207 379 509 0 0 122 0 135 0 69 60 
154 148 73 0 133 90 0 70 89 308 0 0 26 52 0 654 229 382 523 0 0 123 0 135 0 70 60 
154 152 77 0 133 99 0 68 89 314 0 0 25 42 0 653 239 375 556 0 0 123 0 135 0 70 60 
153 156 75 0 134 101 0 63 88 309 0 0 25 33 0 660 523 379 511 0 0 133 0 135 0 71 60 
154 164 78 0 135 98 0 64 89 309 0 0 25 36 0 652 266 362 537 0 0 138 0 135 0 71 60 
153 155 75 0 136 91 0 65 87 310 0 0 25 43 0 658 356 350 555 0 0 135 0 135 0 71 60 
155 152 73 0 136 90 0 64 88 309 0 0 25 46 0 649 349 378 556 0 0 131 0 135 0 72 60 
152 154 76 0 135 90 0 67 87 310 0 0 25 45 0 641 273 367 556 0 0 126 0 135 0 71 60 
155 150 77 0 133 88 0 68 88 309 0 0 25 54 0 647 337 367 601 0 0 130 0 135 0 71 60 
158 156 72 0 132 81 0 64 89 306 0 0 25 47 0 651 132 366 595 0 0 124 0 135 0 71 60 
152 150 75 0 133 85 0 67 88 299 0 0 25 44 0 636 246 381 586 0 0 119 0 135 0 71 60 
156 148 73 0 133 86 0 68 89 299 0 0 25 41 0 709 236 361 554 0 0 114 0 135 0 71 60 
158 154 75 0 133 85 0 66 88 310 0 0 25 42 0 671 259 364 551 0 0 111 0 135 0 72 60 
157 152 75 0 133 82 0 69 87 316 0 0 25 37 0 702 338 368 583 0 0 113 0 135 0 71 60 
155 150 78 0 134 87 0 69 88 311 0 0 25 38 0 673 405 378 558 0 0 113 0 135 0 72 60 
154 150 82 0 134 84 0 65 88 305 0 0 25 40 0 634 287 368 569 0 0 113 0 135 0 72 60 
151 150 78 0 134 79 0 63 90 304 0 0 25 42 0 651 391 363 587 0 0 110 0 135 0 71 60 
157 153 77 0 134 81 0 67 88 306 0 0 25 46 0 647 312 367 528 0 0 105 0 135 0 69 60 
154 155 76 0 133 86 0 62 90 312 0 0 25 43 0 649 242 361 507 0 0 107 0 135 0 69 60 
151 157 78 0 133 90 0 66 88 308 0 0 25 46 0 687 373 375 584 0 0 116 0 135 0 68 60 
155 158 75 0 132 88 0 68 88 307 0 0 25 44 0 678 251 357 531 0 0 115 0 135 0 67 60 
155 154 68 0 130 89 0 65 88 303 0 0 25 38 0 629 210 376 567 0 0 112 0 135 0 66 60 
150 154 74 0 130 89 0 64 87 302 0 0 25 41 0 663 437 331 504 0 0 106 0 135 0 67 60 
153 154 71 0 130 89 0 70 88 306 0 0 25 48 0 678 330 362 570 0 0 108 0 135 0 67 60 
157 155 69 0 130 85 0 70 88 311 0 0 25 53 0 749 301 350 518 0 0 107 0 135 0 68 60 
158 157 73 0 129 92 0 66 87 310 0 0 25 50 0 656 237 336 525 0 0 105 0 135 0 69 60 
154 155 76 0 130 89 0 67 89 304 0 0 25 54 0 627 295 371 572 0 0 109 0 135 0 69 60 
156 156 74 0 132 84 0 68 89 304 0 0 25 47 0 646 246 368 541 0 0 112 0 135 0 70 60 
151 157 73 0 133 89 0 70 90 309 0 0 25 34 0 714 277 310 560 0 0 113 0 135 0 70 60 
153 152 73 0 136 94 0 66 89 317 0 0 25 27 0 629 343 382 582 0 0 112 0 135 0 71 60 
158 162 71 0 137 101 0 68 89 315 0 0 25 28 0 635 429 377 498 0 0 109 0 135 0 71 60 
155 162 72 0 137 115 0 62 88 307 0 0 25 29 0 658 208 348 522 0 0 104 0 135 0 71 60 
158 147 72 0 139 128 0 63 88 306 0 0 26 38 0 650 278 346 560 0 0 104 0 135 0 72 60 
156 152 74 0 139 128 0 65 89 309 0 0 25 43 0 674 418 307 527 0 0 105 0 135 0 72 60 
155 165 74 0 137 116 0 66 88 314 0 0 26 47 0 639 216 361 579 0 0 111 0 135 0 72 60 
154 160 76 0 136 84 0 64 88 313 0 0 25 42 0 695 348 347 535 0 0 117 0 135 0 73 60 
157 156 74 0 133 71 0 66 87 312 0 0 26 41 0 692 256 351 565 0 0 124 0 135 0 72 60 
156 152 75 0 133 71 0 70 86 311 0 0 26 42 0 714 227 336 561 0 0 127 0 135 0 72 60 
156 160 76 0 131 74 0 66 87 312 0 0 26 42 0 629 421 360 597 0 0 121 0 135 0 72 60 
155 152 72 0 131 76 0 68 89 312 0 0 26 50 0 623 209 343 550 0 0 120 0 135 0 71 60 
157 158 74 0 132 83 0 67 89 310 0 0 25 47 0 676 202 342 517 0 0 123 0 135 0 71 60 
155 148 77 0 132 86 0 67 89 315 0 0 25 44 0 673 423 340 545 0 0 126 0 135 0 71 60 
153 149 73 0 132 85 0 67 89 302 0 0 26 45 0 664 331 308 574 0 0 124 0 135 0 71 60 
155 158 76 0 132 76 0 67 89 300 0 0 25 43 0 659 375 348 530 0 0 122 0 135 0 70 60 
154 155 75 0 131 74 0 64 86 306 0 0 26 40 0 642 282 338 549 0 0 115 0 135 0 70 60 
155 148 74 0 132 80 0 65 87 315 0 0 25 44 0 621 279 320 507 0 0 115 0 135 0 70 60 
157 156 74 0 131 80 0 71 88 313 0 0 25 45 0 660 180 353 519 0 0 113 0 135 0 68 60 
152 150 74 0 131 86 0 65 88 306 0 0 26 44 0 674 323 316 551 0 0 109 0 135 0 67 60 
156 157 72 0 130 91 0 62 87 304 0 0 25 53 0 697 270 338 548 0 0 110 0 135 0 67 60 
155 153 74 0 130 103 0 65 87 306 0 0 25 55 0 641 265 318 552 0 0 110 0 135 0 67 60 
152 154 76 0 128 103 0 69 88 313 0 0 25 49 0 672 165 327 581 0 0 112 0 135 0 67 60 
153 155 77 0 128 96 0 66 89 309 0 0 25 48 0 642 352 310 538 0 0 114 0 135 0 66 60 
153 151 74 0 129 87 0 67 88 307 0 0 25 41 0 621 391 357 553 0 0 115 0 135 0 66 60 
155 155 79 0 130 91 0 63 90 304 0 0 25 38 0 694 184 345 501 0 0 109 0 135 0 67 60 
155 152 74 0 129 91 0 63 89 303 0 0 25 45 0 648 470 334 527 0 0 105 0 135 0 68 60 
154 155 80 0 132 94 0 67 88 306 0 0 26 55 0 650 276 344 574 0 0 108 0 135 0 68 60 
153 156 76 0 132 97 0 62 89 310 0 0 25 63 0 652 391 375 532 0 0 109 0 135 0 68 60 
154 152 76 0 132 104 0 61 89 312 0 0 25 50 0 652 260 305 528 0 0 113 0 135 0 68 60 
160 158 76 0 130 98 0 65 88 306 0 0 25 47 0 687 158 331 538 0 0 116 0 135 0 68 60 
154 154 77 0 129 85 0 67 87 303 0 0 25 39 0 680 409 380 518 0 0 118 0 135 0 69 60 
158 152 72 0 127 76 0 67 86 309 0 0 25 29 0 703 391 366 589 0 0 118 0 135 0 68 60 
155 161 76 0 127 77 0 68 86 316 0 0 26 39 0 683 221 355 501 0 0 120 0 135 0 67 60 
152 159 78 0 128 75 0 64 88 317 0 0 25 53 0 668 187 336 541 0 0 118 0 135 0 67 60 
151 146 79 0 131 72 0 67 88 311 0 0 26 52 0 622 321 332 561 0 0 115 0 135 0 67 60 
157 153 76 0 134 78 0 68 89 307 0 0 26 51 0 704 347 353 646 0 0 114 0 135 0 68 60 
154 161 80 0 136 83 0 68 89 308 0 0 26 55 0 680 335 357 586 0 0 116 0 135 0 68 60 
155 162 76 0 138 86 0 65 88 310 0 0 26 50 0 596 282 374 539 0 0 117 0 135 0 68 60 
157 157 76 0 138 87 0 67 88 309 0 0 26 37 0 642 215 330 560 0 0 126 0 135 0 69 60 
155 150 74 0 138 93 0 65 89 311 0 0 26 32 0 692 332 333 574 0 0 128 0 135 0 70 60 
158 158 76 0 137 91 0 63 89 309 0 0 26 36 0 641 475 360 546 0 0 133 0 135 0 70 60 
158 156 76 0 134 86 0 63 88 313 0 0 26 45 0 645 233 358 568 0 0 132 0 135 0 70 60 
155 156 75 0 132 80 0 65 88 310 0 0 26 45 0 677 301 380 548 0 0 130 0 135 0 70 60 
157 149 74 0 131 86 0 67 87 310 0 0 26 49 0 685 291 351 502 0 0 130 0 135 0 70 60 
155 147 79 0 131 96 0 68 87 314 0 0 26 48 0 658 317 370 470 0 0 126 0 135 0 69 60 
155 157 77 0 131 101 0 69 89 305 0 0 27 45 0 656 203 355 495 0 0 117 0 135 0 69 60 
154 152 78 0 132 102 0 66 89 297 0 0 26 43 0 658 333 355 512 0 0 110 0 135 0 69 60 
154 149 79 0 133 98 0 68 89 299 0 0 26 46 0 653 232 397 550 0 0 105 0 135 0 69 60 
152 154 77 0 135 93 0 69 89 309 0 0 26 40 0 697 517 343 532 0 0 108 0 135 0 69 60 
152 151 76 0 135 84 0 66 89 314 0 0 26 38 0 607 279 367 540 0 0 111 0 135 0 69 60 
148 158 75 0 135 79 0 66 88 309 0 0 27 37 0 653 296 360 559 0 0 107 0 135 0 69 60 
152 154 75 0 133 82 0 67 88 305 0 0 26 40 0 646 180 355 506 0 0 110 0 135 0 69 60 
156 159 75 0 132 89 0 65 89 304 0 0 26 44 0 628 341 362 570 0 0 114 0 135 0 68 60 
152 152 75 0 131 94 0 64 90 309 0 0 26 42 0 679 305 397 528 0 0 115 0 135 0 68 60 
153 150 71 0 131 98 0 67 89 311 0 0 26 45 0 696 333 376 505 0 0 114 0 135 0 67 60 
160 154 72 0 131 97 0 66 89 308 0 0 26 46 0 665 314 341 542 0 0 114 0 135 0 66 60 
155 152 75 0 130 93 0 66 87 307 0 0 26 41 0 676 223 359 522 0 0 113 0 135 0 66 60 
153 156 76 0 131 87 0 67 87 306 0 0 26 37 0 649 409 351 530 0 0 113 0 135 0 66 60 
157 155 76 0 132 88 0 68 86 307 0 0 27 44 0 648 333 342 503 0 0 113 0 135 0 66 60 
154 154 74 0 132 86 0 64 87 308 0 0 26 57 0 604 194 401 516 0 0 113 0 135 0 66 60 
154 158 76 0 132 84 0 68 88 313 0 0 26 53 0 617 409 368 570 0 0 109 0 135 0 66 60 
157 156 74 0 132 86 0 66 88 310 0 0 27 51 0 679 206 348 544 0 0 107 0 135 0 68 60 
155 154 78 0 132 90 0 66 88 305 0 0 27 49 0 644 457 350 537 0 0 109 0 135 0 69 60 
155 162 75 0 132 104 0 66 89 305 0 0 27 44 0 644 154 360 571 0 0 106 0 135 0 70 60 
160 152 75 0 131 98 0 67 90 314 0 0 27 32 0 618 338 394 593 0 0 110 0 135 0 71 60 
155 149 74 0 131 86 0 62 90 318 0 0 27 26 0 689 350 369 574 0 0 118 0 135 0 71 60 
153 152 71 0 130 78 0 66 88 314 0 0 27 27 0 650 418 356 526 0 0 114 0 135 0 71 60 
151 164 73 0 130 78 0 67 86 310 0 0 27 33 0 666 161 365 572 0 0 107 0 135 0 71 60 
156 159 76 0 130 74 0 65 87 306 0 0 27 39 0 690 304 372 541 0 0 104 0 135 0 71 60 
156 151 76 0 130 82 0 69 87 308 0 0 27 47 0 622 362 366 495 0 0 108 0 135 0 71 60 
152 150 75 0 130 93 0 65 88 311 0 0 26 45 0 687 285 357 532 0 0 110 0 135 0 70 60 
153 155 78 0 132 99 0 63 88 310 0 0 27 43 0 651 432 362 523 0 0 118 0 135 0 70 60 
155 154 77 0 135 96 0 68 87 307 0 0 26 39 0 704 289 366 517 0 0 123 0 135 0 69 60 
151 151 77 0 136 92 0 71 88 311 0 0 27 44 0 636 321 381 562 0 0 127 0 135 0 68 60 
155 146 75 0 137 91 0 69 89 314 0 0 27 45 0 647 214 367 543 0 0 129 0 135 0 67 60 
152 151 75 0 138 86 0 68 90 309 0 0 27 49 0 638 254 400 557 0 0 122 0 135 0 67 60 
154 157 77 0 139 78 0 66 90 313 0 0 27 45 0 670 146 352 539 0 0 124 0 135 0 66 60 
154 150 78 0 139 71 0 66 90 310 0 0 27 42 0 692 387 377 550 0 0 127 0 135 0 67 60 
153 156 76 0 137 74 0 67 90 301 0 0 27 44 0 663 243 363 556 0 0 126 0 135 0 68 60 
151 149 74 0 136 79 0 66 88 293 0 0 27 43 0 662 297 350 520 0 0 119 0 135 0 68 60 
155 155 78 0 134 93 0 63 89 306 0 0 27 42 0 698 393 336 553 0 0 110 0 135 0 69 60 
157 158 79 0 133 101 0 62 86 313 0 0 27 45 0 615 265 370 492 0 0 107 0 135 0 70 60 
157 156 77 0 132 106 0 68 87 312 0 0 27 43 0 651 392 374 520 0 0 105 0 135 0 70 60 
159 161 78 0 132 95 0 65 88 306 0 0 27 47 0 657 340 377 524 0 0 103 0 135 0 70 60 
158 155 76 0 132 83 0 63 88 305 0 0 27 56 0 627 223 342 563 0 0 105 0 135 0 70 60 
154 151 79 0 131 76 0 62 88 308 0 0 27 52 0 682 268 358 555 0 0 109 0 135 0 70 60 
157 158 78 0 132 81 0 68 90 313 0 0 27 47 0 617 286 349 564 0 0 110 0 135 0 69 60 
158 157 78 0 131 87 0 69 89 310 0 0 27 48 0 651 263 363 527 0 0 110 0 135 0 69 60 
156 157 76 0 130 91 0 71 88 309 0 0 27 36 0 649 339 362 582 0 0 118 0 135 0 68 60 
157 154 75 0 130 95 0 68 89 306 0 0 27 42 0 712 319 370 563 0 0 120 0 135 0 67 60 
155 156 74 0 130 97 0 65 89 307 0 0 27 50 0 699 193 360 543 0 0 117 0 135 0 66 60 
155 157 74 0 130 93 0 68 88 308 0 0 27 59 0 655 243 352 570 0 0 120 0 135 0 66 60 
155 152 74 0 129 82 0 71 88 314 0 0 27 58 0 652 344 341 536 0 0 122 0 135 0 66 60 
157 157 75 0 129 80 0 61 89 313 0 0 27 45 0 654 312 359 585 0 0 119 0 135 0 66 60 
156 163 73 0 128 78 0 67 87 308 0 0 27 40 0 706 278 335 525 0 0 115 0 135 0 66 60 
154 145 75 0 129 78 0 68 89 305 0 0 27 34 0 651 242 345 598 0 0 110 0 135 0 67 60 
156 153 76 0 129 81 0 64 88 310 0 0 27 34 0 663 333 358 524 0 0 110 0 135 0 68 60 
156 161 76 0 129 90 0 68 88 316 0 0 28 44 0 651 275 357 514 0 0 114 0 135 0 70 60 
152 163 75 0 130 94 0 65 88 314 0 0 27 51 0 645 405 382 536 0 0 112 0 135 0 71 60 
155 159 76 0 131 93 0 65 88 312 0 0 28 51 0 676 284 339 548 0 0 115 0 135 0 72 60 
154 150 76 0 132 93 0 67 90 305 0 0 27 52 0 654 404 348 519 0 0 114 0 135 0 73 60 
153 158 73 0 132 90 0 67 90 307 0 0 28 53 0 682 125 354 515 0 0 122 0 135 0 72 60 
154 157 75 0 130 89 0 63 89 310 0 0 28 42 0 716 349 342 590 0 0 121 0 135 0 71 60 
154 156 73 0 128 84 0 66 87 312 0 0 28 32 0 664 335 348 526 0 0 123 0 135 0 69 60 
151 151 75 0 127 86 0 70 86 309 0 0 29 34 0 643 299 375 569 0 0 133 0 135 0 68 60 
157 148 73 0 127 95 0 63 87 310 0 0 29 42 0 637 293 360 531 0 0 137 0 135 0 66 60 
151 156 75 0 129 101 0 64 89 312 0 0 29 46 0 703 198 371 496 0 0 134 0 135 0 66 60 
152 152 71 0 131 100 0 71 90 309 0 0 28 46 0 667 276 329 495 0 0 126 0 135 0 65 60 
153 151 75 0 134 98 0 65 88 311 0 0 28 50 0 635 292 375 600 0 0 123 0 135 0 66 60 
151 152 73 0 136 94 0 66 87 312 0 0 28 48 0 663 299 332 552 0 0 120 0 135 0 66 60 
157 148 73 0 138 90 0 71 88 308 0 0 28 43 0 664 281 402 528 0 0 118 0 135 0 66 60 
154 157 77 0 137 80 0 66 88 301 0 0 28 45 0 673 304 356 529 0 0 112 0 135 0 69 60 
155 151 75 0 138 78 0 70 87 301 0 0 28 44 0 653 268 382 559 0 0 110 0 135 0 70 60 
154 155 76 0 137 86 0 70 90 311 0 0 28 39 0 692 274 358 568 0 0 108 0 135 0 71 60 
156 153 73 0 134 94 0 67 88 311 0 0 28 37 0 678 364 360 560 0 0 107 0 135 0 72 60 
155 154 71 0 134 101 0 65 87 311 0 0 28 39 0 650 325 348 549 0 0 107 0 135 0 72 60 
157 161 74 0 132 100 0 69 87 304 0 0 28 44 0 637 307 362 545 0 0 105 0 135 0 73 60 
157 155 76 0 131 102 0 66 89 303 0 0 28 42 0 639 207 381 538 0 0 106 0 135 0 72 60 
151 154 77 0 132 94 0 65 89 310 0 0 28 44 0 639 372 379 554 0 0 108 0 135 0 72 60 
160 154 73 0 133 90 0 67 90 310 0 0 28 47 0 634 249 347 537 0 0 112 0 135 0 73 60 
158 150 75 0 135 91 0 63 90 308 0 0 28 48 0 688 307 378 533 0 0 111 0 135 0 72 60 
155 157 75 0 135 93 0 63 89 308 0 0 29 38 0 609 395 351 547 0 0 111 0 135 0 72 60 
154 153 76 0 135 89 0 68 88 304 0 0 28 39 0 656 163 386 539 0 0 110 0 135 0 71 60 
158 156 76 0 134 88 0 65 88 306 0 0 29 48 0 644 469 357 567 0 0 110 0 135 0 70 60 
151 166 73 0 132 85 0 62 87 309 0 0 28 54 0 690 293 363 556 0 0 112 0 135 0 69 60 
156 147 73 0 132 87 0 67 87 310 0 0 29 54 0 691 314 348 513 0 0 110 0 135 0 68 60 
153 153 75 0 131 86 0 68 89 310 0 0 29 51 0 653 307 352 575 0 0 111 0 135 0 68 60 
152 157 75 0 132 82 0 66 88 306 0 0 29 46 0 649 349 378 574 0 0 114 0 135 0 67 60 
154 163 72 0 132 80 0 66 89 305 0 0 29 37 0 653 210 355 548 0 0 116 0 135 0 67 60 
156 157 76 0 132 85 0 68 88 314 0 0 29 28 0 687 279 368 537 0 0 114 0 135 0 66 60 
150 151 79 0 133 89 0 69 87 314 0 0 29 28 0 635 260 336 505 0 0 108 0 135 0 66 60 
151 151 76 0 133 89 0 66 88 314 0 0 29 27 0 678 374 345 533 0 0 108 0 135 0 66 60 
158 152 81 0 133 94 0 66 88 308 0 0 29 37 0 633 171 345 556 0 0 105 0 135 0 66 60 
154 155 74 0 133 98 0 65 87 305 0 0 29 43 0 663 418 345 492 0 0 103 0 135 0 66 60 
157 151 75 0 133 100 0 66 87 307 0 0 29 48 0 620 211 383 524 0 0 105 0 135 0 67 60 
155 143 78 0 133 96 0 66 86 311 0 0 29 44 0 627 355 368 520 0 0 112 0 135 0 67 60 
157 155 73 0 132 103 0 63 89 311 0 0 29 43 0 669 262 365 554 0 0 121 0 135 0 67 60 
148 156 74 0 131 103 0 63 89 310 0 0 29 39 0 675 234 368 554 0 0 128 0 135 0 68 60 
154 146 73 0 130 103 0 68 89 315 0 0 29 45 0 727 350 352 557 0 0 129 0 135 0 68 60 
159 153 74 0 130 100 0 71 87 312 0 0 29 47 0 649 415 366 528 0 0 125 0 135 0 68 60 
155 148 69 0 129 103 0 63 84 314 0 0 29 46 0 599 292 375 561 0 0 124 0 135 0 67 60 
157 155 76 0 129 96 0 65 86 312 0 0 29 42 0 645 267 351 566 0 0 130 0 135 0 68 60 
154 155 74 0 129 85 0 66 89 312 0 0 29 42 0 660 302 377 578 0 0 131 0 135 0 68 60 
156 153 73 0 130 91 0 62 90 301 0 0 29 44 0 646 290 370 548 0 0 128 0 135 0 69 60 
157 156 73 0 132 92 0 63 89 297 0 0 29 42 0 664 219 340 497 0 0 122 0 135 0 68 60 
157 152 73 0 133 80 0 65 86 308 0 0 29 46 0 625 280 371 554 0 0 118 0 135 0 68 60 
153 154 72 0 135 69 0 60 87 312 0 0 29 45 0 680 354 370 579 0 0 118 0 135 0 68 60 
157 154 73 0 137 70 0 71 84 311 0 0 29 43 0 626 335 378 533 0 0 119 0 135 0 69 60 
156 153 72 0 138 75 0 69 89 305 0 0 29 51 0 690 298 373 569 0 0 119 0 135 0 69 60 
152 153 74 0 138 80 0 66 87 301 0 0 29 56 0 739 313 370 602 0 0 118 0 135 0 70 60 
155 154 75 0 138 85 0 65 88 308 0 0 28 54 0 661 312 346 559 0 0 117 0 135 0 71 60 
157 159 74 0 137 95 0 70 87 313 0 0 29 44 0 688 169 357 588 0 0 123 0 135 0 72 60 
152 157 72 0 135 101 0 66 88 313 0 0 28 40 0 657 460 387 557 0 0 123 0 135 0 72 60 
153 152 73 0 134 99 0 68 88 307 0 0 29 42 0 708 196 377 511 0 0 115 0 135 0 72 60 
154 162 75 0 133 93 0 67 87 303 0 0 28 42 0 665 315 347 529 0 0 110 0 135 0 73 60 
153 159 73 0 132 93 0 62 88 302 0 0 28 57 0 673 244 367 560 0 0 107 0 135 0 74 60 
154 147 72 0 132 98 0 65 88 306 0 0 28 62 0 649 389 366 555 0 0 112 0 135 0 74 60 
154 154 75 0 132 97 0 65 88 309 0 0 28 49 0 647 192 386 556 0 0 111 0 135 0 74 60 
159 163 76 0 132 92 0 63 89 311 0 0 28 47 0 629 307 359 557 0 0 115 0 135 0 73 60 
148 161 74 0 132 80 0 67 91 305 0 0 28 37 0 672 419 327 550 0 0 118 0 135 0 73 60 
154 155 76 0 132 83 0 69 90 302 0 0 28 30 0 719 278 368 555 0 0 111 0 135 0 73 60 
156 153 76 0 130 80 0 67 90 307 0 0 28 42 0 667 287 358 564 0 0 110 0 135 0 73 60 
156 160 74 0 131 78 0 67 89 316 0 0 28 48 0 610 350 371 512 0 0 107 0 135 0 73 60 
154 154 73 0 131 80 0 68 88 316 0 0 28 52 0 632 225 350 544 0 0 110 0 135 0 72 60 
154 154 71 0 130 87 0 67 87 311 0 0 27 50 0 666 262 362 565 0 0 106 0 135 0 73 60 
152 148 73 0 129 81 0 67 88 309 0 0 28 54 0 671 341 346 579 0 0 108 0 135 0 73 60 
155 151 74 0 128 76 0 66 88 308 0 0 28 46 0 654 180 373 549 0 0 109 0 135 0 73 60 
156 154 73 0 128 82 0 64 90 310 0 0 28 40 0 635 343 366 539 0 0 114 0 135 0 73 60 
155 153 76 0 128 88 0 64 89 313 0 0 28 32 0 615 258 333 514 0 0 122 0 135 0 72 60 
156 148 72 0 129 86 0 65 89 306 0 0 27 35 0 655 264 369 538 0 0 130 0 135 0 71 60 
152 154 76 0 128 90 0 66 87 310 0 0 27 46 0 664 194 383 556 0 0 130 0 135 0 72 60 
154 148 77 0 130 95 0 65 88 309 0 0 27 45 0 700 407 371 548 0 0 120 0 135 0 72 60 
152 161 76 0 131 97 0 66 89 311 0 0 27 49 0 661 349 351 491 0 0 120 0 135 0 73 60 
156 153 75 0 130 101 0 69 91 313 0 0 27 49 0 689 341 363 531 0 0 121 0 135 0 73 60 
157 158 75 0 130 103 0 67 91 311 0 0 27 47 0 653 166 367 542 0 0 118 0 135 0 72 60 
149 157 74 0 129 109 0 66 90 309 0 0 27 41 0 708 261 365 533 0 0 114 0 135 0 72 60 
156 152 76 0 128 104 0 68 87 298 0 0 27 45 0 644 397 336 564 0 0 113 0 135 0 73 60 
155 159 75 0 127 95 0 67 87 302 0 0 28 42 0 679 247 383 573 0 0 116 0 135 0 72 60 
151 155 76 0 129 80 0 67 86 313 0 0 28 37 0 638 375 374 598 0 0 118 0 135 0 71 60 
148 155 74 0 131 81 0 69 89 313 0 0 28 41 0 648 277 348 603 0 0 120 0 135 0 71 60 
155 155 75 0 134 83 0 63 88 306 0 0 28 40 0 646 241 340 595 0 0 126 0 135 0 70 60 
155 151 76 0 136 81 0 66 89 304 0 0 28 41 0 680 315 344 586 0 0 126 0 135 0 69 60 
151 156 77 0 137 76 0 71 87 305 0 0 28 44 0 613 310 371 520 0 0 127 0 135 0 68 60 
154 156 75 0 138 80 0 63 88 305 0 0 29 46 0 708 259 315 542 0 0 129 0 135 0 68 60 
155 155 72 0 138 85 0 65 89 312 0 0 28 45 0 689 163 368 567 0 0 123 0 135 0 68 60 
151 166 75 0 137 90 0 68 90 307 0 0 29 42 0 659 309 346 567 0 0 114 0 135 0 69 60 
155 144 78 0 136 97 0 63 90 310 0 0 29 37 0 663 386 338 536 0 0 108 0 135 0 70 60 
152 152 74 0 134 109 0 64 89 301 0 0 29 48 0 647 193 370 545 0 0 102 0 135 0 70 60 
153 158 75 0 132 107 0 73 87 308 0 0 29 53 0 686 449 352 509 0 0 103 0 135 0 70 60 
155 163 76 0 131 97 0 64 87 310 0 0 29 49 0 634 260 353 520 0 0 107 0 135 0 71 60 
154 159 76 0 132 95 0 67 89 310 0 0 29 53 0 697 233 373 537 0 0 109 0 135 0 71 60 
155 151 76 0 133 88 0 72 87 309 0 0 28 45 0 666 255 348 500 0 0 113 0 135 0 71 60 
154 155 74 0 135 81 0 67 89 302 0 0 28 38 0 653 292 379 540 0 0 110 0 135 0 71 60 
154 154 77 0 135 76 0 65 89 308 0 0 28 29 0 645 317 338 588 0 0 113 0 135 0 70 60 
152 153 76 0 135 81 0 68 87 306 0 0 28 27 0 653 287 342 570 0 0 110 0 135 0 70 60 
158 154 74 0 133 78 0 67 87 320 0 0 28 26 0 697 327 324 569 0 0 106 0 135 0 70 60 
154 147 76 0 133 75 0 63 88 316 0 0 28 36 0 702 252 375 557 0 0 105 0 135 0 69 60 
153 153 75 0 132 76 0 64 89 307 0 0 28 42 0 689 244 374 549 0 0 103 0 135 0 69 60 
156 158 76 0 132 84 0 63 88 310 0 0 29 48 0 630 349 377 575 0 0 112 0 135 0 69 60 
155 149 73 0 131 87 0 65 88 312 0 0 29 47 0 631 200 307 540 0 0 115 0 135 0 69 60 
154 154 74 0 131 86 0 65 88 313 0 0 28 42 0 658 304 365 550 0 0 119 0 135 0 69 60 
157 152 72 0 132 84 0 64 88 310 0 0 29 39 0 642 377 356 501 0 0 121 0 135 0 68 60 
158 149 76 0 132 86 0 65 87 312 0 0 29 41 0 640 397 333 559 0 0 119 0 135 0 67 60 
154 158 77 0 133 85 0 70 89 314 0 0 29 50 0 647 324 382 526 0 0 112 0 135 0 66 60 
153 153 76 0 132 84 0 69 88 315 0 0 29 47 0 637 229 370 507 0 0 115 0 135 0 67 60 
161 160 75 0 133 82 0 70 87 312 0 0 30 43 0 677 264 358 618 0 0 115 0 135 0 67 60 
156 152 77 0 132 83 0 67 86 312 0 0 29 43 0 613 445 324 568 0 0 118 0 135 0 67 60 
158 148 74 0 131 88 0 65 86 309 0 0 30 44 0 667 229 341 597 0 0 120 0 135 0 68 60 
155 158 75 0 132 85 0 66 88 301 0 0 29 42 0 719 292 338 599 0 0 125 0 135 0 69 60 
161 154 73 0 132 88 0 63 90 301 0 0 29 46 0 667 249 333 595 0 0 125 0 135 0 70 60 
154 155 71 0 130 90 0 67 91 313 0 0 29 46 0 673 344 354 532 0 0 119 0 135 0 69 60 
156 155 70 0 130 91 0 65 90 315 0 0 29 42 0 648 189 360 561 0 0 114 0 135 0 68 60 
156 154 73 0 128 86 0 67 90 309 0 0 29 50 0 666 362 331 575 0 0 110 0 135 0 67 60 
154 156 73 0 128 93 0 69 88 305 0 0 29 53 0 659 264 342 551 0 0 110 0 135 0 66 60 
154 156 76 0 129 102 0 67 87 303 0 0 28 53 0 675 297 339 562 0 0 106 0 135 0 67 60 
150 156 75 0 130 104 0 63 89 310 0 0 29 48 0 632 328 350 558 0 0 112 0 135 0 67 60 
149 164 73 0 132 94 0 69 89 314 0 0 29 37 0 650 320 324 522 0 0 124 0 135 0 69 60 
150 144 73 0 134 86 0 69 88 309 0 0 29 41 0 626 227 337 527 0 0 121 0 135 0 70 60 
152 150 75 0 134 90 0 65 86 310 0 0 29 48 0 669 246 342 533 0 0 116 0 135 0 70 60 
155 158 73 0 137 87 0 68 87 304 0 0 29 57 0 727 556 358 590 0 0 114 0 135 0 71 60 
151 158 73 0 138 86 0 68 90 307 0 0 29 58 0 687 267 357 552 0 0 113 0 135 0 72 60 
152 158 76 0 139 89 0 64 89 313 0 0 29 46 0 623 331 328 559 0 0 117 0 135 0 71 60 
149 149 78 0 138 96 0 65 90 313 0 0 29 44 0 617 298 351 486 0 0 119 0 135 0 71 60 
153 154 77 0 136 94 0 68 89 311 0 0 29 33 0 668 428 324 543 0 0 113 0 135 0 70 60 
154 153 74 0 134 95 0 63 89 304 0 0 29 33 0 645 387 311 572 0 0 112 0 135 0 70 60 
156 154 76 0 133 100 0 67 89 302 0 0 29 47 0 669 322 374 486 0 0 110 0 135 0 70 60 
154 152 76 0 131 101 0 70 89 313 0 0 29 53 0 674 186 350 533 0 0 108 0 135 0 71 60 
157 148 76 0 130 93 0 67 89 317 0 0 29 51 0 658 253 353 543 0 0 105 0 135 0 70 60 
156 153 76 0 131 88 0 67 88 316 0 0 29 50 0 651 363 362 599 0 0 110 0 135 0 71 60 
155 157 78 0 130 90 0 69 86 312 0 0 29 56 0 643 265 326 525 0 0 114 0 135 0 71 60 
152 146 80 0 131 92 0 66 86 307 0 0 29 42 0 720 299 347 512 0 0 121 0 135 0 71 60 
156 150 78 0 131 88 0 67 87 306 0 0 29 34 0 676 292 318 586 0 0 131 0 135 0 71 60 
155 152 78 0 130 86 0 71 87 313 0 0 29 35 0 698 248 361 549 0 0 137 0 135 0 71 60 
153 151 75 0 131 88 0 63 90 306 0 0 29 42 0 647 219 371 585 0 0 140 0 135 0 71 60 
155 155 79 0 131 95 0 67 89 307 0 0 29 46 0 722 455 358 608 0 0 131 0 135 0 71 60 
159 154 76 0 130 112 0 68 89 310 0 0 29 47 0 665 491 345 584 0 0 127 0 135 0 70 60 
151 155 74 0 130 115 0 63 88 309 0 0 28 53 0 679 290 360 617 0 0 125 0 135 0 70 60 
155 155 71 0 130 105 0 59 88 311 0 0 29 46 0 629 175 363 611 0 0 121 0 135 0 70 60 
154 150 73 0 129 95 0 65 89 312 0 0 29 41 0 653 305 308 603 0 0 122 0 135 0 70 60 
153 156 76 0 130 91 0 65 88 313 0 0 29 46 0 645 336 353 552 0 0 128 0 135 0 69 60 
152 155 74 0 129 89 0 64 89 302 0 0 28 40 0 629 292 376 529 0 0 130 0 135 0 69 60 
155 154 74 0 129 92 0 67 89 298 0 0 29 38 0 670 280 336 554 0 0 126 0 135 0 69 60 
151 156 76 0 130 88 0 66 86 302 0 0 29 40 0 668 282 345 536 0 0 121 0 135 0 68 60 
154 154 77 0 130 83 0 69 88 313 0 0 29 43 0 642 394 355 553 0 0 116 0 135 0 68 60 
154 157 74 0 132 79 0 68 86 309 0 0 29 41 0 612 244 330 532 0 0 115 0 135 0 67 60 
153 154 75 0 133 82 0 68 88 307 0 0 29 42 0 653 324 360 506 0 0 112 0 135 0 68 60 
155 159 75 0 132 91 0 66 90 304 0 0 29 44 0 649 267 329 568 0 0 112 0 135 0 69 60 
158 168 74 0 130 93 0 66 89 304 0 0 29 48 0 701 430 329 560 0 0 111 0 135 0 71 60 
153 144 77 0 129 93 0 69 89 311 0 0 29 41 0 669 336 323 585 0 0 108 0 135 0 71 60 
153 155 71 0 129 93 0 65 90 310 0 0 29 39 0 705 315 377 532 0 0 101 0 135 0 72 60 
153 162 77 0 128 99 0 62 88 309 0 0 29 42 0 663 305 348 558 0 0 102 0 135 0 73 60 
155 160 73 0 132 91 0 66 89 307 0 0 29 53 0 647 183 338 541 0 0 105 0 135 0 73 60 
153 160 75 0 134 86 0 67 88 305 0 0 29 52 0 671 338 322 597 0 0 105 0 135 0 71 60 
158 149 76 0 136 86 0 62 88 305 0 0 29 56 0 702 323 343 544 0 0 109 0 135 0 69 60 
155 153 81 0 138 91 0 67 88 311 0 0 28 46 0 712 293 341 520 0 0 106 0 135 0 68 60 
155 156 78 0 139 83 0 68 88 309 0 0 28 40 0 680 337 338 543 0 0 108 0 135 0 67 60 
158 153 74 0 139 84 0 67 87 308 0 0 29 32 0 714 357 324 567 0 0 110 0 135 0 66 60 
159 148 75 0 138 97 0 66 89 302 0 0 29 26 0 645 295 346 558 0 0 113 0 135 0 66 60 
154 146 77 0 134 105 0 67 90 307 0 0 29 26 0 652 183 334 501 0 0 112 0 135 0 66 60 
158 154 72 0 134 92 0 63 86 317 0 0 29 35 0 656 412 333 555 0 0 114 0 135 0 67 60 
155 155 75 0 132 79 0 62 87 316 0 0 28 43 0 661 312 328 527 0 0 110 0 135 0 67 60 
154 147 70 0 131 79 0 68 87 312 0 0 29 48 0 638 370 344 576 0 0 111 0 135 0 68 60 
153 154 75 0 131 76 0 63 88 308 0 0 29 45 0 638 265 355 585 0 0 114 0 135 0 68 60 
154 149 74 0 131 76 0 64 89 306 0 0 29 44 0 630 419 314 539 0 0 120 0 135 0 68 60 
150 157 74 0 134 78 0 70 88 309 0 0 28 38 0 670 251 355 556 0 0 118 0 135 0 67 60 
154 155 75 0 134 83 0 67 88 313 0 0 28 40 0 653 279 374 591 0 0 130 0 135 0 66 60 
156 156 77 0 135 86 0 68 89 308 0 0 28 51 0 667 130 355 592 0 0 130 0 135 0 66 60 
153 155 76 0 134 90 0 67 89 309 0 0 28 48 0 674 618 329 591 0 0 122 0 135 0 66 60 
154 155 74 0 133 103 0 62 87 315 0 0 28 44 0 676 209 323 530 0 0 122 0 135 0 65 60 
153 150 74 0 132 105 0 69 88 310 0 0 28 43 0 691 333 381 541 0 0 120 0 135 0 66 60 
154 155 77 0 132 122 0 70 88 313 0 0 28 43 0 615 438 355 548 0 0 121 0 135 0 66 60 
152 155 73 0 131 156 0 64 88 311 0 0 29 41 0 707 236 349 554 0 0 118 0 135 0 67 60 
155 156 74 0 131 179 0 62 86 307 0 0 29 46 0 658 348 326 582 0 0 114 0 135 0 67 60 
154 155 73 0 131 165 0 66 87 301 0 0 28 45 0 662 306 348 523 0 0 110 0 135 0 66 60 
154 153 77 0 132 145 0 64 88 301 0 0 28 43 0 622 339 364 509 0 0 106 0 135 0 66 60 
155 158 76 0 132 113 0 64 89 314 0 0 28 53 0 629 269 334 543 0 0 108 0 135 0 65 60 
154 153 76 0 132 98 0 66 91 313 0 0 28 54 0 692 321 353 501 0 0 114 0 135 0 66 60 
155 158 75 0 132 88 0 67 88 307 0 0 28 52 0 691 190 354 546 0 0 114 0 135 0 65 60 
155 162 80 0 132 84 0 73 88 304 0 0 29 50 0 714 467 354 524 0 0 118 0 135 0 65 60 
153 148 80 0 131 81 0 68 86 307 0 0 28 37 0 662 336 343 504 0 0 128 0 135 0 66 60 
153 152 76 0 132 84 0 64 87 314 0 0 29 40 0 622 176 366 527 0 0 128 0 135 0 65 60 
158 164 75 0 132 81 0 65 89 316 0 0 29 45 0 594 401 349 510 0 0 121 0 135 0 66 60 
156 158 75 0 132 82 0 68 89 311 0 0 29 59 0 679 241 363 545 0 0 114 0 135 0 65 60 
156 158 76 0 130 76 0 67 90 307 0 0 29 61 0 617 381 327 532 0 0 113 0 135 0 65 60 
157 148 73 0 130 88 0 67 88 305 0 0 29 47 0 639 329 373 561 0 0 108 0 135 0 66 60 
149 155 71 0 129 98 0 64 88 303 0 0 29 40 0 653 256 348 564 0 0 107 0 135 0 65 60 
156 156 72 0 130 102 0 64 89 310 0 0 29 32 0 638 297 361 564 0 0 106 0 135 0 65 60 
154 151 75 0 130 89 0 66 87 311 0 0 29 33 0 622 308 353 603 0 0 111 0 135 0 65 60 
152 150 75 0 131 80 0 65 87 306 0 0 29 49 0 619 331 354 574 0 0 114 0 135 0 65 60 
155 146 74 0 133 80 0 66 88 304 0 0 29 54 0 725 265 346 542 0 0 115 0 135 0 65 60 
151 156 73 0 135 80 0 65 86 302 0 0 29 52 0 688 262 355 583 0 0 108 0 135 0 65 60 
153 154 76 0 137 89 0 68 87 315 0 0 29 51 0 725 230 367 584 0 0 105 0 135 0 66 60 
156 149 71 0 139 95 0 69 88 319 0 0 29 50 0 657 463 352 505 0 0 106 0 135 0 65 60 
157 154 75 0 140 98 0 65 89 316 0 0 29 44 0 673 333 363 581 0 0 111 0 135 0 66 60 
153 150 75 0 139 101 0 65 89 313 0 0 29 32 0 670 255 354 563 0 0 117 0 135 0 66 60 
156 156 72 0 138 108 0 69 89 308 0 0 29 36 0 708 336 359 577 0 0 127 0 135 0 66 60 
156 158 73 0 135 108 0 67 88 309 0 0 29 42 0 598 408 381 535 0 0 143 0 135 0 66 60 
149 156 73 0 133 95 0 65 88 312 0 0 29 46 0 637 311 369 509 0 0 148 0 135 0 66 60 
155 154 73 0 132 91 0 65 89 310 0 0 29 46 0 636 218 394 564 0 0 142 0 135 0 66 60 
151 154 75 0 131 93 0 66 89 308 0 0 29 50 0 638 265 376 545 0 0 134 0 135 0 65 60 
154 153 70 0 131 90 0 65 87 313 0 0 28 47 0 674 374 371 569 0 0 131 0 135 0 65 60 
153 158 73 0 131 80 0 69 87 311 0 0 29 42 0 689 288 319 563 0 0 122 0 135 0 66 60 
156 159 75 0 131 82 0 66 87 311 0 0 28 44 0 637 209 370 563 0 0 116 0 135 0 65 60 
154 156 77 0 130 87 0 64 87 311 0 0 29 40 0 644 392 357 540 0 0 119 0 135 0 65 60 
154 155 72 0 131 90 0 70 87 309 0 0 29 39 0 640 379 350 557 0 0 114 0 135 0 66 60 
160 154 74 0 130 88 0 67 89 305 0 0 28 39 0 645 341 370 556 0 0 116 0 135 0 67 60 
152 157 75 0 131 93 0 66 90 299 0 0 29 39 0 719 190 381 547 0 0 116 0 135 0 67 60 
152 150 73 0 130 90 0 70 89 302 0 0 28 42 0 646 399 388 546 0 0 115 0 135 0 67 60 
155 160 73 0 129 87 0 68 89 316 0 0 29 42 0 692 268 365 501 0 0 115 0 135 0 67 60 
153 155 72 0 129 88 0 66 87 312 0 0 29 45 0 633 228 374 565 0 0 112 0 135 0 66 60 
153 145 71 0 129 98 0 69 87 306 0 0 28 50 0 644 389 364 539 0 0 111 0 135 0 66 60 
154 154 76 0 128 101 0 65 88 304 0 0 28 41 0 650 366 365 516 0 0 115 0 135 0 66 60 
157 163 75 0 127 97 0 63 88 303 0 0 28 36 0 684 278 385 533 0 0 111 0 135 0 66 60 
149 157 75 0 128 96 0 68 88 311 0 0 28 43 0 716 255 398 556 0 0 107 0 135 0 66 60 
157 156 76 0 128 92 0 63 87 311 0 0 28 51 0 676 297 394 569 0 0 104 0 135 0 66 60 
154 148 75 0 130 89 0 62 88 306 0 0 28 50 0 739 345 341 543 0 0 107 0 135 0 66 60 
152 155 76 0 131 80 0 66 88 307 0 0 28 51 0 616 322 375 550 0 0 101 0 135 0 66 60 
156 155 75 0 132 77 0 66 90 304 0 0 29 47 0 633 202 376 607 0 0 102 0 135 0 67 60 
155 149 74 0 132 72 0 61 89 304 0 0 29 40 0 632 378 326 549 0 0 111 0 135 0 67 60 
150 147 74 0 129 80 0 68 89 312 0 0 28 28 0 617 319 374 548 0 0 118 0 135 0 67 60 
153 148 72 0 128 87 0 70 89 311 0 0 28 27 0 627 165 385 590 0 0 121 0 135 0 67 60 
156 156 76 0 127 100 0 67 90 307 0 0 28 28 0 617 324 405 543 0 0 117 0 135 0 67 60 
150 151 73 0 127 103 0 70 90 302 0 0 28 34 0 665 438 372 580 0 0 109 0 135 0 67 60 
155 149 77 0 130 102 0 66 89 305 0 0 28 42 0 624 309 370 617 0 0 103 0 135 0 66 60 
155 154 74 0 132 102 0 63 88 315 0 0 28 48 0 627 363 377 558 0 0 105 0 135 0 66 60 
150 149 73 0 134 95 0 66 87 312 0 0 28 45 0 672 248 346 559 0 0 109 0 135 0 66 60 
155 158 77 0 136 83 0 65 86 311 0 0 28 45 0 649 321 350 533 0 0 108 0 135 0 66 60 
159 160 75 0 136 82 0 65 87 308 0 0 28 40 0 653 290 340 527 0 0 117 0 135 0 66 60 
152 153 77 0 137 81 0 64 89 305 0 0 27 45 0 677 318 367 615 0 0 132 0 135 0 65 60 
154 156 77 0 137 76 0 66 89 306 0 0 28 50 0 651 304 395 542 0 0 138 0 135 0 65 60 
156 151 71 0 135 80 0 69 89 310 0 0 27 48 0 656 263 351 565 0 0 130 0 135 0 65 60 
158 155 78 0 133 88 0 66 89 307 0 0 26 43 0 639 350 347 557 0 0 126 0 135 0 66 60 
154 159 74 0 131 91 0 67 88 308 0 0 27 44 0 676 241 341 497 0 0 126 0 135 0 66 60 
159 155 74 0 130 86 0 65 89 312 0 0 27 45 0 684 278 362 512 0 0 128 0 135 0 66 60 
154 155 75 0 130 90 0 66 89 309 0 0 28 42 0 643 202 350 527 0 0 120 0 135 0 66 60 
154 153 76 0 132 94 0 68 88 314 0 0 28 44 0 691 335 387 562 0 0 113 0 135 0 66 60 
155 154 76 0 133 96 0 67 88 311 0 0 28 47 0 695 316 366 545 0 0 108 0 135 0 66 60 
155 157 76 0 134 94 0 63 85 309 0 0 27 42 0 724 280 383 573 0 0 106 0 135 0 66 60 
156 159 76 0 134 98 0 64 88 301 0 0 28 52 0 641 257 343 551 0 0 104 0 135 0 66 60 
158 161 75 0 134 96 0 69 86 298 0 0 28 54 0 650 204 357 582 0 0 102 0 135 0 67 60 
158 149 76 0 134 93 0 63 87 310 0 0 28 54 0 637 474 366 551 0 0 105 0 135 0 67 60 
154 148 74 0 134 92 0 65 89 314 0 0 28 49 0 671 284 349 582 0 0 108 0 135 0 67 60 
150 162 73 0 132 95 0 66 89 307 0 0 28 42 0 667 328 340 567 0 0 113 0 135 0 67 60 
151 162 76 0 131 93 0 66 90 305 0 0 28 42 0 620 274 381 578 0 0 119 0 135 0 67 60 
154 158 75 0 131 82 0 70 88 305 0 0 28 47 0 650 302 364 577 0 0 116 0 135 0 67 60 
154 152 74 0 132 84 0 70 87 308 0 0 28 55 0 664 305 372 549 0 0 112 0 135 0 67 60 
155 152 74 0 133 87 0 65 89 313 0 0 27 61 0 636 305 332 526 0 0 111 0 135 0 66 60 
152 153 77 0 133 91 0 67 89 311 0 0 28 53 0 678 265 344 562 0 0 113 0 135 0 66 60 
154 155 75 0 134 85 0 70 90 309 0 0 28 47 0 708 269 306 593 0 0 113 0 135 0 66 60 
156 150 76 0 134 90 0 65 89 307 0 0 28 34 0 683 319 368 579 0 0 113 0 135 0 66 60 
153 148 76 0 133 91 0 64 88 302 0 0 28 29 0 665 315 360 548 0 0 119 0 135 0 65 60 
158 152 77 0 133 92 0 69 87 309 0 0 28 43 0 618 276 341 575 0 0 121 0 135 0 66 60 
150 156 76 0 134 96 0 66 88 314 0 0 28 52 0 659 296 372 585 0 0 118 0 135 0 65 60 
155 148 75 0 133 101 0 62 86 310 0 0 28 53 0 673 282 326 551 0 0 115 0 135 0 66 60 
156 148 72 0 133 97 0 65 87 306 0 0 28 52 0 664 374 335 555 0 0 114 0 135 0 65 60 
156 155 73 0 132 86 0 63 88 306 0 0 28 52 0 649 246 331 565 0 0 118 0 135 0 65 60 
152 154 74 0 131 86 0 64 88 314 0 0 28 45 0 619 207 361 578 0 0 119 0 135 0 65 60 
156 157 74 0 130 86 0 68 90 318 0 0 28 33 0 632 277 353 569 0 0 121 0 135 0 66 60 
154 158 74 0 130 90 0 67 89 314 0 0 28 37 0 644 331 336 574 0 0 128 0 135 0 65 60 
154 157 76 0 131 89 0 63 91 312 0 0 28 43 0 696 301 340 549 0 0 132 0 135 0 66 60 
155 158 73 0 132 96 0 71 89 311 0 0 28 45 0 733 366 320 539 0 0 136 0 135 0 65 60 
154 149 78 0 133 98 0 69 87 308 0 0 28 45 0 678 291 332 533 0 0 126 0 135 0 65 60 
155 157 76 0 135 110 0 66 85 313 0 0 28 56 0 664 237 307 569 0 0 123 0 135 0 65 60 
154 158 76 0 136 108 0 68 87 311 0 0 27 46 0 608 370 355 564 0 0 120 0 135 0 65 60 
156 155 72 0 138 100 0 66 87 305 0 0 28 42 0 651 311 316 520 0 0 118 0 135 0 66 60 
152 154 74 0 139 80 0 67 88 313 0 0 27 48 0 679 298 363 530 0 0 120 0 135 0 65 60 
154 153 75 0 139 75 0 66 88 314 0 0 27 40 0 634 317 331 524 0 0 114 0 135 0 66 60 
158 156 78 0 136 70 0 66 88 314 0 0 28 37 0 675 171 318 542 0 0 114 0 135 0 66 60 
153 154 76 0 134 76 0 62 88 312 0 0 28 41 0 652 293 330 533 0 0 111 0 135 0 65 60 
155 158 77 0 133 82 0 66 89 309 0 0 28 44 0 635 345 344 547 0 0 107 0 135 0 66 60 
158 163 72 0 133 90 0 67 90 304 0 0 28 41 0 657 263 318 562 0 0 107 0 135 0 66 60 
153 146 78 0 133 95 0 65 90 298 0 0 27 44 0 702 418 351 534 0 0 103 0 135 0 66 60 
155 151 76 0 132 98 0 66 91 303 0 0 27 42 0 675 220 327 553 0 0 104 0 135 0 65 60 
155 166 78 0 132 105 0 66 89 311 0 0 28 49 0 660 243 341 544 0 0 107 0 135 0 66 60 
154 159 73 0 132 103 0 66 88 311 0 0 28 44 0 683 471 331 581 0 0 111 0 135 0 66 60 
150 158 79 0 131 98 0 64 86 304 0 0 28 39 0 640 256 326 536 0 0 111 0 135 0 66 60 
154 151 76 0 132 91 0 64 87 307 0 0 27 40 0 673 387 299 570 0 0 110 0 135 0 66 60 
151 155 75 0 132 95 0 63 87 305 0 0 27 50 0 669 377 333 597 0 0 112 0 135 0 66 60 
151 154 78 0 131 97 0 62 88 304 0 0 27 50 0 610 166 336 570 0 0 111 0 135 0 66 60 
152 152 76 0 130 98 0 67 88 310 0 0 27 55 0 661 359 332 568 0 0 113 0 135 0 66 60 
155 150 73 0 130 98 0 66 88 308 0 0 27 49 0 661 257 293 541 0 0 111 0 135 0 65 60 
151 147 73 0 129 103 0 66 89 307 0 0 27 41 0 679 418 349 576 0 0 109 0 135 0 66 60 
157 157 77 0 130 101 0 69 89 306 0 0 27 29 0 666 286 353 552 0 0 113 0 135 0 65 60 
155 155 74 0 130 92 0 68 89 303 0 0 27 24 0 675 365 332 527 0 0 118 0 135 0 65 60 
152 148 75 0 130 91 0 63 89 309 0 0 27 27 0 656 352 321 502 0 0 111 0 135 0 65 60 
157 154 78 0 130 97 0 66 88 311 0 0 27 36 0 708 325 336 534 0 0 108 0 135 0 64 60 
153 150 77 0 130 89 0 70 88 306 0 0 27 43 0 634 202 325 494 0 0 108 0 135 0 64 60 
151 155 77 0 131 78 0 65 87 303 0 0 27 48 0 676 218 345 579 0 0 105 0 135 0 64 60 
156 159 75 0 132 79 0 67 88 307 0 0 27 46 0 615 377 354 543 0 0 103 0 135 0 64 60 
154 157 73 0 133 84 0 65 88 312 0 0 27 45 0 680 262 325 514 0 0 102 0 135 0 65 60 
153 155 74 0 133 76 0 59 89 319 0 0 27 42 0 655 312 327 539 0 0 113 0 135 0 65 60 
155 155 72 0 130 66 0 67 89 312 0 0 27 43 0 643 353 300 533 0 0 119 0 135 0 65 60 
154 152 75 0 129 73 0 67 85 307 0 0 27 50 0 711 488 361 530 0 0 124 0 135 0 65 60 
151 156 70 0 127 85 0 64 87 309 0 0 27 47 0 605 199 301 561 0 0 121 0 135 0 66 60 
154 153 72 0 128 89 0 66 89 308 0 0 27 42 0 727 280 370 567 0 0 117 0 135 0 66 60 
159 153 74 0 129 90 0 72 90 310 0 0 27 44 0 685 290 331 561 0 0 124 0 135 0 66 60 
156 155 74 0 131 91 0 65 90 310 0 0 27 44 0 691 310 348 607 0 0 125 0 135 0 65 60 
155 152 74 0 133 98 0 65 88 309 0 0 27 42 0 645 335 324 516 0 0 122 0 135 0 65 60 
156 155 75 0 135 94 0 68 86 314 0 0 28 45 0 650 273 324 524 0 0 117 0 135 0 65 60 
150 154 75 0 137 94 0 65 88 313 0 0 27 46 0 675 224 362 596 0 0 118 0 135 0 65 60 
152 159 75 0 138 99 0 68 88 312 0 0 27 44 0 694 314 355 564 0 0 114 0 135 0 66 60 
157 155 73 0 138 100 0 67 89 313 0 0 27 52 0 656 303 355 566 0 0 112 0 135 0 66 60 
155 147 77 0 137 92 0 63 89 309 0 0 28 56 0 654 288 342 541 0 0 113 0 135 0 66 60 
153 153 78 0 134 92 0 63 86 301 0 0 27 52 0 648 396 354 491 0 0 115 0 135 0 66 60 
153 162 71 0 132 101 0 70 88 299 0 0 27 47 0 658 273 328 568 0 0 118 0 135 0 66 60 
150 158 73 0 131 113 0 66 88 307 0 0 27 39 0 641 329 331 567 0 0 124 0 135 0 66 60 
155 157 74 0 132 109 0 64 87 314 0 0 27 41 0 709 220 335 555 0 0 131 0 135 0 66 60 
156 151 74 0 133 95 0 67 89 310 0 0 27 48 0 700 374 342 506 0 0 126 0 135 0 66 60 
155 156 73 0 133 92 0 67 88 307 0 0 27 56 0 652 276 355 578 0 0 117 0 135 0 66 60 
153 155 76 0 134 95 0 66 88 309 0 0 27 58 0 691 361 323 561 0 0 115 0 135 0 66 60 
154 149 77 0 134 93 0 68 88 306 0 0 27 45 0 591 230 344 588 0 0 115 0 135 0 66 60 
157 149 76 0 134 89 0 66 89 315 0 0 27 45 0 711 298 326 610 0 0 115 0 135 0 65 60 
158 150 74 0 134 95 0 65 88 310 0 0 27 33 0 627 394 348 541 0 0 116 0 135 0 65 60 
158 155 79 0 133 92 0 68 90 306 0 0 27 33 0 678 363 343 566 0 0 117 0 135 0 65 60 
157 153 75 0 131 86 0 67 89 307 0 0 27 46 0 673 213 352 593 0 0 114 0 135 0 65 60 
155 147 76 0 130 92 0 63 89 305 0 0 27 50 0 614 362 362 549 0 0 115 0 135 0 66 60 
157 154 73 0 130 108 0 64 88 306 0 0 27 52 0 714 312 345 574 0 0 114 0 135 0 65 60 
157 151 74 0 130 107 0 69 88 312 0 0 27 52 0 670 288 317 533 0 0 116 0 135 0 66 60 
156 155 76 0 132 96 0 66 87 310 0 0 26 55 0 736 249 330 501 0 0 116 0 135 0 66 60 
156 156 79 0 132 87 0 66 88 304 0 0 26 41 0 665 332 347 519 0 0 117 0 135 0 66 60 
155 152 76 0 132 94 0 65 88 306 0 0 27 33 0 684 323 348 581 0 0 123 0 135 0 66 60 
151 153 78 0 132 91 0 66 89 309 0 0 26 37 0 693 380 365 549 0 0 120 0 135 0 65 60 
158 153 75 0 132 84 0 70 89 318 0 0 27 43 0 643 244 345 510 0 0 121 0 135 0 65 60 
152 155 79 0 133 81 0 72 89 318 0 0 26 45 0 632 233 356 514 0 0 126 0 135 0 66 60 
157 159 79 0 134 85 0 67 88 309 0 0 27 45 0 657 553 327 589 0 0 131 0 135 0 66 60 
153 153 76 0 133 81 0 65 89 309 0 0 27 50 0 652 250 377 530 0 0 125 0 135 0 66 60 
151 156 73 0 132 83 0 73 87 306 0 0 27 46 0 657 227 365 547 0 0 119 0 135 0 66 60 
155 156 74 0 131 96 0 66 88 311 0 0 26 42 0 625 343 388 534 0 0 120 0 135 0 65 60 
155 152 73 0 130 102 0 64 85 312 0 0 26 45 0 651 365 341 535 0 0 116 0 135 0 65 60 
152 153 72 0 129 97 0 67 88 307 0 0 27 43 0 683 319 348 571 0 0 115 0 135 0 66 60 
151 154 74 0 130 90 0 65 88 310 0 0 27 37 0 721 192 362 554 0 0 118 0 135 0 65 60 
154 163 71 0 130 96 0 62 89 310 0 0 27 40 0 675 278 356 559 0 0 121 0 135 0 66 60 
151 148 76 0 131 93 0 66 90 308 0 0 27 41 0 674 327 349 538 0 0 119 0 135 0 65 60 
152 152 72 0 132 87 0 65 88 314 0 0 27 42 0 649 454 350 567 0 0 113 0 135 0 65 60 
155 160 76 0 134 84 0 61 85 313 0 0 27 46 0 679 246 350 638 0 0 113 0 135 0 65 60 
156 162 72 0 136 90 0 66 87 304 0 0 27 43 0 665 305 360 535 0 0 110 0 135 0 65 60 
155 160 76 0 138 85 0 67 88 302 0 0 27 51 0 671 435 381 582 0 0 106 0 135 0 65 60 
155 150 72 0 139 80 0 66 89 302 0 0 26 44 0 691 217 388 575 0 0 109 0 135 0 65 60 
156 154 73 0 139 83 0 71 89 314 0 0 26 36 0 636 278 358 530 0 0 116 0 135 0 65 60 
152 154 74 0 137 90 0 70 89 316 0 0 26 44 0 643 384 388 601 0 0 117 0 135 0 65 60 
156 154 76 0 135 90 0 65 87 308 0 0 26 51 0 685 222 373 549 0 0 116 0 135 0 66 60 
156 149 73 0 134 91 0 66 88 305 0 0 26 50 0 672 291 354 535 0 0 111 0 135 0 66 60 
151 147 73 0 133 100 0 66 90 306 0 0 26 54 0 678 470 354 564 0 0 113 0 135 0 67 60 
159 154 70 0 133 103 0 66 90 311 0 0 26 53 0 673 223 386 626 0 0 112 0 135 0 67 60 
153 155 75 0 132 96 0 65 90 313 0 0 26 42 0 639 278 353 525 0 0 107 0 135 0 69 60 
152 150 74 0 131 85 0 66 89 312 0 0 26 30 0 679 319 388 555 0 0 109 0 135 0 69 60 
152 156 75 0 131 85 0 62 87 307 0 0 26 25 0 674 369 372 566 0 0 114 0 135 0 68 60 
155 150 73 0 132 76 0 67 88 307 0 0 26 27 0 632 256 360 537 0 0 118 0 135 0 68 60 
153 156 75 0 132 93 0 69 88 307 0 0 26 34 0 613 257 375 528 0 0 111 0 135 0 67 60 
157 156 76 0 132 109 0 65 88 310 0 0 26 41 0 652 315 366 522 0 0 107 0 135 0 66 60 
154 158 75 0 131 122 0 65 88 316 0 0 26 47 0 650 436 395 526 0 0 102 0 135 0 66 60 
152 155 73 0 130 115 0 67 88 308 0 0 26 44 0 668 153 358 562 0 0 101 0 135 0 65 60 
155 151 72 0 130 98 0 68 88 303 0 0 26 44 0 662 492 367 550 0 0 106 0 135 0 66 60 
157 154 74 0 130 93 0 65 89 305 0 0 26 40 0 703 307 391 527 0 0 115 0 135 0 65 60 
156 152 74 0 131 92 0 66 90 311 0 0 26 41 0 673 343 390 570 0 0 124 0 135 0 66 60 
153 155 73 0 130 95 0 64 88 318 0 0 26 46 0 710 200 364 558 0 0 131 0 135 0 66 60 
154 153 75 0 130 90 0 63 89 311 0 0 26 45 0 656 314 383 498 0 0 136 0 135 0 66 60 
153 155 73 0 129 86 0 65 88 308 0 0 26 44 0 640 384 357 557 0 0 133 0 135 0 66 60 
153 155 76 0 128 75 0 66 87 305 0 0 26 44 0 658 253 402 597 0 0 133 0 135 0 66 60 
152 155 76 0 128 80 0 66 86 307 0 0 26 47 0 657 359 381 532 0 0 132 0 135 0 67 60 
150 156 77 0 131 86 0 67 88 311 0 0 26 41 0 640 301 389 502 0 0 130 0 135 0 68 60 
153 161 76 0 131 96 0 72 89 310 0 0 26 43 0 690 166 379 531 0 0 120 0 135 0 68 60 
154 152 75 0 131 93 0 68 89 305 0 0 26 47 0 666 440 372 546 0 0 120 0 135 0 68 60 
153 149 71 0 130 91 0 67 87 312 0 0 26 42 0 649 314 365 588 0 0 119 0 135 0 69 60 
155 153 76 0 127 89 0 68 89 313 0 0 25 50 0 653 181 368 609 0 0 112 0 135 0 69 60 
154 166 76 0 126 86 0 67 88 307 0 0 26 54 0 691 282 392 574 0 0 109 0 135 0 69 60 
154 157 75 0 127 90 0 69 88 314 0 0 26 54 0 678 491 384 595 0 0 113 0 135 0 69 60 
155 154 73 0 128 96 0 69 91 310 0 0 26 47 0 651 202 396 594 0 0 116 0 135 0 68 60 
155 153 75 0 130 98 0 65 90 301 0 0 26 42 0 683 281 382 586 0 0 115 0 135 0 67 60 
151 157 78 0 132 87 0 63 90 298 0 0 25 41 0 659 414 339 559 0 0 118 0 135 0 68 60 
152 158 79 0 134 84 0 67 87 303 0 0 26 45 0 691 407 370 565 0 0 118 0 135 0 68 60 
157 151 76 0 136 91 0 63 87 313 0 0 26 54 0 628 180 364 505 0 0 114 0 135 0 68 60 
154 150 75 0 139 93 0 62 86 314 0 0 26 65 0 635 315 396 571 0 0 115 0 135 0 70 60 
154 154 77 0 139 81 0 65 89 307 0 0 26 53 0 654 369 352 544 0 0 113 0 135 0 70 60 
157 155 74 0 138 88 0 66 88 307 0 0 26 42 0 629 205 362 565 0 0 112 0 135 0 70 60 
155 151 74 0 136 93 0 65 89 305 0 0 26 38 0 652 393 368 533 0 0 105 0 135 0 69 60 
156 152 76 0 134 92 0 66 88 310 0 0 27 29 0 648 275 345 489 0 0 104 0 135 0 69 60 
154 149 76 0 131 93 0 66 88 313 0 0 26 43 0 717 238 345 561 0 0 112 0 135 0 68 60 
150 151 75 0 130 99 0 67 89 308 0 0 26 51 0 682 285 326 556 0 0 118 0 135 0 67 60 
149 156 77 0 132 104 0 70 91 306 0 0 26 52 0 669 384 386 537 0 0 121 0 135 0 68 60 
155 157 73 0 131 93 0 69 89 306 0 0 26 51 0 677 306 354 530 0 0 120 0 135 0 68 60 
157 156 76 0 133 87 0 66 90 303 0 0 26 56 0 653 360 355 566 0 0 117 0 135 0 68 60 
158 155 75 0 134 93 0 66 88 312 0 0 26 44 0 623 384 388 540 0 0 115 0 135 0 68 60 
152 151 75 0 135 91 0 68 88 311 0 0 26 34 0 646 147 358 594 0 0 113 0 135 0 69 60 
154 153 77 0 136 78 0 65 87 304 0 0 26 33 0 689 235 363 552 0 0 122 0 135 0 69 60 
153 157 78 0 135 72 0 65 89 304 0 0 26 42 0 645 510 361 539 0 0 131 0 135 0 69 60 
157 152 75 0 134 78 0 64 88 305 0 0 26 45 0 611 273 326 532 0 0 139 0 135 0 70 60 
154 155 74 0 132 83 0 64 90 313 0 0 26 44 0 625 262 338 606 0 0 139 0 135 0 70 60 
155 155 73 0 131 83 0 66 88 318 0 0 26 49 0 710 411 340 527 0 0 126 0 135 0 70 60 
153 155 75 0 131 88 0 69 88 314 0 0 26 51 0 695 282 390 525 0 0 127 0 135 0 70 60 
154 155 74 0 132 92 0 66 89 311 0 0 26 42 0 685 348 388 564 0 0 123 0 135 0 71 60 
155 159 74 0 132 92 0 67 89 307 0 0 26 43 0 663 285 332 552 0 0 122 0 135 0 70 60 
156 161 75 0 132 92 0 67 88 309 0 0 26 43 0 648 334 345 611 0 0 118 0 135 0 70 60 
152 148 77 0 131 99 0 64 89 314 0 0 26 37 0 615 209 360 595 0 0 117 0 135 0 70 60 
152 151 77 0 132 95 0 62 88 310 0 0 26 39 0 672 357 360 542 0 0 114 0 135 0 69 60 
155 163 77 0 132 85 0 62 87 311 0 0 26 41 0 633 381 363 591 0 0 110 0 135 0 68 60 
156 158 77 0 132 80 0 66 89 316 0 0 26 41 0 672 252 379 624 0 0 106 0 135 0 68 60 
152 158 77 0 132 83 0 64 89 314 0 0 26 43 0 641 195 339 539 0 0 108 0 135 0 69 60 
155 154 74 0 132 93 0 69 88 312 0 0 26 42 0 662 304 367 551 0 0 104 0 135 0 69 60 
155 152 73 0 130 98 0 66 87 311 0 0 26 50 0 703 253 321 557 0 0 104 0 135 0 67 60 
155 155 72 0 129 112 0 67 86 307 0 0 26 43 0 674 334 397 509 0 0 114 0 135 0 67 60 
155 150 74 0 128 111 0 67 86 300 0 0 26 39 0 714 269 395 561 0 0 114 0 135 0 66 60 
154 146 74 0 129 114 0 68 87 298 0 0 26 39 0 649 355 386 578 0 0 111 0 135 0 66 60 
154 152 73 0 130 114 0 67 89 307 0 0 26 50 0 667 286 365 560 0 0 104 0 135 0 67 60 
154 153 75 0 130 109 0 65 91 312 0 0 26 53 0 637 437 338 506 0 0 103 0 135 0 66 60 
156 151 79 0 132 95 0 69 89 308 0 0 26 49 0 664 351 360 552 0 0 106 0 135 0 67 60 
150 152 77 0 133 83 0 64 89 305 0 0 26 52 0 641 418 326 557 0 0 112 0 135 0 68 60 
151 151 77 0 135 76 0 62 88 304 0 0 26 46 0 610 222 322 576 0 0 112 0 135 0 69 60 
152 153 77 0 138 83 0 66 87 307 0 0 26 36 0 630 299 391 516 0 0 114 0 135 0 70 60 
151 154 72 0 139 91 0 65 87 312 0 0 27 27 0 636 270 344 534 0 0 114 0 135 0 71 60 
156 153 77 0 139 89 0 66 88 312 0 0 27 26 0 642 387 341 531 0 0 114 0 135 0 72 60 
153 156 80 0 138 88 0 72 90 308 0 0 27 29 0 643 263 314 559 0 0 119 0 135 0 70 60 
155 154 77 0 138 87 0 68 84 304 0 0 26 40 0 709 262 346 539 0 0 121 0 135 0 69 60 
154 153 77 0 134 92 0 68 87 305 0 0 26 46 0 682 314 350 512 0 0 115 0 135 0 67 60 
154 154 71 0 135 92 0 71 88 305 0 0 27 46 0 711 351 328 581 0 0 113 0 135 0 67 60 
149 158 76 0 134 86 0 66 88 314 0 0 27 44 0 646 296 382 590 0 0 111 0 135 0 66 60 
154 156 74 0 131 82 0 64 90 312 0 0 27 44 0 609 324 350 518 0 0 113 0 135 0 65 60 
153 153 80 0 132 90 0 66 89 304 0 0 27 40 0 704 307 328 567 0 0 121 0 135 0 65 60 
151 158 75 0 131 90 0 66 89 305 0 0 27 44 0 654 274 349 545 0 0 127 0 135 0 66 60 
156 154 76 0 132 87 0 62 88 308 0 0 27 48 0 621 291 318 541 0 0 125 0 135 0 66 60 
156 152 76 0 132 81 0 67 89 315 0 0 27 45 0 700 328 321 525 0 0 120 0 135 0 67 60 
151 156 80 0 133 85 0 65 88 316 0 0 27 41 0 699 333 323 659 0 0 114 0 135 0 67 60 
156 162 78 0 131 84 0 65 88 307 0 0 27 45 0 618 270 351 624 0 0 110 0 135 0 67 60 
157 148 74 0 130 91 0 69 87 307 0 0 26 43 0 620 227 349 593 0 0 108 0 135 0 66 60 
158 149 75 0 129 100 0 65 87 306 0 0 26 40 0 699 372 377 572 0 0 109 0 135 0 66 60 
150 166 76 0 129 103 0 64 86 308 0 0 26 45 0 676 297 366 578 0 0 114 0 135 0 66 60 
155 161 74 0 130 92 0 68 86 315 0 0 26 43 0 683 276 355 543 0 0 116 0 135 0 65 60 
157 156 71 0 129 84 0 66 89 312 0 0 26 45 0 661 336 355 551 0 0 119 0 135 0 65 60 
155 154 78 0 129 87 0 65 90 310 0 0 26 58 0 615 216 315 538 0 0 119 0 135 0 66 60 
153 153 75 0 128 94 0 67 90 316 0 0 26 54 0 661 253 360 566 0 0 119 0 135 0 67 60 
153 155 77 0 128 101 0 66 89 308 0 0 26 49 0 614 396 352 574 0 0 119 0 135 0 69 60 
158 153 75 0 129 105 0 68 88 311 0 0 26 47 0 619 424 361 547 0 0 124 0 135 0 69 60 
159 147 76 0 131 105 0 66 87 311 0 0 26 38 0 658 173 356 538 0 0 131 0 135 0 70 60 
157 150 76 0 133 101 0 64 89 303 0 0 26 41 0 665 233 326 468 0 0 131 0 135 0 70 60 
154 154 74 0 133 102 0 64 89 299 0 0 26 49 0 649 404 347 556 0 0 121 0 135 0 69 60 
149 152 70 0 131 99 0 66 89 298 0 0 26 59 0 665 270 339 516 0 0 112 0 135 0 68 60 
153 151 73 0 129 95 0 67 88 311 0 0 26 62 0 695 313 350 554 0 0 109 0 135 0 68 60 
152 149 75 0 127 90 0 65 87 316 0 0 26 43 0 679 370 362 543 0 0 112 0 135 0 67 60 
149 152 75 0 127 90 0 63 87 309 0 0 26 41 0 688 290 345 531 0 0 110 0 135 0 67 60 
154 157 72 0 128 91 0 68 88 302 0 0 27 31 0 644 269 359 545 0 0 107 0 135 0 67 60 
151 156 74 0 130 91 0 71 88 305 0 0 26 37 0 665 358 328 601 0 0 112 0 135 0 67 60 
151 157 74 0 131 90 0 69 89 310 0 0 26 49 0 656 305 362 552 0 0 116 0 135 0 67 60 
152 153 75 0 134 92 0 68 90 311 0 0 26 51 0 673 357 348 531 0 0 115 0 135 0 68 60 
154 153 75 0 136 90 0 69 89 311 0 0 26 51 0 672 328 368 551 0 0 110 0 135 0 68 60 
149 156 72 0 138 84 0 67 89 307 0 0 26 52 0 649 246 336 555 0 0 110 0 135 0 68 60 
154 157 75 0 139 85 0 67 89 305 0 0 26 53 0 606 417 348 560 0 0 114 0 135 0 69 60 
156 156 76 0 137 87 0 67 88 305 0 0 26 39 0 590 291 329 562 0 0 118 0 135 0 69 60 
156 153 74 0 136 86 0 61 88 309 0 0 26 34 0 695 325 363 507 0 0 120 0 135 0 70 60 
147 154 72 0 133 84 0 65 88 314 0 0 26 39 0 668 266 352 543 0 0 126 0 135 0 71 60 
158 154 77 0 131 90 0 68 87 310 0 0 26 44 0 668 239 329 569 0 0 134 0 135 0 71 60 
161 157 71 0 131 90 0 63 88 307 0 0 26 45 0 670 390 349 554 0 0 129 0 135 0 72 60 
164 159 74 0 131 89 0 63 88 306 0 0 26 50 0 647 246 326 526 0 0 121 0 135 0 73 60 
140 160 72 0 132 85 0 64 88 313 0 0 26 49 0 643 278 370 589 0 0 123 0 135 0 73 60 
159 148 74 0 133 87 0 68 89 318 0 0 26 45 0 638 342 337 607 0 0 123 0 135 0 72 60 
157 154 75 0 134 83 0 66 87 316 0 0 26 42 0 660 248 356 557 0 0 126 0 135 0 72 60 
161 161 76 0 135 76 0 69 87 307 0 0 26 45 0 666 351 361 591 0 0 123 0 135 0 71 60 
159 162 72 0 135 82 0 68 89 308 0 0 25 44 0 677 373 364 527 0 0 120 0 135 0 71 60 
161 161 78 0 135 84 0 68 88 306 0 0 25 37 0 631 315 326 569 0 0 118 0 135 0 71 60 
159 151 75 0 134 83 0 68 89 310 0 0 26 38 0 628 247 375 582 0 0 111 0 135 0 71 60 
160 155 73 0 133 84 0 65 90 312 0 0 25 41 0 681 337 334 557 0 0 111 0 135 0 71 60 
159 151 73 0 132 86 0 63 89 306 0 0 25 45 0 703 319 388 579 0 0 114 0 135 0 70 60 
158 156 75 0 133 83 0 66 89 312 0 0 25 42 0 686 295 340 584 0 0 112 0 135 0 71 60 
155 148 76 0 133 87 0 65 88 311 0 0 25 51 0 686 211 339 509 0 0 112 0 135 0 71 60 
154 147 74 0 134 94 0 65 88 309 0 0 26 45 0 615 223 363 493 0 0 118 0 135 0 71 60 
154 157 73 0 134 103 0 67 88 310 0 0 25 38 0 632 322 331 538 0 0 118 0 135 0 70 60 
155 152 73 0 134 103 0 67 88 310 0 0 26 41 0 683 338 304 542 0 0 112 0 135 0 70 60 
155 150 77 0 134 101 0 68 87 303 0 0 25 45 0 640 382 323 523 0 0 106 0 135 0 70 60 
154 153 78 0 134 102 0 68 87 298 0 0 26 54 0 648 309 343 545 0 0 102 0 135 0 70 60 
154 152 78 0 134 92 0 68 87 306 0 0 25 54 0 667 327 344 570 0 0 96 0 135 0 69 60 
151 159 76 0 133 82 0 67 88 314 0 0 25 51 0 639 294 313 543 0 0 95 0 135 0 69 60 
151 158 84 0 132 80 0 67 90 314 0 0 25 48 0 672 390 344 497 0 0 101 0 135 0 70 60 
154 157 75 0 130 82 0 66 89 305 0 0 26 37 0 723 273 359 535 0 0 107 0 135 0 70 60 
153 153 72 0 129 81 0 66 88 302 0 0 25 30 0 675 247 326 552 0 0 111 0 135 0 71 60 
157 152 69 0 129 82 0 65 88 306 0 0 26 27 0 646 359 314 541 0 0 112 0 135 0 70 60 
156 155 73 0 130 87 0 65 86 308 0 0 26 27 0 612 382 348 560 0 0 111 0 135 0 70 60 
153 154 72 0 130 92 0 70 87 313 0 0 26 37 0 665 168 328 559 0 0 102 0 135 0 71 60 
153 153 70 0 130 95 0 65 87 307 0 0 25 43 0 655 413 333 550 0 0 102 0 135 0 71 60 
153 153 68 0 131 99 0 65 89 303 0 0 26 48 0 652 248 346 527 0 0 104 0 135 0 70 60 
150 155 74 0 133 95 0 67 88 305 0 0 26 44 0 699 343 334 589 0 0 110 0 135 0 70 60 
157 154 78 0 135 96 0 69 87 304 0 0 25 42 0 653 158 337 626 0 0 116 0 135 0 70 60 
152 154 73 0 137 104 0 68 89 308 0 0 26 42 0 692 372 328 537 0 0 122 0 135 0 70 60 
153 157 73 0 139 107 0 67 88 313 0 0 26 41 0 666 198 363 591 0 0 134 0 135 0 70 60 
152 161 77 0 139 104 0 65 87 309 0 0 26 48 0 688 410 358 542 0 0 135 0 135 0 69 60 
154 149 75 0 139 94 0 67 87 304 0 0 26 45 0 694 204 314 587 0 0 130 0 135 0 70 60 
158 151 72 0 137 85 0 70 88 305 0 0 26 42 0 692 279 329 549 0 0 130 0 135 0 69 60 
152 157 75 0 136 72 0 65 87 314 0 0 26 44 0 646 416 334 523 0 0 129 0 135 0 69 60 
154 163 77 0 134 73 0 67 88 319 0 0 26 44 0 632 310 348 541 0 0 126 0 135 0 69 60 
155 160 78 0 133 84 0 63 88 316 0 0 26 40 0 662 275 342 592 0 0 123 0 135 0 69 60 
154 153 69 0 132 95 0 62 89 308 0 0 26 46 0 667 421 346 548 0 0 121 0 135 0 68 60 
155 148 75 0 131 90 0 64 88 306 0 0 26 44 0 622 327 376 541 0 0 120 0 135 0 68 60 
155 152 72 0 131 89 0 68 89 309 0 0 26 41 0 636 217 314 561 0 0 115 0 135 0 68 60 
154 157 75 0 131 93 0 63 88 310 0 0 26 54 0 653 188 358 510 0 0 112 0 135 0 68 60 
156 151 71 0 132 96 0 64 88 308 0 0 26 56 0 669 451 320 507 0 0 111 0 135 0 68 60 
153 143 74 0 132 93 0 71 89 305 0 0 26 53 0 676 439 330 592 0 0 111 0 135 0 68 60 
154 153 75 0 132 92 0 68 89 311 0 0 25 46 0 658 278 330 554 0 0 115 0 135 0 69 60 
156 131 74 0 131 94 0 64 88 310 0 0 25 37 0 704 462 372 554 0 0 113 0 135 0 69 60 
155 131 73 0 130 87 0 69 87 312 0 0 25 42 0 666 299 354 513 0 0 118 0 135 0 69 60 
157 155 74 0 130 89 0 68 87 313 0 0 26 44 0 634 190 349 602 0 0 112 0 135 0 69 60 
155 156 74 0 130 98 0 65 87 311 0 0 25 62 0 678 365 334 562 0 0 105 0 135 0 70 60 
155 158 75 0 130 94 0 69 87 300 0 0 26 61 0 653 163 365 509 0 0 105 0 135 0 70 60 
156 156 74 0 130 82 0 67 89 296 0 0 25 46 0 681 428 338 572 0 0 106 0 135 0 70 60 
153 159 74 0 129 79 0 66 89 308 0 0 25 42 0 636 390 334 558 0 0 106 0 135 0 70 60 
153 157 75 0 128 85 0 68 90 313 0 0 25 34 0 730 218 357 582 0 0 108 0 135 0 70 60 
155 153 74 0 128 87 0 65 88 314 0 0 25 29 0 617 277 355 537 0 0 115 0 135 0 71 60 
156 158 74 0 130 83 0 61 87 303 0 0 25 44 0 635 361 336 553 0 0 120 0 135 0 71 60 
153 155 74 0 132 87 0 64 87 305 0 0 25 50 0 661 311 372 535 0 0 116 0 135 0 72 60 
155 160 79 0 132 92 0 69 87 307 0 0 25 52 0 703 185 362 566 0 0 116 0 135 0 73 60 
158 156 77 0 131 90 0 66 88 314 0 0 25 51 0 640 335 340 577 0 0 117 0 135 0 72 60 
155 158 74 0 129 90 0 66 87 312 0 0 26 53 0 654 268 350 620 0 0 118 0 135 0 74 60 
155 156 75 0 127 96 0 65 87 308 0 0 25 43 0 637 433 370 571 0 0 117 0 135 0 73 60 
159 157 76 0 127 101 0 68 88 307 0 0 25 35 0 682 310 355 583 0 0 122 0 135 0 73 60 
159 159 73 0 127 97 0 64 89 304 0 0 25 33 0 652 428 375 582 0 0 134 0 135 0 72 60 
156 165 75 0 128 98 0 62 89 305 0 0 25 42 0 633 382 329 583 0 0 138 0 135 0 72 60 
158 148 76 0 130 94 0 61 88 312 0 0 25 45 0 678 229 396 572 0 0 139 0 135 0 72 60 
152 156 72 0 132 93 0 63 89 312 0 0 26 45 0 679 285 358 593 0 0 133 0 135 0 71 60 
154 160 75 0 134 84 0 68 88 303 0 0 26 53 0 677 267 361 507 0 0 130 0 135 0 71 60 
155 161 77 0 137 81 0 70 89 302 0 0 26 46 0 654 198 362 573 0 0 124 0 135 0 70 60 
151 159 75 0 138 78 0 65 90 307 0 0 26 42 0 689 367 355 579 0 0 120 0 135 0 69 60 
154 149 78 0 138 83 0 65 89 315 0 0 26 44 0 693 265 354 496 0 0 119 0 135 0 68 60 
156 156 73 0 136 86 0 68 87 315 0 0 26 45 0 679 308 334 506 0 0 121 0 135 0 67 60 
155 154 77 0 134 93 0 68 87 307 0 0 26 38 0 685 451 373 483 0 0 118 0 135 0 66 60 
152 154 73 0 132 87 0 70 87 307 0 0 26 37 0 646 382 386 503 0 0 112 0 135 0 66 60 
155 149 77 0 131 86 0 65 87 307 0 0 25 39 0 676 279 382 535 0 0 107 0 135 0 66 60 
151 148 74 0 131 86 0 64 89 307 0 0 26 41 0 662 316 394 555 0 0 107 0 135 0 67 60 
153 155 76 0 131 85 0 64 89 311 0 0 26 41 0 692 260 372 548 0 0 113 0 135 0 68 60 
160 155 74 0 132 87 0 65 90 311 0 0 26 45 0 686 381 386 538 0 0 107 0 135 0 69 60 
152 154 72 0 133 86 0 62 89 314 0 0 26 46 0 629 306 354 553 0 0 114 0 135 0 70 60 
152 152 74 0 134 84 0 65 90 317 0 0 25 47 0 612 235 357 526 0 0 119 0 135 0 70 60 
153 148 78 0 135 86 0 70 89 315 0 0 26 36 0 641 333 354 585 0 0 111 0 135 0 71 60 
151 159 73 0 135 101 0 66 87 313 0 0 26 44 0 693 349 357 519 0 0 103 0 135 0 71 60 
154 157 75 0 134 115 0 66 88 314 0 0 26 51 0 718 323 358 521 0 0 99 0 135 0 72 60 
156 162 77 0 132 113 0 68 89 305 0 0 26 52 0 683 321 349 582 0 0 99 0 135 0 72 60 
152 154 75 0 131 96 0 66 87 299 0 0 26 56 0 645 348 350 567 0 0 103 0 135 0 73 60 
154 151 73 0 130 97 0 66 87 303 0 0 26 50 0 603 365 356 533 0 0 105 0 135 0 74 60 
158 158 74 0 131 96 0 68 87 311 0 0 26 45 0 643 199 315 532 0 0 108 0 135 0 75 60 
156 155 75 0 131 88 0 63 90 314 0 0 26 35 0 702 227 355 511 0 0 111 0 135 0 75 60 
154 158 75 0 132 77 0 63 89 306 0 0 26 26 0 661 362 355 577 0 0 117 0 135 0 74 60 
153 152 73 0 132 81 0 68 89 303 0 0 26 26 0 683 287 355 583 0 0 120 0 135 0 73 60 
152 153 72 0 131 79 0 65 90 305 0 0 26 32 0 648 301 367 611 0 0 120 0 135 0 72 60 
154 157 69 0 132 72 0 64 89 309 0 0 26 40 0 697 267 378 551 0 0 121 0 135 0 71 60 
156 154 77 0 132 74 0 69 88 313 0 0 26 47 0 691 349 392 573 0 0 120 0 135 0 70 60 
156 158 76 0 133 84 0 67 89 311 0 0 26 47 0 662 222 348 573 0 0 117 0 135 0 68 60 
154 162 75 0 133 91 0 65 89 307 0 0 26 45 0 670 384 373 555 0 0 113 0 135 0 69 60 
156 147 78 0 131 85 0 68 89 304 0 0 26 41 0 685 341 335 550 0 0 111 0 135 0 70 60 
156 155 77 0 130 87 0 64 88 306 0 0 26 41 0 658 337 354 541 0 0 116 0 135 0 70 60 
153 157 76 0 129 91 0 67 87 309 0 0 26 44 0 651 230 333 553 0 0 121 0 135 0 71 60 
152 162 75 0 129 91 0 68 86 314 0 0 26 48 0 667 349 362 564 0 0 121 0 135 0 72 60 
158 157 72 0 129 86 0 66 87 312 0 0 26 44 0 712 324 365 529 0 0 125 0 135 0 72 60 
153 150 75 0 130 88 0 64 87 304 0 0 26 43 0 622 195 332 518 0 0 126 0 135 0 71 60 
151 157 73 0 130 92 0 68 87 305 0 0 26 44 0 648 298 372 559 0 0 124 0 135 0 71 60 
154 154 71 0 131 100 0 67 88 313 0 0 26 41 0 667 259 319 545 0 0 122 0 135 0 71 60 
154 158 78 0 133 95 0 64 88 316 0 0 26 41 0 631 417 325 522 0 0 123 0 135 0 70 60 
156 151 76 0 135 88 0 68 90 316 0 0 26 47 0 650 275 339 590 0 0 116 0 135 0 70 60 
158 148 78 0 138 88 0 66 90 307 0 0 26 42 0 672 263 326 556 0 0 111 0 135 0 70 60 
152 157 78 0 139 86 0 67 91 307 0 0 25 46 0 711 271 330 557 0 0 106 0 135 0 71 60 
153 156 80 0 139 81 0 64 88 307 0 0 26 55 0 672 423 352 570 0 0 105 0 135 0 71 60 
154 149 75 0 138 79 0 68 87 310 0 0 26 56 0 606 227 355 520 0 0 110 0 135 0 72 60 
154 152 76 0 137 85 0 66 86 308 0 0 25 50 0 684 246 320 528 0 0 109 0 135 0 72 60 
156 149 77 0 136 87 0 69 88 306 0 0 25 46 0 679 295 345 524 0 0 112 0 135 0 73 60 
157 156 78 0 134 91 0 73 87 310 0 0 25 37 0 668 316 366 576 0 0 124 0 135 0 73 60 
156 155 77 0 133 98 0 68 88 311 0 0 26 40 0 653 302 329 522 0 0 120 0 135 0 74 60 
155 157 77 0 131 105 0 65 89 313 0 0 25 52 0 636 285 317 565 0 0 115 0 135 0 73 60 
154 156 73 0 130 97 0 68 87 311 0 0 26 62 0 668 468 349 533 0 0 109 0 135 0 72 60 
156 151 76 0 131 95 0 68 89 312 0 0 26 57 0 647 337 360 536 0 0 111 0 135 0 73 60 
153 150 79 0 132 94 0 62 90 302 0 0 26 42 0 667 212 325 599 0 0 108 0 135 0 73 60 
153 155 78 0 133 94 0 63 90 297 0 0 26 43 0 712 371 331 547 0 0 109 0 135 0 74 60 
154 156 76 0 132 89 0 65 90 305 0 0 26 30 0 710 397 311 652 0 0 112 0 135 0 74 60 
154 157 79 0 131 85 0 63 89 314 0 0 26 35 0 677 280 332 577 0 0 118 0 135 0 74 60 
154 153 76 0 131 86 0 65 89 312 0 0 26 48 0 639 353 338 560 0 0 116 0 135 0 74 60 
152 157 77 0 130 103 0 66 88 307 0 0 26 50 0 642 182 325 571 0 0 107 0 135 0 73 60 
155 155 74 0 131 135 0 60 87 305 0 0 26 55 0 626 255 326 576 0 0 106 0 135 0 73 60 
156 153 76 0 131 138 0 66 87 306 0 0 26 50 0 631 341 335 563 0 0 111 0 135 0 73 60 
153 159 77 0 130 124 0 72 88 310 0 0 25 49 0 659 318 325 511 0 0 113 0 135 0 73 60 
156 159 77 0 129 96 0 66 87 310 0 0 26 40 0 664 305 321 518 0 0 114 0 135 0 72 60 
155 148 73 0 128 86 0 68 88 308 0 0 26 31 0 653 365 321 559 0 0 120 0 135 0 71 60 
153 154 75 0 129 80 0 69 88 305 0 0 26 37 0 635 261 336 549 0 0 116 0 135 0 71 60 
156 161 79 0 130 86 0 64 89 303 0 0 25 43 0 685 322 351 506 0 0 126 0 135 0 71 60 
155 161 76 0 132 84 0 64 88 307 0 0 26 45 0 675 347 342 494 0 0 125 0 135 0 72 60 
151 155 77 0 132 77 0 68 89 310 0 0 26 51 0 682 372 348 532 0 0 122 0 135 0 74 60 
155 152 75 0 132 73 0 63 88 314 0 0 26 49 0 676 175 357 552 0 0 121 0 135 0 74 60 
155 157 76 0 131 81 0 68 89 311 0 0 26 44 0 632 318 332 548 0 0 124 0 135 0 75 60 
154 153 74 0 129 90 0 69 88 305 0 0 25 41 0 686 299 342 568 0 0 124 0 135 0 76 60 
155 155 76 0 128 90 0 67 87 308 0 0 26 50 0 680 302 346 519 0 0 118 0 135 0 76 60 
155 148 74 0 128 90 0 64 88 314 0 0 25 39 0 676 308 345 464 0 0 116 0 135 0 75 60 
150 150 76 0 129 94 0 69 89 317 0 0 26 37 0 632 200 338 609 0 0 119 0 135 0 73 60 
153 155 70 0 129 102 0 66 88 313 0 0 26 41 0 646 488 299 546 0 0 119 0 135 0 73 60 
160 152 75 0 132 97 0 66 87 306 0 0 26 43 0 653 213 357 541 0 0 119 0 135 0 70 60 
153 152 71 0 134 99 0 66 87 307 0 0 25 40 0 683 292 352 579 0 0 117 0 135 0 69 60 
155 154 76 0 136 97 0 65 88 309 0 0 25 41 0 672 386 341 505 0 0 114 0 135 0 68 60 
158 151 75 0 138 94 0 68 90 312 0 0 25 46 0 658 298 352 570 0 0 114 0 135 0 67 60 
158 156 74 0 138 90 0 67 90 310 0 0 26 50 0 724 287 319 536 0 0 120 0 135 0 67 60 
157 156 73 0 137 92 0 65 90 308 0 0 25 38 0 624 314 333 549 0 0 118 0 135 0 67 60 
155 159 79 0 135 89 0 63 89 313 0 0 26 38 0 625 319 338 543 0 0 107 0 135 0 67 60 
153 153 75 0 134 87 0 67 87 313 0 0 26 46 0 640 323 345 608 0 0 106 0 135 0 69 60 
152 149 74 0 133 91 0 68 88 312 0 0 26 53 0 662 152 363 564 0 0 110 0 135 0 70 60 
158 157 74 0 132 98 0 65 89 310 0 0 26 50 0 645 386 363 572 0 0 106 0 135 0 70 60 
152 156 78 0 132 91 0 68 88 309 0 0 26 54 0 665 341 349 549 0 0 105 0 135 0 71 60 
156 157 73 0 132 83 0 70 89 301 0 0 26 47 0 627 323 340 565 0 0 109 0 135 0 71 60 
155 153 74 0 133 77 0 70 87 297 0 0 26 40 0 656 266 367 558 0 0 113 0 135 0 71 60 
156 153 75 0 135 77 0 65 87 308 0 0 26 28 0 688 274 376 603 0 0 118 0 135 0 71 60 
150 158 72 0 136 83 0 68 88 315 0 0 25 29 0 712 232 339 534 0 0 117 0 135 0 71 60 
158 156 78 0 136 98 0 67 88 310 0 0 26 28 0 679 338 352 558 0 0 111 0 135 0 71 60 
154 158 73 0 135 134 0 66 88 309 0 0 25 36 0 633 280 351 513 0 0 101 0 135 0 71 60 
153 164 77 0 133 131 0 67 89 304 0 0 25 44 0 629 426 372 545 0 0 95 0 135 0 72 60 
157 148 76 0 132 119 0 67 89 308 0 0 26 47 0 638 204 359 585 0 0 95 0 135 0 72 60 
153 152 76 0 132 102 0 61 88 313 0 0 26 45 0 678 318 346 508 0 0 97 0 135 0 72 60 
150 156 76 0 132 90 0 61 87 310 0 0 25 44 0 653 308 370 485 0 0 111 0 135 0 72 60 
150 160 75 0 132 76 0 67 89 309 0 0 26 42 0 653 251 340 556 0 0 121 0 135 0 72 60 
156 157 74 0 132 71 0 64 89 304 0 0 26 40 0 635 350 377 517 0 0 126 0 135 0 71 60 
154 148 74 0 132 68 0 64 89 305 0 0 25 50 0 647 259 350 587 0 0 123 0 135 0 71 60 
153 154 75 0 132 75 0 69 89 306 0 0 25 47 0 645 257 380 489 0 0 120 0 135 0 70 60 
162 152 75 0 132 82 0 68 87 308 0 0 25 42 0 691 425 365 543 0 0 124 0 135 0 70 60 
148 154 71 0 133 90 0 66 87 311 0 0 25 43 0 708 248 349 486 0 0 123 0 135 0 70 60 
155 150 80 0 133 90 0 69 86 308 0 0 25 43 0 685 468 339 553 0 0 130 0 135 0 71 60 
155 148 79 0 133 87 0 66 88 305 0 0 25 42 0 628 215 336 584 0 0 129 0 135 0 71 60 
153 154 76 0 132 85 0 64 88 306 0 0 25 44 0 618 292 377 552 0 0 120 0 135 0 71 60 
149 153 77 0 130 86 0 70 88 316 0 0 26 45 0 657 405 360 540 0 0 115 0 135 0 70 60 
156 147 78 0 129 87 0 67 89 316 0 0 26 43 0 689 239 363 547 0 0 112 0 135 0 70 60 
158 154 77 0 129 90 0 66 89 311 0 0 25 50 0 665 341 373 596 0 0 110 0 135 0 69 60 
158 149 71 0 130 101 0 66 89 308 0 0 25 56 0 633 269 345 562 0 0 110 0 135 0 68 60 
154 154 72 0 130 113 0 69 89 306 0 0 26 51 0 679 287 355 549 0 0 114 0 135 0 67 60 
158 154 73 0 129 115 0 62 88 310 0 0 25 46 0 661 307 367 553 0 0 115 0 135 0 67 60 
156 157 72 0 130 113 0 65 88 308 0 0 26 39 0 648 256 387 586 0 0 115 0 135 0 67 60 
160 156 72 0 132 101 0 65 86 309 0 0 26 42 0 693 373 384 572 0 0 115 0 135 0 66 60 
153 155 71 0 135 88 0 66 87 311 0 0 26 43 0 675 454 379 551 0 0 114 0 135 0 68 60 
154 152 74 0 136 81 0 69 89 313 0 0 26 60 0 658 319 384 501 0 0 118 0 135 0 71 60 
152 155 75 0 139 74 0 66 89 313 0 0 26 66 0 666 236 368 590 0 0 123 0 135 0 72 60 
152 155 74 0 139 80 0 62 89 312 0 0 26 50 0 692 317 370 586 0 0 120 0 135 0 73 60 
157 157 74 0 139 82 0 65 90 311 0 0 26 41 0 672 403 380 590 0 0 119 0 135 0 73 60 
152 155 73 0 134 90 0 66 86 310 0 0 26 35 0 646 321 354 545 0 0 113 0 135 0 71 60 
157 154 73 0 137 103 0 62 87 302 0 0 26 32 0 660 324 353 555 0 0 117 0 135 0 72 60 
153 158 74 0 135 116 0 62 89 298 0 0 26 47 0 659 232 393 569 0 0 119 0 135 0 72 60 
156 154 73 0 133 119 0 64 89 310 0 0 25 53 0 645 273 364 561 0 0 115 0 135 0 72 60 
154 162 75 0 131 100 0 67 89 314 0 0 26 52 0 646 355 382 550 0 0 115 0 135 0 72 60 
151 160 74 0 131 86 0 68 89 310 0 0 26 50 0 692 296 383 561 0 0 113 0 135 0 72 60 
152 147 73 0 130 81 0 67 87 308 0 0 26 57 0 699 288 374 514 0 0 113 0 135 0 72 60 
154 155 74 0 132 80 0 64 89 305 0 0 26 42 0 649 248 372 580 0 0 119 0 135 0 72 60 
156 160 75 0 132 70 0 67 89 308 0 0 26 33 0 636 324 384 524 0 0 126 0 135 0 72 60 
154 162 74 0 133 73 0 69 90 314 0 0 26 36 0 665 205 375 507 0 0 132 0 135 0 72 60 
155 159 75 0 132 79 0 70 89 311 0 0 26 42 0 643 419 375 507 0 0 132 0 135 0 72 60 
152 152 75 0 132 82 0 65 88 309 0 0 26 45 0 667 227 346 556 0 0 128 0 135 0 72 60 
158 156 74 0 132 80 0 64 88 306 0 0 26 45 0 660 315 367 549 0 0 127 0 135 0 72 60 
156 153 75 0 133 84 0 67 87 307 0 0 26 50 0 695 395 335 553 0 0 125 0 135 0 72 60 
154 157 74 0 132 89 0 64 88 306 0 0 26 51 0 633 299 380 541 0 0 124 0 135 0 72 60 
157 150 76 0 130 88 0 64 88 309 0 0 26 42 0 641 270 353 550 0 0 125 0 135 0 73 60 
155 145 73 0 130 86 0 66 88 311 0 0 26 44 0 618 282 354 584 0 0 123 0 135 0 72 60 
155 158 75 0 130 86 0 67 88 308 0 0 26 41 0 678 232 359 513 0 0 124 0 135 0 72 60 
155 155 76 0 130 93 0 68 88 302 0 0 26 38 0 662 384 401 535 0 0 127 0 135 0 73 60 
151 150 74 0 131 93 0 68 87 307 0 0 26 40 0 714 270 358 527 0 0 125 0 135 0 72 60 
152 156 76 0 132 97 0 67 89 313 0 0 26 40 0 697 266 362 595 0 0 119 0 135 0 72 60 
157 149 74 0 132 100 0 68 89 315 0 0 26 41 0 662 368 340 528 0 0 114 0 135 0 71 60 
158 157 76 0 132 103 0 69 90 310 0 0 26 41 0 627 186 302 566 0 0 116 0 135 0 71 60 
154 153 74 0 131 97 0 65 87 305 0 0 26 44 0 668 323 395 624 0 0 119 0 135 0 71 60 
156 158 76 0 130 91 0 65 87 302 0 0 26 46 0 645 328 362 525 0 0 114 0 135 0 71 60 
155 156 77 0 129 90 0 68 87 308 0 0 26 43 0 678 229 358 618 0 0 106 0 135 0 72 60 
156 148 74 0 128 85 0 64 88 310 0 0 26 40 0 660 345 341 583 0 0 104 0 135 0 73 60 
154 157 77 0 128 81 0 63 89 308 0 0 25 41 0 647 286 367 560 0 0 102 0 135 0 72 60 
152 154 75 0 129 82 0 68 89 308 0 0 26 52 0 650 347 376 581 0 0 102 0 135 0 73 60 
152 153 75 0 131 90 0 64 88 312 0 0 26 54 0 662 300 375 493 0 0 102 0 135 0 72 60 
155 156 73 0 133 100 0 65 88 311 0 0 26 53 0 700 261 359 496 0 0 104 0 135 0 72 60 
158 153 75 0 136 111 0 70 87 314 0 0 25 49 0 728 339 330 499 0 0 108 0 135 0 72 60 
150 157 76 0 137 122 0 66 89 310 0 0 26 43 0 657 254 373 560 0 0 114 0 135 0 71 60 
151 155 76 0 138 120 0 65 90 310 0 0 26 32 0 656 252 352 504 0 0 106 0 135 0 68 60 
152 153 74 0 138 99 0 68 90 300 0 0 26 27 0 675 302 336 532 0 0 105 0 135 0 67 60 
155 164 75 0 136 84 0 66 89 295 0 0 26 27 0 705 359 362 549 0 0 104 0 135 0 68 60 
156 155 75 0 134 80 0 65 89 310 0 0 26 32 0 636 320 333 544 0 0 105 0 135 0 68 60 
158 150 77 0 133 85 0 68 85 316 0 0 26 40 0 676 243 355 529 0 0 108 0 135 0 68 60 
155 155 75 0 131 85 0 63 87 312 0 0 26 48 0 629 202 322 530 0 0 110 0 135 0 69 60 
150 162 73 0 131 87 0 65 88 307 0 0 26 47 0 634 415 353 534 0 0 119 0 135 0 70 60 
159 162 75 0 130 87 0 67 88 305 0 0 25 42 0 670 258 346 543 0 0 119 0 135 0 71 60 
157 153 74 0 132 88 0 65 88 308 0 0 26 42 0 697 360 357 543 0 0 125 0 135 0 71 60 
157 150 75 0 134 88 0 65 88 314 0 0 26 39 0 698 350 350 547 0 0 127 0 135 0 72 60 
151 155 75 0 134 88 0 67 87 313 0 0 26 47 0 686 430 344 574 0 0 129 0 135 0 73 60 
159 155 75 0 135 86 0 63 89 309 0 0 26 49 0 625 210 349 522 0 0 133 0 135 0 73 60 
156 151 78 0 134 83 0 66 89 306 0 0 26 44 0 632 262 342 522 0 0 131 0 135 0 74 60 
152 145 75 0 132 80 0 68 89 304 0 0 26 43 0 662 270 323 538 0 0 126 0 135 0 74 60 
156 151 79 0 132 82 0 69 89 307 0 0 26 45 0 674 419 359 598 0 0 123 0 135 0 73 60 
153 157 76 0 131 88 0 73 87 311 0 0 27 41 0 658 174 349 502 0 0 121 0 135 0 73 60 
157 150 75 0 131 94 0 65 87 310 0 0 27 43 0 656 260 349 522 0 0 118 0 135 0 73 60 
157 153 73 0 131 102 0 68 87 308 0 0 26 46 0 655 433 347 512 0 0 116 0 135 0 72 60 
156 152 75 0 131 99 0 66 87 303 0 0 26 43 0 608 261 309 564 0 0 117 0 135 0 73 60 
155 147 72 0 132 94 0 66 89 310 0 0 27 45 0 698 188 364 573 0 0 116 0 135 0 73 60 
155 152 72 0 131 92 0 66 89 317 0 0 26 53 0 709 486 336 557 0 0 109 0 135 0 73 60 
155 157 71 0 132 82 0 63 88 316 0 0 26 51 0 697 485 323 525 0 0 109 0 135 0 73 60 
154 159 77 0 133 76 0 62 89 313 0 0 26 45 0 682 267 332 560 0 0 108 0 135 0 73 60 
154 154 73 0 132 86 0 65 88 310 0 0 26 43 0 636 170 336 574 0 0 112 0 135 0 73 60 
156 148 76 0 132 87 0 67 89 307 0 0 26 37 0 719 342 319 544 0 0 111 0 135 0 71 60 
152 158 75 0 132 82 0 63 88 309 0 0 26 43 0 679 394 317 486 0 0 114 0 135 0 71 60 
153 155 76 0 131 88 0 63 88 311 0 0 25 54 0 647 261 338 499 0 0 112 0 135 0 71 60 
152 155 74 0 131 108 0 68 87 307 0 0 26 58 0 641 344 300 560 0 0 105 0 135 0 71 60 
150 155 74 0 131 129 0 67 87 311 0 0 26 58 0 632 278 351 549 0 0 107 0 135 0 71 60 
153 153 72 0 131 133 0 70 88 314 0 0 26 43 0 653 327 333 486 0 0 106 0 135 0 72 60 
152 157 73 0 131 120 0 68 88 313 0 0 26 39 0 618 406 358 517 0 0 110 0 135 0 73 60 
156 155 69 0 130 100 0 62 88 313 0 0 26 29 0 671 222 362 524 0 0 117 0 135 0 73 60 
154 158 77 0 132 86 0 70 87 312 0 0 26 37 0 721 237 337 496 0 0 118 0 135 0 74 60 
153 165 72 0 134 82 0 66 86 309 0 0 26 52 0 656 343 302 512 0 0 111 0 135 0 74 60 
157 151 78 0 136 89 0 63 86 301 0 0 26 51 0 627 380 339 538 0 0 104 0 135 0 74 60 
155 155 76 0 138 97 0 66 87 294 0 0 26 54 0 671 198 312 491 0 0 102 0 135 0 74 60 
154 159 77 0 139 99 0 67 90 306 0 0 27 53 0 682 251 360 518 0 0 110 0 135 0 74 60 
155 160 77 0 139 99 0 65 89 312 0 0 26 47 0 705 235 343 502 0 0 114 0 135 0 73 60 
155 162 76 0 138 91 0 68 90 309 0 0 27 37 0 625 425 321 517 0 0 121 0 135 0 74 60 
155 151 73 0 138 85 0 66 89 307 0 0 26 33 0 697 217 345 568 0 0 127 0 135 0 73 60 
152 156 77 0 137 81 0 63 88 305 0 0 27 39 0 630 214 360 484 0 0 129 0 135 0 73 60 
157 158 76 0 136 86 0 70 87 304 0 0 26 44 0 648 286 356 461 0 0 124 0 135 0 73 60 
156 154 80 0 134 88 0 68 86 312 0 0 26 44 0 632 336 347 473 0 0 117 0 135 0 73 60 
154 153 76 0 133 95 0 65 88 310 0 0 26 48 0 658 365 336 594 0 0 122 0 135 0 72 60 
156 147 77 0 132 97 0 66 86 306 0 0 26 54 0 728 292 353 526 0 0 127 0 135 0 73 60 
154 153 77 0 131 98 0 68 87 304 0 0 26 44 0 689 428 334 516 0 0 126 0 135 0 73 60 
157 154 77 0 132 91 0 64 88 301 0 0 26 42 0 702 224 338 498 0 0 123 0 135 0 72 60 
153 146 78 0 132 86 0 66 88 304 0 0 26 43 0 665 370 332 559 0 0 121 0 135 0 73 60 
154 152 77 0 131 82 0 67 89 311 0 0 26 39 0 637 398 345 529 0 0 115 0 135 0 73 60 
154 152 77 0 130 75 0 65 90 310 0 0 26 41 0 649 219 343 563 0 0 114 0 135 0 72 60 
155 152 75 0 130 77 0 67 90 309 0 0 26 39 0 641 307 357 548 0 0 112 0 135 0 73 60 
154 156 74 0 130 98 0 69 89 303 0 0 26 41 0 627 305 362 564 0 0 111 0 135 0 73 60 
152 156 76 0 131 111 0 68 90 309 0 0 26 41 0 615 331 361 626 0 0 114 0 135 0 72 60 
154 155 76 0 131 100 0 66 89 318 0 0 26 42 0 658 358 348 561 0 0 112 0 135 0 71 60 
160 154 75 0 130 88 0 68 89 315 0 0 26 45 0 671 246 353 529 0 0 117 0 135 0 71 60 
156 149 76 0 130 83 0 68 88 312 0 0 26 45 0 653 372 371 502 0 0 114 0 135 0 70 60 
156 156 77 0 129 81 0 66 87 306 0 0 26 42 0 665 243 332 582 0 0 113 0 135 0 70 60 
154 156 74 0 129 79 0 68 87 306 0 0 26 37 0 701 315 343 500 0 0 110 0 135 0 69 60 
152 154 73 0 129 86 0 67 87 308 0 0 26 50 0 690 215 361 535 0 0 111 0 135 0 68 60 
149 154 75 0 130 86 0 68 88 314 0 0 26 53 0 680 345 370 549 0 0 111 0 135 0 68 60 
157 151 75 0 130 85 0 66 88 307 0 0 26 49 0 664 256 336 517 0 0 106 0 135 0 67 60 
150 154 77 0 131 82 0 65 91 309 0 0 26 55 0 667 287 360 502 0 0 104 0 135 0 69 60 
154 154 71 0 130 93 0 63 91 311 0 0 26 46 0 657 359 349 536 0 0 105 0 135 0 71 60 
155 155 77 0 130 95 0 68 88 311 0 0 26 38 0 662 268 342 514 0 0 107 0 135 0 71 60 
155 164 76 0 128 89 0 64 87 311 0 0 27 26 0 639 303 362 511 0 0 109 0 135 0 72 60 
151 145 77 0 127 86 0 65 88 310 0 0 26 28 0 615 227 367 534 0 0 112 0 135 0 73 60 
153 150 74 0 126 89 0 64 89 310 0 0 26 28 0 637 267 350 562 0 0 107 0 135 0 73 60 
155 161 74 0 127 89 0 68 89 299 0 0 26 37 0 695 302 340 536 0 0 104 0 135 0 73 60 
154 161 74 0 129 83 0 68 88 298 0 0 26 41 0 733 259 352 509 0 0 105 0 135 0 73 60 
154 160 74 0 132 83 0 66 87 307 0 0 26 48 0 700 282 353 532 0 0 106 0 135 0 73 60 
157 148 73 0 135 87 0 67 87 316 0 0 26 45 0 618 345 373 490 0 0 110 0 135 0 73 60 
153 155 74 0 137 90 0 66 86 311 0 0 26 42 0 637 230 360 568 0 0 118 0 135 0 72 60 
157 155 72 0 139 97 0 66 89 305 0 0 26 39 0 682 263 365 518 0 0 124 0 135 0 73 60 
155 157 75 0 139 99 0 66 89 304 0 0 26 43 0 647 393 378 522 0 0 128 0 135 0 73 60 
152 149 76 0 137 96 0 68 88 304 0 0 26 50 0 682 325 371 528 0 0 122 0 135 0 73 60 
154 148 74 0 135 93 0 64 90 311 0 0 26 48 0 649 377 355 525 0 0 123 0 135 0 72 60 
158 150 76 0 134 90 0 65 90 312 0 0 26 41 0 669 224 353 535 0 0 124 0 135 0 72 60 
154 156 77 0 132 89 0 68 89 307 0 0 26 44 0 640 289 371 536 0 0 123 0 135 0 72 60 
153 147 76 0 131 84 0 64 88 306 0 0 25 43 0 620 220 368 603 0 0 126 0 135 0 72 60 
156 150 73 0 131 85 0 64 88 306 0 0 26 40 0 724 350 365 556 0 0 123 0 135 0 71 60 
155 150 71 0 131 80 0 68 88 307 0 0 26 44 0 685 230 365 556 0 0 122 0 135 0 71 60 
151 151 73 0 133 78 0 67 87 312 0 0 26 45 0 687 247 398 597 0 0 120 0 135 0 72 60 
154 157 75 0 134 87 0 63 87 310 0 0 26 45 0 625 288 355 578 0 0 114 0 135 0 71 60 
150 153 73 0 136 88 0 67 88 305 0 0 26 52 0 707 273 369 543 0 0 113 0 135 0 71 60 
154 156 76 0 134 86 0 63 88 299 0 0 26 51 0 690 385 345 469 0 0 115 0 135 0 71 60 
152 152 76 0 134 81 0 60 89 301 0 0 26 47 0 655 305 379 554 0 0 113 0 135 0 71 60 
154 148 77 0 133 84 0 65 89 311 0 0 26 46 0 667 274 375 556 0 0 117 0 135 0 71 60 
150 158 75 0 132 79 0 64 88 318 0 0 25 38 0 657 242 355 565 0 0 113 0 135 0 72 60 
157 154 77 0 131 82 0 63 89 314 0 0 26 41 0 615 398 361 506 0 0 111 0 135 0 72 60 
153 157 75 0 132 86 0 68 89 310 0 0 26 45 0 657 354 377 502 0 0 106 0 135 0 72 60 
