155 156 78 0 131 95 0 67 88 306 0 0 26 60 0 684 195 379 541 0 0 103 0 135 0 72 60 
157 150 75 0 131 91 0 66 89 311 0 0 26 63 0 706 228 381 456 0 0 105 0 135 0 73 60 
155 155 75 0 132 90 0 67 89 313 0 0 26 47 0 639 313 371 504 0 0 109 0 135 0 73 60 
152 154 74 0 132 93 0 66 88 309 0 0 26 41 0 644 396 394 546 0 0 113 0 135 0 71 60 
153 156 75 0 133 95 0 69 89 310 0 0 26 34 0 675 360 384 496 0 0 113 0 135 0 71 60 
157 166 75 0 132 91 0 67 88 312 0 0 26 31 0 637 328 381 557 0 0 113 0 135 0 69 60 
157 141 77 0 133 88 0 65 88 312 0 0 26 47 0 653 324 367 565 0 0 115 0 135 0 68 60 
151 155 81 0 132 95 0 63 89 314 0 0 26 54 0 612 224 420 502 0 0 112 0 135 0 67 60 
156 162 78 0 131 93 0 64 87 311 0 0 27 51 0 685 315 379 526 0 0 111 0 135 0 67 60 
153 161 75 0 130 90 0 64 88 313 0 0 26 55 0 641 295 385 531 0 0 112 0 135 0 67 60 
156 163 78 0 130 83 0 63 87 303 0 0 26 50 0 651 217 380 534 0 0 114 0 135 0 67 60 
154 150 77 0 129 93 0 63 87 298 0 0 26 40 0 664 261 399 548 0 0 122 0 135 0 68 60 
152 157 74 0 129 103 0 67 90 307 0 0 26 33 0 658 351 380 585 0 0 133 0 135 0 70 60 
153 151 72 0 129 105 0 73 89 316 0 0 26 36 0 710 270 367 511 0 0 142 0 135 0 71 60 
152 153 73 0 130 94 0 66 90 310 0 0 26 44 0 694 270 358 565 0 0 151 0 135 0 71 60 
154 149 74 0 131 91 0 66 88 311 0 0 26 45 0 683 224 394 533 0 0 141 0 135 0 71 60 
153 145 73 0 134 90 0 64 87 311 0 0 26 46 0 641 396 375 539 0 0 137 0 135 0 70 60 
154 152 75 0 135 87 0 67 87 311 0 0 26 54 0 665 287 355 543 0 0 135 0 135 0 70 60 
149 158 72 0 137 87 0 67 88 318 0 0 25 46 0 641 233 402 531 0 0 132 0 135 0 70 60 
151 147 77 0 138 86 0 68 87 311 0 0 26 43 0 671 306 391 568 0 0 127 0 135 0 70 60 
158 154 74 0 138 81 0 62 89 307 0 0 26 44 0 713 294 365 580 0 0 120 0 135 0 69 60 
151 152 72 0 138 73 0 66 87 308 0 0 26 44 0 657 263 386 495 0 0 116 0 135 0 69 60 
158 151 73 0 137 79 0 69 89 304 0 0 26 37 0 620 313 372 544 0 0 112 0 135 0 70 60 
152 155 76 0 136 89 0 63 89 303 0 0 27 39 0 628 274 355 560 0 0 111 0 135 0 70 60 
152 156 71 0 134 89 0 66 89 309 0 0 27 41 0 689 300 356 544 0 0 108 0 135 0 70 60 
153 152 74 0 132 81 0 66 88 310 0 0 27 43 0 677 258 378 525 0 0 105 0 135 0 70 60 
155 152 75 0 131 86 0 68 86 307 0 0 26 42 0 685 280 379 598 0 0 106 0 135 0 71 60 
152 156 75 0 131 90 0 68 88 307 0 0 26 48 0 671 288 382 501 0 0 110 0 135 0 71 60 
154 154 75 0 131 94 0 68 88 307 0 0 26 47 0 637 337 341 505 0 0 116 0 135 0 72 60 
158 156 75 0 131 89 0 63 89 315 0 0 26 41 0 639 143 375 526 0 0 114 0 135 0 72 60 
157 154 74 0 132 90 0 68 88 316 0 0 26 38 0 681 426 358 512 0 0 107 0 135 0 72 60 
153 153 77 0 131 97 0 69 88 311 0 0 26 43 0 618 437 357 480 0 0 100 0 135 0 72 60 
157 153 76 0 131 98 0 65 88 309 0 0 26 52 0 704 254 355 509 0 0 98 0 135 0 71 60 
159 159 74 0 131 100 0 63 89 308 0 0 26 50 0 669 394 340 553 0 0 100 0 135 0 71 60 
157 156 75 0 131 89 0 70 88 308 0 0 26 56 0 665 376 367 538 0 0 102 0 135 0 71 60 
155 160 78 0 131 80 0 65 87 315 0 0 26 47 0 660 298 355 529 0 0 102 0 135 0 71 60 
153 156 75 0 130 76 0 66 88 313 0 0 26 42 0 691 240 371 526 0 0 106 0 135 0 69 60 
154 145 74 0 129 83 0 70 89 308 0 0 26 30 0 733 413 360 520 0 0 106 0 135 0 69 60 
159 152 73 0 129 86 0 63 88 309 0 0 26 28 0 677 247 375 565 0 0 116 0 135 0 68 60 
153 161 75 0 129 88 0 67 89 312 0 0 26 26 0 631 269 338 514 0 0 114 0 135 0 67 60 
153 158 75 0 129 87 0 70 87 311 0 0 26 34 0 637 273 360 529 0 0 110 0 135 0 67 60 
155 155 75 0 129 84 0 67 87 312 0 0 26 42 0 656 258 361 530 0 0 105 0 135 0 67 60 
156 147 75 0 130 80 0 67 87 310 0 0 26 47 0 657 346 355 582 0 0 106 0 135 0 67 60 
154 157 74 0 131 84 0 71 88 302 0 0 27 44 0 628 339 348 535 0 0 112 0 135 0 67 60 
153 153 75 0 132 88 0 67 89 299 0 0 26 43 0 629 325 332 584 0 0 120 0 135 0 67 60 
153 150 77 0 131 85 0 66 89 301 0 0 26 39 0 626 399 355 543 0 0 131 0 135 0 66 60 
151 149 77 0 130 83 0 67 89 313 0 0 26 42 0 597 314 358 518 0 0 136 0 135 0 66 60 
154 150 76 0 128 83 0 65 87 313 0 0 26 51 0 623 199 352 533 0 0 142 0 135 0 66 60 
154 155 76 0 127 83 0 66 87 307 0 0 26 47 0 703 201 377 558 0 0 138 0 135 0 67 60 
153 149 76 0 128 87 0 63 87 304 0 0 26 44 0 668 342 360 594 0 0 134 0 135 0 68 60 
153 153 76 0 129 92 0 64 88 303 0 0 26 44 0 702 439 350 544 0 0 131 0 135 0 68 60 
155 155 74 0 133 90 0 63 88 308 0 0 26 43 0 643 473 355 526 0 0 123 0 135 0 69 60 
154 149 76 0 135 90 0 65 89 311 0 0 26 42 0 667 181 363 583 0 0 115 0 135 0 68 60 
154 156 74 0 137 93 0 63 88 306 0 0 26 43 0 683 239 348 575 0 0 126 0 135 0 68 60 
157 159 72 0 138 92 0 66 88 305 0 0 27 46 0 652 245 337 555 0 0 115 0 135 0 70 60 
151 156 76 0 137 83 0 68 89 303 0 0 26 43 0 658 363 352 493 0 0 108 0 135 0 70 60 
154 155 79 0 137 82 0 70 88 301 0 0 26 50 0 659 257 378 548 0 0 108 0 135 0 69 60 
158 152 76 0 135 86 0 71 89 303 0 0 26 58 0 634 355 365 555 0 0 104 0 135 0 69 60 
153 159 76 0 134 88 0 66 89 310 0 0 26 51 0 630 324 372 480 0 0 102 0 135 0 70 60 
153 156 76 0 133 85 0 67 90 309 0 0 26 44 0 712 275 337 514 0 0 100 0 135 0 70 60 
154 157 76 0 131 87 0 66 90 304 0 0 26 39 0 688 250 325 531 0 0 103 0 135 0 71 60 
160 157 75 0 130 99 0 63 88 305 0 0 26 40 0 683 361 348 586 0 0 108 0 135 0 72 60 
158 155 77 0 131 112 0 66 87 309 0 0 26 43 0 654 265 345 516 0 0 113 0 135 0 73 60 
155 159 76 0 133 106 0 68 85 319 0 0 26 61 0 644 452 362 541 0 0 116 0 135 0 72 60 
155 155 74 0 134 92 0 66 88 314 0 0 26 59 0 637 285 347 611 0 0 112 0 135 0 73 60 
156 157 74 0 134 91 0 70 88 312 0 0 26 48 0 682 264 379 507 0 0 113 0 135 0 73 60 
156 164 74 0 134 91 0 68 89 309 0 0 26 42 0 648 315 339 513 0 0 111 0 135 0 72 60 
155 144 76 0 134 90 0 66 90 307 0 0 26 36 0 651 337 362 554 0 0 110 0 135 0 71 60 
154 154 75 0 133 84 0 64 88 309 0 0 26 32 0 628 352 361 536 0 0 108 0 135 0 70 60 
152 163 74 0 132 86 0 69 89 310 0 0 26 42 0 641 230 379 520 0 0 115 0 135 0 70 60 
156 158 78 0 132 82 0 65 88 306 0 0 25 48 0 636 153 370 558 0 0 120 0 135 0 69 60 
152 159 75 0 132 75 0 66 87 309 0 0 26 53 0 677 298 355 529 0 0 122 0 135 0 68 60 
153 151 76 0 132 76 0 68 88 311 0 0 26 51 0 720 307 324 515 0 0 118 0 135 0 68 60 
153 155 74 0 133 85 0 62 89 312 0 0 26 53 0 654 347 336 509 0 0 112 0 135 0 69 60 
153 157 75 0 133 89 0 68 89 314 0 0 26 44 0 716 286 339 577 0 0 108 0 135 0 69 60 
155 151 72 0 134 84 0 68 88 313 0 0 26 34 0 649 280 334 538 0 0 110 0 135 0 70 60 
154 149 76 0 134 86 0 65 89 306 0 0 26 34 0 670 311 337 582 0 0 116 0 135 0 70 60 
154 147 73 0 134 94 0 65 88 300 0 0 26 47 0 654 186 347 567 0 0 125 0 135 0 70 60 
154 154 78 0 133 100 0 69 90 298 0 0 26 45 0 624 393 347 575 0 0 138 0 135 0 71 60 
156 156 78 0 132 97 0 68 90 311 0 0 26 45 0 644 233 359 585 0 0 138 0 135 0 71 60 
154 147 76 0 131 94 0 66 90 318 0 0 26 52 0 661 321 336 559 0 0 131 0 135 0 70 60 
150 153 75 0 132 95 0 69 89 309 0 0 26 47 0 654 413 355 524 0 0 128 0 135 0 69 60 
152 149 78 0 131 96 0 65 88 306 0 0 26 43 0 661 280 363 534 0 0 129 0 135 0 69 60 
159 156 76 0 129 86 0 67 87 304 0 0 26 44 0 680 408 348 558 0 0 127 0 135 0 69 60 
160 154 74 0 129 80 0 68 88 307 0 0 26 42 0 677 238 365 557 0 0 125 0 135 0 69 60 
159 157 71 0 129 80 0 70 90 314 0 0 26 42 0 674 354 370 488 0 0 124 0 135 0 68 60 
153 156 74 0 129 84 0 64 90 311 0 0 26 37 0 639 313 358 517 0 0 125 0 135 0 69 60 
153 152 72 0 131 83 0 65 87 307 0 0 26 42 0 695 342 338 512 0 0 123 0 135 0 69 60 
157 150 77 0 133 83 0 67 87 305 0 0 26 42 0 624 236 334 517 0 0 120 0 135 0 69 60 
160 156 75 0 134 86 0 62 88 303 0 0 25 46 0 665 224 345 497 0 0 114 0 135 0 68 60 
150 156 74 0 135 82 0 63 87 305 0 0 26 42 0 640 336 342 477 0 0 112 0 135 0 68 60 
156 154 77 0 138 90 0 63 88 313 0 0 26 50 0 687 308 366 550 0 0 105 0 135 0 68 60 
155 156 77 0 139 105 0 67 88 308 0 0 26 44 0 666 389 353 601 0 0 102 0 135 0 68 60 
154 154 75 0 139 113 0 64 88 303 0 0 26 37 0 641 359 346 502 0 0 100 0 135 0 69 60 
159 159 75 0 138 102 0 67 89 301 0 0 26 43 0 666 259 346 560 0 0 98 0 135 0 70 60 
151 154 73 0 136 89 0 67 89 309 0 0 26 55 0 684 190 348 501 0 0 99 0 135 0 70 60 
152 162 78 0 134 84 0 68 89 319 0 0 26 52 0 724 262 327 490 0 0 94 0 135 0 70 60 
158 155 78 0 133 84 0 70 90 314 0 0 25 50 0 667 298 375 539 0 0 97 0 135 0 72 60 
155 147 77 0 131 82 0 69 88 311 0 0 25 55 0 708 435 337 553 0 0 99 0 135 0 70 60 
151 157 73 0 132 82 0 65 86 307 0 0 25 46 0 593 212 338 515 0 0 101 0 135 0 68 60 
155 162 78 0 132 86 0 63 87 305 0 0 25 35 0 662 486 388 582 0 0 105 0 135 0 67 60 
154 158 76 0 132 86 0 70 88 308 0 0 25 25 0 630 250 322 552 0 0 116 0 135 0 66 60 
153 156 73 0 131 83 0 66 88 312 0 0 25 28 0 657 254 346 574 0 0 121 0 135 0 67 60 
155 151 79 0 132 87 0 63 88 308 0 0 25 32 0 697 336 336 573 0 0 121 0 135 0 67 60 
160 155 77 0 132 87 0 66 88 310 0 0 25 39 0 648 267 341 498 0 0 114 0 135 0 67 60 
153 157 77 0 130 78 0 65 88 313 0 0 25 47 0 592 257 327 529 0 0 109 0 135 0 67 60 
153 153 75 0 131 78 0 63 89 309 0 0 25 47 0 630 304 338 519 0 0 106 0 135 0 69 60 
153 152 78 0 131 79 0 71 90 310 0 0 25 43 0 707 418 346 526 0 0 104 0 135 0 71 60 
153 147 78 0 130 84 0 68 90 308 0 0 25 41 0 672 324 326 509 0 0 109 0 135 0 71 60 
156 157 76 0 128 82 0 62 90 305 0 0 26 44 0 693 312 337 567 0 0 111 0 135 0 71 60 
154 155 77 0 129 83 0 68 89 299 0 0 26 42 0 632 340 357 570 0 0 121 0 135 0 71 60 
154 151 75 0 129 90 0 66 88 299 0 0 25 49 0 671 443 332 562 0 0 122 0 135 0 72 60 
156 152 75 0 128 103 0 62 88 306 0 0 26 43 0 641 219 348 560 0 0 124 0 135 0 72 60 
161 151 73 0 129 104 0 61 88 305 0 0 26 40 0 649 295 336 530 0 0 127 0 135 0 70 60 
154 158 70 0 129 94 0 64 86 309 0 0 26 46 0 702 401 355 557 0 0 119 0 135 0 71 60 
154 158 74 0 131 91 0 62 86 302 0 0 26 42 0 647 196 304 551 0 0 115 0 135 0 70 60 
156 155 73 0 130 94 0 66 87 285 0 0 26 39 0 650 250 345 528 0 0 115 0 135 0 71 60 
160 154 72 0 131 96 0 67 88 305 0 0 26 47 0 646 446 324 525 0 0 112 0 135 0 70 60 
153 155 72 0 130 96 0 65 87 313 0 0 26 42 0 674 192 342 508 0 0 111 0 135 0 70 60 
158 154 75 0 128 104 0 67 90 312 0 0 26 45 0 673 277 339 494 0 0 111 0 135 0 70 60 
152 158 76 0 125 103 0 68 90 310 0 0 26 56 0 680 338 351 573 0 0 121 0 135 0 70 60 
154 155 75 0 128 97 0 65 89 309 0 0 26 53 0 666 254 339 571 0 0 126 0 135 0 69 60 
159 155 75 0 129 89 0 66 89 306 0 0 26 46 0 653 379 344 519 0 0 124 0 135 0 68 60 
157 154 73 0 130 90 0 72 87 312 0 0 26 46 0 651 318 352 491 0 0 117 0 135 0 67 60 
152 155 76 0 135 83 0 64 88 313 0 0 26 37 0 649 224 300 540 0 0 111 0 135 0 66 60 
157 156 71 0 137 72 0 63 88 310 0 0 26 44 0 638 324 312 513 0 0 109 0 135 0 66 60 
155 154 74 0 138 68 0 64 89 306 0 0 26 48 0 658 402 292 540 0 0 108 0 135 0 66 60 
151 162 69 0 139 76 0 66 89 305 0 0 26 63 0 610 149 317 527 0 0 112 0 135 0 66 60 
151 151 76 0 139 79 0 66 87 312 0 0 26 57 0 639 372 334 582 0 0 112 0 135 0 65 60 
155 151 72 0 138 77 0 68 88 316 0 0 26 47 0 668 368 343 555 0 0 111 0 135 0 66 60 
154 159 74 0 135 73 0 69 88 315 0 0 25 42 0 643 370 308 580 0 0 108 0 135 0 66 60 
155 161 73 0 134 87 0 69 88 311 0 0 25 35 0 695 273 324 563 0 0 104 0 135 0 66 60 
152 161 76 0 133 95 0 67 91 310 0 0 26 32 0 683 354 317 535 0 0 105 0 135 0 66 60 
156 154 73 0 132 97 0 67 90 308 0 0 26 46 0 701 246 331 536 0 0 111 0 135 0 66 60 
156 149 74 0 133 92 0 66 91 312 0 0 26 50 0 680 268 312 588 0 0 114 0 135 0 66 60 
157 157 74 0 134 85 0 65 88 310 0 0 26 54 0 656 287 331 554 0 0 118 0 135 0 65 60 
155 152 73 0 135 86 0 69 88 307 0 0 26 52 0 679 350 325 599 0 0 125 0 135 0 66 60 
152 150 71 0 136 85 0 65 88 311 0 0 26 52 0 670 250 338 565 0 0 121 0 135 0 66 60 
155 148 75 0 135 87 0 66 88 311 0 0 26 42 0 671 326 325 570 0 0 116 0 135 0 66 60 
153 150 73 0 135 90 0 64 88 312 0 0 26 33 0 692 362 328 573 0 0 112 0 135 0 66 60 
156 157 73 0 135 92 0 66 88 312 0 0 26 35 0 679 154 348 547 0 0 115 0 135 0 67 60 
157 151 76 0 134 91 0 65 88 311 0 0 26 43 0 639 451 317 518 0 0 115 0 135 0 69 60 
153 150 73 0 134 98 0 68 87 305 0 0 26 48 0 664 284 338 526 0 0 119 0 135 0 71 60 
156 153 75 0 132 108 0 64 89 300 0 0 26 47 0 694 273 344 542 0 0 129 0 135 0 71 60 
156 155 73 0 131 107 0 65 88 307 0 0 26 50 0 679 317 325 565 0 0 128 0 135 0 72 60 
155 158 74 0 133 107 0 70 89 315 0 0 26 47 0 668 325 331 502 0 0 127 0 135 0 72 60 
156 160 75 0 132 96 0 65 89 314 0 0 26 43 0 645 263 348 543 0 0 121 0 135 0 73 60 
154 154 75 0 133 87 0 65 89 308 0 0 26 45 0 610 304 334 480 0 0 119 0 135 0 73 60 
153 156 70 0 133 86 0 67 88 302 0 0 26 43 0 631 378 321 455 0 0 117 0 135 0 71 60 
154 152 75 0 134 79 0 67 89 304 0 0 26 38 0 656 299 357 559 0 0 123 0 135 0 71 60 
154 155 76 0 133 77 0 64 88 312 0 0 26 37 0 659 210 328 583 0 0 124 0 135 0 70 60 
153 157 77 0 133 88 0 68 88 314 0 0 26 45 0 678 397 331 544 0 0 117 0 135 0 70 60 
152 155 73 0 132 88 0 65 90 308 0 0 26 41 0 633 214 364 537 0 0 116 0 135 0 70 60 
155 154 80 0 132 90 0 64 88 307 0 0 26 42 0 666 423 336 536 0 0 115 0 135 0 69 60 
155 155 80 0 131 84 0 69 88 305 0 0 26 49 0 662 320 323 558 0 0 113 0 135 0 70 60 
155 156 77 0 130 86 0 66 87 302 0 0 26 46 0 705 331 362 615 0 0 107 0 135 0 70 60 
156 157 75 0 129 84 0 62 88 309 0 0 26 47 0 689 223 365 515 0 0 106 0 135 0 71 60 
155 154 75 0 128 84 0 66 87 313 0 0 26 37 0 664 261 353 515 0 0 106 0 135 0 72 60 
155 160 74 0 129 87 0 69 89 307 0 0 26 41 0 634 469 360 559 0 0 102 0 135 0 71 60 
157 151 72 0 130 90 0 68 88 302 0 0 26 50 0 656 229 334 523 0 0 107 0 135 0 71 60 
154 149 72 0 131 90 0 70 89 303 0 0 26 53 0 641 373 371 542 0 0 111 0 135 0 71 60 
156 158 72 0 134 89 0 68 89 313 0 0 26 53 0 673 288 336 490 0 0 106 0 135 0 70 60 
152 163 77 0 135 96 0 66 89 317 0 0 26 50 0 676 362 341 499 0 0 103 0 135 0 69 60 
156 157 73 0 138 90 0 70 88 313 0 0 26 47 0 658 399 360 574 0 0 106 0 135 0 68 60 
156 153 73 0 139 87 0 68 89 306 0 0 26 34 0 618 253 343 537 0 0 103 0 135 0 68 60 
156 154 76 0 140 90 0 63 86 306 0 0 26 28 0 621 276 339 541 0 0 108 0 135 0 67 60 
153 153 73 0 139 99 0 65 85 308 0 0 26 25 0 699 317 357 577 0 0 112 0 135 0 69 60 
154 154 72 0 137 95 0 64 87 311 0 0 26 29 0 675 250 353 591 0 0 118 0 135 0 69 60 
158 150 72 0 136 85 0 64 88 309 0 0 26 40 0 702 208 356 570 0 0 119 0 135 0 69 60 
160 149 71 0 132 73 0 64 89 310 0 0 26 47 0 642 355 343 521 0 0 116 0 135 0 69 60 
154 152 76 0 133 72 0 64 90 313 0 0 26 47 0 634 277 365 514 0 0 111 0 135 0 69 60 
157 154 73 0 132 74 0 67 89 312 0 0 26 45 0 629 399 365 563 0 0 104 0 135 0 69 60 
151 153 74 0 131 81 0 64 88 311 0 0 26 43 0 656 324 392 534 0 0 107 0 135 0 69 60 
154 151 74 0 132 86 0 68 87 310 0 0 26 40 0 653 358 353 537 0 0 107 0 135 0 67 60 
154 154 77 0 131 84 0 67 88 311 0 0 27 44 0 673 256 338 557 0 0 110 0 135 0 68 60 
156 153 78 0 132 80 0 69 90 299 0 0 27 51 0 669 260 335 501 0 0 119 0 135 0 68 60 
152 154 72 0 131 79 0 67 88 299 0 0 27 48 0 633 285 336 509 0 0 130 0 135 0 68 60 
157 158 72 0 131 86 0 66 88 308 0 0 27 43 0 693 274 329 534 0 0 138 0 135 0 67 60 
153 157 74 0 131 90 0 63 87 315 0 0 26 45 0 675 248 342 564 0 0 138 0 135 0 68 60 
152 154 76 0 129 94 0 64 89 311 0 0 26 42 0 690 460 352 487 0 0 126 0 135 0 68 60 
158 150 73 0 130 88 0 70 88 305 0 0 26 41 0 690 309 348 510 0 0 118 0 135 0 68 60 
152 157 77 0 128 95 0 67 89 306 0 0 26 45 0 662 215 373 545 0 0 117 0 135 0 68 60 
151 159 75 0 129 97 0 63 89 307 0 0 25 44 0 627 266 383 576 0 0 119 0 135 0 67 60 
154 155 75 0 129 92 0 67 88 313 0 0 26 45 0 660 287 358 527 0 0 116 0 135 0 67 60 
150 155 75 0 129 86 0 67 89 312 0 0 26 52 0 646 411 361 531 0 0 111 0 135 0 66 60 
151 156 74 0 129 88 0 65 87 309 0 0 26 52 0 636 203 408 542 0 0 113 0 135 0 66 60 
155 156 76 0 128 88 0 67 89 308 0 0 26 54 0 643 295 347 531 0 0 124 0 135 0 66 60 
155 157 78 0 129 83 0 64 88 305 0 0 26 45 0 621 467 409 563 0 0 117 0 135 0 66 60 
153 157 73 0 130 88 0 68 88 307 0 0 26 39 0 653 263 357 522 0 0 111 0 135 0 66 60 
152 161 75 0 132 96 0 68 87 310 0 0 26 43 0 673 265 365 525 0 0 113 0 135 0 67 60 
156 154 76 0 132 106 0 64 87 314 0 0 26 44 0 709 275 367 557 0 0 111 0 135 0 68 60 
158 148 79 0 129 100 0 64 87 308 0 0 26 57 0 689 306 340 507 0 0 109 0 135 0 70 60 
154 157 75 0 128 91 0 67 90 305 0 0 26 62 0 721 292 396 602 0 0 113 0 135 0 71 60 
159 161 76 0 127 90 0 67 90 311 0 0 26 50 0 632 380 357 581 0 0 111 0 135 0 71 60 
154 158 80 0 128 94 0 66 89 316 0 0 27 42 0 647 236 384 502 0 0 104 0 135 0 72 60 
156 155 76 0 129 89 0 66 86 315 0 0 26 37 0 645 306 362 530 0 0 103 0 135 0 72 60 
156 152 75 0 133 86 0 64 87 310 0 0 26 29 0 667 239 389 578 0 0 107 0 135 0 72 60 
157 156 75 0 134 89 0 67 86 307 0 0 26 46 0 688 283 349 558 0 0 109 0 135 0 72 60 
157 156 74 0 136 90 0 69 89 305 0 0 27 49 0 666 533 355 525 0 0 114 0 135 0 72 60 
158 149 77 0 137 89 0 68 89 306 0 0 26 56 0 716 285 385 545 0 0 116 0 135 0 71 60 
154 149 71 0 136 97 0 64 89 308 0 0 26 52 0 650 302 355 526 0 0 125 0 135 0 71 60 
158 151 76 0 136 98 0 68 89 307 0 0 26 54 0 654 279 373 535 0 0 124 0 135 0 70 60 
155 154 75 0 134 87 0 68 88 308 0 0 26 44 0 682 328 371 537 0 0 119 0 135 0 71 60 
153 155 76 0 133 79 0 65 88 311 0 0 26 35 0 703 251 366 583 0 0 118 0 135 0 70 60 
157 151 73 0 132 81 0 67 89 311 0 0 26 32 0 676 204 372 491 0 0 121 0 135 0 69 60 
153 150 75 0 130 90 0 65 89 309 0 0 26 41 0 633 318 389 578 0 0 120 0 135 0 71 60 
149 152 77 0 130 90 0 65 89 311 0 0 26 45 0 615 345 357 523 0 0 117 0 135 0 71 60 
153 156 72 0 132 88 0 65 89 310 0 0 27 45 0 685 190 389 518 0 0 122 0 135 0 71 60 
152 161 75 0 134 85 0 66 88 296 0 0 27 50 0 637 369 389 537 0 0 128 0 135 0 71 60 
153 158 72 0 135 82 0 62 86 298 0 0 27 49 0 615 392 369 542 0 0 131 0 135 0 72 60 
154 153 76 0 135 76 0 65 86 309 0 0 27 44 0 644 287 374 497 0 0 128 0 135 0 73 60 
153 154 77 0 135 81 0 67 87 316 0 0 27 41 0 642 340 374 562 0 0 123 0 135 0 73 60 
155 156 73 0 135 86 0 66 88 311 0 0 27 44 0 672 284 348 549 0 0 129 0 135 0 72 60 
153 156 75 0 134 89 0 67 89 306 0 0 27 40 0 679 410 399 512 0 0 135 0 135 0 73 60 
153 158 76 0 133 87 0 67 88 304 0 0 27 41 0 675 292 374 471 0 0 139 0 135 0 72 60 
156 152 78 0 132 93 0 70 88 308 0 0 27 39 0 698 285 357 573 0 0 136 0 135 0 72 60 
159 152 73 0 131 96 0 67 89 314 0 0 27 42 0 692 322 352 578 0 0 131 0 135 0 73 60 
153 152 73 0 131 92 0 67 89 309 0 0 27 46 0 673 389 343 519 0 0 118 0 135 0 72 60 
154 157 76 0 132 86 0 65 88 307 0 0 27 42 0 645 301 363 526 0 0 102 0 135 0 71 60 
156 154 72 0 133 75 0 67 88 307 0 0 27 46 0 650 388 375 495 0 0 104 0 135 0 70 60 
153 162 75 0 133 78 0 68 88 303 0 0 27 48 0 700 314 330 574 0 0 108 0 135 0 69 60 
155 156 73 0 133 84 0 65 88 307 0 0 27 38 0 692 390 382 548 0 0 101 0 135 0 67 60 
154 148 79 0 131 89 0 64 87 313 0 0 27 41 0 667 280 328 562 0 0 103 0 135 0 67 60 
155 154 76 0 131 89 0 63 87 311 0 0 27 48 0 643 397 373 596 0 0 103 0 135 0 66 60 
154 161 74 0 132 88 0 70 89 308 0 0 26 51 0 616 283 346 541 0 0 103 0 135 0 66 60 
157 158 78 0 133 87 0 67 88 306 0 0 27 55 0 675 344 380 547 0 0 105 0 135 0 66 60 
154 157 77 0 132 88 0 65 89 309 0 0 27 52 0 683 239 340 578 0 0 100 0 135 0 65 60 
154 152 76 0 131 89 0 66 88 318 0 0 27 47 0 670 290 334 525 0 0 101 0 135 0 66 60 
156 157 75 0 130 86 0 65 88 314 0 0 27 40 0 665 338 359 508 0 0 101 0 135 0 67 60 
158 156 75 0 128 84 0 64 90 311 0 0 27 29 0 678 386 354 549 0 0 106 0 135 0 67 60 
149 155 79 0 129 83 0 64 88 307 0 0 27 26 0 640 167 359 554 0 0 110 0 135 0 68 60 
156 148 74 0 131 88 0 60 87 306 0 0 26 25 0 700 416 357 547 0 0 114 0 135 0 69 60 
158 152 77 0 131 88 0 62 86 310 0 0 27 33 0 644 190 362 540 0 0 118 0 135 0 68 60 
154 154 75 0 134 84 0 70 87 311 0 0 27 41 0 617 293 332 493 0 0 119 0 135 0 68 60 
155 154 82 0 135 81 0 64 89 307 0 0 27 49 0 686 359 346 510 0 0 114 0 135 0 68 60 
155 150 76 0 137 87 0 68 87 311 0 0 27 46 0 623 293 346 560 0 0 108 0 135 0 68 60 
147 152 73 0 139 88 0 66 87 311 0 0 27 45 0 643 235 365 461 0 0 104 0 135 0 68 60 
154 155 75 0 140 92 0 67 88 313 0 0 27 40 0 655 270 378 560 0 0 110 0 135 0 68 60 
154 156 76 0 140 93 0 66 86 311 0 0 26 44 0 688 283 338 537 0 0 109 0 135 0 68 60 
152 156 73 0 138 98 0 70 87 311 0 0 26 50 0 690 323 374 527 0 0 116 0 135 0 67 60 
153 156 74 0 137 102 0 66 89 308 0 0 26 46 0 685 308 349 602 0 0 122 0 135 0 68 60 
149 155 74 0 135 95 0 65 90 301 0 0 26 42 0 594 259 333 535 0 0 130 0 135 0 68 60 
152 153 76 0 134 89 0 68 90 300 0 0 26 43 0 704 396 377 517 0 0 130 0 135 0 69 60 
156 159 75 0 132 89 0 65 90 311 0 0 27 46 0 672 240 364 508 0 0 126 0 135 0 68 60 
156 155 81 0 132 92 0 63 90 316 0 0 26 44 0 613 362 367 591 0 0 119 0 135 0 67 60 
157 155 75 0 132 84 0 65 88 311 0 0 26 45 0 630 189 336 558 0 0 111 0 135 0 66 60 
153 152 76 0 132 81 0 65 87 309 0 0 27 45 0 629 396 333 527 0 0 110 0 135 0 66 60 
154 158 76 0 132 85 0 66 88 305 0 0 27 41 0 684 397 312 561 0 0 115 0 135 0 68 60 
161 153 79 0 132 87 0 69 88 308 0 0 27 48 0 619 312 336 518 0 0 117 0 135 0 68 60 
158 155 76 0 132 86 0 66 87 311 0 0 28 53 0 668 287 330 527 0 0 114 0 135 0 68 60 
156 154 75 0 133 87 0 68 88 307 0 0 27 58 0 679 313 359 594 0 0 115 0 135 0 69 60 
150 158 77 0 132 88 0 67 89 308 0 0 27 46 0 719 195 351 570 0 0 111 0 135 0 70 60 
155 154 73 0 131 89 0 70 88 307 0 0 28 44 0 626 318 320 520 0 0 105 0 135 0 71 60 
158 147 75 0 130 86 0 64 89 307 0 0 28 38 0 649 309 341 568 0 0 106 0 135 0 72 60 
154 153 75 0 130 88 0 68 90 307 0 0 27 41 0 658 239 351 576 0 0 108 0 135 0 71 60 
156 164 81 0 130 92 0 67 90 311 0 0 27 52 0 640 320 362 555 0 0 111 0 135 0 69 60 
160 158 77 0 130 94 0 63 89 310 0 0 27 61 0 672 287 346 581 0 0 117 0 135 0 69 60 
153 156 76 0 130 91 0 64 89 306 0 0 26 54 0 662 197 319 546 0 0 120 0 135 0 68 60 
155 154 77 0 130 89 0 67 88 303 0 0 26 43 0 680 438 363 570 0 0 114 0 135 0 67 60 
152 152 78 0 130 97 0 68 87 307 0 0 26 40 0 655 297 353 525 0 0 113 0 135 0 66 60 
157 159 76 0 132 95 0 63 89 317 0 0 27 32 0 665 205 343 573 0 0 110 0 135 0 66 60 
155 151 74 0 132 89 0 66 87 316 0 0 27 36 0 667 311 355 519 0 0 109 0 135 0 66 60 
157 148 73 0 133 86 0 66 87 311 0 0 27 48 0 695 375 343 495 0 0 112 0 135 0 68 60 
154 153 78 0 132 90 0 67 87 309 0 0 26 51 0 641 288 358 537 0 0 114 0 135 0 69 60 
151 154 73 0 130 89 0 70 88 307 0 0 27 52 0 651 235 339 511 0 0 121 0 135 0 69 60 
150 152 73 0 127 86 0 66 89 309 0 0 27 52 0 677 330 358 533 0 0 120 0 135 0 69 60 
154 152 75 0 126 95 0 64 90 312 0 0 26 51 0 680 331 358 502 0 0 119 0 135 0 69 60 
155 155 77 0 127 103 0 72 91 310 0 0 27 41 0 589 243 337 588 0 0 113 0 135 0 68 60 
158 151 75 0 129 106 0 66 88 308 0 0 27 33 0 624 273 368 488 0 0 113 0 135 0 68 60 
154 155 77 0 131 104 0 63 88 311 0 0 27 37 0 730 239 358 503 0 0 116 0 135 0 67 60 
153 156 74 0 133 95 0 64 89 311 0 0 27 41 0 622 201 343 552 0 0 124 0 135 0 67 60 
155 156 77 0 134 87 0 70 89 310 0 0 27 48 0 653 370 354 576 0 0 131 0 135 0 66 60 
159 154 76 0 137 85 0 64 88 309 0 0 26 47 0 645 287 371 543 0 0 133 0 135 0 65 60 
152 154 70 0 137 87 0 66 87 308 0 0 27 50 0 733 344 350 585 0 0 135 0 135 0 66 60 
151 157 76 0 137 94 0 65 87 301 0 0 26 47 0 658 235 359 568 0 0 129 0 135 0 67 60 
154 154 75 0 136 93 0 63 88 299 0 0 27 42 0 683 339 392 569 0 0 123 0 135 0 68 60 
155 156 74 0 134 92 0 72 88 307 0 0 26 44 0 677 247 341 513 0 0 127 0 135 0 68 60 
160 154 71 0 132 87 0 73 88 316 0 0 26 40 0 640 214 380 507 0 0 130 0 135 0 70 60 
154 156 79 0 131 94 0 67 88 311 0 0 26 41 0 707 348 358 595 0 0 124 0 135 0 70 60 
151 153 78 0 131 100 0 65 90 304 0 0 26 37 0 692 344 360 552 0 0 121 0 135 0 71 60 
153 156 74 0 132 105 0 69 89 303 0 0 27 41 0 682 316 355 583 0 0 119 0 135 0 72 60 
154 155 75 0 133 96 0 66 90 306 0 0 26 41 0 672 268 399 593 0 0 118 0 135 0 73 60 
154 160 74 0 134 85 0 65 89 315 0 0 27 41 0 648 384 346 555 0 0 116 0 135 0 72 60 
153 154 73 0 134 84 0 67 89 309 0 0 27 44 0 638 344 363 543 0 0 119 0 135 0 73 60 
153 144 73 0 135 88 0 61 86 309 0 0 27 47 0 668 288 348 569 0 0 111 0 135 0 72 60 
160 155 73 0 134 89 0 64 87 306 0 0 26 42 0 712 421 362 522 0 0 107 0 135 0 71 60 
155 160 73 0 134 90 0 69 88 304 0 0 26 37 0 689 416 398 516 0 0 105 0 135 0 71 60 
152 159 75 0 132 92 0 63 89 306 0 0 26 43 0 712 253 355 556 0 0 113 0 135 0 71 60 
153 156 75 0 131 86 0 62 87 312 0 0 26 51 0 624 397 353 565 0 0 117 0 135 0 71 60 
154 152 73 0 129 83 0 67 88 310 0 0 26 53 0 576 237 337 572 0 0 112 0 135 0 70 60 
150 157 75 0 130 86 0 67 88 306 0 0 26 51 0 663 348 350 508 0 0 105 0 135 0 70 60 
155 154 76 0 131 96 0 65 89 304 0 0 26 50 0 651 201 358 551 0 0 101 0 135 0 70 60 
151 150 76 0 131 94 0 69 89 308 0 0 26 43 0 661 320 340 524 0 0 101 0 135 0 69 60 
151 149 74 0 132 90 0 68 89 317 0 0 26 35 0 679 302 359 510 0 0 99 0 135 0 68 60 
155 151 72 0 131 92 0 66 88 314 0 0 26 25 0 662 352 352 622 0 0 102 0 135 0 68 60 
156 159 75 0 130 93 0 66 89 310 0 0 26 28 0 654 218 331 529 0 0 105 0 135 0 68 60 
154 154 74 0 131 88 0 65 89 306 0 0 26 30 0 678 368 354 493 0 0 111 0 135 0 69 60 
152 150 78 0 130 89 0 65 88 306 0 0 26 40 0 717 386 350 522 0 0 117 0 135 0 69 60 
154 150 76 0 132 97 0 67 88 308 0 0 26 43 0 676 182 346 590 0 0 117 0 135 0 70 60 
154 150 79 0 132 93 0 67 87 309 0 0 26 47 0 641 247 332 603 0 0 114 0 135 0 70 60 
153 158 77 0 130 84 0 67 89 309 0 0 26 45 0 647 309 340 479 0 0 109 0 135 0 70 60 
156 155 79 0 129 78 0 66 87 305 0 0 26 41 0 654 289 355 518 0 0 109 0 135 0 70 60 
156 159 78 0 128 85 0 70 87 310 0 0 26 42 0 692 395 359 526 0 0 109 0 135 0 71 60 
153 152 79 0 129 78 0 65 87 309 0 0 26 36 0 638 329 326 562 0 0 113 0 135 0 71 60 
154 153 78 0 129 75 0 66 87 312 0 0 26 49 0 662 275 345 553 0 0 120 0 135 0 72 60 
162 155 73 0 129 78 0 68 87 311 0 0 26 44 0 666 346 338 489 0 0 126 0 135 0 72 60 
150 155 76 0 131 88 0 68 89 306 0 0 26 43 0 646 214 356 535 0 0 129 0 135 0 72 60 
161 158 71 0 133 90 0 64 89 299 0 0 27 45 0 627 302 329 536 0 0 127 0 135 0 72 60 
155 153 74 0 135 89 0 67 90 299 0 0 27 42 0 682 364 337 589 0 0 118 0 135 0 72 60 
155 155 76 0 137 89 0 66 88 311 0 0 27 41 0 705 270 295 538 0 0 117 0 135 0 71 60 
157 155 74 0 138 88 0 61 87 313 0 0 27 47 0 684 407 361 560 0 0 119 0 135 0 70 60 
152 155 76 0 140 87 0 72 86 308 0 0 27 44 0 646 246 316 609 0 0 119 0 135 0 70 60 
154 154 75 0 139 87 0 66 88 304 0 0 27 45 0 667 398 355 577 0 0 121 0 135 0 68 60 
155 159 72 0 137 91 0 64 85 306 0 0 27 58 0 646 213 328 627 0 0 117 0 135 0 69 60 
154 156 71 0 136 90 0 67 88 312 0 0 27 56 0 662 244 311 540 0 0 119 0 135 0 68 60 
150 148 69 0 134 87 0 71 87 314 0 0 27 48 0 653 386 334 560 0 0 121 0 135 0 68 60 
153 151 73 0 133 87 0 68 89 313 0 0 27 48 0 673 409 334 528 0 0 116 0 135 0 67 60 
153 163 74 0 133 96 0 67 90 309 0 0 27 37 0 665 302 323 554 0 0 115 0 135 0 67 60 
153 161 76 0 132 99 0 67 90 307 0 0 27 44 0 662 319 315 551 0 0 111 0 135 0 68 60 
152 157 73 0 132 98 0 65 89 306 0 0 27 46 0 636 226 337 559 0 0 111 0 135 0 68 60 
155 151 74 0 132 89 0 71 88 308 0 0 27 64 0 645 424 323 499 0 0 111 0 135 0 69 60 
149 154 75 0 132 97 0 69 87 310 0 0 27 59 0 726 227 340 483 0 0 118 0 135 0 69 60 
153 155 74 0 133 105 0 64 89 309 0 0 27 45 0 701 292 333 514 0 0 112 0 135 0 69 60 
157 152 74 0 133 96 0 65 88 305 0 0 27 42 0 646 232 315 538 0 0 104 0 135 0 69 60 
155 146 71 0 132 83 0 65 88 305 0 0 27 34 0 726 345 353 533 0 0 101 0 135 0 69 60 
154 150 72 0 131 82 0 64 88 312 0 0 27 34 0 670 312 336 564 0 0 99 0 135 0 68 60 
156 153 72 0 130 87 0 65 88 316 0 0 27 45 0 626 270 337 614 0 0 101 0 135 0 68 60 
154 152 73 0 130 85 0 67 89 317 0 0 28 54 0 622 435 380 528 0 0 108 0 135 0 68 60 
157 151 73 0 130 82 0 64 88 313 0 0 27 52 0 662 187 352 490 0 0 117 0 135 0 67 60 
156 150 76 0 129 88 0 67 88 309 0 0 27 52 0 619 311 361 530 0 0 123 0 135 0 68 60 
153 152 73 0 129 90 0 68 88 310 0 0 27 54 0 634 384 374 529 0 0 123 0 135 0 67 60 
155 160 75 0 128 81 0 67 89 312 0 0 27 45 0 632 302 357 528 0 0 119 0 135 0 68 60 
156 155 73 0 128 82 0 65 89 311 0 0 27 33 0 722 206 361 618 0 0 114 0 135 0 68 60 
153 158 76 0 130 87 0 69 89 308 0 0 27 36 0 680 299 371 526 0 0 117 0 135 0 68 60 
157 153 75 0 131 90 0 67 87 310 0 0 27 43 0 641 310 329 563 0 0 121 0 135 0 68 60 
152 152 77 0 133 82 0 66 88 309 0 0 27 40 0 674 339 325 549 0 0 124 0 135 0 68 60 
151 154 74 0 132 85 0 63 88 308 0 0 27 49 0 658 436 333 557 0 0 132 0 135 0 69 60 
157 155 77 0 131 92 0 67 88 312 0 0 26 50 0 700 221 354 563 0 0 137 0 135 0 70 60 
152 156 74 0 128 95 0 68 88 310 0 0 27 48 0 682 343 326 598 0 0 135 0 135 0 70 60 
152 152 78 0 127 92 0 63 88 304 0 0 27 43 0 653 308 367 572 0 0 129 0 135 0 70 60 
154 156 77 0 127 92 0 65 88 298 0 0 27 45 0 654 250 342 593 0 0 129 0 135 0 70 60 
153 155 75 0 129 103 0 65 89 303 0 0 27 42 0 633 317 349 601 0 0 125 0 135 0 70 60 
153 157 75 0 132 109 0 64 87 315 0 0 27 39 0 622 399 334 573 0 0 126 0 135 0 69 60 
153 158 75 0 134 112 0 67 88 313 0 0 27 38 0 646 261 382 491 0 0 123 0 135 0 68 60 
153 161 74 0 136 99 0 67 88 309 0 0 27 40 0 692 202 357 537 0 0 119 0 135 0 69 60 
152 157 76 0 137 87 0 62 88 306 0 0 28 44 0 682 225 334 546 0 0 114 0 135 0 69 60 
152 149 70 0 138 80 0 66 88 305 0 0 27 41 0 678 343 372 562 0 0 112 0 135 0 70 60 
154 153 74 0 138 85 0 68 87 312 0 0 28 43 0 670 264 364 594 0 0 110 0 135 0 70 60 
153 164 76 0 136 84 0 61 90 313 0 0 27 49 0 613 286 365 518 0 0 105 0 135 0 70 60 
154 160 75 0 135 86 0 63 88 309 0 0 28 45 0 637 474 352 493 0 0 106 0 135 0 70 60 
151 156 72 0 132 83 0 65 88 306 0 0 28 39 0 639 233 358 515 0 0 104 0 135 0 69 60 
154 151 75 0 131 84 0 65 87 303 0 0 28 40 0 614 302 368 543 0 0 104 0 135 0 68 60 
158 152 75 0 131 99 0 67 87 302 0 0 27 45 0 681 367 367 559 0 0 105 0 135 0 68 60 
155 156 75 0 132 122 0 68 89 314 0 0 27 57 0 627 338 368 547 0 0 110 0 135 0 67 60 
150 151 72 0 133 135 0 63 90 313 0 0 27 51 0 644 232 343 528 0 0 111 0 135 0 67 60 
156 147 74 0 134 117 0 66 88 309 0 0 27 52 0 652 412 365 575 0 0 104 0 135 0 67 60 
156 150 73 0 134 103 0 69 87 304 0 0 27 46 0 700 380 377 559 0 0 102 0 135 0 66 60 
153 154 74 0 134 92 0 68 86 305 0 0 27 37 0 679 317 343 508 0 0 102 0 135 0 66 60 
152 153 76 0 135 86 0 65 87 314 0 0 28 26 0 683 196 351 522 0 0 102 0 135 0 66 60 
156 152 73 0 134 80 0 66 88 318 0 0 28 27 0 676 409 341 514 0 0 110 0 135 0 66 60 
155 151 75 0 133 83 0 64 90 316 0 0 28 27 0 654 298 356 578 0 0 120 0 135 0 67 60 
154 153 76 0 131 78 0 63 89 305 0 0 27 37 0 678 157 341 552 0 0 125 0 135 0 67 60 
160 154 75 0 131 75 0 65 89 307 0 0 27 44 0 645 422 366 501 0 0 125 0 135 0 66 60 
152 155 75 0 130 72 0 62 89 306 0 0 27 48 0 662 243 343 535 0 0 117 0 135 0 67 60 
156 155 74 0 131 84 0 69 89 311 0 0 27 44 0 645 435 331 551 0 0 109 0 135 0 68 60 
157 150 76 0 132 87 0 70 88 309 0 0 27 44 0 563 247 343 571 0 0 101 0 135 0 69 60 
155 151 76 0 133 84 0 66 89 307 0 0 27 39 0 565 480 351 611 0 0 99 0 135 0 71 60 
152 154 74 0 133 83 0 66 88 313 0 0 27 46 0 592 319 334 598 0 0 99 0 135 0 71 60 
153 155 77 0 133 89 0 70 87 314 0 0 27 47 0 738 199 357 603 0 0 108 0 135 0 72 60 
158 158 74 0 133 92 0 66 88 312 0 0 27 48 0 710 209 318 580 0 0 124 0 135 0 72 60 
155 153 76 0 134 92 0 66 86 313 0 0 27 42 0 607 300 343 589 0 0 136 0 135 0 73 60 
155 157 70 0 133 96 0 66 87 310 0 0 27 43 0 616 441 331 564 0 0 144 0 135 0 73 60 
157 154 73 0 133 102 0 65 89 307 0 0 27 43 0 671 227 332 544 0 0 135 0 135 0 71 60 
153 153 77 0 132 111 0 66 89 299 0 0 27 41 0 894 436 351 558 0 0 127 0 135 0 70 60 
156 156 77 0 130 109 0 63 90 303 0 0 27 44 0 787 361 319 530 0 0 122 0 135 0 68 60 
161 162 74 0 129 107 0 66 88 313 0 0 27 44 0 673 249 324 545 0 0 123 0 135 0 67 60 
153 148 75 0 129 103 0 64 88 312 0 0 27 44 0 672 246 331 532 0 0 128 0 135 0 66 60 
152 152 72 0 129 100 0 67 88 308 0 0 27 51 0 621 430 338 545 0 0 131 0 135 0 66 60 
154 154 77 0 130 91 0 67 88 305 0 0 27 51 0 635 237 329 510 0 0 127 0 135 0 67 60 
154 165 71 0 131 86 0 67 88 307 0 0 27 52 0 702 271 327 559 0 0 120 0 135 0 67 60 
152 158 74 0 132 82 0 65 88 310 0 0 27 45 0 677 276 324 505 0 0 113 0 135 0 67 60 
157 156 70 0 134 77 0 68 88 314 0 0 27 40 0 690 379 360 532 0 0 113 0 135 0 67 60 
153 154 76 0 137 70 0 68 87 310 0 0 27 41 0 659 247 341 551 0 0 112 0 135 0 67 60 
153 157 75 0 138 78 0 65 87 309 0 0 27 42 0 710 209 352 552 0 0 110 0 135 0 67 60 
160 155 76 0 140 92 0 67 88 306 0 0 27 58 0 638 409 344 584 0 0 112 0 135 0 67 60 
154 151 76 0 139 95 0 65 88 305 0 0 28 59 0 611 267 338 540 0 0 112 0 135 0 66 60 
155 145 75 0 138 89 0 66 86 311 0 0 28 55 0 659 205 328 509 0 0 116 0 135 0 65 60 
155 154 74 0 135 85 0 67 88 311 0 0 28 43 0 639 291 336 554 0 0 109 0 135 0 67 60 
157 153 73 0 134 88 0 65 89 306 0 0 28 39 0 662 411 360 540 0 0 106 0 135 0 70 60 
158 149 76 0 133 85 0 64 90 304 0 0 28 30 0 651 437 341 543 0 0 105 0 135 0 71 60 
154 152 75 0 132 84 0 70 91 305 0 0 28 37 0 628 247 346 542 0 0 108 0 135 0 71 60 
154 151 76 0 131 89 0 65 89 311 0 0 28 50 0 687 285 363 537 0 0 109 0 135 0 71 60 
152 152 80 0 130 94 0 64 88 315 0 0 28 53 0 638 372 320 521 0 0 111 0 135 0 70 60 
156 154 78 0 130 94 0 69 86 315 0 0 28 50 0 661 275 340 543 0 0 112 0 135 0 69 60 
154 155 78 0 131 98 0 70 87 310 0 0 28 53 0 685 251 350 585 0 0 116 0 135 0 68 60 
150 158 77 0 132 100 0 69 88 308 0 0 27 49 0 665 393 361 566 0 0 122 0 135 0 68 60 
154 150 78 0 131 91 0 69 86 305 0 0 28 38 0 614 379 328 545 0 0 120 0 135 0 67 60 
154 149 75 0 131 85 0 67 88 309 0 0 28 32 0 669 244 324 538 0 0 121 0 135 0 67 60 
160 155 76 0 129 82 0 65 89 309 0 0 28 38 0 670 143 313 593 0 0 119 0 135 0 66 60 
155 156 77 0 130 83 0 70 88 306 0 0 28 42 0 636 383 360 568 0 0 118 0 135 0 66 60 
150 156 76 0 129 82 0 66 89 312 0 0 28 42 0 685 480 355 526 0 0 120 0 135 0 68 60 
154 154 77 0 130 82 0 63 89 311 0 0 27 49 0 658 328 310 542 0 0 123 0 135 0 69 60 
156 156 75 0 130 79 0 61 90 310 0 0 27 50 0 642 312 328 617 0 0 125 0 135 0 68 60 
151 155 77 0 130 86 0 67 90 311 0 0 27 47 0 622 399 341 534 0 0 131 0 135 0 68 60 
157 151 75 0 129 95 0 64 90 311 0 0 27 43 0 680 313 317 556 0 0 135 0 135 0 69 60 
153 157 77 0 129 107 0 63 87 303 0 0 28 44 0 732 305 345 588 0 0 122 0 135 0 68 60 
154 161 74 0 130 103 0 64 87 299 0 0 27 40 0 689 402 331 522 0 0 118 0 135 0 69 60 
156 149 76 0 131 100 0 66 88 300 0 0 28 38 0 613 279 338 449 0 0 118 0 135 0 68 60 
154 150 73 0 132 93 0 68 86 313 0 0 28 38 0 616 158 351 527 0 0 114 0 135 0 67 60 
156 158 74 0 132 84 0 69 88 312 0 0 28 41 0 697 301 340 500 0 0 114 0 135 0 67 60 
152 161 76 0 131 80 0 68 88 303 0 0 28 42 0 631 328 354 556 0 0 113 0 135 0 67 60 
155 157 74 0 128 83 0 65 88 305 0 0 28 41 0 641 293 366 486 0 0 111 0 135 0 66 60 
156 149 75 0 126 83 0 67 89 304 0 0 28 49 0 652 304 368 525 0 0 105 0 135 0 65 60 
156 155 75 0 127 77 0 66 90 307 0 0 28 47 0 715 382 362 591 0 0 102 0 135 0 65 60 
153 152 77 0 129 80 0 64 91 311 0 0 28 42 0 592 255 327 535 0 0 101 0 135 0 65 60 
154 156 75 0 129 88 0 64 89 309 0 0 28 37 0 681 184 326 544 0 0 101 0 135 0 65 60 
155 148 73 0 132 87 0 67 89 308 0 0 28 44 0 691 330 364 523 0 0 105 0 135 0 65 60 
157 147 74 0 135 79 0 66 87 305 0 0 28 52 0 699 421 337 558 0 0 104 0 135 0 65 60 
153 156 77 0 136 83 0 67 88 305 0 0 28 51 0 670 213 369 581 0 0 102 0 135 0 65 60 
149 154 75 0 137 89 0 66 88 307 0 0 28 53 0 624 272 347 554 0 0 107 0 135 0 65 60 
157 150 74 0 138 93 0 68 89 311 0 0 28 48 0 647 316 357 570 0 0 110 0 135 0 66 60 
156 152 75 0 137 90 0 67 88 307 0 0 28 44 0 658 309 372 530 0 0 110 0 135 0 65 60 
153 150 77 0 135 95 0 67 87 302 0 0 28 32 0 648 351 350 559 0 0 111 0 135 0 65 60 
153 158 73 0 134 106 0 66 87 303 0 0 28 26 0 628 275 370 544 0 0 112 0 135 0 65 60 
151 153 74 0 131 116 0 64 88 311 0 0 28 28 0 665 309 364 565 0 0 117 0 135 0 66 60 
151 157 75 0 131 124 0 69 89 318 0 0 28 33 0 648 350 352 561 0 0 117 0 135 0 66 60 
155 155 79 0 131 112 0 66 90 313 0 0 28 38 0 645 262 351 550 0 0 117 0 135 0 68 60 
158 154 76 0 131 104 0 63 90 309 0 0 29 46 0 685 268 347 608 0 0 116 0 135 0 69 60 
156 155 75 0 133 99 0 65 89 307 0 0 28 47 0 702 303 367 569 0 0 115 0 135 0 69 60 
154 154 73 0 134 95 0 67 87 308 0 0 29 46 0 661 255 342 567 0 0 113 0 135 0 70 60 
154 156 76 0 135 88 0 65 87 312 0 0 28 44 0 636 345 338 550 0 0 113 0 135 0 70 60 
150 157 75 0 136 82 0 68 87 311 0 0 28 40 0 676 183 371 527 0 0 112 0 135 0 70 60 
154 154 77 0 136 81 0 66 88 307 0 0 28 46 0 635 484 357 553 0 0 112 0 135 0 69 60 
155 158 74 0 133 79 0 65 88 313 0 0 28 46 0 666 353 359 550 0 0 114 0 135 0 68 60 
152 156 73 0 133 87 0 73 87 313 0 0 28 42 0 639 271 370 576 0 0 119 0 135 0 68 60 
151 154 76 0 132 97 0 66 88 313 0 0 28 42 0 672 261 348 563 0 0 127 0 135 0 68 60 
160 159 74 0 132 100 0 65 88 312 0 0 28 46 0 654 226 359 484 0 0 133 0 135 0 68 60 
154 159 75 0 132 88 0 68 89 310 0 0 28 43 0 626 354 375 534 0 0 131 0 135 0 68 60 
158 148 75 0 133 80 0 70 89 302 0 0 28 41 0 666 360 345 538 0 0 126 0 135 0 69 60 
156 151 75 0 133 84 0 65 90 298 0 0 28 46 0 704 343 387 535 0 0 118 0 135 0 68 60 
157 163 75 0 133 84 0 69 89 305 0 0 28 44 0 732 327 368 507 0 0 120 0 135 0 69 60 
161 160 74 0 133 86 0 64 88 315 0 0 28 45 0 656 285 332 531 0 0 122 0 135 0 69 60 
156 155 77 0 133 86 0 61 88 312 0 0 28 52 0 668 382 363 566 0 0 117 0 135 0 69 60 
154 156 74 0 134 84 0 67 89 304 0 0 28 56 0 596 246 356 520 0 0 120 0 135 0 70 60 
156 155 77 0 133 78 0 67 89 306 0 0 28 47 0 696 298 382 524 0 0 120 0 135 0 70 60 
155 155 74 0 133 80 0 61 89 306 0 0 28 48 0 633 531 351 518 0 0 112 0 135 0 71 60 
152 155 79 0 132 94 0 65 89 312 0 0 28 38 0 634 169 358 534 0 0 109 0 135 0 72 60 
151 147 79 0 129 95 0 68 88 311 0 0 28 41 0 658 281 370 549 0 0 108 0 135 0 73 60 
156 148 76 0 130 88 0 66 87 306 0 0 28 48 0 599 368 365 547 0 0 106 0 135 0 72 60 
151 156 76 0 129 80 0 67 87 306 0 0 27 59 0 674 352 377 530 0 0 111 0 135 0 72 60 
158 152 79 0 130 85 0 69 88 306 0 0 27 58 0 641 345 355 543 0 0 111 0 135 0 72 60 
152 152 81 0 130 84 0 66 88 303 0 0 27 47 0 653 169 326 580 0 0 117 0 135 0 71 60 
151 151 74 0 131 86 0 66 87 309 0 0 27 42 0 708 423 353 527 0 0 120 0 135 0 71 60 
154 153 76 0 132 87 0 67 88 313 0 0 28 33 0 656 229 362 598 0 0 113 0 135 0 69 60 
156 159 72 0 134 90 0 65 89 306 0 0 27 31 0 649 293 336 577 0 0 110 0 135 0 68 60 
152 155 73 0 135 86 0 65 90 305 0 0 28 44 0 668 256 357 580 0 0 107 0 135 0 67 60 
152 159 72 0 138 90 0 68 90 307 0 0 27 53 0 652 299 345 607 0 0 110 0 135 0 66 60 
154 151 76 0 139 93 0 66 88 318 0 0 28 52 0 678 365 339 568 0 0 116 0 135 0 66 60 
152 151 76 0 139 95 0 62 86 320 0 0 27 52 0 609 398 350 552 0 0 122 0 135 0 66 60 
155 159 74 0 137 91 0 65 87 314 0 0 27 53 0 650 244 376 573 0 0 129 0 135 0 65 60 
151 154 73 0 136 90 0 71 86 305 0 0 27 44 0 673 292 370 510 0 0 134 0 135 0 65 60 
150 155 74 0 134 92 0 68 89 308 0 0 27 35 0 629 455 361 590 0 0 130 0 135 0 66 60 
158 155 74 0 133 87 0 64 88 308 0 0 27 35 0 676 212 364 553 0 0 121 0 135 0 67 60 
149 153 71 0 131 81 0 66 88 314 0 0 28 42 0 682 239 369 433 0 0 114 0 135 0 68 60 
156 156 76 0 131 71 0 66 89 308 0 0 27 45 0 693 276 359 501 0 0 112 0 135 0 68 60 
156 153 74 0 130 72 0 61 89 309 0 0 27 45 0 695 240 333 429 0 0 111 0 135 0 68 60 
153 155 75 0 131 82 0 63 88 312 0 0 28 55 0 684 522 332 484 0 0 117 0 135 0 68 60 
159 163 76 0 131 85 0 63 88 314 0 0 28 50 0 625 224 355 494 0 0 117 0 135 0 68 60 
154 148 74 0 132 83 0 63 88 310 0 0 27 43 0 707 265 322 494 0 0 119 0 135 0 69 60 
147 151 76 0 133 83 0 74 89 313 0 0 27 45 0 678 462 350 523 0 0 119 0 135 0 68 60 
156 159 70 0 132 83 0 67 88 308 0 0 27 44 0 610 343 379 504 0 0 117 0 135 0 68 60 
145 162 73 0 131 87 0 67 88 301 0 0 27 39 0 646 213 334 602 0 0 115 0 135 0 67 60 
156 157 76 0 130 89 0 66 89 298 0 0 28 38 0 665 288 355 512 0 0 112 0 135 0 67 60 
143 148 74 0 130 99 0 67 88 306 0 0 27 39 0 620 342 357 510 0 0 115 0 135 0 66 60 
162 154 73 0 131 107 0 67 89 316 0 0 28 42 0 584 255 328 604 0 0 116 0 135 0 66 60 
154 153 78 0 131 105 0 68 88 312 0 0 27 41 0 714 266 346 520 0 0 116 0 135 0 65 60 
144 156 75 0 130 105 0 68 89 307 0 0 27 42 0 704 277 350 576 0 0 112 0 135 0 65 60 
161 149 74 0 129 99 0 61 88 305 0 0 27 46 0 674 328 384 532 0 0 112 0 135 0 66 60 
163 144 76 0 128 98 0 66 89 304 0 0 28 47 0 656 266 338 527 0 0 110 0 135 0 65 60 
158 155 76 0 129 92 0 64 88 311 0 0 27 40 0 656 279 361 555 0 0 107 0 135 0 66 60 
156 153 74 0 130 88 0 62 89 312 0 0 27 39 0 690 465 332 548 0 0 107 0 135 0 66 60 
158 152 76 0 132 87 0 65 88 310 0 0 27 48 0 666 190 349 598 0 0 109 0 135 0 66 60 
152 154 75 0 131 90 0 69 89 306 0 0 27 54 0 664 383 378 561 0 0 106 0 135 0 66 60 
155 150 73 0 130 83 0 69 86 306 0 0 28 49 0 627 343 363 567 0 0 111 0 135 0 66 60 
161 157 77 0 128 77 0 67 87 306 0 0 27 52 0 688 217 368 581 0 0 115 0 135 0 66 60 
153 155 74 0 126 82 0 67 88 310 0 0 27 46 0 639 370 367 597 0 0 110 0 135 0 66 60 
153 155 76 0 127 86 0 65 90 312 0 0 27 40 0 703 261 354 513 0 0 112 0 135 0 65 60 
160 157 75 0 128 84 0 68 89 306 0 0 27 28 0 720 308 312 559 0 0 116 0 135 0 65 60 
155 150 76 0 130 84 0 68 87 306 0 0 27 26 0 673 365 326 535 0 0 124 0 135 0 65 60 
154 159 74 0 132 92 0 71 86 307 0 0 28 25 0 618 251 389 552 0 0 124 0 135 0 66 60 
158 153 76 0 135 87 0 62 87 314 0 0 27 36 0 694 143 313 587 0 0 123 0 135 0 66 60 
155 158 75 0 137 83 0 64 88 320 0 0 27 44 0 664 349 365 537 0 0 123 0 135 0 66 60 
151 155 76 0 139 84 0 65 88 312 0 0 28 47 0 628 323 385 534 0 0 117 0 135 0 66 60 
156 154 77 0 139 93 0 65 90 308 0 0 27 45 0 678 335 360 484 0 0 116 0 135 0 67 60 
153 155 74 0 138 92 0 65 88 306 0 0 27 45 0 668 343 362 540 0 0 108 0 135 0 67 60 
155 154 76 0 136 96 0 66 88 310 0 0 27 42 0 625 229 345 523 0 0 103 0 135 0 67 60 
158 149 75 0 134 99 0 69 88 312 0 0 28 40 0 608 295 372 556 0 0 106 0 135 0 67 60 
157 162 75 0 133 97 0 69 88 311 0 0 27 51 0 632 266 364 551 0 0 109 0 135 0 67 60 
155 156 75 0 132 88 0 64 88 307 0 0 27 48 0 678 317 358 504 0 0 108 0 135 0 67 60 
159 149 75 0 132 88 0 66 88 311 0 0 27 44 0 760 337 341 555 0 0 113 0 135 0 67 60 
157 153 76 0 133 90 0 68 89 312 0 0 28 42 0 669 233 372 573 0 0 119 0 135 0 67 60 
155 160 73 0 133 91 0 68 89 309 0 0 27 44 0 675 358 360 536 0 0 119 0 135 0 67 60 
155 159 77 0 134 87 0 64 88 311 0 0 28 41 0 678 202 362 493 0 0 122 0 135 0 67 60 
155 153 74 0 135 85 0 65 88 308 0 0 27 42 0 668 382 364 521 0 0 126 0 135 0 68 60 
149 156 78 0 136 88 0 69 87 300 0 0 28 45 0 681 356 356 612 0 0 126 0 135 0 67 60 
156 158 76 0 136 96 0 64 88 297 0 0 28 43 0 674 333 372 544 0 0 125 0 135 0 66 60 
154 155 73 0 134 110 0 67 88 308 0 0 28 48 0 647 227 341 576 0 0 129 0 135 0 66 60 
154 154 73 0 133 108 0 68 90 316 0 0 27 52 0 647 380 365 500 0 0 124 0 135 0 66 60 
153 149 76 0 131 103 0 63 89 312 0 0 27 52 0 704 281 354 600 0 0 122 0 135 0 65 60 
154 155 74 0 132 94 0 63 89 308 0 0 27 46 0 642 353 370 519 0 0 120 0 135 0 66 60 
150 156 77 0 131 89 0 69 90 307 0 0 27 42 0 655 332 360 624 0 0 116 0 135 0 66 60 
154 141 74 0 132 85 0 67 88 307 0 0 28 37 0 703 220 364 524 0 0 109 0 135 0 66 60 
157 156 77 0 132 87 0 69 87 313 0 0 28 42 0 682 198 373 548 0 0 109 0 135 0 65 60 
151 139 74 0 132 85 0 74 88 312 0 0 28 53 0 628 525 371 595 0 0 116 0 135 0 66 60 
154 155 78 0 132 85 0 65 86 309 0 0 27 59 0 645 196 392 552 0 0 115 0 135 0 66 60 
155 159 74 0 132 81 0 65 87 306 0 0 28 52 0 688 332 350 606 0 0 111 0 135 0 66 60 
152 156 74 0 132 81 0 68 88 307 0 0 27 48 0 644 364 347 546 0 0 119 0 135 0 65 60 
152 139 76 0 133 86 0 66 88 306 0 0 27 39 0 651 375 353 552 0 0 118 0 135 0 65 60 
157 146 73 0 132 86 0 62 88 312 0 0 28 30 0 636 272 365 518 0 0 113 0 135 0 66 60 
152 155 75 0 131 84 0 65 88 313 0 0 27 36 0 660 348 387 541 0 0 110 0 135 0 65 60 
160 160 76 0 130 81 0 63 88 307 0 0 28 51 0 629 338 392 517 0 0 108 0 135 0 65 60 
157 161 73 0 129 83 0 61 89 306 0 0 27 52 0 663 315 349 551 0 0 111 0 135 0 66 60 
153 160 74 0 128 84 0 68 89 304 0 0 28 52 0 670 225 340 541 0 0 115 0 135 0 66 60 
155 155 75 0 129 91 0 63 90 311 0 0 28 54 0 687 405 343 555 0 0 123 0 135 0 66 60 
157 160 75 0 129 94 0 62 87 317 0 0 28 51 0 704 345 351 541 0 0 128 0 135 0 65 60 
156 157 70 0 130 96 0 69 86 311 0 0 27 39 0 688 176 353 542 0 0 134 0 135 0 65 60 
155 154 73 0 131 100 0 69 88 309 0 0 28 32 0 627 272 358 542 0 0 130 0 135 0 65 60 
154 161 73 0 133 112 0 67 89 308 0 0 27 38 0 692 363 386 554 0 0 121 0 135 0 65 60 
156 161 75 0 135 119 0 69 89 309 0 0 27 44 0 679 250 349 549 0 0 115 0 135 0 65 60 
157 148 77 0 137 102 0 65 87 312 0 0 27 45 0 636 514 368 557 0 0 117 0 135 0 66 60 
156 155 74 0 138 87 0 66 88 310 0 0 28 48 0 641 166 357 523 0 0 120 0 135 0 66 60 
155 163 73 0 139 85 0 68 87 306 0 0 27 49 0 662 256 380 546 0 0 125 0 135 0 66 60 
153 163 75 0 138 89 0 65 87 310 0 0 27 45 0 623 474 345 541 0 0 126 0 135 0 67 60 
153 159 74 0 137 84 0 63 88 312 0 0 27 44 0 661 484 357 532 0 0 127 0 135 0 66 60 
154 150 72 0 136 83 0 65 89 309 0 0 27 46 0 678 212 357 569 0 0 129 0 135 0 66 60 
154 157 74 0 134 85 0 69 89 314 0 0 28 41 0 692 312 366 548 0 0 117 0 135 0 66 60 
155 152 77 0 133 82 0 67 89 310 0 0 27 38 0 715 310 369 532 0 0 116 0 135 0 65 60 
153 153 76 0 132 76 0 66 90 301 0 0 28 39 0 608 296 354 587 0 0 119 0 135 0 65 60 
151 146 77 0 131 84 0 66 89 298 0 0 27 42 0 651 223 353 570 0 0 119 0 135 0 65 60 
150 147 75 0 131 92 0 69 88 302 0 0 28 41 0 684 248 357 509 0 0 117 0 135 0 65 60 
154 158 76 0 131 91 0 66 87 314 0 0 28 43 0 629 367 385 562 0 0 114 0 135 0 65 60 
153 150 77 0 131 82 0 66 87 311 0 0 27 44 0 621 460 368 539 0 0 120 0 135 0 65 60 
154 152 73 0 132 84 0 65 88 305 0 0 27 45 0 652 176 350 604 0 0 120 0 135 0 65 60 
156 151 75 0 131 91 0 66 87 303 0 0 28 43 0 679 174 365 578 0 0 117 0 135 0 65 60 
154 150 75 0 131 94 0 68 89 305 0 0 27 37 0 629 473 341 628 0 0 110 0 135 0 65 60 
153 155 75 0 130 91 0 66 88 308 0 0 27 43 0 688 403 334 537 0 0 110 0 135 0 65 60 
155 152 78 0 130 89 0 63 89 312 0 0 27 51 0 690 245 357 551 0 0 106 0 135 0 66 60 
155 157 75 0 130 96 0 65 90 311 0 0 27 50 0 701 249 372 519 0 0 105 0 135 0 65 60 
158 153 78 0 130 102 0 72 90 306 0 0 28 55 0 664 312 359 592 0 0 109 0 135 0 65 60 
155 149 78 0 130 100 0 65 90 307 0 0 27 49 0 635 365 339 543 0 0 109 0 135 0 66 60 
153 157 77 0 128 89 0 67 88 304 0 0 27 45 0 646 323 345 537 0 0 112 0 135 0 65 60 
151 156 76 0 128 87 0 70 89 307 0 0 27 34 0 670 309 350 492 0 0 111 0 135 0 66 60 
152 155 75 0 129 85 0 66 88 311 0 0 27 25 0 661 251 328 566 0 0 106 0 135 0 66 60 
156 154 76 0 132 82 0 66 88 306 0 0 27 27 0 674 332 322 498 0 0 103 0 135 0 66 60 
157 156 71 0 133 84 0 71 87 302 0 0 28 32 0 588 258 334 473 0 0 103 0 135 0 65 60 
154 154 75 0 133 91 0 64 85 304 0 0 27 39 0 637 253 342 543 0 0 112 0 135 0 65 60 
158 153 73 0 132 91 0 65 86 309 0 0 27 47 0 634 337 338 530 0 0 119 0 135 0 66 60 
153 156 74 0 130 84 0 72 87 316 0 0 27 47 0 671 305 361 559 0 0 119 0 135 0 65 60 
154 165 73 0 128 88 0 65 90 311 0 0 27 42 0 706 299 333 520 0 0 122 0 135 0 65 60 
154 145 73 0 127 97 0 60 90 307 0 0 27 39 0 632 257 353 518 0 0 116 0 135 0 65 60 
156 154 78 0 127 96 0 64 89 305 0 0 27 45 0 702 377 335 522 0 0 106 0 135 0 66 60 
152 161 73 0 128 88 0 65 89 308 0 0 27 46 0 638 261 324 555 0 0 106 0 135 0 66 60 
156 162 67 0 130 92 0 63 88 311 0 0 27 46 0 680 277 325 570 0 0 107 0 135 0 66 60 
153 157 73 0 132 94 0 68 89 311 0 0 27 43 0 641 311 340 551 0 0 114 0 135 0 66 60 
152 149 76 0 134 90 0 65 89 307 0 0 27 42 0 657 353 347 577 0 0 121 0 135 0 65 60 
152 161 75 0 136 83 0 65 88 312 0 0 27 46 0 716 224 364 529 0 0 122 0 135 0 64 60 
157 153 72 0 137 87 0 71 88 311 0 0 27 44 0 637 260 325 503 0 0 125 0 135 0 64 60 
152 157 74 0 137 84 0 69 87 310 0 0 27 43 0 704 544 343 595 0 0 124 0 135 0 63 60 
150 149 77 0 135 78 0 65 88 314 0 0 27 48 0 645 275 319 629 0 0 118 0 135 0 64 60 
154 144 73 0 134 81 0 68 88 312 0 0 27 42 0 701 230 373 563 0 0 114 0 135 0 64 60 
156 154 73 0 132 89 0 68 88 303 0 0 27 44 0 648 236 365 571 0 0 114 0 135 0 65 60 
155 155 75 0 131 87 0 64 88 297 0 0 27 54 0 660 320 332 566 0 0 118 0 135 0 65 60 
156 147 73 0 131 82 0 68 89 303 0 0 27 52 0 676 517 343 610 0 0 122 0 135 0 65 60 
153 153 76 0 132 84 0 65 89 314 0 0 27 52 0 634 328 318 504 0 0 125 0 135 0 65 60 
150 149 78 0 132 89 0 65 90 314 0 0 27 45 0 610 170 336 571 0 0 123 0 135 0 65 60 
154 156 74 0 134 100 0 64 91 309 0 0 27 37 0 702 348 316 517 0 0 124 0 135 0 66 60 
159 155 78 0 135 101 0 67 89 304 0 0 27 46 0 610 518 326 549 0 0 118 0 135 0 65 60 
152 152 76 0 135 104 0 65 87 306 0 0 27 49 0 633 410 334 547 0 0 114 0 135 0 66 60 
154 155 71 0 135 94 0 68 86 312 0 0 27 57 0 648 358 370 594 0 0 113 0 135 0 65 60 
152 151 71 0 134 94 0 68 87 316 0 0 27 63 0 645 245 350 495 0 0 105 0 135 0 65 60 
160 157 73 0 132 91 0 66 88 309 0 0 27 45 0 676 164 309 524 0 0 107 0 135 0 65 60 
155 153 73 0 132 90 0 65 89 304 0 0 27 42 0 647 362 325 494 0 0 112 0 135 0 65 60 
154 156 76 0 131 82 0 62 89 304 0 0 27 34 0 666 342 314 536 0 0 112 0 135 0 65 60 
155 156 73 0 131 77 0 64 87 302 0 0 27 31 0 682 255 355 531 0 0 108 0 135 0 65 60 
154 153 77 0 132 77 0 62 88 310 0 0 27 46 0 672 305 343 508 0 0 110 0 135 0 65 60 
155 155 76 0 132 81 0 65 88 310 0 0 27 55 0 671 289 351 529 0 0 114 0 135 0 65 60 
153 155 77 0 132 86 0 65 88 308 0 0 27 52 0 670 261 313 524 0 0 113 0 135 0 65 60 
156 153 75 0 132 85 0 66 90 306 0 0 26 53 0 692 331 303 539 0 0 108 0 135 0 65 60 
150 164 76 0 132 85 0 66 88 307 0 0 27 52 0 688 222 343 557 0 0 115 0 135 0 65 60 
157 148 77 0 133 82 0 68 87 314 0 0 26 44 0 666 429 326 509 0 0 122 0 135 0 64 60 
151 148 75 0 133 86 0 64 89 317 0 0 26 33 0 666 182 353 518 0 0 125 0 135 0 64 60 
153 156 76 0 133 88 0 67 87 313 0 0 27 34 0 585 215 347 579 0 0 119 0 135 0 63 60 
152 160 78 0 131 86 0 74 89 306 0 0 26 43 0 671 488 323 561 0 0 113 0 135 0 63 60 
153 161 71 0 130 83 0 64 89 308 0 0 27 46 0 703 326 318 515 0 0 114 0 135 0 62 60 
153 150 77 0 129 86 0 64 90 309 0 0 26 46 0 663 252 338 545 0 0 111 0 135 0 62 60 
151 154 76 0 129 85 0 66 87 313 0 0 26 50 0 697 284 290 560 0 0 116 0 135 0 62 60 
155 155 78 0 129 90 0 63 88 311 0 0 26 48 0 673 382 336 507 0 0 126 0 135 0 63 60 
154 156 70 0 130 94 0 63 86 309 0 0 26 44 0 604 315 343 583 0 0 130 0 135 0 63 60 
155 153 75 0 131 101 0 68 87 313 0 0 27 45 0 636 321 339 571 0 0 130 0 135 0 64 60 
154 145 71 0 132 103 0 65 88 310 0 0 26 45 0 648 376 343 601 0 0 125 0 135 0 65 60 
152 157 74 0 134 104 0 68 89 311 0 0 26 35 0 651 307 339 609 0 0 122 0 135 0 65 60 
156 157 72 0 136 107 0 71 89 311 0 0 27 39 0 657 319 350 589 0 0 118 0 135 0 65 60 
155 146 73 0 138 92 0 67 88 311 0 0 27 39 0 646 279 338 556 0 0 117 0 135 0 63 60 
158 154 72 0 139 82 0 64 88 300 0 0 26 42 0 615 354 315 605 0 0 118 0 135 0 63 60 
155 151 73 0 139 81 0 71 88 296 0 0 27 43 0 654 412 343 499 0 0 113 0 135 0 62 60 
157 155 75 0 139 86 0 67 88 305 0 0 26 43 0 668 329 345 585 0 0 110 0 135 0 61 60 
152 156 73 0 138 84 0 65 87 312 0 0 26 51 0 684 322 345 547 0 0 105 0 135 0 61 60 
153 156 71 0 136 82 0 67 88 313 0 0 26 46 0 682 217 319 506 0 0 104 0 135 0 62 60 
152 156 76 0 134 85 0 65 87 305 0 0 26 39 0 653 275 349 527 0 0 107 0 135 0 63 60 
157 151 76 0 133 103 0 68 88 306 0 0 26 38 0 616 362 334 504 0 0 105 0 135 0 64 60 
154 158 75 0 131 115 0 68 89 308 0 0 26 47 0 679 385 334 575 0 0 105 0 135 0 64 60 
160 156 74 0 132 124 0 65 91 309 0 0 26 55 0 696 209 313 527 0 0 103 0 135 0 65 60 
154 154 74 0 132 110 0 62 89 311 0 0 26 53 0 666 427 328 554 0 0 99 0 135 0 65 60 
154 156 74 0 131 92 0 68 88 306 0 0 26 51 0 605 245 352 481 0 0 101 0 135 0 65 60 
156 153 73 0 133 81 0 68 87 306 0 0 26 48 0 650 251 343 586 0 0 107 0 135 0 65 60 
154 155 70 0 131 82 0 64 88 304 0 0 26 37 0 626 397 355 525 0 0 109 0 135 0 65 60 
151 157 73 0 132 86 0 66 88 305 0 0 26 30 0 631 280 310 551 0 0 109 0 135 0 65 60 
154 156 77 0 130 90 0 66 89 310 0 0 26 26 0 688 174 332 524 0 0 113 0 135 0 66 60 
156 162 75 0 131 90 0 68 88 313 0 0 26 26 0 685 230 339 528 0 0 117 0 135 0 66 60 
152 150 76 0 130 85 0 65 89 307 0 0 26 33 0 684 396 357 510 0 0 114 0 135 0 65 60 
153 152 77 0 130 86 0 67 89 305 0 0 26 40 0 612 292 362 559 0 0 118 0 135 0 65 60 
152 158 76 0 130 90 0 63 88 308 0 0 26 48 0 675 325 325 564 0 0 115 0 135 0 66 60 
152 161 77 0 129 97 0 65 88 314 0 0 26 45 0 645 258 358 555 0 0 114 0 135 0 65 60 
156 160 74 0 129 93 0 67 88 317 0 0 26 45 0 641 383 342 515 0 0 118 0 135 0 66 60 
154 150 76 0 129 93 0 66 89 311 0 0 26 43 0 709 307 333 534 0 0 120 0 135 0 65 60 
149 151 75 0 129 97 0 64 89 308 0 0 26 40 0 667 249 331 556 0 0 118 0 135 0 65 60 
157 156 74 0 131 94 0 66 88 308 0 0 26 46 0 673 300 324 540 0 0 111 0 135 0 66 60 
154 156 74 0 132 90 0 71 88 309 0 0 26 48 0 695 305 350 534 0 0 105 0 135 0 66 60 
153 154 73 0 132 90 0 69 88 312 0 0 26 44 0 701 413 338 578 0 0 105 0 135 0 66 60 
157 143 75 0 131 96 0 68 87 309 0 0 26 44 0 680 162 348 604 0 0 107 0 135 0 65 60 
154 155 76 0 129 86 0 71 90 310 0 0 26 46 0 666 405 329 559 0 0 112 0 135 0 65 60 
149 159 76 0 127 86 0 65 88 311 0 0 26 44 0 638 361 327 533 0 0 117 0 135 0 64 60 
157 150 78 0 126 94 0 68 87 313 0 0 26 42 0 678 286 357 559 0 0 130 0 135 0 64 60 
156 155 76 0 126 99 0 67 88 311 0 0 26 48 0 651 211 332 539 0 0 134 0 135 0 64 60 
152 152 76 0 128 84 0 63 89 312 0 0 26 43 0 652 424 334 553 0 0 124 0 135 0 64 60 
153 155 76 0 130 79 0 67 89 310 0 0 26 46 0 578 337 342 566 0 0 126 0 135 0 64 60 
156 156 78 0 133 89 0 66 87 297 0 0 26 53 0 673 246 335 560 0 0 129 0 135 0 64 60 
154 156 76 0 134 95 0 62 88 297 0 0 26 58 0 644 303 350 488 0 0 126 0 135 0 65 60 
156 154 73 0 136 86 0 64 88 309 0 0 26 46 0 642 360 359 507 0 0 123 0 135 0 65 60 
153 152 74 0 137 81 0 68 88 312 0 0 26 48 0 687 367 325 499 0 0 117 0 135 0 65 60 
152 154 76 0 136 83 0 63 89 312 0 0 26 36 0 649 307 297 535 0 0 117 0 135 0 64 60 
154 154 76 0 134 82 0 62 90 305 0 0 26 42 0 714 248 363 520 0 0 114 0 135 0 63 60 
160 154 76 0 132 78 0 69 89 303 0 0 26 50 0 673 309 346 502 0 0 109 0 135 0 63 60 
155 153 75 0 133 86 0 65 89 308 0 0 26 58 0 655 313 366 545 0 0 108 0 135 0 63 60 
149 150 77 0 132 97 0 69 88 312 0 0 26 64 0 711 496 375 547 0 0 108 0 135 0 63 60 
154 152 77 0 132 90 0 71 87 313 0 0 26 45 0 669 221 353 520 0 0 107 0 135 0 63 60 
152 155 76 0 132 84 0 64 89 308 0 0 26 42 0 682 233 365 551 0 0 104 0 135 0 63 60 
149 151 77 0 133 84 0 64 90 307 0 0 25 34 0 656 255 353 484 0 0 102 0 135 0 64 60 
155 161 78 0 132 92 0 69 90 307 0 0 25 33 0 683 383 345 536 0 0 105 0 135 0 63 60 
152 158 75 0 134 88 0 65 87 306 0 0 26 50 0 646 281 326 513 0 0 107 0 135 0 63 60 
153 149 75 0 133 87 0 64 88 310 0 0 26 49 0 657 408 397 586 0 0 114 0 135 0 63 60 
155 156 76 0 135 83 0 67 86 312 0 0 26 51 0 619 295 341 561 0 0 120 0 135 0 64 60 
155 160 76 0 130 88 0 65 89 307 0 0 26 52 0 651 346 348 531 0 0 120 0 135 0 64 60 
152 160 74 0 133 88 0 67 87 303 0 0 26 53 0 704 307 365 534 0 0 124 0 135 0 65 60 
154 155 78 0 132 91 0 69 90 307 0 0 25 43 0 663 413 330 561 0 0 123 0 135 0 65 60 
156 152 75 0 124 92 0 65 88 316 0 0 25 34 0 628 386 356 555 0 0 121 0 135 0 65 60 
158 158 80 0 123 92 0 65 88 317 0 0 25 33 0 676 166 342 583 0 0 117 0 128 0 65 60 
156 153 76 0 125 92 0 68 88 311 0 0 26 43 0 616 239 346 555 0 0 118 0 128 0 65 60 
155 152 77 0 131 90 0 68 89 309 0 0 26 47 0 604 361 395 551 0 0 116 0 128 0 66 60 
154 152 74 0 131 90 0 65 88 307 0 0 25 46 0 679 398 345 599 0 0 112 0 128 0 65 60 
156 149 76 0 133 89 0 64 88 310 0 0 25 51 0 653 217 355 561 0 0 113 0 128 0 64 60 
155 153 74 0 135 84 0 67 88 310 0 0 25 48 0 659 267 362 498 0 0 118 0 128 0 63 60 
159 148 75 0 135 81 0 66 88 306 0 0 25 44 0 667 389 378 468 0 0 128 0 128 0 64 60 
155 151 75 0 135 91 0 65 87 309 0 0 25 41 0 643 326 379 615 0 0 137 0 128 0 64 60 
153 152 77 0 134 95 0 65 87 311 0 0 25 45 0 698 302 389 533 0 0 139 0 128 0 63 60 
158 151 75 0 133 93 0 67 88 312 0 0 26 40 0 688 297 355 548 0 0 134 0 128 0 63 60 
154 155 77 0 132 85 0 69 91 310 0 0 25 38 0 668 290 358 533 0 0 126 0 128 0 64 60 
155 158 78 0 130 93 0 69 90 314 0 0 25 41 0 633 396 373 562 0 0 123 0 128 0 65 60 
151 156 77 0 131 94 0 70 88 307 0 0 25 41 0 689 300 368 474 0 0 124 0 128 0 65 60 
155 156 75 0 130 92 0 65 88 297 0 0 25 42 0 690 354 374 521 0 0 118 0 128 0 65 60 
153 152 73 0 132 90 0 68 88 299 0 0 25 43 0 660 431 372 574 0 0 113 0 128 0 65 60 
154 158 76 0 133 91 0 70 88 307 0 0 25 46 0 614 236 379 468 0 0 108 0 128 0 66 60 
156 155 75 0 133 85 0 66 89 314 0 0 25 46 0 685 268 375 555 0 0 106 0 128 0 66 60 
154 154 73 0 136 80 0 66 89 309 0 0 25 38 0 675 216 373 579 0 0 104 0 128 0 66 60 
154 154 73 0 138 89 0 65 88 302 0 0 25 39 0 635 392 382 585 0 0 105 0 128 0 66 60 
157 153 74 0 140 97 0 65 88 305 0 0 25 49 0 640 410 356 494 0 0 107 0 128 0 65 60 
149 160 78 0 140 99 0 65 86 308 0 0 25 56 0 651 142 399 509 0 0 106 0 128 0 66 60 
155 154 75 0 140 97 0 65 87 314 0 0 26 50 0 696 382 405 528 0 0 110 0 128 0 65 60 
154 157 75 0 139 105 0 61 87 311 0 0 25 52 0 667 329 356 519 0 0 114 0 128 0 65 60 
148 162 77 0 137 102 0 67 88 308 0 0 25 48 0 639 184 369 548 0 0 119 0 128 0 66 60 
158 144 79 0 135 95 0 68 87 306 0 0 25 40 0 589 268 384 509 0 0 117 0 128 0 65 60 
152 152 74 0 134 88 0 64 87 307 0 0 25 27 0 672 424 355 516 0 0 114 0 128 0 65 60 
153 163 77 0 133 85 0 66 89 307 0 0 25 29 0 670 331 367 513 0 0 108 0 128 0 65 60 
156 160 75 0 132 80 0 69 89 312 0 0 25 28 0 662 253 355 589 0 0 108 0 128 0 64 60 
154 158 76 0 132 78 0 66 90 312 0 0 25 36 0 645 321 370 589 0 0 112 0 128 0 63 60 
151 150 74 0 132 84 0 66 90 305 0 0 25 44 0 696 244 369 556 0 0 115 0 128 0 63 60 
156 156 78 0 133 87 0 69 87 305 0 0 25 50 0 671 302 389 579 0 0 114 0 128 0 64 60 
155 153 78 0 132 83 0 63 86 312 0 0 25 45 0 651 273 372 533 0 0 115 0 128 0 64 60 
152 152 76 0 131 74 0 68 86 317 0 0 25 44 0 733 299 357 570 0 0 112 0 128 0 65 60 
155 151 79 0 131 78 0 68 88 317 0 0 25 40 0 662 264 357 622 0 0 108 0 128 0 65 60 
160 149 76 0 131 85 0 66 87 312 0 0 25 41 0 674 165 358 535 0 0 110 0 128 0 65 60 
153 153 76 0 131 97 0 64 88 309 0 0 25 49 0 677 342 356 478 0 0 108 0 128 0 66 60 
153 159 78 0 132 97 0 66 88 306 0 0 25 50 0 667 512 365 584 0 0 109 0 128 0 64 60 
156 149 75 0 131 96 0 64 89 309 0 0 25 43 0 655 315 353 572 0 0 110 0 128 0 63 60 
153 153 76 0 130 103 0 64 88 309 0 0 25 42 0 668 362 356 564 0 0 113 0 128 0 64 60 
152 151 74 0 130 115 0 68 90 310 0 0 25 44 0 637 369 341 435 0 0 122 0 128 0 64 60 
154 157 76 0 129 117 0 65 90 312 0 0 25 41 0 644 319 329 517 0 0 124 0 128 0 65 60 
150 155 73 0 130 111 0 68 89 316 0 0 25 40 0 611 214 381 576 0 0 126 0 128 0 65 60 
154 154 74 0 130 115 0 66 89 315 0 0 25 45 0 679 310 341 474 0 0 125 0 128 0 64 60 
154 156 74 0 132 118 0 64 88 309 0 0 25 40 0 654 348 380 545 0 0 118 0 128 0 65 60 
152 150 75 0 132 107 0 60 87 311 0 0 25 42 0 670 222 352 472 0 0 118 0 128 0 65 60 
153 156 73 0 132 92 0 64 88 304 0 0 25 54 0 642 238 377 611 0 0 117 0 128 0 66 60 
157 154 72 0 130 85 0 65 87 296 0 0 25 56 0 596 340 363 537 0 0 122 0 128 0 66 60 
156 155 74 0 128 73 0 66 88 298 0 0 25 46 0 696 423 340 560 0 0 127 0 128 0 66 60 
151 154 75 0 127 69 0 66 87 309 0 0 25 46 0 672 188 348 530 0 0 123 0 128 0 66 60 
153 155 75 0 127 65 0 67 87 315 0 0 25 35 0 648 182 348 535 0 0 118 0 128 0 65 60 
154 151 74 0 127 81 0 70 89 310 0 0 25 43 0 642 298 351 552 0 0 111 0 128 0 64 60 
152 158 77 0 129 90 0 65 90 306 0 0 25 49 0 669 425 355 524 0 0 112 0 128 0 63 60 
156 155 74 0 131 93 0 66 90 303 0 0 25 58 0 659 200 395 567 0 0 110 0 128 0 63 60 
158 160 75 0 134 90 0 69 89 307 0 0 25 63 0 612 353 318 567 0 0 106 0 128 0 63 60 
149 153 72 0 136 90 0 69 88 309 0 0 25 44 0 646 325 377 508 0 0 104 0 128 0 63 60 
158 152 72 0 137 98 0 65 86 307 0 0 25 41 0 699 309 332 563 0 0 109 0 128 0 63 60 
152 160 72 0 138 103 0 65 88 306 0 0 25 33 0 652 309 337 547 0 0 115 0 128 0 64 60 
157 160 76 0 137 105 0 63 87 302 0 0 25 31 0 691 411 344 585 0 0 115 0 128 0 64 60 
155 160 75 0 136 104 0 66 89 307 0 0 25 51 0 711 176 360 540 0 0 114 0 128 0 65 60 
155 155 77 0 135 109 0 66 87 307 0 0 25 50 0 631 450 352 504 0 0 115 0 128 0 65 60 
156 153 76 0 133 111 0 65 86 309 0 0 25 51 0 653 336 345 545 0 0 116 0 128 0 65 60 
157 157 75 0 132 104 0 69 86 311 0 0 25 51 0 647 290 364 584 0 0 117 0 128 0 65 60 
158 155 74 0 132 93 0 70 88 305 0 0 25 53 0 651 274 353 560 0 0 127 0 128 0 65 60 
155 151 75 0 133 88 0 65 89 303 0 0 25 43 0 623 385 334 500 0 0 127 0 128 0 66 60 
156 150 73 0 134 84 0 68 91 310 0 0 25 32 0 672 236 353 536 0 0 131 0 128 0 65 60 
155 152 74 0 135 86 0 68 90 317 0 0 25 34 0 598 210 387 571 0 0 126 0 128 0 64 60 
155 157 74 0 136 83 0 64 90 316 0 0 25 42 0 692 364 355 540 0 0 121 0 128 0 63 60 
156 152 78 0 135 82 0 69 89 312 0 0 25 46 0 670 233 352 546 0 0 116 0 128 0 63 60 
153 149 70 0 134 75 0 67 88 306 0 0 25 46 0 712 331 355 578 0 0 115 0 128 0 63 60 
153 152 78 0 133 77 0 64 88 307 0 0 25 50 0 707 338 357 494 0 0 115 0 128 0 63 60 
158 152 74 0 132 86 0 65 88 310 0 0 25 48 0 634 379 348 575 0 0 110 0 128 0 63 60 
151 157 76 0 132 94 0 68 88 312 0 0 25 42 0 683 310 321 512 0 0 117 0 128 0 63 60 
150 156 74 0 131 98 0 64 89 312 0 0 25 44 0 695 327 364 473 0 0 119 0 128 0 63 60 
154 154 73 0 132 94 0 65 87 310 0 0 25 43 0 680 276 379 509 0 0 120 0 128 0 63 60 
158 156 74 0 132 95 0 66 87 311 0 0 25 39 0 621 212 368 560 0 0 113 0 128 0 63 60 
152 152 77 0 131 88 0 66 89 309 0 0 25 39 0 677 262 366 543 0 0 109 0 128 0 64 60 
155 156 75 0 132 84 0 69 89 310 0 0 25 39 0 677 349 341 573 0 0 112 0 128 0 64 60 
155 155 74 0 133 84 0 66 89 314 0 0 25 41 0 604 212 343 549 0 0 112 0 128 0 65 60 
155 151 77 0 133 82 0 65 88 307 0 0 25 41 0 682 367 358 537 0 0 112 0 128 0 65 60 
154 157 76 0 134 74 0 64 87 300 0 0 25 47 0 690 312 331 535 0 0 115 0 128 0 65 60 
153 155 77 0 133 78 0 68 88 300 0 0 25 47 0 649 398 345 537 0 0 119 0 128 0 65 60 
156 159 75 0 132 89 0 65 89 311 0 0 25 44 0 662 457 335 550 0 0 121 0 128 0 65 60 
155 153 76 0 132 94 0 64 88 316 0 0 25 40 0 628 171 343 580 0 0 119 0 128 0 65 60 
152 158 76 0 131 89 0 66 90 310 0 0 25 39 0 601 438 353 543 0 0 111 0 128 0 66 60 
150 163 75 0 129 87 0 65 88 305 0 0 25 48 0 664 303 320 545 0 0 114 0 128 0 66 60 
160 141 74 0 130 91 0 68 87 304 0 0 25 54 0 616 216 331 557 0 0 119 0 128 0 66 60 
156 156 74 0 130 94 0 68 87 309 0 0 25 50 0 714 332 319 582 0 0 126 0 128 0 67 60 
152 162 75 0 130 94 0 63 88 314 0 0 25 54 0 659 430 343 559 0 0 128 0 128 0 67 60 
158 159 73 0 130 94 0 64 88 312 0 0 25 44 0 654 317 329 493 0 0 121 0 128 0 67 60 
154 159 69 0 132 98 0 72 88 310 0 0 25 39 0 609 341 355 571 0 0 114 0 128 0 66 60 
152 149 75 0 135 98 0 68 87 307 0 0 25 27 0 694 331 338 598 0 0 108 0 128 0 66 60 
156 158 71 0 136 101 0 68 88 305 0 0 25 28 0 728 372 350 559 0 0 109 0 128 0 66 60 
158 155 75 0 138 97 0 68 89 307 0 0 25 29 0 651 320 332 572 0 0 106 0 128 0 66 60 
150 152 69 0 139 93 0 70 90 310 0 0 25 37 0 712 217 342 567 0 0 104 0 128 0 66 60 
158 153 71 0 140 89 0 67 89 312 0 0 25 43 0 625 248 364 576 0 0 105 0 128 0 66 60 
153 144 72 0 139 88 0 66 87 306 0 0 25 47 0 695 368 350 576 0 0 110 0 128 0 66 60 
152 156 77 0 139 85 0 65 86 304 0 0 25 46 0 660 323 323 508 0 0 111 0 128 0 65 60 
158 154 74 0 137 83 0 64 86 311 0 0 25 41 0 631 251 377 497 0 0 108 0 128 0 65 60 
155 144 72 0 135 83 0 63 87 316 0 0 25 40 0 645 270 331 557 0 0 105 0 128 0 65 60 
149 155 72 0 133 80 0 65 87 316 0 0 25 41 0 675 190 323 485 0 0 106 0 128 0 65 60 
157 151 76 0 132 78 0 66 88 312 0 0 25 51 0 643 440 317 491 0 0 106 0 128 0 66 60 
153 156 76 0 131 80 0 61 89 306 0 0 25 47 0 639 299 387 539 0 0 111 0 128 0 65 60 
153 157 72 0 132 87 0 65 88 307 0 0 25 43 0 661 243 335 572 0 0 112 0 128 0 65 60 
153 158 72 0 131 88 0 66 90 309 0 0 25 43 0 691 251 358 531 0 0 118 0 128 0 65 60 
157 158 73 0 131 94 0 66 88 309 0 0 24 44 0 640 580 346 570 0 0 123 0 128 0 65 60 
151 152 75 0 131 94 0 69 87 309 0 0 25 41 0 628 198 326 583 0 0 130 0 128 0 65 60 
153 152 73 0 130 94 0 70 88 308 0 0 25 44 0 665 276 389 496 0 0 135 0 128 0 66 60 
158 156 75 0 129 92 0 67 89 311 0 0 24 46 0 643 393 352 543 0 0 125 0 128 0 66 60 
151 155 77 0 130 94 0 67 88 309 0 0 25 44 0 698 399 350 604 0 0 124 0 128 0 65 60 
160 154 73 0 129 94 0 65 88 310 0 0 25 50 0 714 270 323 522 0 0 121 0 128 0 66 60 
157 155 73 0 130 90 0 63 88 311 0 0 25 57 0 654 397 342 557 0 0 119 0 128 0 66 60 
154 153 76 0 129 90 0 69 89 306 0 0 25 52 0 624 371 360 472 0 0 114 0 128 0 66 60 
154 158 75 0 129 95 0 66 87 301 0 0 25 50 0 688 243 299 570 0 0 107 0 128 0 65 60 
159 155 72 0 128 90 0 65 89 300 0 0 24 42 0 654 389 329 555 0 0 102 0 128 0 65 60 
153 158 74 0 129 79 0 65 89 315 0 0 25 36 0 659 425 337 519 0 0 105 0 128 0 66 60 
154 155 73 0 129 81 0 70 88 316 0 0 25 45 0 657 239 345 580 0 0 107 0 128 0 65 60 
157 149 76 0 130 90 0 64 89 307 0 0 25 56 0 716 369 337 531 0 0 103 0 128 0 66 60 
154 155 75 0 132 92 0 65 88 303 0 0 25 64 0 732 312 335 560 0 0 102 0 128 0 66 60 
155 161 76 0 132 86 0 67 90 304 0 0 25 51 0 610 238 341 594 0 0 100 0 128 0 65 60 
157 157 74 0 131 86 0 69 87 310 0 0 24 43 0 666 433 366 571 0 0 107 0 128 0 65 60 
153 153 78 0 130 83 0 68 87 314 0 0 25 39 0 669 261 336 550 0 0 114 0 128 0 64 60 
153 151 74 0 128 77 0 66 88 309 0 0 25 30 0 659 326 343 542 0 0 122 0 128 0 64 60 
153 154 75 0 127 76 0 64 87 308 0 0 25 39 0 652 363 340 533 0 0 125 0 128 0 64 60 
152 155 76 0 127 86 0 63 89 304 0 0 25 49 0 622 253 355 566 0 0 125 0 128 0 64 60 
155 148 75 0 128 92 0 68 91 303 0 0 25 57 0 659 219 349 550 0 0 128 0 128 0 65 60 
155 145 74 0 130 92 0 66 90 309 0 0 25 51 0 666 302 353 545 0 0 130 0 128 0 65 60 
155 153 74 0 133 94 0 64 88 313 0 0 25 48 0 699 365 346 508 0 0 133 0 128 0 65 60 
154 156 74 0 135 98 0 66 87 309 0 0 24 50 0 674 301 311 488 0 0 130 0 128 0 65 60 
157 151 74 0 137 98 0 67 88 307 0 0 24 41 0 691 203 318 556 0 0 128 0 128 0 66 60 
156 150 73 0 137 90 0 70 89 304 0 0 25 32 0 661 317 328 508 0 0 122 0 128 0 66 60 
156 153 72 0 136 87 0 67 89 314 0 0 24 34 0 655 286 363 551 0 0 112 0 128 0 66 60 
154 151 74 0 135 86 0 68 89 316 0 0 24 43 0 679 253 328 515 0 0 107 0 128 0 67 60 
152 154 77 0 133 88 0 65 89 316 0 0 25 46 0 654 365 356 541 0 0 104 0 128 0 67 60 
154 158 72 0 131 90 0 67 88 309 0 0 25 50 0 685 205 348 510 0 0 101 0 128 0 68 60 
153 157 77 0 130 92 0 68 89 306 0 0 24 51 0 647 264 313 521 0 0 110 0 128 0 68 60 
156 158 75 0 130 85 0 66 88 307 0 0 24 47 0 639 414 356 511 0 0 121 0 128 0 67 60 
153 152 74 0 130 83 0 65 89 310 0 0 25 42 0 604 297 330 570 0 0 128 0 128 0 68 60 
153 154 75 0 131 81 0 67 89 310 0 0 25 45 0 667 211 341 567 0 0 129 0 128 0 67 60 
155 158 74 0 133 82 0 67 89 306 0 0 25 41 0 714 403 339 571 0 0 124 0 128 0 66 60 
156 156 71 0 134 82 0 60 88 311 0 0 24 40 0 681 470 341 577 0 0 117 0 128 0 67 60 
155 157 75 0 135 86 0 66 89 314 0 0 24 38 0 679 298 337 553 0 0 117 0 128 0 66 60 
155 156 79 0 134 87 0 66 88 310 0 0 25 41 0 621 461 350 601 0 0 117 0 128 0 66 60 
157 155 76 0 133 79 0 64 88 312 0 0 25 43 0 607 213 333 517 0 0 115 0 128 0 65 60 
154 153 75 0 133 79 0 66 88 311 0 0 25 44 0 656 273 319 568 0 0 115 0 128 0 66 60 
155 159 76 0 131 85 0 69 87 305 0 0 25 48 0 663 215 315 541 0 0 111 0 128 0 66 60 
158 163 76 0 131 88 0 65 89 298 0 0 24 47 0 664 264 324 493 0 0 110 0 128 0 66 60 
153 147 75 0 130 87 0 70 88 305 0 0 24 43 0 603 321 353 570 0 0 108 0 128 0 65 60 
159 150 75 0 131 91 0 70 90 312 0 0 24 38 0 690 393 341 572 0 0 107 0 128 0 66 60 
155 164 75 0 132 90 0 65 89 311 0 0 24 41 0 589 372 337 493 0 0 108 0 128 0 66 60 
151 158 72 0 133 87 0 66 88 308 0 0 24 52 0 651 179 324 581 0 0 111 0 128 0 65 60 
154 158 74 0 133 91 0 69 88 305 0 0 25 53 0 710 315 307 495 0 0 105 0 128 0 64 60 
157 149 75 0 133 102 0 65 87 306 0 0 24 51 0 710 396 348 530 0 0 106 0 128 0 64 60 
151 152 79 0 133 108 0 65 87 312 0 0 24 51 0 702 491 346 571 0 0 113 0 128 0 65 60 
149 159 75 0 133 109 0 66 87 312 0 0 24 45 0 632 215 345 479 0 0 114 0 128 0 65 60 
154 156 76 0 133 104 0 62 89 309 0 0 24 35 0 682 224 336 575 0 0 113 0 128 0 65 60 
150 150 76 0 132 91 0 67 88 307 0 0 25 26 0 665 322 348 527 0 0 108 0 128 0 65 60 
153 149 72 0 130 86 0 68 88 304 0 0 24 28 0 660 421 343 535 0 0 109 0 128 0 65 60 
158 155 75 0 130 90 0 66 88 303 0 0 25 31 0 615 382 350 578 0 0 102 0 128 0 66 60 
149 154 75 0 130 92 0 64 90 308 0 0 25 40 0 657 275 335 505 0 0 107 0 128 0 66 60 
153 148 72 0 129 93 0 69 89 311 0 0 25 45 0 649 415 346 562 0 0 113 0 128 0 66 60 
153 152 76 0 129 97 0 66 90 310 0 0 25 47 0 646 297 346 493 0 0 114 0 128 0 67 60 
153 153 75 0 129 94 0 62 90 305 0 0 25 45 0 713 202 352 518 0 0 116 0 128 0 68 60 
155 152 76 0 131 82 0 62 87 306 0 0 25 42 0 688 278 342 558 0 0 113 0 128 0 69 60 
153 159 74 0 133 72 0 64 87 315 0 0 24 41 0 657 273 317 541 0 0 107 0 128 0 69 60 
153 155 75 0 135 75 0 65 87 317 0 0 24 43 0 666 307 314 482 0 0 101 0 128 0 70 60 
152 157 75 0 138 80 0 67 88 317 0 0 25 49 0 644 333 330 495 0 0 101 0 128 0 70 60 
157 151 77 0 137 84 0 67 89 308 0 0 24 45 0 646 280 361 558 0 0 105 0 128 0 70 60 
155 155 78 0 140 82 0 64 88 306 0 0 24 44 0 650 338 339 540 0 0 116 0 128 0 71 60 
151 159 78 0 139 81 0 69 87 308 0 0 24 45 0 664 335 358 546 0 0 125 0 128 0 69 60 
155 154 77 0 138 84 0 67 87 312 0 0 24 45 0 672 158 350 547 0 0 133 0 128 0 68 60 
155 156 76 0 136 88 0 66 86 310 0 0 24 41 0 591 415 355 589 0 0 135 0 128 0 67 60 
151 156 79 0 135 92 0 67 88 309 0 0 24 48 0 653 354 376 509 0 0 127 0 128 0 66 60 
153 154 80 0 133 89 0 68 88 312 0 0 24 47 0 691 193 346 528 0 0 126 0 128 0 66 60 
158 157 75 0 132 91 0 64 89 313 0 0 25 44 0 692 200 383 587 0 0 124 0 128 0 66 60 
153 156 74 0 132 93 0 63 90 313 0 0 24 51 0 726 392 354 544 0 0 124 0 128 0 66 60 
154 164 76 0 133 94 0 64 88 312 0 0 24 55 0 713 303 370 563 0 0 124 0 128 0 66 60 
155 148 77 0 134 87 0 63 89 313 0 0 24 50 0 721 304 363 563 0 0 127 0 128 0 66 60 
152 149 79 0 133 88 0 65 89 303 0 0 24 51 0 635 310 373 498 0 0 120 0 128 0 66 60 
155 159 77 0 132 91 0 69 87 297 0 0 24 39 0 659 275 350 571 0 0 117 0 128 0 66 60 
157 160 76 0 132 97 0 69 86 312 0 0 24 40 0 647 333 366 517 0 0 113 0 128 0 66 60 
155 157 76 0 132 98 0 64 88 315 0 0 24 46 0 667 357 353 561 0 0 113 0 128 0 65 60 
155 153 78 0 130 102 0 73 86 312 0 0 24 56 0 652 276 365 593 0 0 118 0 128 0 65 60 
153 148 71 0 130 100 0 67 87 307 0 0 24 61 0 622 345 338 591 0 0 115 0 128 0 65 60 
153 152 75 0 130 94 0 66 86 304 0 0 24 54 0 642 240 349 516 0 0 116 0 128 0 65 60 
155 155 76 0 129 90 0 66 89 306 0 0 24 43 0 673 342 370 504 0 0 113 0 128 0 66 60 
153 150 74 0 128 84 0 67 85 314 0 0 24 37 0 670 384 378 546 0 0 114 0 128 0 66 60 
154 148 73 0 129 87 0 62 90 310 0 0 23 29 0 678 265 352 477 0 0 115 0 128 0 66 60 
152 152 72 0 129 94 0 65 84 307 0 0 24 42 0 679 293 384 542 0 0 111 0 128 0 66 60 
153 153 77 0 129 99 0 65 88 304 0 0 24 53 0 664 323 402 548 0 0 113 0 128 0 66 60 
155 150 75 0 130 89 0 65 88 303 0 0 24 53 0 627 189 354 530 0 0 112 0 128 0 66 60 
153 153 73 0 131 84 0 70 88 305 0 0 24 52 0 682 182 377 535 0 0 112 0 128 0 66 60 
157 153 78 0 132 84 0 66 90 309 0 0 24 52 0 668 230 364 641 0 0 115 0 128 0 65 60 
155 155 74 0 131 84 0 62 88 309 0 0 24 46 0 652 507 358 528 0 0 123 0 128 0 65 60 
156 156 77 0 130 94 0 69 86 310 0 0 24 37 0 696 299 369 510 0 0 126 0 128 0 65 60 
153 158 74 0 128 118 0 69 87 300 0 0 24 32 0 654 266 359 548 0 0 122 0 128 0 66 60 
153 156 76 0 127 131 0 63 89 303 0 0 24 36 0 650 332 336 604 0 0 117 0 128 0 65 60 
156 154 75 0 127 111 0 66 90 314 0 0 24 44 0 666 292 375 533 0 0 116 0 128 0 65 60 
154 154 75 0 129 90 0 67 89 314 0 0 23 45 0 678 370 407 557 0 0 114 0 128 0 66 60 
152 157 72 0 131 78 0 68 90 315 0 0 24 50 0 708 325 357 493 0 0 115 0 128 0 66 60 
157 160 73 0 134 76 0 67 90 308 0 0 24 51 0 662 334 378 558 0 0 117 0 128 0 65 60 
152 154 75 0 136 78 0 66 88 308 0 0 24 45 0 636 184 395 559 0 0 120 0 128 0 65 60 
156 157 78 0 137 85 0 63 89 307 0 0 24 44 0 679 309 396 563 0 0 124 0 128 0 66 60 
154 154 74 0 138 88 0 66 90 310 0 0 24 41 0 615 401 372 562 0 0 129 0 128 0 66 60 
154 155 80 0 138 90 0 68 89 307 0 0 24 40 0 626 257 383 531 0 0 123 0 128 0 66 60 
150 156 77 0 136 85 0 63 88 309 0 0 23 43 0 675 215 355 565 0 0 117 0 128 0 65 60 
155 158 75 0 134 93 0 62 87 311 0 0 23 39 0 656 373 372 588 0 0 116 0 128 0 66 60 
153 159 75 0 132 92 0 70 88 313 0 0 24 42 0 659 242 374 579 0 0 122 0 128 0 65 60 
155 147 76 0 131 87 0 69 89 312 0 0 24 42 0 590 256 353 528 0 0 124 0 128 0 65 60 
157 155 74 0 131 82 0 68 88 312 0 0 23 41 0 629 287 382 562 0 0 123 0 128 0 65 60 
148 166 73 0 131 90 0 71 87 311 0 0 24 45 0 700 491 347 645 0 0 119 0 128 0 65 60 
153 158 72 0 132 95 0 65 88 304 0 0 24 49 0 687 269 382 547 0 0 117 0 128 0 65 60 
154 158 76 0 133 96 0 69 89 298 0 0 24 41 0 662 336 351 530 0 0 114 0 128 0 66 60 
155 151 76 0 135 98 0 69 90 309 0 0 24 37 0 675 272 370 526 0 0 108 0 128 0 66 60 
150 155 78 0 135 101 0 66 90 317 0 0 24 43 0 648 316 384 556 0 0 111 0 128 0 67 60 
155 156 75 0 136 102 0 62 89 309 0 0 23 52 0 657 216 367 539 0 0 106 0 128 0 67 60 
155 153 75 0 134 97 0 64 88 306 0 0 24 51 0 679 425 367 499 0 0 109 0 128 0 68 60 
150 148 77 0 133 88 0 67 86 305 0 0 24 52 0 657 294 358 530 0 0 109 0 128 0 67 60 
156 151 76 0 133 83 0 63 88 306 0 0 24 51 0 641 227 373 545 0 0 103 0 128 0 67 60 
158 152 75 0 132 82 0 65 87 313 0 0 24 42 0 619 264 365 506 0 0 97 0 128 0 67 60 
152 154 81 0 132 83 0 65 88 311 0 0 24 32 0 642 323 355 533 0 0 92 0 128 0 66 60 
155 152 74 0 133 87 0 66 88 310 0 0 24 25 0 671 282 345 579 0 0 94 0 128 0 65 60 
156 149 77 0 133 91 0 68 88 307 0 0 24 28 0 695 374 353 513 0 0 96 0 128 0 66 60 
153 150 76 0 133 98 0 71 89 305 0 0 23 32 0 659 376 370 526 0 0 98 0 128 0 66 60 
155 156 79 0 133 95 0 66 87 306 0 0 24 41 0 648 179 359 571 0 0 100 0 128 0 65 60 
155 155 77 0 133 98 0 68 90 306 0 0 24 47 0 680 362 348 537 0 0 93 0 128 0 66 60 
154 156 77 0 133 104 0 68 88 310 0 0 23 45 0 625 326 350 605 0 0 85 0 128 0 67 60 
150 155 78 0 132 101 0 63 89 308 0 0 24 46 0 671 300 375 540 0 0 76 0 128 0 66 60 
155 150 74 0 132 85 0 62 88 303 0 0 23 42 0 625 372 337 511 0 0 64 0 128 0 66 60 
156 154 74 0 131 79 0 67 89 307 0 0 24 40 0 682 353 354 602 0 0 67 0 128 0 66 60 
154 156 74 0 130 86 0 66 88 314 0 0 23 44 0 605 238 350 586 0 0 83 0 128 0 64 60 
156 158 72 0 128 91 0 64 88 309 0 0 24 46 0 632 438 347 540 0 0 98 0 128 0 63 60 
159 154 72 0 128 93 0 69 90 313 0 0 23 45 0 636 334 331 610 0 0 116 0 128 0 63 60 
158 157 76 0 128 89 0 65 88 307 0 0 24 43 0 656 155 375 618 0 0 147 0 128 0 63 60 
154 152 74 0 129 84 0 66 87 303 0 0 24 44 0 738 306 372 543 0 0 169 0 128 0 62 60 
154 155 74 0 129 74 0 68 87 311 0 0 23 40 0 699 241 375 595 0 0 179 0 128 0 63 60 
153 156 72 0 131 76 0 66 86 314 0 0 23 37 0 685 351 361 624 0 0 188 0 128 0 63 60 
156 163 73 0 132 86 0 63 87 297 0 0 23 46 0 675 352 364 532 0 0 181 0 128 0 63 60 
153 152 72 0 134 94 0 70 89 311 0 0 23 44 0 626 299 336 508 0 0 165 0 128 0 63 60 
154 148 75 0 135 88 0 66 90 314 0 0 23 46 0 664 389 336 560 0 0 153 0 128 0 63 60 
156 158 73 0 137 81 0 64 89 314 0 0 24 56 0 688 266 368 539 0 0 139 0 128 0 63 60 
156 161 75 0 138 85 0 66 88 314 0 0 24 50 0 634 239 341 520 0 0 128 0 128 0 62 60 
151 157 74 0 138 89 0 64 88 311 0 0 23 49 0 662 500 364 500 0 0 122 0 128 0 61 60 
154 155 75 0 137 92 0 66 88 309 0 0 24 48 0 680 258 349 479 0 0 117 0 128 0 60 60 
154 156 75 0 136 94 0 67 88 300 0 0 23 37 0 633 234 371 523 0 0 113 0 128 0 61 60 
154 154 75 0 134 96 0 66 87 299 0 0 23 40 0 648 323 333 546 0 0 111 0 128 0 62 60 
154 160 74 0 133 88 0 66 87 311 0 0 23 47 0 682 352 370 535 0 0 110 0 128 0 62 60 
156 152 73 0 132 86 0 68 86 316 0 0 23 56 0 655 180 375 607 0 0 107 0 128 0 62 60 
155 148 73 0 132 91 0 69 87 310 0 0 24 60 0 666 205 368 558 0 0 105 0 128 0 62 60 
157 154 76 0 131 99 0 66 90 309 0 0 23 47 0 649 293 351 546 0 0 106 0 128 0 62 60 
157 155 75 0 131 96 0 64 89 306 0 0 23 42 0 637 338 370 569 0 0 105 0 128 0 62 60 
156 152 76 0 132 101 0 69 90 307 0 0 24 35 0 708 446 335 543 0 0 106 0 128 0 61 60 
155 150 73 0 131 95 0 71 88 313 0 0 24 29 0 617 303 343 559 0 0 106 0 128 0 60 60 
155 151 76 0 131 93 0 65 87 307 0 0 23 47 0 653 411 355 528 0 0 112 0 128 0 61 60 
157 153 74 0 131 85 0 66 88 309 0 0 23 51 0 645 273 359 562 0 0 118 0 128 0 60 60 
155 155 77 0 131 79 0 65 88 305 0 0 23 53 0 614 552 373 584 0 0 121 0 128 0 60 60 
155 160 77 0 131 76 0 63 88 301 0 0 24 51 0 696 198 353 534 0 0 119 0 128 0 61 60 
151 159 74 0 130 82 0 64 88 306 0 0 23 53 0 691 201 354 506 0 0 114 0 128 0 61 60 
153 155 74 0 130 88 0 66 89 311 0 0 23 46 0 719 484 345 514 0 0 111 0 128 0 61 60 
154 151 72 0 130 85 0 64 88 311 0 0 23 35 0 673 367 334 528 0 0 110 0 128 0 62 60 
155 156 73 0 129 79 0 68 88 306 0 0 23 34 0 672 260 348 586 0 0 112 0 128 0 62 60 
152 157 75 0 129 79 0 69 88 305 0 0 23 42 0 608 237 363 538 0 0 118 0 128 0 62 60 
149 157 74 0 130 82 0 67 89 308 0 0 23 40 0 664 423 358 526 0 0 126 0 128 0 62 60 
158 152 77 0 131 95 0 68 90 317 0 0 23 45 0 639 248 359 585 0 0 126 0 128 0 63 60 
151 156 76 0 132 110 0 69 89 314 0 0 23 49 0 621 179 365 600 0 0 128 0 128 0 63 60 
152 154 75 0 132 117 0 66 88 312 0 0 23 50 0 647 536 328 571 0 0 120 0 128 0 63 60 
153 155 77 0 130 113 0 66 88 307 0 0 23 44 0 666 210 338 535 0 0 121 0 128 0 64 60 
156 156 74 0 130 110 0 68 87 307 0 0 23 44 0 639 247 326 564 0 0 123 0 128 0 64 60 
155 162 74 0 128 117 0 63 88 311 0 0 23 43 0 646 304 358 575 0 0 126 0 128 0 65 60 
154 146 76 0 128 108 0 67 88 311 0 0 23 39 0 685 290 356 556 0 0 126 0 128 0 65 60 
156 151 73 0 129 85 0 68 88 308 0 0 23 39 0 647 498 316 518 0 0 127 0 128 0 64 60 
152 161 72 0 130 73 0 64 87 310 0 0 23 40 0 705 248 345 515 0 0 123 0 128 0 65 60 
156 160 74 0 133 77 0 63 89 312 0 0 23 46 0 636 443 343 488 0 0 114 0 128 0 66 60 
159 156 76 0 135 81 0 68 88 310 0 0 23 41 0 668 291 323 524 0 0 109 0 128 0 67 60 
154 149 75 0 138 76 0 67 89 312 0 0 23 41 0 673 220 313 519 0 0 108 0 128 0 67 60 
152 156 73 0 138 79 0 67 89 310 0 0 23 45 0 651 445 340 535 0 0 106 0 128 0 67 60 
154 152 75 0 140 81 0 67 88 307 0 0 23 48 0 685 277 346 575 0 0 106 0 128 0 66 60 
156 159 76 0 139 83 0 63 87 299 0 0 23 40 0 683 350 357 556 0 0 107 0 128 0 65 60 
149 147 74 0 138 82 0 64 87 299 0 0 24 39 0 672 169 354 541 0 0 111 0 128 0 66 60 
155 147 74 0 136 88 0 64 88 314 0 0 23 47 0 644 218 331 537 0 0 114 0 128 0 65 60 
160 155 74 0 134 92 0 63 89 314 0 0 23 53 0 702 401 351 537 0 0 113 0 128 0 64 60 
154 153 76 0 133 92 0 62 90 308 0 0 23 54 0 680 212 309 506 0 0 107 0 128 0 63 60 
158 152 73 0 132 86 0 67 88 303 0 0 23 52 0 694 246 350 501 0 0 108 0 128 0 61 60 
157 151 78 0 133 93 0 67 87 302 0 0 23 48 0 686 243 327 600 0 0 107 0 128 0 60 60 
154 154 73 0 133 99 0 66 87 311 0 0 23 40 0 652 410 347 509 0 0 107 0 128 0 60 60 
152 156 76 0 135 106 0 66 89 313 0 0 23 25 0 613 358 345 538 0 0 108 0 128 0 60 60 
155 155 76 0 135 107 0 67 89 309 0 0 23 28 0 691 235 321 572 0 0 115 0 128 0 60 60 
155 156 73 0 136 105 0 69 90 308 0 0 23 29 0 639 324 312 541 0 0 119 0 128 0 60 60 
156 158 78 0 135 103 0 66 87 305 0 0 23 36 0 654 465 322 554 0 0 115 0 128 0 60 60 
156 153 76 0 134 86 0 70 87 302 0 0 22 40 0 641 242 316 567 0 0 110 0 128 0 60 60 
151 156 74 0 133 79 0 63 86 311 0 0 22 45 0 641 396 347 550 0 0 108 0 128 0 60 60 
154 153 75 0 130 82 0 66 88 310 0 0 22 44 0 650 224 332 527 0 0 104 0 128 0 60 60 
154 157 72 0 131 85 0 66 89 308 0 0 22 45 0 685 273 341 611 0 0 102 0 128 0 60 60 
150 155 77 0 131 83 0 65 89 307 0 0 22 40 0 699 355 325 532 0 0 105 0 128 0 61 60 
154 156 74 0 132 88 0 63 89 305 0 0 22 41 0 660 271 347 512 0 0 113 0 128 0 61 60 
153 155 75 0 132 99 0 66 89 314 0 0 22 49 0 707 403 325 532 0 0 119 0 128 0 62 60 
153 154 75 0 133 103 0 70 89 319 0 0 22 49 0 615 188 310 588 0 0 126 0 128 0 61 60 
150 154 75 0 133 101 0 65 89 315 0 0 22 46 0 681 409 315 521 0 0 127 0 128 0 63 60 
157 158 75 0 132 100 0 66 89 311 0 0 23 44 0 661 212 316 592 0 0 118 0 128 0 63 60 
153 160 75 0 132 93 0 68 90 307 0 0 23 45 0 601 301 336 513 0 0 114 0 128 0 63 60 
155 147 73 0 132 85 0 66 87 308 0 0 22 40 0 653 420 333 517 0 0 110 0 128 0 63 60 
157 150 74 0 131 83 0 68 87 312 0 0 22 40 0 653 142 355 545 0 0 114 0 128 0 63 60 
154 162 72 0 132 90 0 67 87 310 0 0 22 45 0 693 400 309 570 0 0 118 0 128 0 63 60 
155 160 77 0 131 96 0 63 88 309 0 0 22 41 0 633 299 317 540 0 0 119 0 128 0 63 60 
153 158 76 0 130 95 0 67 90 314 0 0 22 50 0 640 180 320 490 0 0 117 0 128 0 63 60 
156 152 74 0 129 91 0 65 89 314 0 0 22 57 0 700 355 355 542 0 0 109 0 128 0 63 60 
151 155 73 0 129 88 0 63 90 313 0 0 22 51 0 682 352 329 534 0 0 110 0 128 0 63 60 
155 156 76 0 128 85 0 66 88 313 0 0 22 50 0 642 198 346 561 0 0 113 0 128 0 61 60 
155 155 74 0 130 87 0 68 88 310 0 0 22 45 0 612 314 335 572 0 0 113 0 128 0 61 60 
153 145 74 0 131 91 0 64 88 305 0 0 22 37 0 631 384 358 518 0 0 114 0 128 0 60 60 
158 150 76 0 133 92 0 67 88 299 0 0 22 45 0 678 310 355 492 0 0 120 0 128 0 60 60 
155 155 78 0 133 97 0 69 89 302 0 0 23 53 0 632 243 340 539 0 0 122 0 128 0 60 60 
153 153 74 0 137 100 0 63 87 316 0 0 23 58 0 630 289 346 569 0 0 116 0 128 0 61 60 
152 149 77 0 138 96 0 69 87 311 0 0 23 54 0 627 432 307 517 0 0 112 0 128 0 61 60 
152 150 76 0 139 87 0 68 90 307 0 0 23 45 0 631 278 355 532 0 0 111 0 128 0 61 60 
152 152 78 0 138 82 0 63 88 304 0 0 23 41 0 700 287 345 567 0 0 112 0 128 0 61 60 
157 158 76 0 137 85 0 65 88 304 0 0 23 31 0 684 339 319 505 0 0 111 0 128 0 61 60 
153 153 74 0 135 88 0 67 87 310 0 0 23 38 0 671 245 313 579 0 0 111 0 128 0 61 60 
154 159 76 0 134 88 0 64 87 312 0 0 23 47 0 707 167 350 581 0 0 108 0 128 0 62 60 
152 152 74 0 132 86 0 66 87 308 0 0 23 57 0 673 418 342 576 0 0 116 0 128 0 62 60 
153 152 76 0 132 91 0 66 89 305 0 0 23 53 0 623 348 353 548 0 0 118 0 128 0 62 60 
151 155 75 0 131 88 0 65 89 305 0 0 23 54 0 660 286 366 563 0 0 119 0 128 0 62 60 
156 151 77 0 131 86 0 67 91 302 0 0 23 50 0 643 352 324 502 0 0 119 0 128 0 61 60 
154 156 74 0 131 85 0 64 88 311 0 0 23 40 0 656 262 336 584 0 0 118 0 128 0 61 60 
154 156 80 0 131 90 0 64 89 311 0 0 23 32 0 708 247 328 532 0 0 117 0 128 0 62 60 
153 155 76 0 132 89 0 71 88 309 0 0 23 37 0 680 348 332 538 0 0 117 0 128 0 61 60 
155 155 78 0 131 95 0 72 86 307 0 0 23 39 0 648 425 331 550 0 0 127 0 128 0 62 60 
154 155 76 0 130 98 0 68 87 304 0 0 23 45 0 605 324 373 534 0 0 129 0 128 0 61 60 
155 158 75 0 130 95 0 67 88 316 0 0 23 47 0 691 243 354 532 0 0 124 0 128 0 61 60 
156 161 74 0 130 87 0 67 88 315 0 0 23 50 0 673 316 340 501 0 0 121 0 128 0 61 60 
154 156 74 0 130 95 0 67 88 313 0 0 23 48 0 660 438 364 530 0 0 124 0 128 0 61 60 
154 149 70 0 128 112 0 66 86 309 0 0 23 45 0 640 217 339 518 0 0 126 0 128 0 62 60 
158 152 73 0 128 104 0 66 88 306 0 0 23 46 0 668 216 358 523 0 0 123 0 128 0 61 60 
158 164 72 0 129 86 0 61 89 307 0 0 23 42 0 601 415 377 564 0 0 122 0 128 0 62 60 
153 161 77 0 128 77 0 63 90 312 0 0 22 38 0 645 304 395 539 0 0 122 0 128 0 61 60 
156 155 74 0 129 82 0 66 90 308 0 0 23 38 0 634 333 352 441 0 0 118 0 128 0 62 60 
155 154 74 0 130 82 0 64 89 306 0 0 23 41 0 626 224 379 690 0 0 119 0 128 0 63 60 
154 156 76 0 131 85 0 63 88 314 0 0 23 42 0 696 345 355 539 0 0 116 0 128 0 63 60 
159 153 75 0 132 85 0 65 86 310 0 0 23 42 0 629 319 353 514 0 0 111 0 128 0 63 60 
156 151 73 0 132 85 0 71 87 311 0 0 23 42 0 669 294 370 575 0 0 110 0 128 0 63 60 
155 146 74 0 130 87 0 66 87 312 0 0 22 50 0 702 272 348 565 0 0 108 0 128 0 63 60 
157 150 74 0 129 94 0 69 88 308 0 0 23 44 0 684 341 379 589 0 0 109 0 128 0 62 60 
151 156 74 0 128 103 0 67 86 303 0 0 23 39 0 613 295 367 594 0 0 113 0 128 0 62 60 
151 149 69 0 128 95 0 65 87 298 0 0 23 40 0 652 250 365 513 0 0 117 0 128 0 62 60 
155 149 72 0 128 84 0 66 87 307 0 0 23 49 0 612 316 363 526 0 0 115 0 128 0 61 60 
155 149 74 0 131 81 0 66 89 317 0 0 23 54 0 709 258 365 590 0 0 108 0 128 0 62 60 
155 152 77 0 133 85 0 61 90 311 0 0 23 51 0 712 418 361 557 0 0 106 0 128 0 63 60 
153 158 74 0 135 84 0 66 90 308 0 0 23 58 0 646 275 341 538 0 0 106 0 128 0 64 60 
150 156 79 0 137 88 0 69 88 307 0 0 23 42 0 642 328 406 503 0 0 106 0 128 0 64 60 
153 158 79 0 137 93 0 66 88 310 0 0 23 39 0 644 379 375 590 0 0 107 0 128 0 65 60 
152 149 72 0 138 103 0 67 86 318 0 0 23 26 0 729 344 386 555 0 0 113 0 128 0 65 60 
155 155 74 0 137 102 0 68 89 316 0 0 23 28 0 681 178 368 575 0 0 119 0 128 0 65 60 
146 158 74 0 135 97 0 67 89 308 0 0 23 27 0 672 264 377 541 0 0 116 0 128 0 66 60 
154 154 75 0 133 82 0 66 88 305 0 0 23 36 0 635 321 345 549 0 0 109 0 128 0 65 60 
151 159 76 0 131 81 0 68 86 304 0 0 23 43 0 685 394 361 554 0 0 101 0 128 0 65 60 
157 152 76 0 131 86 0 64 86 305 0 0 23 47 0 659 304 346 632 0 0 103 0 128 0 63 60 
152 158 73 0 131 94 0 68 88 311 0 0 23 43 0 677 337 342 557 0 0 110 0 128 0 62 60 
155 155 78 0 133 97 0 68 88 311 0 0 23 43 0 651 353 407 509 0 0 110 0 128 0 62 60 
153 153 79 0 134 90 0 64 89 306 0 0 23 43 0 655 163 377 531 0 0 122 0 128 0 61 60 
152 160 76 0 135 86 0 65 90 305 0 0 23 43 0 712 297 392 565 0 0 129 0 128 0 62 60 
155 167 77 0 135 76 0 69 89 304 0 0 23 48 0 679 400 388 523 0 0 133 0 128 0 62 60 
154 149 76 0 135 77 0 65 88 314 0 0 23 43 0 679 369 375 545 0 0 136 0 128 0 63 60 
152 149 76 0 134 86 0 65 89 316 0 0 23 43 0 653 210 383 551 0 0 131 0 128 0 64 60 
154 155 75 0 133 92 0 69 86 312 0 0 23 43 0 690 334 381 539 0 0 127 0 128 0 64 60 
155 161 76 0 132 88 0 67 88 307 0 0 22 42 0 725 302 408 560 0 0 127 0 128 0 64 60 
156 159 80 0 131 87 0 68 88 307 0 0 23 40 0 715 278 357 572 0 0 124 0 128 0 65 60 
157 154 78 0 131 92 0 69 88 308 0 0 23 44 0 642 203 387 521 0 0 123 0 128 0 65 60 
154 155 77 0 132 95 0 66 88 313 0 0 22 45 0 661 416 382 529 0 0 119 0 128 0 64 60 
153 150 73 0 133 91 0 66 87 311 0 0 22 42 0 700 320 354 541 0 0 115 0 128 0 63 60 
153 157 79 0 132 86 0 69 89 307 0 0 23 51 0 678 274 355 580 0 0 114 0 128 0 62 60 
148 152 78 0 133 86 0 68 90 313 0 0 22 53 0 607 438 375 588 0 0 113 0 128 0 60 60 
152 144 78 0 132 91 0 65 89 312 0 0 22 56 0 629 215 379 540 0 0 113 0 128 0 60 60 
156 155 72 0 133 104 0 63 90 315 0 0 23 45 0 661 280 346 534 0 0 111 0 128 0 58 60 
152 154 75 0 133 115 0 63 89 311 0 0 23 45 0 660 358 368 556 0 0 112 0 128 0 58 60 
150 152 74 0 133 110 0 67 89 313 0 0 22 37 0 694 383 345 618 0 0 114 0 128 0 59 60 
154 152 73 0 132 91 0 64 88 305 0 0 22 47 0 679 173 353 614 0 0 116 0 128 0 59 60 
152 147 74 0 131 86 0 64 89 299 0 0 22 53 0 700 329 389 539 0 0 116 0 128 0 61 60 
153 155 73 0 130 90 0 66 89 306 0 0 21 58 0 669 302 377 592 0 0 119 0 128 0 60 60 
154 155 77 0 129 90 0 68 88 313 0 0 22 55 0 655 365 341 555 0 0 119 0 128 0 61 60 
154 156 75 0 129 84 0 68 88 309 0 0 22 49 0 671 318 381 530 0 0 113 0 128 0 62 60 
157 158 71 0 129 89 0 68 86 304 0 0 22 41 0 652 283 367 573 0 0 110 0 128 0 63 60 
152 151 71 0 130 91 0 65 88 303 0 0 22 28 0 658 367 384 535 0 0 112 0 128 0 63 60 
153 154 73 0 131 86 0 67 89 305 0 0 22 37 0 653 313 365 566 0 0 118 0 128 0 62 60 
155 154 76 0 133 79 0 70 88 310 0 0 22 47 0 700 228 368 581 0 0 123 0 128 0 62 60 
156 156 75 0 135 85 0 64 87 311 0 0 22 54 0 641 362 350 535 0 0 126 0 128 0 62 60 
154 158 75 0 136 89 0 66 88 307 0 0 23 45 0 620 340 360 494 0 0 121 0 128 0 63 60 
155 152 78 0 138 90 0 67 89 303 0 0 22 54 0 677 335 378 525 0 0 119 0 128 0 63 60 
153 155 73 0 138 86 0 65 90 304 0 0 23 51 0 673 219 361 532 0 0 117 0 128 0 63 60 
154 157 78 0 138 91 0 64 90 306 0 0 23 42 0 664 350 358 504 0 0 115 0 128 0 63 60 
156 153 79 0 137 96 0 67 89 309 0 0 23 29 0 668 355 338 542 0 0 122 0 128 0 63 60 
156 163 75 0 136 91 0 65 88 309 0 0 23 38 0 641 221 332 550 0 0 128 0 128 0 63 60 
155 162 74 0 134 90 0 69 86 307 0 0 23 43 0 616 251 360 554 0 0 132 0 128 0 64 60 
157 142 73 0 132 85 0 68 86 303 0 0 22 48 0 652 283 379 540 0 0 130 0 128 0 64 60 
152 149 74 0 132 99 0 64 87 305 0 0 22 46 0 661 442 358 559 0 0 131 0 128 0 64 60 
156 160 77 0 131 113 0 63 89 315 0 0 22 50 0 668 309 352 573 0 0 123 0 128 0 64 60 
156 165 77 0 132 122 0 67 87 317 0 0 23 47 0 646 214 348 539 0 0 117 0 128 0 63 60 
156 158 76 0 132 98 0 61 89 310 0 0 23 44 0 693 389 334 492 0 0 116 0 128 0 63 60 
152 153 78 0 132 84 0 61 89 307 0 0 23 45 0 624 155 350 542 0 0 111 0 128 0 64 60 
153 154 75 0 132 73 0 66 88 307 0 0 22 42 0 668 451 336 576 0 0 113 0 128 0 64 60 
153 152 74 0 131 75 0 63 88 307 0 0 22 37 0 697 419 375 548 0 0 108 0 128 0 64 60 
149 157 75 0 130 76 0 68 88 315 0 0 23 37 0 715 258 359 528 0 0 107 0 128 0 64 60 
155 151 76 0 129 82 0 69 90 308 0 0 22 40 0 690 257 338 526 0 0 110 0 128 0 65 60 
158 147 75 0 130 84 0 67 88 307 0 0 22 48 0 665 340 344 554 0 0 110 0 128 0 65 60 
154 156 73 0 129 86 0 65 88 315 0 0 22 43 0 624 391 333 501 0 0 115 0 128 0 65 60 
152 153 74 0 129 88 0 67 87 312 0 0 23 43 0 671 343 349 587 0 0 118 0 128 0 65 60 
153 150 75 0 129 94 0 68 88 315 0 0 22 45 0 696 223 372 558 0 0 113 0 128 0 66 60 
156 151 80 0 128 95 0 66 90 311 0 0 22 46 0 630 336 339 569 0 0 109 0 128 0 65 60 
151 152 76 0 128 94 0 67 90 305 0 0 23 38 0 646 285 333 602 0 0 110 0 128 0 66 60 
157 155 81 0 128 99 0 65 89 299 0 0 23 41 0 592 331 343 580 0 0 112 0 128 0 66 60 
152 152 78 0 129 102 0 66 87 299 0 0 23 49 0 685 349 340 611 0 0 109 0 128 0 65 60 
152 159 74 0 131 96 0 64 89 309 0 0 22 53 0 660 180 342 548 0 0 101 0 128 0 64 60 
157 156 77 0 131 92 0 66 88 315 0 0 23 50 0 673 263 335 492 0 0 101 0 128 0 63 60 
154 153 76 0 130 96 0 65 89 306 0 0 23 56 0 678 373 355 564 0 0 100 0 128 0 62 60 
154 155 77 0 129 98 0 67 88 305 0 0 23 48 0 726 423 327 595 0 0 102 0 128 0 62 60 
158 151 73 0 128 99 0 68 87 305 0 0 23 36 0 567 285 329 517 0 0 109 0 128 0 63 60 
156 156 73 0 126 100 0 67 87 305 0 0 23 26 0 651 427 342 539 0 0 117 0 128 0 64 60 
160 158 76 0 127 88 0 67 88 312 0 0 23 28 0 652 204 320 499 0 0 123 0 128 0 64 60 
159 155 76 0 128 80 0 70 89 311 0 0 23 28 0 687 265 333 565 0 0 125 0 128 0 65 60 
158 157 77 0 131 80 0 68 90 305 0 0 22 39 0 689 518 325 589 0 0 118 0 128 0 65 60 
152 159 74 0 133 85 0 65 89 307 0 0 22 45 0 631 254 290 482 0 0 110 0 128 0 65 60 
153 152 75 0 136 88 0 68 88 304 0 0 22 48 0 688 339 311 534 0 0 108 0 128 0 65 60 
159 157 77 0 137 90 0 64 86 308 0 0 22 43 0 639 411 357 625 0 0 109 0 128 0 65 60 
152 158 75 0 139 89 0 63 88 313 0 0 23 40 0 674 362 338 533 0 0 114 0 128 0 65 60 
152 143 75 0 137 88 0 67 89 311 0 0 23 40 0 682 226 333 521 0 0 126 0 128 0 65 60 
158 152 75 0 137 90 0 66 89 305 0 0 23 43 0 654 182 332 600 0 0 129 0 128 0 65 60 
153 161 73 0 134 96 0 64 89 304 0 0 22 49 0 613 348 304 550 0 0 130 0 128 0 65 60 
153 161 76 0 132 98 0 68 88 309 0 0 23 46 0 700 390 311 533 0 0 125 0 128 0 65 60 
149 158 74 0 131 92 0 68 88 318 0 0 22 43 0 675 264 303 591 0 0 111 0 128 0 66 60 
155 149 74 0 131 87 0 65 89 316 0 0 23 45 0 648 345 384 530 0 0 111 0 128 0 65 60 
152 158 74 0 132 87 0 68 90 309 0 0 22 44 0 632 408 343 526 0 0 110 0 128 0 65 60 
155 151 79 0 132 82 0 68 90 312 0 0 23 43 0 650 265 325 548 0 0 111 0 128 0 66 60 
153 155 77 0 133 86 0 64 89 309 0 0 23 46 0 643 321 366 543 0 0 113 0 128 0 66 60 
154 148 76 0 135 92 0 67 89 310 0 0 23 45 0 618 195 327 560 0 0 112 0 128 0 65 60 
153 145 78 0 134 92 0 66 89 313 0 0 23 45 0 675 227 354 564 0 0 114 0 128 0 66 60 
150 156 75 0 135 84 0 61 89 307 0 0 23 54 0 677 310 302 498 0 0 110 0 128 0 66 60 
153 153 71 0 135 83 0 69 88 313 0 0 23 55 0 697 322 330 604 0 0 110 0 128 0 66 60 
154 150 78 0 132 93 0 67 87 313 0 0 22 49 0 670 356 331 546 0 0 114 0 128 0 66 60 
153 153 75 0 132 91 0 65 88 307 0 0 22 47 0 686 336 324 570 0 0 117 0 128 0 66 60 
154 152 75 0 131 86 0 67 87 310 0 0 22 41 0 669 166 316 554 0 0 119 0 128 0 65 60 
151 158 74 0 131 87 0 66 87 312 0 0 22 40 0 673 296 320 549 0 0 122 0 128 0 65 60 
155 154 73 0 132 96 0 64 89 303 0 0 22 48 0 704 291 334 561 0 0 120 0 128 0 66 60 
154 158 76 0 133 92 0 70 88 298 0 0 22 58 0 616 357 307 550 0 0 118 0 128 0 66 60 
158 156 76 0 133 86 0 69 89 301 0 0 22 65 0 711 285 338 534 0 0 112 0 128 0 66 60 
155 152 74 0 133 87 0 68 89 312 0 0 22 48 0 645 399 326 541 0 0 114 0 128 0 65 60 
154 154 75 0 133 85 0 70 87 315 0 0 22 45 0 629 229 312 530 0 0 114 0 128 0 65 60 
154 153 71 0 134 84 0 68 88 308 0 0 22 36 0 660 177 346 540 0 0 108 0 128 0 66 60 
155 154 73 0 134 84 0 68 87 307 0 0 22 30 0 666 329 342 556 0 0 108 0 128 0 65 60 
157 160 73 0 133 95 0 66 87 306 0 0 22 42 0 710 375 302 536 0 0 107 0 128 0 65 60 
155 152 77 0 132 97 0 66 88 308 0 0 22 54 0 634 287 326 500 0 0 113 0 128 0 65 60 
155 155 73 0 131 92 0 65 87 311 0 0 22 53 0 643 223 328 572 0 0 116 0 128 0 66 60 
156 156 73 0 130 90 0 62 87 310 0 0 22 52 0 679 431 335 528 0 0 116 0 128 0 66 60 
149 153 74 0 130 97 0 63 88 307 0 0 22 55 0 654 264 336 577 0 0 116 0 128 0 66 60 
157 162 71 0 130 90 0 66 89 307 0 0 22 46 0 622 367 315 520 0 0 113 0 128 0 65 60 
153 159 74 0 130 83 0 63 90 304 0 0 22 37 0 686 386 334 515 0 0 112 0 128 0 65 60 
153 146 74 0 132 81 0 64 90 308 0 0 22 32 0 649 171 344 539 0 0 112 0 128 0 66 60 
153 155 74 0 133 85 0 65 89 313 0 0 22 37 0 651 305 332 589 0 0 118 0 128 0 65 60 
154 160 79 0 134 86 0 66 87 309 0 0 22 45 0 637 251 323 561 0 0 123 0 128 0 66 60 
153 161 77 0 136 98 0 70 88 303 0 0 22 46 0 695 295 333 537 0 0 132 0 128 0 66 60 
152 156 74 0 138 112 0 72 89 306 0 0 22 50 0 692 445 308 546 0 0 135 0 128 0 66 60 
154 151 76 0 139 113 0 65 89 314 0 0 22 47 0 703 257 336 528 0 0 132 0 128 0 65 60 
153 159 78 0 139 101 0 63 89 318 0 0 22 45 0 682 212 324 554 0 0 126 0 128 0 66 60 
154 154 77 0 138 91 0 70 88 315 0 0 22 43 0 604 446 348 543 0 0 124 0 128 0 65 60 
155 155 75 0 136 96 0 64 86 308 0 0 22 46 0 680 337 336 597 0 0 127 0 128 0 65 60 
157 148 76 0 135 92 0 64 87 308 0 0 22 40 0 679 222 340 564 0 0 128 0 128 0 66 60 
157 146 74 0 134 90 0 65 88 306 0 0 22 38 0 665 291 345 526 0 0 123 0 128 0 65 60 
153 155 76 0 132 90 0 66 87 312 0 0 22 37 0 669 354 351 572 0 0 116 0 128 0 66 60 
158 154 76 0 131 96 0 66 89 311 0 0 22 42 0 605 283 343 589 0 0 110 0 128 0 66 60 
153 150 80 0 131 92 0 68 89 309 0 0 22 43 0 683 299 322 543 0 0 105 0 128 0 66 60 
156 152 76 0 131 88 0 65 89 310 0 0 22 43 0 657 333 368 535 0 0 104 0 128 0 65 60 
154 148 78 0 132 89 0 65 90 312 0 0 22 46 0 626 251 330 529 0 0 101 0 128 0 65 60 
155 159 77 0 132 91 0 71 90 311 0 0 22 47 0 720 370 354 597 0 0 101 0 128 0 66 60 
154 156 76 0 132 84 0 66 88 312 0 0 22 41 0 721 350 348 575 0 0 104 0 128 0 65 60 
157 155 73 0 131 75 0 62 87 311 0 0 22 38 0 654 223 328 552 0 0 109 0 128 0 65 60 
159 155 76 0 131 80 0 67 87 301 0 0 22 45 0 642 240 332 507 0 0 113 0 128 0 65 60 
153 154 73 0 130 88 0 66 88 300 0 0 22 52 0 610 234 329 554 0 0 109 0 128 0 66 60 
158 155 74 0 130 98 0 64 87 304 0 0 22 50 0 660 470 350 528 0 0 106 0 128 0 65 60 
154 155 70 0 130 99 0 67 88 312 0 0 22 54 0 678 299 338 518 0 0 105 0 128 0 65 60 
151 158 74 0 130 99 0 66 89 313 0 0 22 48 0 613 318 327 530 0 0 102 0 128 0 65 60 
154 158 78 0 130 91 0 66 88 307 0 0 22 46 0 666 413 342 533 0 0 108 0 128 0 65 60 
155 155 75 0 129 95 0 68 89 307 0 0 22 33 0 676 254 325 566 0 0 110 0 128 0 66 60 
154 159 73 0 130 98 0 69 89 309 0 0 22 28 0 660 257 369 558 0 0 114 0 128 0 65 60 
152 158 78 0 131 97 0 65 89 311 0 0 22 25 0 678 349 370 539 0 0 119 0 128 0 65 60 
156 154 74 0 132 85 0 68 89 312 0 0 22 30 0 674 493 365 500 0 0 122 0 128 0 66 60 
153 164 73 0 133 76 0 69 90 310 0 0 22 41 0 698 158 363 553 0 0 120 0 128 0 65 60 
151 161 73 0 131 77 0 66 90 306 0 0 22 49 0 634 208 346 534 0 0 111 0 128 0 66 60 
154 145 74 0 131 83 0 68 87 305 0 0 22 47 0 633 561 350 602 0 0 106 0 128 0 66 60 
156 155 73 0 129 89 0 66 86 306 0 0 22 42 0 676 262 353 539 0 0 101 0 128 0 65 60 
154 162 71 0 127 88 0 66 86 309 0 0 22 40 0 622 297 360 534 0 0 104 0 128 0 65 60 
158 159 70 0 127 88 0 66 87 312 0 0 22 41 0 718 312 370 518 0 0 114 0 128 0 66 60 
152 160 72 0 127 88 0 66 87 307 0 0 22 48 0 664 352 346 571 0 0 123 0 128 0 65 60 
151 150 76 0 129 94 0 63 89 306 0 0 22 48 0 605 265 355 544 0 0 132 0 128 0 66 60 
152 158 75 0 132 97 0 63 89 304 0 0 22 48 0 647 309 351 579 0 0 130 0 128 0 66 60 
156 154 75 0 134 97 0 65 88 314 0 0 22 44 0 613 370 327 532 0 0 121 0 128 0 66 60 
155 153 78 0 136 91 0 65 90 316 0 0 22 47 0 689 330 340 575 0 0 118 0 128 0 65 60 
157 153 75 0 138 96 0 65 88 312 0 0 22 45 0 715 210 362 616 0 0 122 0 128 0 66 60 
156 145 72 0 138 92 0 65 89 309 0 0 22 42 0 654 312 354 566 0 0 121 0 128 0 67 60 
156 157 74 0 137 86 0 70 89 307 0 0 22 45 0 612 369 362 505 0 0 123 0 128 0 67 60 
153 156 70 0 134 87 0 68 88 308 0 0 22 42 0 703 393 366 560 0 0 122 0 128 0 66 60 
158 150 76 0 133 96 0 71 87 310 0 0 22 42 0 646 238 349 564 0 0 118 0 128 0 66 60 
157 153 72 0 132 93 0 67 86 308 0 0 22 51 0 682 308 346 555 0 0 117 0 128 0 64 60 
154 150 73 0 132 85 0 65 88 307 0 0 22 57 0 716 424 370 552 0 0 114 0 128 0 64 60 
155 157 71 0 132 92 0 67 89 309 0 0 22 51 0 680 181 370 555 0 0 112 0 128 0 63 60 
152 156 75 0 132 98 0 67 86 309 0 0 22 45 0 620 299 361 505 0 0 112 0 128 0 63 60 
155 154 74 0 133 93 0 65 87 312 0 0 23 44 0 671 434 355 597 0 0 115 0 128 0 63 60 
154 158 78 0 133 85 0 64 88 312 0 0 23 39 0 654 325 376 527 0 0 113 0 128 0 64 60 
153 153 76 0 134 92 0 69 89 307 0 0 23 44 0 646 267 370 520 0 0 122 0 128 0 64 60 
154 152 74 0 134 92 0 64 91 301 0 0 23 54 0 710 354 332 531 0 0 119 0 128 0 64 60 
154 155 71 0 134 81 0 63 90 298 0 0 23 62 0 667 269 366 571 0 0 114 0 128 0 64 60 
152 152 76 0 133 73 0 70 88 308 0 0 23 52 0 642 321 365 535 0 0 113 0 128 0 65 60 
155 156 77 0 132 86 0 67 88 317 0 0 23 43 0 666 295 358 548 0 0 111 0 128 0 64 60 
157 156 75 0 131 91 0 64 87 310 0 0 23 40 0 593 353 350 489 0 0 114 0 128 0 65 60 
155 151 79 0 131 88 0 67 87 306 0 0 22 30 0 678 383 383 578 0 0 112 0 128 0 64 60 
152 154 80 0 131 90 0 64 88 307 0 0 22 38 0 655 221 340 550 0 0 114 0 128 0 64 60 
150 153 73 0 132 99 0 61 89 307 0 0 22 48 0 639 249 353 541 0 0 119 0 128 0 64 60 
148 154 77 0 131 95 0 65 89 314 0 0 22 53 0 669 442 377 599 0 0 125 0 128 0 65 60 
154 163 76 0 131 82 0 64 88 312 0 0 22 52 0 668 305 353 590 0 0 123 0 128 0 66 60 
154 150 78 0 132 83 0 62 88 307 0 0 22 53 0 636 208 365 555 0 0 123 0 128 0 66 60 
154 148 74 0 132 89 0 70 88 306 0 0 22 51 0 696 408 351 521 0 0 117 0 128 0 66 60 
156 154 75 0 133 90 0 68 89 307 0 0 22 41 0 663 193 348 553 0 0 112 0 128 0 66 60 
155 160 75 0 131 87 0 66 89 303 0 0 22 31 0 709 268 355 544 0 0 108 0 128 0 66 60 
154 160 73 0 131 94 0 67 90 312 0 0 22 32 0 650 300 349 557 0 0 115 0 128 0 66 60 
157 151 73 0 131 94 0 66 87 311 0 0 22 44 0 678 397 358 540 0 0 122 0 128 0 66 60 
156 153 72 0 129 90 0 69 88 306 0 0 22 47 0 663 229 372 583 0 0 126 0 128 0 65 60 
152 155 73 0 128 86 0 70 88 306 0 0 22 48 0 710 318 360 606 0 0 127 0 128 0 66 60 
154 154 73 0 128 94 0 66 89 308 0 0 22 48 0 606 358 341 573 0 0 125 0 128 0 66 60 
155 152 70 0 129 92 0 61 89 317 0 0 22 50 0 652 321 357 528 0 0 120 0 128 0 65 60 
155 148 70 0 129 83 0 64 88 318 0 0 22 42 0 657 322 360 542 0 0 114 0 128 0 66 60 
160 150 74 0 131 78 0 65 87 309 0 0 22 46 0 626 239 338 573 0 0 113 0 128 0 65 60 
153 156 73 0 132 83 0 64 87 307 0 0 21 39 0 673 289 342 520 0 0 117 0 128 0 65 60 
156 150 73 0 135 86 0 67 87 306 0 0 22 40 0 666 234 360 521 0 0 125 0 128 0 66 60 
153 150 76 0 136 84 0 68 88 306 0 0 22 39 0 691 316 349 564 0 0 126 0 128 0 66 60 
153 153 74 0 139 89 0 69 89 313 0 0 22 41 0 690 369 348 532 0 0 124 0 128 0 65 60 
156 148 76 0 139 90 0 67 89 310 0 0 22 42 0 605 381 329 573 0 0 120 0 128 0 66 60 
157 158 75 0 137 91 0 67 89 306 0 0 22 44 0 627 234 349 545 0 0 114 0 128 0 66 60 
156 153 76 0 138 89 0 66 89 315 0 0 22 44 0 712 333 339 498 0 0 111 0 128 0 66 60 
153 156 72 0 135 93 0 68 88 311 0 0 22 48 0 657 283 317 585 0 0 110 0 128 0 66 60 
158 155 75 0 134 93 0 67 88 313 0 0 22 45 0 644 323 353 550 0 0 108 0 128 0 65 60 
156 149 71 0 134 92 0 65 87 312 0 0 22 38 0 635 338 327 563 0 0 108 0 128 0 66 60 
152 157 72 0 132 92 0 63 88 305 0 0 21 40 0 665 355 337 595 0 0 110 0 128 0 65 60 
156 151 74 0 132 92 0 67 88 298 0 0 22 50 0 636 388 334 607 0 0 102 0 128 0 65 60 
153 154 76 0 130 96 0 68 87 295 0 0 22 52 0 645 187 355 489 0 0 100 0 128 0 66 60 
149 155 76 0 133 93 0 64 88 308 0 0 22 51 0 693 340 304 490 0 0 100 0 128 0 65 60 
154 153 76 0 133 91 0 65 88 316 0 0 22 58 0 716 218 345 605 0 0 106 0 128 0 66 60 
155 155 77 0 133 89 0 66 90 310 0 0 22 44 0 673 217 335 545 0 0 109 0 128 0 66 60 
155 157 73 0 133 95 0 66 88 306 0 0 22 41 0 628 430 351 530 0 0 112 0 128 0 65 60 
