141 143 71 0 124 88 0 79 85 291 0 28 0 22 22 505 466 306 658 0 0 101 0 146 0 74 60 
145 145 72 0 123 90 0 88 84 288 0 29 0 20 23 508 453 305 615 0 0 94 0 146 0 73 60 
145 144 70 0 123 94 0 83 83 287 0 26 0 20 23 535 410 280 700 0 0 90 0 146 0 73 60 
140 150 72 0 123 95 0 81 82 291 0 28 0 21 22 454 284 257 563 0 0 87 0 146 0 73 60 
142 139 76 0 123 97 0 86 82 292 0 27 0 21 22 580 398 282 651 0 0 87 0 146 0 72 60 
143 138 75 0 123 91 0 83 84 290 0 27 0 22 22 533 379 287 639 0 0 88 0 146 0 71 60 
141 139 70 0 123 89 0 84 83 288 0 31 0 22 23 525 334 256 655 0 0 90 0 146 0 70 60 
147 143 72 0 123 92 0 80 81 291 0 30 0 20 22 538 370 292 653 0 0 95 0 146 0 69 60 
146 148 71 0 123 91 0 84 82 293 0 30 0 20 22 527 387 284 552 0 0 97 0 146 0 70 60 
145 139 70 0 123 88 0 83 83 294 0 32 0 20 23 538 473 278 586 0 0 100 0 146 0 71 60 
147 146 68 0 124 86 0 81 84 291 0 30 0 19 23 522 461 283 623 0 0 98 0 146 0 69 60 
145 143 69 0 123 82 0 89 83 294 0 30 0 21 23 526 463 293 643 0 0 93 0 146 0 68 60 
146 147 67 0 122 81 0 81 84 290 0 29 0 21 22 507 439 263 561 0 0 92 0 146 0 68 60 
144 144 70 0 121 78 0 82 83 281 0 26 0 22 23 528 325 243 586 0 0 91 0 146 0 68 60 
146 149 73 0 121 78 0 86 82 279 0 28 0 23 23 506 410 263 553 0 0 99 0 146 0 69 60 
148 144 70 0 121 87 0 83 81 289 0 26 0 21 22 490 478 295 613 0 0 101 0 146 0 69 60 
148 146 73 0 120 93 0 83 83 292 0 27 0 20 21 545 386 290 602 0 0 99 0 146 0 69 60 
148 148 70 0 121 97 0 82 84 293 0 27 0 21 21 517 303 290 605 0 0 91 0 146 0 69 60 
144 146 70 0 121 94 0 80 84 291 0 27 0 23 22 501 436 251 571 0 0 94 0 146 0 70 60 
144 150 68 0 122 95 0 81 84 286 0 27 0 25 22 522 351 261 574 0 0 99 0 146 0 72 60 
144 146 71 0 122 87 0 81 83 285 0 28 0 26 21 501 354 257 610 0 0 99 0 146 0 72 60 
143 144 72 0 122 82 0 83 82 288 0 27 0 24 22 488 425 265 650 0 0 102 0 146 0 73 60 
145 147 67 0 122 79 0 84 81 294 0 30 0 25 23 567 476 271 589 0 0 100 0 146 0 74 60 
143 142 67 0 120 82 0 79 81 291 0 25 0 23 22 541 420 260 667 0 0 97 0 146 0 74 60 
139 143 69 0 119 82 0 85 83 292 0 28 12 22 22 553 422 269 592 0 0 98 0 146 0 74 60 
148 146 73 0 119 82 0 86 83 289 0 25 13 21 23 547 402 275 610 0 0 100 0 146 0 74 60 
144 145 70 0 120 83 0 84 83 285 0 26 14 20 23 502 374 274 626 0 0 99 0 146 0 74 60 
145 153 73 0 122 84 0 87 82 288 0 28 17 21 24 500 546 258 624 0 0 96 0 146 0 74 60 
142 141 70 0 125 78 0 83 83 289 0 26 19 19 23 500 373 270 666 0 0 98 0 146 0 74 60 
144 139 70 0 127 71 0 83 84 292 0 28 22 16 23 503 351 272 627 0 0 96 0 146 0 73 60 
141 151 72 0 128 77 0 87 85 295 0 27 24 19 22 493 389 273 609 0 0 94 0 146 0 73 60 
142 149 71 0 128 79 0 79 84 291 0 27 24 19 23 487 404 276 668 0 0 92 0 146 0 73 60 
142 145 70 0 129 74 0 80 84 286 0 26 25 19 22 514 411 234 584 0 0 96 0 146 0 73 60 
148 150 70 0 127 73 0 82 82 288 0 28 25 20 21 556 404 252 666 0 0 97 0 146 0 72 60 
148 146 72 0 127 79 0 78 82 294 0 27 26 23 21 492 404 278 557 0 0 96 0 146 0 73 60 
144 143 70 0 126 85 0 79 82 297 0 31 25 27 23 498 460 272 640 0 0 94 0 146 0 73 60 
148 151 70 0 124 89 0 82 84 296 0 31 26 26 23 511 356 295 599 0 0 96 0 146 0 73 60 
145 142 69 0 123 88 0 88 83 292 0 30 26 27 22 520 404 274 618 0 0 99 0 146 0 73 60 
145 141 72 0 123 87 0 87 82 287 0 34 25 29 22 543 340 263 610 0 0 97 0 146 0 73 60 
145 139 72 0 123 82 0 85 82 284 0 33 24 26 23 520 500 268 627 0 0 93 0 146 0 73 60 
147 145 74 0 126 80 0 81 82 289 0 34 24 23 23 565 471 259 602 0 0 89 0 146 0 73 60 
147 143 70 0 127 75 0 82 84 288 0 33 24 21 23 530 316 270 546 0 0 92 0 146 0 73 60 
149 140 72 0 127 77 0 82 85 288 0 32 23 22 24 508 358 251 574 0 0 97 0 146 0 73 60 
147 139 73 0 127 80 0 78 85 287 0 33 22 19 24 522 425 229 588 0 0 96 0 146 0 72 60 
142 145 72 0 126 80 0 84 84 290 0 33 22 18 23 513 292 310 550 0 0 100 0 146 0 72 60 
149 145 71 0 125 80 0 84 82 294 0 33 21 18 23 507 430 237 613 0 0 101 0 146 0 72 60 
143 146 70 0 125 84 0 80 81 292 0 34 20 15 24 515 413 284 585 0 0 98 0 146 0 73 60 
149 147 71 0 117 84 0 87 82 293 0 30 19 14 22 526 411 264 600 0 0 96 0 146 0 73 60 
142 148 68 0 123 82 0 86 82 293 0 33 18 15 23 522 442 273 634 0 0 94 0 146 0 73 60 
148 144 70 0 123 78 0 82 84 292 0 33 16 18 22 523 361 251 640 0 0 98 0 146 0 73 60 
141 143 70 0 122 81 0 81 83 287 0 38 17 21 21 486 422 267 626 0 0 95 0 146 0 73 60 
144 143 69 0 119 85 0 82 82 283 0 41 18 22 21 510 250 268 613 0 0 98 0 146 0 73 60 
147 144 71 0 124 78 0 83 82 287 0 51 18 24 22 533 406 255 625 0 0 98 0 146 0 74 60 
142 149 71 0 126 80 0 80 82 294 0 53 16 25 23 511 276 264 680 0 0 96 0 146 0 74 60 
144 146 72 0 126 84 0 84 82 295 0 53 15 23 21 551 458 272 649 0 0 92 0 146 0 74 60 
146 145 74 0 126 80 0 86 84 291 0 54 15 25 22 502 349 268 676 0 0 87 0 146 0 74 60 
142 143 72 0 126 73 0 86 84 287 0 55 15 24 22 489 460 293 601 0 0 86 0 146 0 74 60 
145 141 70 0 126 78 0 86 84 287 0 51 15 24 23 498 407 270 637 0 0 86 0 146 0 74 60 
145 149 71 0 126 87 0 90 84 287 0 51 14 25 22 511 417 253 614 0 0 92 0 146 0 74 60 
144 149 71 0 126 91 0 84 83 293 0 44 14 24 23 527 324 249 587 0 0 87 0 146 0 74 60 
146 153 70 0 125 86 0 83 81 290 0 40 13 22 22 512 454 270 546 0 0 82 0 135 0 74 60 
144 141 69 0 124 84 0 81 81 289 0 31 11 21 23 492 387 267 598 0 0 82 0 135 0 73 60 
142 142 68 0 123 89 0 81 82 286 0 27 0 21 24 511 378 282 587 0 0 86 0 135 0 73 60 
141 146 70 0 123 88 0 85 83 285 0 26 0 18 24 518 373 296 604 0 0 88 0 135 0 73 60 
146 157 71 0 123 88 0 77 83 286 0 29 0 17 23 518 532 277 590 0 0 95 0 135 0 73 60 
146 149 71 0 125 84 0 77 83 289 0 37 0 16 23 514 337 290 601 0 0 97 0 135 0 73 60 
145 144 72 0 126 83 0 82 83 291 0 49 0 16 23 507 322 273 606 0 0 95 0 135 0 72 60 
147 141 69 0 128 80 0 79 83 293 0 51 0 17 23 513 414 281 537 0 0 98 0 135 0 72 60 
147 143 73 0 128 78 0 85 85 291 0 57 0 18 22 562 379 280 632 0 0 96 0 135 0 72 60 
145 143 73 0 130 77 0 86 85 286 0 65 0 21 22 544 286 271 595 0 0 99 0 135 0 72 60 
144 148 70 0 131 81 0 84 84 288 0 57 0 21 22 541 427 276 533 0 0 97 0 135 0 72 60 
143 138 74 0 130 77 0 89 81 295 0 54 0 22 22 508 423 302 614 0 0 97 0 135 0 71 60 
145 141 72 0 129 78 0 83 82 300 0 45 0 21 22 519 255 248 652 0 0 98 0 135 0 70 60 
146 142 69 0 127 81 0 86 83 297 0 44 0 21 23 501 410 275 620 0 0 100 0 135 0 71 60 
143 142 67 0 125 82 0 82 83 295 0 48 0 22 23 472 326 246 679 0 0 101 0 135 0 71 60 
144 140 72 0 124 78 0 78 83 290 0 44 0 24 22 516 476 268 559 0 0 96 0 135 0 71 60 
145 139 71 0 123 76 0 83 83 289 0 42 0 24 22 514 464 244 622 0 0 93 0 135 0 71 60 
149 143 71 0 123 81 0 81 83 291 0 37 0 23 23 511 377 276 653 0 0 93 0 135 0 72 60 
144 144 69 0 123 81 0 78 83 291 0 35 0 23 22 522 441 278 618 0 0 94 0 135 0 72 60 
143 146 73 0 124 78 0 81 83 288 0 31 0 22 23 510 375 249 648 0 0 91 0 135 0 73 60 
142 148 71 0 124 75 0 83 84 289 0 33 0 20 23 464 312 282 626 0 0 88 0 135 0 72 60 
144 148 72 0 123 84 0 85 84 290 0 31 0 20 24 496 371 247 576 0 0 92 0 135 0 72 60 
144 146 69 0 124 89 0 81 84 292 0 33 0 21 24 533 365 289 643 0 0 94 0 135 0 72 60 
143 143 71 0 124 96 0 82 82 291 0 33 0 20 25 535 314 275 579 0 0 98 0 135 0 72 60 
141 143 69 0 123 94 0 82 81 293 0 34 0 20 23 557 335 269 607 0 0 102 0 135 0 72 60 
145 141 70 0 123 91 0 76 83 291 0 32 0 21 24 532 341 263 625 0 0 99 0 135 0 72 60 
144 148 67 0 122 86 0 80 83 292 0 30 0 19 24 530 398 265 614 0 0 98 0 135 0 72 60 
139 140 68 0 122 83 0 85 83 285 0 32 0 19 24 531 399 291 661 0 0 94 0 135 0 73 60 
147 146 67 0 122 83 0 83 82 283 0 35 0 18 23 523 461 252 613 0 0 94 0 135 0 72 60 
142 147 68 0 121 84 0 83 81 282 0 36 0 19 23 530 385 244 602 0 0 96 0 135 0 72 60 
144 144 71 0 122 84 0 80 81 293 0 40 0 20 24 494 377 269 532 0 0 100 0 135 0 72 60 
149 147 73 0 122 83 0 88 81 295 0 37 0 18 23 532 360 260 582 0 0 101 0 135 0 71 60 
148 146 73 0 122 87 0 84 82 289 0 37 0 20 23 486 413 267 574 0 0 93 0 135 0 71 60 
143 148 71 0 123 88 0 80 83 287 0 34 0 19 22 522 360 216 623 0 0 89 0 135 0 71 60 
145 144 74 0 124 84 0 80 84 288 0 30 0 20 23 533 353 275 561 0 0 89 0 135 0 71 60 
144 139 70 0 123 80 0 81 84 289 0 30 0 20 24 469 314 239 570 0 0 92 0 135 0 71 60 
145 145 74 0 124 76 0 82 84 294 0 28 0 19 23 491 358 286 604 0 0 88 0 135 0 72 60 
147 153 70 0 123 73 0 80 84 292 0 28 0 20 23 542 417 258 585 0 0 88 0 135 0 72 60 
146 147 69 0 120 75 0 84 83 292 0 29 0 20 23 546 378 271 602 0 0 90 0 135 0 72 60 
145 149 68 0 119 73 0 85 82 290 0 29 0 21 23 538 411 269 628 0 0 92 0 135 0 70 60 
148 145 69 0 119 80 0 82 81 286 0 28 0 21 23 530 473 266 614 0 0 98 0 135 0 69 60 
143 144 68 0 120 86 0 84 82 286 0 29 0 22 23 537 304 275 616 0 0 103 0 135 0 68 60 
145 150 67 0 122 87 0 88 82 287 0 27 0 24 23 520 379 257 631 0 0 100 0 135 0 68 60 
145 144 70 0 125 90 0 83 80 290 0 29 0 22 23 494 404 276 605 0 0 94 0 135 0 69 60 
146 138 72 0 126 86 0 81 81 292 0 29 0 22 22 518 389 255 636 0 0 90 0 135 0 68 60 
145 137 70 0 127 86 0 82 82 291 0 26 0 20 22 492 430 238 627 0 0 87 0 135 0 69 60 
143 145 71 0 128 80 0 84 84 289 0 29 0 19 22 489 360 246 657 0 0 89 0 135 0 70 60 
148 142 69 0 129 81 0 89 84 285 0 29 0 18 24 510 311 238 653 0 0 88 0 135 0 71 60 
144 142 71 0 128 86 0 76 84 290 0 27 0 20 23 529 367 251 632 0 0 90 0 135 0 71 60 
142 139 70 0 127 88 0 85 84 296 0 28 0 21 23 517 415 247 608 0 0 94 0 135 0 71 60 
143 145 68 0 125 83 0 84 83 294 0 28 0 21 22 488 413 228 592 0 0 92 0 135 0 71 60 
144 148 69 0 124 81 0 80 84 296 0 27 0 24 22 501 416 251 594 0 0 97 0 135 0 71 60 
144 145 67 0 123 81 0 85 84 290 0 28 0 24 23 490 331 247 624 0 0 100 0 135 0 72 60 
144 146 70 0 123 81 0 82 84 289 0 28 0 24 22 508 435 265 614 0 0 96 0 135 0 72 60 
144 153 69 0 124 77 0 85 80 290 0 26 0 24 22 520 387 273 550 0 0 92 0 135 0 72 60 
146 146 70 0 126 77 0 78 81 292 0 29 0 24 22 558 465 263 617 0 0 87 0 135 0 72 60 
144 146 70 0 127 88 0 82 82 292 0 28 0 26 22 570 299 240 585 0 0 93 0 135 0 73 60 
149 146 68 0 126 95 0 86 82 288 0 27 0 24 23 507 367 249 585 0 0 98 0 135 0 73 60 
146 142 72 0 127 97 0 81 84 288 0 27 0 25 22 527 379 289 557 0 0 103 0 135 0 74 60 
146 148 71 0 126 100 0 81 85 290 0 30 0 24 22 566 413 263 560 0 0 100 0 135 0 74 60 
147 144 70 0 126 99 0 84 84 290 0 28 0 21 23 515 437 266 556 0 0 93 0 135 0 74 60 
144 144 68 0 125 94 0 83 84 288 0 27 0 21 22 513 474 273 536 0 0 90 0 135 0 74 60 
149 144 71 0 124 86 0 87 83 291 0 27 0 19 22 522 349 227 671 0 0 91 0 135 0 75 60 
146 144 70 0 123 80 0 88 83 290 0 27 0 17 23 484 350 277 558 0 0 94 0 135 0 75 60 
144 142 68 0 122 83 0 86 83 287 0 27 0 14 22 504 286 268 576 0 0 96 0 135 0 75 60 
145 146 69 0 124 83 0 84 83 284 0 27 0 13 23 504 414 258 715 0 0 99 0 135 0 74 60 
144 152 71 0 125 82 0 80 84 282 0 27 0 15 22 476 441 273 650 0 0 102 0 135 0 74 60 
149 138 69 0 125 87 0 80 81 293 0 29 0 15 22 526 325 280 638 0 0 105 0 135 0 73 60 
146 144 69 0 125 91 0 78 82 297 0 28 0 15 22 518 512 245 625 0 0 110 0 135 0 72 60 
145 148 73 0 125 85 0 81 82 293 0 29 0 14 21 520 415 243 619 0 0 105 0 135 0 72 60 
145 152 72 0 124 79 0 84 83 289 0 27 0 17 22 539 425 278 611 0 0 95 0 135 0 72 60 
143 149 71 0 124 80 0 79 83 286 0 29 0 20 22 579 304 303 605 0 0 93 0 135 0 72 60 
140 148 72 0 125 82 0 82 83 289 0 30 0 22 21 533 417 249 626 0 0 93 0 135 0 72 60 
141 143 79 0 124 80 0 84 84 290 0 27 0 20 21 522 394 280 615 0 0 100 0 135 0 73 60 
141 148 72 0 124 79 0 86 84 294 0 27 0 24 22 508 332 265 626 0 0 96 0 135 0 73 60 
142 148 70 0 122 96 0 89 84 293 0 26 0 25 23 503 328 249 619 0 0 94 0 135 0 73 60 
142 148 67 0 122 109 0 78 84 289 0 28 0 23 22 507 362 309 631 0 0 91 0 135 0 74 60 
145 141 67 0 121 115 0 80 83 288 0 27 0 23 22 498 476 271 507 0 0 92 0 135 0 73 60 
145 137 68 0 122 103 0 88 82 287 0 29 0 21 22 485 393 275 625 0 0 93 0 135 0 73 60 
143 146 68 0 123 96 0 79 83 285 0 29 0 21 21 493 476 263 628 0 0 92 0 135 0 73 60 
147 144 68 0 125 90 0 85 81 289 0 31 0 20 22 532 415 251 575 0 0 89 0 135 0 72 60 
141 139 68 0 126 74 0 84 81 292 0 30 0 21 22 534 400 235 586 0 0 87 0 135 0 72 60 
145 140 72 0 126 66 0 82 82 289 0 30 0 20 22 530 348 259 626 0 0 86 0 135 0 72 60 
149 143 70 0 129 66 0 87 83 289 0 30 0 20 23 512 393 260 562 0 0 87 0 135 0 71 60 
143 142 71 0 130 65 0 78 83 283 0 29 0 20 22 564 461 289 579 0 0 92 0 135 0 71 60 
147 145 71 0 131 64 0 85 84 289 0 28 0 21 22 541 408 286 616 0 0 96 0 135 0 70 60 
144 146 72 0 131 69 0 83 83 296 0 28 0 22 23 518 309 290 591 0 0 97 0 135 0 70 60 
140 146 73 0 130 85 0 80 82 297 0 27 0 24 23 524 350 287 591 0 0 95 0 135 0 71 60 
144 145 70 0 128 100 0 82 83 298 0 28 0 24 22 518 387 268 615 0 0 101 0 135 0 71 60 
143 145 69 0 126 102 0 80 84 291 0 33 0 21 24 532 385 277 624 0 0 100 0 135 0 71 60 
147 144 70 0 124 94 0 83 83 288 0 29 0 21 22 498 431 264 604 0 0 94 0 135 0 71 60 
141 144 70 0 123 82 0 83 83 291 0 29 0 21 22 534 358 289 650 0 0 92 0 135 0 71 60 
144 147 70 0 123 74 0 86 83 290 0 29 0 20 23 492 374 278 565 0 0 85 0 135 0 71 60 
144 146 70 0 123 66 0 88 81 291 0 30 0 20 22 539 501 254 597 0 0 85 0 135 0 70 60 
143 145 68 0 123 67 0 85 82 290 0 28 0 20 22 518 327 278 630 0 0 82 0 135 0 70 60 
148 147 73 0 122 70 0 83 84 289 0 29 0 22 22 507 390 299 629 0 0 85 0 135 0 71 60 
146 144 72 0 123 77 0 81 84 291 0 33 0 21 23 499 379 279 608 0 0 90 0 135 0 71 60 
147 143 71 0 124 78 0 82 83 291 0 31 0 21 22 520 446 271 685 0 0 96 0 135 0 72 60 
148 147 71 0 124 80 0 82 83 289 0 32 0 19 22 477 350 294 603 0 0 102 0 135 0 72 60 
147 149 75 0 123 81 0 86 82 291 0 30 0 21 23 486 401 268 615 0 0 103 0 135 0 72 60 
141 143 71 0 123 79 0 81 82 290 0 29 0 18 22 538 408 281 660 0 0 105 0 135 0 72 60 
143 143 73 0 122 77 0 78 83 288 0 29 0 20 23 534 421 286 601 0 0 100 0 135 0 72 60 
148 142 70 0 122 86 0 78 84 282 0 30 0 21 23 558 418 298 558 0 0 99 0 135 0 72 60 
146 159 69 0 122 96 0 82 85 278 0 28 0 22 23 520 421 285 534 0 0 103 0 135 0 72 60 
148 148 72 0 122 95 0 87 83 288 0 28 0 22 22 505 438 299 632 0 0 101 0 135 0 72 60 
145 147 67 0 121 92 0 78 83 293 0 27 0 19 22 521 418 307 589 0 0 104 0 135 0 72 60 
145 143 70 0 121 88 0 84 81 294 0 29 0 21 22 508 440 293 577 0 0 108 0 135 0 72 60 
145 144 66 0 121 85 0 86 81 290 0 29 0 23 23 517 364 318 503 0 0 103 0 135 0 72 60 
145 143 74 0 122 82 0 86 82 285 0 32 0 23 23 541 478 326 636 0 0 99 0 135 0 72 60 
142 146 68 0 123 78 0 88 82 288 0 30 0 25 23 492 224 274 633 0 0 97 0 135 0 72 60 
145 141 72 0 125 77 0 78 83 291 0 32 0 24 22 528 417 288 529 0 0 99 0 135 0 71 60 
144 137 72 0 125 80 0 83 83 295 0 32 0 24 23 541 358 289 550 0 0 98 0 135 0 71 60 
145 144 72 0 122 79 0 83 84 292 0 29 0 25 24 494 318 274 545 0 0 99 0 135 0 69 60 
145 143 70 0 120 81 0 80 84 287 0 29 0 24 22 530 397 261 578 0 0 97 0 135 0 68 60 
145 142 68 0 119 87 0 82 84 288 0 28 0 21 22 496 407 273 605 0 0 90 0 135 0 66 60 
147 141 67 0 119 84 0 81 86 287 0 29 0 21 22 562 364 317 595 0 0 96 0 135 0 66 60 
146 144 67 0 120 76 0 85 83 283 0 26 0 21 23 556 376 295 607 0 0 102 0 135 0 66 60 
145 146 69 0 123 76 0 84 82 288 0 30 0 20 22 533 412 295 590 0 0 102 0 135 0 66 60 
148 150 69 0 124 76 0 80 81 290 0 28 0 17 21 538 358 301 625 0 0 101 0 135 0 67 60 
144 145 69 0 127 77 0 81 82 290 0 28 0 18 23 512 400 291 678 0 0 96 0 135 0 68 60 
146 152 69 0 128 79 0 75 81 289 0 28 0 19 22 518 368 285 622 0 0 91 0 135 0 69 60 
142 146 73 0 129 85 0 78 81 284 0 30 0 20 22 476 424 300 636 0 0 85 0 135 0 68 60 
143 145 72 0 129 92 0 87 83 288 0 30 0 20 22 493 358 287 621 0 0 81 0 135 0 66 60 
145 143 73 0 129 90 0 81 83 295 0 27 0 21 22 491 360 314 695 0 0 89 0 135 0 66 60 
143 147 71 0 128 84 0 84 82 295 0 27 0 25 22 532 425 284 649 0 0 95 0 135 0 66 60 
147 146 71 0 125 75 0 84 82 297 0 29 0 26 21 522 458 302 593 0 0 96 0 135 0 65 60 
145 147 71 0 123 78 0 80 84 290 0 26 0 25 22 522 429 274 587 0 0 99 0 135 0 66 60 
146 143 68 0 123 75 0 82 84 290 0 28 0 28 23 478 417 268 588 0 0 99 0 135 0 67 60 
147 144 69 0 123 74 0 84 85 287 0 32 0 27 23 481 421 355 540 0 0 97 0 135 0 69 60 
143 143 70 0 123 79 0 83 83 291 0 28 0 25 22 512 289 278 659 0 0 97 0 135 0 70 60 
145 145 69 0 125 84 0 80 82 292 0 30 0 23 23 527 400 343 645 0 0 93 0 135 0 71 60 
148 144 69 0 125 85 0 78 81 289 0 32 0 20 23 574 438 324 554 0 0 90 0 135 0 72 60 
143 150 73 0 126 82 0 80 82 290 0 34 0 21 22 527 372 308 623 0 0 90 0 135 0 71 60 
145 151 69 0 126 84 0 80 82 293 0 35 0 19 23 529 391 307 588 0 0 92 0 135 0 71 60 
139 139 73 0 126 85 0 82 82 291 0 38 0 18 22 535 492 279 585 0 0 89 0 135 0 69 60 
144 141 70 0 126 87 0 86 82 293 0 38 0 18 21 520 455 265 580 0 0 95 0 135 0 69 60 
147 150 70 0 124 86 0 82 82 294 0 38 0 14 22 476 462 269 542 0 0 94 0 135 0 67 60 
142 150 73 0 124 92 0 84 82 291 0 36 0 14 22 510 411 280 611 0 0 93 0 135 0 67 60 
146 151 70 0 122 96 0 85 84 290 0 33 0 16 22 527 346 297 585 0 0 94 0 135 0 66 60 
144 148 73 0 122 93 0 79 83 284 0 31 0 20 22 517 436 280 583 0 0 88 0 135 0 66 60 
143 143 71 0 123 95 0 82 83 277 0 32 0 22 22 513 346 265 606 0 0 90 0 135 0 65 60 
143 140 73 0 124 98 0 79 82 289 0 37 0 24 23 507 312 280 590 0 0 92 0 135 0 66 60 
146 146 70 0 125 90 0 91 84 294 0 33 0 25 24 474 344 261 634 0 0 96 0 135 0 66 60 
144 142 69 0 125 82 0 86 82 292 0 36 0 25 23 508 416 292 623 0 0 103 0 135 0 66 60 
146 137 70 0 124 79 0 83 82 286 0 38 0 23 26 499 417 267 614 0 0 105 0 135 0 66 60 
143 139 70 0 124 82 0 82 81 285 0 40 0 26 28 515 404 278 624 0 0 101 0 135 0 67 60 
144 145 70 0 124 87 0 82 84 288 0 38 0 23 26 555 365 252 620 0 0 95 0 135 0 69 60 
142 143 70 0 124 82 0 85 83 288 0 33 0 24 24 521 402 261 642 0 0 93 0 135 0 69 60 
144 137 70 0 125 79 0 82 81 294 0 29 0 24 25 526 323 245 619 0 0 89 0 135 0 70 60 
146 147 70 0 123 84 0 85 82 293 0 30 0 26 25 496 331 280 650 0 0 89 0 135 0 70 60 
143 145 74 0 123 89 0 86 83 291 0 29 0 23 24 539 433 241 636 0 0 90 0 135 0 71 60 
145 147 71 0 122 81 0 82 84 291 0 31 0 22 23 524 388 272 636 0 0 92 0 135 0 71 60 
144 143 73 0 121 80 0 84 85 287 0 32 0 21 23 486 363 263 580 0 0 86 0 135 0 70 60 
146 148 68 0 122 79 0 81 86 284 0 30 0 18 23 522 292 282 602 0 0 84 0 135 0 72 60 
144 149 71 0 123 76 0 82 83 291 0 31 0 17 22 499 402 258 653 0 0 88 0 135 0 72 60 
144 145 70 0 123 76 0 78 82 290 0 32 0 16 23 545 314 274 603 0 0 92 0 135 0 71 60 
145 146 70 0 124 78 0 85 82 290 0 34 0 18 21 537 325 240 600 0 0 94 0 135 0 71 60 
146 145 73 0 125 83 0 89 81 288 0 31 0 17 21 508 408 278 626 0 0 94 0 135 0 71 60 
146 147 74 0 127 83 0 83 83 282 0 33 0 20 23 502 369 277 562 0 0 93 0 135 0 70 60 
145 145 71 0 129 85 0 88 84 288 0 36 0 21 22 539 494 297 603 0 0 93 0 135 0 70 60 
142 147 71 0 130 87 0 85 83 295 0 36 0 22 22 552 392 282 600 0 0 94 0 135 0 69 60 
143 145 74 0 129 89 0 82 81 296 0 35 0 23 22 541 430 265 599 0 0 90 0 135 0 67 60 
142 147 73 0 129 83 0 81 82 293 0 38 0 22 23 542 298 265 619 0 0 90 0 135 0 68 60 
145 147 73 0 127 80 0 82 82 288 0 39 0 22 24 541 441 233 583 0 0 103 0 135 0 69 60 
148 140 71 0 126 79 0 81 83 288 0 37 0 23 22 525 365 281 591 0 0 109 0 135 0 69 60 
146 149 71 0 125 84 0 82 85 288 0 37 0 24 22 474 449 246 590 0 0 108 0 135 0 70 60 
146 154 71 0 125 80 0 79 84 292 0 41 0 23 22 516 435 253 650 0 0 103 0 135 0 70 60 
150 138 71 0 124 78 0 83 82 294 0 41 0 23 23 527 314 241 599 0 0 96 0 135 0 69 60 
146 143 69 0 124 82 0 84 82 291 0 50 0 22 23 530 394 258 612 0 0 90 0 135 0 69 60 
145 151 68 0 123 82 0 82 82 293 0 50 0 22 23 530 367 266 592 0 0 85 0 135 0 68 60 
141 153 69 0 123 80 0 85 83 296 0 45 0 21 24 482 414 290 614 0 0 85 0 135 0 68 60 
147 148 71 0 124 76 0 86 84 295 0 43 0 20 23 501 399 236 655 0 0 85 0 135 0 69 60 
150 145 71 0 124 79 0 83 84 294 0 40 0 21 23 494 396 285 600 0 0 93 0 135 0 69 60 
147 146 71 0 125 82 0 81 83 296 0 42 0 21 23 520 397 235 697 0 0 96 0 135 0 69 60 
146 149 73 0 124 83 0 82 82 293 0 47 0 21 23 465 392 248 662 0 0 95 0 135 0 69 60 
145 145 72 0 123 85 0 86 81 289 0 48 0 19 23 536 428 256 621 0 0 100 0 135 0 69 60 
151 143 74 0 122 94 0 80 82 282 0 48 0 19 22 499 419 262 683 0 0 99 0 135 0 69 60 
145 137 73 0 123 92 0 88 83 278 0 48 0 18 22 555 426 246 579 0 0 96 0 135 0 71 60 
150 136 72 0 123 88 0 83 83 290 0 43 0 18 21 515 340 221 604 0 0 97 0 135 0 71 60 
146 147 72 0 123 81 0 79 83 291 0 38 0 19 22 537 449 266 624 0 0 92 0 135 0 71 60 
146 145 70 0 122 78 0 84 84 292 0 37 0 18 23 504 466 277 556 0 0 95 0 135 0 70 60 
142 138 67 0 120 77 0 84 84 284 0 37 0 19 22 511 432 239 615 0 0 94 0 135 0 70 60 
148 144 67 0 121 78 0 87 81 285 0 37 0 20 22 537 367 239 591 0 0 96 0 135 0 70 60 
145 142 68 0 121 79 0 86 82 286 0 38 0 19 22 528 414 247 569 0 0 89 0 135 0 69 60 
145 143 67 0 123 83 0 79 84 289 0 37 0 20 22 518 340 229 565 0 0 80 0 135 0 69 60 
143 144 70 0 124 81 0 86 81 293 0 40 0 21 23 528 359 243 614 0 0 80 0 135 0 69 60 
143 144 72 0 123 78 0 85 82 291 0 42 0 20 23 500 401 227 604 0 0 85 0 135 0 68 60 
147 151 73 0 122 79 0 76 82 287 0 41 0 21 23 496 358 233 543 0 0 86 0 135 0 68 60 
143 144 72 0 120 79 0 86 82 287 0 42 0 20 23 500 388 213 562 0 0 88 0 135 0 67 60 
148 142 74 0 118 77 0 84 84 284 0 38 0 21 23 505 362 263 612 0 0 92 0 135 0 67 60 
142 144 74 0 119 73 0 86 83 284 0 33 0 22 22 506 497 254 594 0 0 92 0 135 0 66 60 
146 145 71 0 122 80 0 79 85 288 0 33 0 24 22 527 302 258 576 0 0 89 0 135 0 67 60 
145 148 70 0 124 84 0 84 84 291 0 29 0 23 23 562 448 247 618 0 0 91 0 135 0 68 60 
146 149 70 0 125 83 0 86 83 292 0 31 0 23 24 520 450 272 645 0 0 97 0 135 0 69 60 
143 145 69 0 127 82 0 81 82 290 0 34 0 22 23 523 446 289 618 0 0 97 0 135 0 71 60 
144 144 69 0 127 84 0 81 84 285 0 32 0 21 24 524 436 280 635 0 0 101 0 135 0 72 60 
146 145 68 0 129 83 0 82 83 290 0 35 0 18 22 501 413 266 646 0 0 103 0 135 0 70 60 
145 145 71 0 129 79 0 78 85 295 0 30 0 19 23 542 300 300 615 0 0 105 0 135 0 69 60 
144 144 68 0 128 77 0 82 83 298 0 32 0 19 22 508 366 278 637 0 0 107 0 135 0 68 60 
145 154 71 0 128 88 0 81 83 295 0 34 0 21 22 530 423 240 670 0 0 102 0 135 0 67 60 
144 142 71 0 125 98 0 82 82 289 0 36 0 21 23 492 363 272 629 0 0 100 0 135 0 66 60 
141 143 72 0 124 96 0 84 83 287 0 38 0 23 23 483 360 277 621 0 0 97 0 135 0 67 60 
147 142 73 0 122 97 0 83 85 287 0 40 0 26 23 553 427 257 573 0 0 93 0 135 0 66 60 
147 149 68 0 123 93 0 87 84 289 0 43 0 24 22 501 280 247 620 0 0 91 0 135 0 67 60 
146 148 69 0 125 86 0 86 84 290 0 41 0 22 23 513 372 248 593 0 0 94 0 135 0 69 60 
148 150 69 0 126 79 0 81 84 289 0 41 0 24 22 511 478 265 539 0 0 96 0 135 0 69 60 
141 143 68 0 126 77 0 86 83 293 0 38 0 25 23 512 385 253 623 0 0 90 0 135 0 68 60 
149 145 71 0 126 80 0 84 83 294 0 45 0 24 22 555 314 235 626 0 0 84 0 135 0 68 60 
141 144 69 0 126 86 0 81 84 293 0 42 0 25 22 522 384 250 604 0 0 80 0 135 0 67 60 
147 144 72 0 126 81 0 83 83 291 0 35 0 23 22 559 379 268 583 0 0 84 0 135 0 66 60 
141 142 69 0 127 83 0 82 83 292 0 31 0 23 23 498 416 255 643 0 0 87 0 135 0 66 60 
146 139 71 0 125 86 0 83 83 294 0 30 0 20 23 513 445 271 609 0 0 87 0 135 0 66 60 
147 144 72 0 123 83 0 85 82 288 0 28 0 18 22 533 530 258 528 0 0 92 0 135 0 66 60 
145 145 71 0 123 76 0 79 83 284 0 30 0 19 24 555 414 260 586 0 0 96 0 135 0 65 60 
145 141 71 0 122 76 0 85 84 281 0 31 0 15 23 514 253 266 663 0 0 97 0 135 0 65 60 
145 144 72 0 122 77 0 82 84 289 0 31 0 13 22 508 468 262 545 0 0 95 0 135 0 65 60 
147 147 69 0 125 74 0 79 83 294 0 33 0 14 23 516 397 290 567 0 0 93 0 135 0 65 60 
146 143 73 0 125 75 0 79 83 293 0 33 0 15 23 523 394 268 619 0 0 93 0 135 0 65 60 
143 146 69 0 125 79 0 79 83 286 0 32 0 13 23 486 324 293 600 0 0 101 0 135 0 65 60 
142 151 68 0 124 85 0 89 83 284 0 29 0 14 23 492 434 276 708 0 0 105 0 135 0 65 60 
140 146 70 0 125 84 0 80 84 287 0 30 0 17 23 574 363 247 602 0 0 110 0 135 0 64 60 
144 151 72 0 125 85 0 84 84 288 0 31 0 19 23 479 380 277 569 0 0 106 0 135 0 65 60 
145 145 74 0 125 86 0 82 84 291 0 31 0 22 23 516 375 269 610 0 0 101 0 135 0 65 60 
145 143 70 0 125 84 0 83 83 288 0 32 0 21 23 506 382 301 643 0 0 99 0 135 0 65 60 
139 145 71 0 124 78 0 90 81 286 0 31 0 23 23 522 316 294 681 0 0 99 0 135 0 65 60 
145 145 72 0 122 77 0 78 81 288 0 31 0 22 21 516 338 262 657 0 0 104 0 135 0 65 60 
143 145 75 0 121 85 0 81 82 286 0 30 0 24 22 557 496 290 633 0 0 104 0 135 0 66 60 
147 146 74 0 121 94 0 80 82 285 0 30 0 22 23 487 360 277 624 0 0 100 0 135 0 66 60 
146 146 73 0 122 98 0 80 83 289 0 34 0 21 23 534 459 289 658 0 0 97 0 135 0 67 60 
146 143 69 0 122 95 0 84 84 292 0 31 0 21 23 504 470 294 628 0 0 96 0 135 0 67 60 
149 146 71 0 123 93 0 82 82 292 0 29 0 22 21 541 367 280 589 0 0 98 0 135 0 68 60 
146 144 69 0 124 90 0 87 82 285 0 27 0 21 23 513 353 290 598 0 0 103 0 135 0 68 60 
146 149 68 0 125 85 0 88 81 287 0 27 0 20 22 505 379 274 594 0 0 100 0 135 0 68 60 
143 152 70 0 126 83 0 82 81 291 0 29 0 20 22 536 346 297 631 0 0 96 0 135 0 68 60 
144 138 68 0 129 92 0 83 84 288 0 31 0 19 24 495 488 273 602 0 0 90 0 135 0 67 60 
146 144 68 0 130 87 0 84 84 295 0 31 0 20 24 548 409 278 587 0 0 89 0 135 0 67 60 
150 149 69 0 130 84 0 84 84 295 0 28 0 21 24 496 384 265 525 0 0 85 0 135 0 67 60 
143 149 73 0 128 84 0 77 82 290 0 27 0 23 22 524 404 298 620 0 0 82 0 135 0 66 60 
149 149 71 0 127 93 0 81 81 285 0 30 0 23 23 546 429 286 573 0 0 80 0 135 0 67 60 
147 143 72 0 125 87 0 83 83 285 0 30 0 23 23 523 427 290 600 0 0 83 0 135 0 66 60 
147 142 69 0 125 77 0 85 85 292 0 30 0 22 23 555 446 274 578 0 0 88 0 135 0 66 60 
144 147 69 0 124 80 0 83 81 289 0 34 0 21 23 540 374 290 571 0 0 86 0 135 0 66 60 
150 145 70 0 123 81 0 82 81 290 0 32 0 21 22 511 336 268 637 0 0 91 0 135 0 65 60 
142 140 69 0 124 75 0 84 82 294 0 33 0 20 23 529 409 278 603 0 0 94 0 135 0 65 60 
148 138 69 0 124 70 0 85 81 295 0 33 0 21 24 460 366 254 640 0 0 92 0 135 0 64 60 
144 137 70 0 124 74 0 82 82 294 0 29 0 21 22 497 353 261 641 0 0 92 0 135 0 64 60 
144 145 68 0 125 79 0 82 84 297 0 30 0 23 22 491 345 251 601 0 0 86 0 135 0 64 60 
145 145 71 0 125 81 0 83 84 295 0 29 0 19 23 497 431 268 603 0 0 89 0 135 0 64 60 
146 141 69 0 125 77 0 83 84 295 0 34 0 21 23 490 450 268 601 0 0 91 0 135 0 65 60 
144 143 69 0 123 84 0 84 84 286 0 37 0 19 23 497 372 302 668 0 0 96 0 135 0 65 60 
146 142 72 0 123 86 0 91 82 283 0 39 0 20 22 511 252 270 641 0 0 101 0 135 0 65 60 
146 144 73 0 122 84 0 77 84 288 0 40 0 21 23 462 406 285 684 0 0 104 0 135 0 66 60 
144 147 74 0 122 86 0 80 83 293 0 38 0 21 23 527 384 283 640 0 0 107 0 135 0 65 60 
142 154 71 0 122 93 0 88 83 295 0 36 0 22 24 548 368 264 644 0 0 112 0 135 0 65 60 
143 148 73 0 122 97 0 86 82 290 0 32 0 21 23 520 404 250 587 0 0 114 0 135 0 65 60 
144 147 73 0 121 87 0 89 83 289 0 28 0 18 24 542 550 290 546 0 0 114 0 135 0 65 60 
143 142 71 0 119 79 0 82 83 288 0 29 0 20 24 499 432 245 575 0 0 118 0 135 0 65 60 
144 144 69 0 120 81 0 86 84 287 0 30 0 21 24 530 323 291 594 0 0 126 0 135 0 64 60 
148 145 65 0 120 77 0 82 84 294 0 31 0 21 23 517 400 256 649 0 0 128 0 135 0 64 60 
148 144 68 0 123 71 0 78 84 292 0 30 0 26 22 477 458 321 553 0 0 116 0 135 0 64 60 
147 147 68 0 124 74 0 79 83 288 0 26 0 25 22 506 303 310 578 0 0 112 0 135 0 64 60 
147 145 70 0 123 78 0 79 83 287 0 31 0 24 22 542 331 276 593 0 0 106 0 135 0 64 60 
147 145 68 0 123 78 0 81 83 283 0 31 0 24 22 516 455 274 606 0 0 106 0 135 0 64 60 
143 144 68 0 121 75 0 79 80 285 0 30 0 23 23 557 396 254 586 0 0 108 0 135 0 65 60 
142 143 74 0 118 80 0 79 82 286 0 35 0 23 22 545 416 302 622 0 0 106 0 135 0 64 60 
147 144 71 0 119 83 0 83 83 293 0 33 0 21 23 486 296 287 549 0 0 112 0 135 0 65 60 
145 155 69 0 120 86 0 87 84 290 0 33 0 19 23 478 465 289 567 0 0 118 0 135 0 65 60 
143 138 69 0 122 84 0 85 83 288 0 32 0 22 23 515 377 267 632 0 0 122 0 135 0 66 60 
143 144 68 0 124 80 0 84 82 288 0 30 0 19 23 548 406 275 591 0 0 114 0 135 0 66 60 
143 148 68 0 124 80 0 82 81 289 0 28 0 18 22 547 415 316 624 0 0 112 0 135 0 66 60 
146 148 68 0 128 79 0 78 80 296 0 30 0 19 23 539 476 292 619 0 0 111 0 135 0 65 60 
143 148 66 0 129 79 0 85 82 301 0 31 0 20 23 549 408 286 613 0 0 113 0 135 0 65 60 
144 148 69 0 131 87 0 80 83 297 0 31 0 19 23 525 403 287 684 0 0 116 0 135 0 65 60 
143 139 66 0 131 93 0 80 83 293 0 34 0 20 22 477 420 266 582 0 0 113 0 135 0 64 60 
142 148 69 0 128 92 0 84 81 289 0 35 0 24 23 489 471 263 564 0 0 110 0 135 0 64 60 
145 144 67 0 126 95 0 82 82 288 0 34 0 26 21 510 440 326 662 0 0 106 0 135 0 65 60 
143 143 74 0 125 94 0 85 82 292 0 33 0 26 22 520 400 302 663 0 0 107 0 135 0 64 60 
142 142 72 0 124 91 0 81 85 293 0 33 0 27 22 527 380 276 662 0 0 104 0 135 0 64 60 
144 136 70 0 123 80 0 85 84 290 0 30 0 26 22 537 395 283 634 0 0 100 0 135 0 64 60 
145 141 68 0 124 72 0 89 85 289 0 30 0 26 22 540 470 272 623 0 0 100 0 135 0 64 60 
144 145 70 0 125 72 0 79 82 293 0 31 0 24 23 488 392 303 647 0 0 109 0 135 0 65 60 
143 142 71 0 125 78 0 81 82 291 0 29 0 24 22 503 533 283 590 0 0 113 0 135 0 64 60 
146 141 68 0 126 77 0 81 82 290 0 31 0 21 22 532 320 301 592 0 0 115 0 135 0 64 60 
144 149 69 0 126 78 0 82 82 291 0 32 0 20 24 553 423 304 579 0 0 114 0 135 0 64 60 
145 143 66 0 126 81 0 81 84 290 0 30 0 19 22 566 423 316 641 0 0 117 0 135 0 65 60 
148 147 68 0 124 85 0 83 82 284 0 29 0 19 22 552 406 304 592 0 0 118 0 135 0 65 60 
148 145 69 0 125 80 0 94 81 282 0 32 0 16 23 526 336 281 592 0 0 121 0 135 0 65 60 
142 144 69 0 123 77 0 83 82 280 0 31 0 14 22 541 449 300 616 0 0 122 0 135 0 65 60 
143 150 69 0 123 81 0 82 83 291 0 31 0 15 22 520 541 270 542 0 0 126 0 135 0 67 60 
144 144 71 0 122 79 0 87 84 296 0 32 0 17 22 509 388 292 558 0 0 129 0 135 0 67 60 
146 144 70 0 123 79 0 81 84 293 0 33 0 20 23 501 393 280 635 0 0 117 0 135 0 66 60 
148 146 69 0 124 80 0 81 85 289 0 33 0 23 23 495 320 287 605 0 0 110 0 135 0 66 60 
145 146 70 0 123 88 0 82 83 290 0 31 0 23 23 513 390 288 550 0 0 108 0 135 0 65 60 
142 146 71 0 123 90 0 80 82 291 0 36 0 23 24 561 254 290 568 0 0 111 0 135 0 66 60 
142 146 71 0 123 90 0 80 82 294 0 36 0 25 24 501 452 288 601 0 0 107 0 135 0 66 60 
148 142 71 0 123 85 0 81 82 292 0 35 0 24 23 474 412 300 622 0 0 106 0 135 0 66 60 
146 144 67 0 123 84 0 81 83 289 0 38 0 24 22 493 407 297 612 0 0 110 0 135 0 66 60 
143 146 70 0 125 80 0 81 83 289 0 36 0 24 23 488 483 278 598 0 0 113 0 135 0 65 60 
147 141 70 0 123 74 0 84 83 287 0 31 0 24 22 495 362 274 647 0 0 115 0 135 0 65 60 
146 150 69 0 124 78 0 86 83 284 0 30 0 25 22 588 404 277 615 0 0 108 0 135 0 66 60 
146 149 70 0 122 83 0 88 83 287 0 32 0 23 23 582 421 278 669 0 0 108 0 135 0 65 60 
148 139 68 0 122 90 0 84 81 292 0 33 0 23 22 557 438 288 693 0 0 108 0 135 0 65 60 
147 147 71 0 122 94 0 85 83 291 0 34 0 21 22 501 236 314 680 0 0 112 0 135 0 65 60 
145 151 71 0 122 100 0 83 84 287 0 39 0 19 23 497 461 273 665 0 0 110 0 135 0 66 60 
143 153 72 0 122 97 0 83 84 288 0 41 0 17 23 505 476 274 670 0 0 114 0 135 0 67 60 
142 148 75 0 124 88 0 80 84 287 0 36 0 15 23 509 379 280 609 0 0 115 0 135 0 67 60 
149 140 70 0 123 79 0 76 85 291 0 33 0 15 23 511 322 263 585 0 0 113 0 135 0 67 60 
145 141 72 0 125 84 0 84 81 299 0 30 0 17 22 499 422 282 576 0 0 116 0 135 0 67 60 
142 144 68 0 128 91 0 85 82 296 0 29 0 19 23 510 376 265 551 0 0 110 0 135 0 67 60 
145 146 69 0 130 91 0 81 83 293 0 31 0 19 23 527 361 281 614 0 0 105 0 135 0 66 60 
143 142 68 0 131 84 0 83 82 291 0 29 0 21 24 536 469 305 610 0 0 101 0 135 0 66 60 
147 142 68 0 131 81 0 86 83 287 0 25 0 21 24 507 468 269 564 0 0 106 0 135 0 66 60 
144 139 69 0 130 83 0 80 82 290 0 28 0 22 24 510 405 275 614 0 0 112 0 135 0 65 60 
145 145 68 0 129 79 0 76 83 290 0 27 0 22 24 515 472 259 562 0 0 112 0 135 0 65 60 
144 146 71 0 127 75 0 86 83 291 0 29 0 21 23 548 391 277 591 0 0 112 0 135 0 65 60 
144 135 71 0 126 75 0 86 85 289 0 27 0 24 24 560 318 298 612 0 0 109 0 135 0 65 60 
146 144 72 0 124 78 0 78 85 291 0 30 0 24 24 536 378 249 563 0 0 110 0 135 0 65 60 
146 145 72 0 124 79 0 81 83 295 0 26 0 24 23 505 347 280 575 0 0 113 0 135 0 65 60 
143 141 70 0 123 86 0 83 83 289 0 30 0 23 24 510 516 266 642 0 0 117 0 135 0 66 60 
142 146 72 0 122 93 0 82 82 291 0 30 0 21 23 521 392 271 616 0 0 119 0 135 0 66 60 
144 146 73 0 123 100 0 85 82 292 0 33 0 20 23 521 390 275 596 0 0 120 0 135 0 66 60 
146 148 70 0 124 96 0 81 83 290 0 37 0 21 23 496 476 272 661 0 0 115 0 135 0 66 60 
144 145 69 0 124 94 0 83 82 282 0 42 0 19 22 511 369 258 635 0 0 111 0 135 0 66 60 
148 139 67 0 123 84 0 81 82 281 0 42 0 21 21 507 382 248 632 0 0 109 0 135 0 67 60 
143 145 68 0 123 76 0 76 82 289 0 46 0 21 22 523 288 263 658 0 0 111 0 135 0 67 60 
143 144 72 0 122 67 0 82 83 293 0 45 0 21 21 482 341 283 613 0 0 116 0 135 0 66 60 
146 144 70 0 122 65 0 83 83 295 0 45 0 19 21 504 424 261 600 0 0 118 0 135 0 66 60 
143 144 70 0 122 67 0 84 84 291 0 41 0 20 22 518 395 258 632 0 0 117 0 135 0 65 60 
143 143 71 0 122 68 0 83 83 286 0 47 0 19 23 528 419 300 666 0 0 114 0 135 0 65 60 
144 144 71 0 121 69 0 87 83 288 0 47 0 18 23 529 422 263 632 0 0 116 0 135 0 65 60 
140 149 70 0 121 70 0 85 82 290 0 50 0 19 22 550 295 248 576 0 0 116 0 135 0 65 60 
144 145 71 0 119 76 0 82 82 295 0 49 0 18 23 550 357 285 590 0 0 117 0 135 0 65 60 
141 146 71 0 119 79 0 84 83 295 0 49 0 20 22 510 503 276 537 0 0 116 0 135 0 64 60 
144 158 70 0 122 82 0 81 83 290 0 44 0 19 22 473 424 251 646 0 0 116 0 135 0 64 60 
144 142 68 0 123 81 0 83 83 289 0 40 0 22 23 520 361 240 568 0 0 111 0 135 0 64 60 
143 140 69 0 124 81 0 87 82 287 0 36 0 20 24 556 382 274 632 0 0 105 0 135 0 64 60 
145 146 68 0 124 80 0 82 81 285 0 33 0 20 25 493 404 262 605 0 0 100 0 135 0 64 60 
144 152 69 0 121 84 0 84 82 290 0 30 0 21 24 530 429 263 598 0 0 97 0 135 0 64 60 
143 149 67 0 120 91 0 82 82 294 0 33 0 20 23 523 427 278 633 0 0 99 0 135 0 65 60 
147 150 69 0 119 97 0 81 82 289 0 29 0 21 23 511 369 246 599 0 0 105 0 135 0 64 60 
142 140 72 0 120 95 0 85 84 286 0 28 0 21 24 487 372 273 616 0 0 104 0 135 0 65 60 
145 146 72 0 121 90 0 86 84 284 0 27 0 23 23 532 337 279 621 0 0 105 0 135 0 65 60 
146 145 72 0 122 85 0 81 85 286 0 29 0 23 22 497 406 225 543 0 0 107 0 135 0 67 60 
145 144 72 0 123 81 0 85 84 296 0 28 0 23 22 513 383 230 649 0 0 108 0 135 0 68 60 
146 140 71 0 126 76 0 83 84 297 0 28 0 23 23 531 274 252 621 0 0 114 0 135 0 68 60 
145 138 71 0 127 75 0 88 83 295 0 29 0 22 22 539 420 239 585 0 0 114 0 135 0 68 60 
146 140 71 0 130 78 0 86 82 287 0 27 0 19 24 501 465 264 596 0 0 116 0 135 0 67 60 
147 147 69 0 131 81 0 79 81 286 0 28 0 18 22 498 391 252 590 0 0 118 0 135 0 66 60 
147 144 70 0 130 84 0 84 82 288 0 27 0 19 22 542 450 237 615 0 0 111 0 135 0 66 60 
146 140 67 0 128 85 0 84 82 289 0 27 0 20 23 469 395 271 620 0 0 111 0 135 0 66 60 
146 146 69 0 126 89 0 87 82 293 0 27 0 21 22 486 485 272 613 0 0 112 0 135 0 65 60 
143 143 69 0 125 87 0 88 83 291 0 26 0 23 22 508 349 237 603 0 0 118 0 135 0 65 60 
146 147 74 0 125 80 0 83 84 290 0 28 0 24 23 533 423 253 611 0 0 116 0 135 0 65 60 
145 145 72 0 125 74 0 85 84 292 0 29 0 25 22 491 379 263 591 0 0 111 0 135 0 65 60 
143 145 73 0 126 75 0 84 84 291 0 27 0 23 22 500 344 246 642 0 0 106 0 135 0 65 60 
142 146 70 0 126 77 0 82 84 293 0 28 0 24 23 529 362 244 660 0 0 103 0 135 0 65 60 
143 145 71 0 125 78 0 77 83 293 0 27 0 24 22 510 303 243 584 0 0 107 0 135 0 65 60 
144 138 70 0 127 81 0 79 85 293 0 30 0 24 22 532 359 216 597 0 0 105 0 135 0 65 60 
144 148 71 0 127 85 0 82 84 287 0 23 0 25 22 530 365 233 610 0 0 106 0 135 0 65 60 
145 148 70 0 126 86 0 76 83 284 0 28 0 25 24 532 394 270 640 0 0 107 0 135 0 64 60 
147 147 70 0 125 83 0 78 83 282 0 28 0 22 22 540 436 254 595 0 0 114 0 135 0 65 60 
146 146 70 0 124 83 0 87 80 290 0 29 0 22 23 525 419 247 600 0 0 114 0 135 0 65 60 
148 145 71 0 123 80 0 86 81 295 0 28 0 19 24 563 518 257 560 0 0 110 0 135 0 65 60 
142 142 71 0 122 84 0 88 81 291 0 31 0 18 24 511 401 241 565 0 0 110 0 135 0 65 60 
143 146 72 0 122 86 0 83 83 286 0 30 0 16 23 521 378 242 560 0 0 115 0 135 0 65 60 
145 141 70 0 123 91 0 82 83 284 0 31 0 14 23 527 355 274 539 0 0 115 0 135 0 65 60 
146 149 69 0 125 92 0 81 84 287 0 30 0 13 24 562 322 269 574 0 0 116 0 135 0 65 60 
144 156 71 0 125 91 0 77 85 290 0 30 0 14 23 510 373 311 569 0 0 112 0 135 0 65 60 
149 134 73 0 125 83 0 85 83 294 0 32 0 14 22 497 354 273 557 0 0 111 0 135 0 65 60 
143 145 70 0 124 84 0 85 83 291 0 30 0 15 23 499 309 260 572 0 0 112 0 135 0 65 60 
146 150 71 0 126 85 0 83 82 290 0 32 0 17 23 504 378 257 586 0 0 111 0 135 0 65 60 
151 147 74 0 126 81 0 88 84 288 0 32 0 16 23 497 423 257 622 0 0 109 0 135 0 65 60 
149 148 71 0 126 81 0 80 83 284 0 32 0 20 23 518 470 272 660 0 0 104 0 135 0 65 60 
146 149 69 0 125 85 0 83 82 287 0 29 10 20 22 520 451 275 681 0 0 106 0 135 0 65 60 
139 138 69 0 124 87 0 81 82 291 0 31 12 24 22 525 311 274 626 0 0 110 0 135 0 65 60 
147 151 70 0 122 85 0 81 81 291 0 30 10 23 22 524 403 261 582 0 0 110 0 135 0 65 60 
148 147 73 0 122 79 0 84 82 290 0 28 19 24 23 526 409 266 669 0 0 112 0 135 0 65 60 
143 143 69 0 122 79 0 82 83 286 0 30 20 24 22 549 523 288 658 0 0 114 0 135 0 64 60 
145 139 71 0 123 81 0 83 84 287 0 29 30 23 22 509 371 249 657 0 0 117 0 135 0 64 60 
147 135 71 0 123 77 0 83 84 291 0 30 44 22 23 530 326 267 591 0 0 119 0 135 0 64 60 
143 143 74 0 124 78 0 83 84 295 0 28 45 22 24 541 392 258 629 0 0 118 0 135 0 63 60 
147 147 69 0 125 81 0 89 84 294 0 28 45 22 22 530 341 299 653 0 0 119 0 135 0 64 60 
144 138 71 0 127 85 0 86 86 290 0 27 46 20 23 495 402 277 689 0 0 121 0 135 0 64 60 
142 140 71 0 129 85 0 83 84 286 0 31 47 21 23 505 433 284 581 0 0 124 0 135 0 64 60 
147 142 72 0 131 92 0 84 83 287 0 31 44 20 22 491 344 291 604 0 0 118 0 135 0 64 60 
146 141 69 0 131 97 0 79 83 289 0 35 45 20 21 545 311 303 560 0 0 108 0 135 0 64 60 
143 146 69 0 131 94 0 89 82 292 0 36 45 21 22 529 447 280 559 0 0 106 0 135 0 65 60 
143 150 68 0 129 87 0 86 82 291 0 33 48 22 24 486 407 280 651 0 0 110 0 135 0 65 60 
143 144 70 0 128 81 0 82 82 289 0 33 46 24 23 547 312 285 585 0 0 111 0 135 0 65 60 
142 145 70 0 127 80 0 83 83 295 0 31 45 24 23 520 450 290 582 0 0 113 0 135 0 65 60 
144 140 72 0 126 79 0 78 83 294 0 29 43 22 23 526 425 285 613 0 0 109 0 135 0 65 60 
142 144 72 0 125 76 0 82 84 290 0 31 42 21 22 551 408 290 589 0 0 115 0 135 0 65 60 
146 150 72 0 124 75 0 82 83 295 0 28 40 21 23 523 329 294 597 0 0 117 0 135 0 65 60 
144 146 74 0 122 84 0 83 83 291 0 26 39 21 23 547 380 292 615 0 0 112 0 135 0 65 60 
143 146 73 0 122 83 0 86 82 291 0 29 37 21 22 476 348 278 528 0 0 109 0 135 0 65 60 
146 147 73 0 123 81 0 87 84 284 0 26 35 22 21 550 497 265 636 0 0 107 0 135 0 65 60 
142 143 71 0 123 76 0 83 84 279 0 29 33 22 23 510 329 316 635 0 0 109 0 135 0 65 60 
149 147 70 0 123 76 0 84 83 289 0 28 32 20 23 496 310 275 616 0 0 109 0 135 0 65 60 
145 143 69 0 123 73 0 82 82 293 0 27 32 21 22 465 421 300 645 0 0 106 0 135 0 65 60 
146 145 69 0 122 72 0 82 82 293 0 28 31 20 23 501 340 299 646 0 0 104 0 135 0 65 60 
151 157 70 0 120 81 0 81 82 287 0 25 29 20 23 496 354 268 567 0 0 108 0 135 0 65 60 
143 143 73 0 122 88 0 82 84 285 0 28 29 20 22 538 365 262 708 0 0 112 0 135 0 65 60 
144 140 70 0 122 94 0 84 83 287 0 27 28 22 22 488 433 271 607 0 0 119 0 135 0 65 60 
145 145 73 0 121 90 0 82 83 290 0 27 27 23 22 541 292 291 621 0 0 116 0 135 0 65 60 
144 153 70 0 122 85 0 81 83 293 0 27 26 21 22 484 453 270 666 0 0 111 0 135 0 65 60 
148 146 73 0 120 82 0 85 82 290 0 26 26 20 22 496 502 288 665 0 0 109 0 135 0 65 60 
148 149 72 0 120 80 0 81 83 287 0 25 25 19 22 555 438 273 640 0 0 116 0 135 0 64 60 
144 140 71 0 121 78 0 81 84 288 0 28 24 20 22 535 408 312 632 0 0 121 0 135 0 64 60 
146 143 71 0 121 84 0 78 83 287 0 26 24 22 23 521 392 268 594 0 0 123 0 135 0 64 60 
143 147 76 0 123 87 0 76 85 284 0 26 24 24 23 539 400 272 595 0 0 127 0 135 0 64 60 
145 150 70 0 124 87 0 81 83 291 0 26 24 25 23 527 378 283 693 0 0 126 0 135 0 63 60 
150 139 69 0 123 90 0 82 84 292 0 27 23 25 23 532 405 271 679 0 0 129 0 135 0 63 60 
143 139 69 0 122 94 0 85 82 293 0 28 22 24 22 529 448 290 607 0 0 124 0 135 0 63 60 
143 141 71 0 120 90 0 84 82 289 0 27 22 24 24 511 319 275 617 0 0 127 0 135 0 62 60 
141 148 70 0 120 85 0 81 81 284 0 27 21 22 23 506 496 279 643 0 0 126 0 135 0 62 60 
143 143 69 0 120 81 0 85 81 288 0 27 21 21 23 493 357 285 597 0 0 114 0 135 0 60 60 
144 135 66 0 120 82 0 81 82 296 0 26 20 21 23 537 520 248 614 0 0 106 0 135 0 60 60 
144 145 70 0 121 85 0 85 82 295 0 28 21 19 24 530 431 282 585 0 0 107 0 135 0 59 60 
147 143 72 0 123 85 0 83 83 293 0 32 20 20 23 488 467 249 556 0 0 111 0 135 0 59 60 
141 146 71 0 126 86 0 77 84 285 0 35 19 17 24 501 406 292 626 0 0 110 0 135 0 60 60 
144 145 71 0 128 90 0 81 84 289 0 40 19 18 24 511 347 252 625 0 0 107 0 135 0 60 60 
145 148 73 0 129 89 0 79 84 286 0 40 19 19 24 541 365 303 586 0 0 106 0 135 0 60 60 
146 144 71 0 130 83 0 83 83 289 0 46 17 21 24 548 327 277 565 0 0 104 0 135 0 61 60 
145 145 69 0 129 81 0 85 81 291 0 45 16 21 24 532 459 254 612 0 0 105 0 135 0 62 60 
148 143 65 0 126 85 0 79 82 286 0 41 15 21 23 535 329 249 661 0 0 103 0 135 0 63 60 
148 145 68 0 125 87 0 86 82 291 0 41 14 25 23 526 394 274 663 0 0 100 0 135 0 63 60 
144 149 70 0 125 86 0 85 82 292 0 37 13 27 23 452 363 266 609 0 0 102 0 135 0 64 60 
140 142 69 0 124 91 0 83 83 291 0 39 11 26 22 531 440 276 632 0 0 103 0 135 0 64 60 
145 146 70 0 123 90 0 86 83 293 0 40 10 25 23 511 359 234 666 0 0 100 0 135 0 64 60 
149 147 69 0 123 83 0 81 82 294 0 45 10 27 24 508 377 264 667 0 0 96 0 135 0 64 60 
151 141 74 0 124 77 0 86 82 295 0 45 0 24 23 504 386 268 602 0 0 91 0 135 0 65 60 
145 149 72 0 125 76 0 82 82 285 0 46 10 22 24 493 443 273 667 0 0 89 0 135 0 65 60 
146 144 70 0 127 81 0 81 84 280 0 44 10 21 23 532 303 249 682 0 0 86 0 135 0 65 60 
146 148 71 0 128 79 0 83 84 287 0 40 11 21 22 503 410 252 591 0 0 86 0 135 0 65 60 
148 156 72 0 128 78 0 81 86 297 0 36 11 19 23 527 429 233 607 0 0 88 0 135 0 66 60 
146 136 68 0 126 77 0 82 82 297 0 34 12 18 24 516 307 268 593 0 0 93 0 135 0 66 60 
144 143 68 0 126 75 0 83 83 290 0 35 13 12 23 512 468 235 624 0 0 95 0 135 0 66 60 
145 151 68 0 123 75 0 86 82 285 0 39 14 15 22 567 376 278 593 0 0 96 0 135 0 66 60 
142 149 69 0 124 78 0 83 82 289 0 37 14 14 22 537 373 261 551 0 0 94 0 135 0 66 60 
142 148 69 0 122 85 0 78 81 288 0 40 14 17 24 566 423 254 614 0 0 97 0 135 0 65 60 
144 143 68 0 124 91 0 81 84 292 0 43 14 12 25 503 363 261 594 0 0 102 0 135 0 65 60 
146 141 69 0 125 86 0 86 82 290 0 43 14 20 23 507 399 266 537 0 0 103 0 135 0 65 60 
148 145 71 0 124 80 0 81 83 286 0 42 13 24 22 494 331 241 633 0 0 98 0 135 0 65 60 
145 145 73 0 124 82 0 83 83 285 0 40 14 24 22 506 497 292 644 0 0 97 0 135 0 65 60 
143 142 70 0 123 85 0 80 84 285 0 41 14 24 24 517 401 224 530 0 0 97 0 135 0 65 60 
142 144 73 0 124 86 0 85 82 284 0 39 14 25 23 535 441 244 660 0 0 92 0 135 0 65 60 
141 138 73 0 125 93 0 87 83 290 0 35 14 25 22 515 422 222 620 0 0 97 0 135 0 64 60 
143 144 72 0 125 103 0 87 83 293 0 35 14 23 23 522 415 239 588 0 0 95 0 135 0 64 60 
143 147 69 0 124 96 0 89 83 295 0 34 14 24 22 497 463 256 605 0 0 97 0 135 0 64 60 
146 136 70 0 123 83 0 82 83 292 0 36 13 25 23 493 351 235 645 0 0 99 0 135 0 65 60 
143 140 70 0 122 80 0 83 83 290 0 39 13 24 22 528 413 261 645 0 0 99 0 135 0 64 60 
144 146 69 0 121 78 0 87 83 292 0 43 13 23 23 478 416 251 581 0 0 94 0 135 0 64 60 
145 143 68 0 122 77 0 77 84 296 0 44 13 21 22 573 337 235 619 0 0 86 0 135 0 64 60 
146 147 69 0 122 74 0 79 83 299 0 41 13 18 23 529 277 234 584 0 0 85 0 135 0 64 60 
145 147 71 0 122 73 0 83 83 295 0 45 12 17 23 547 350 272 675 0 0 86 0 135 0 64 60 
146 145 70 0 123 78 0 80 82 290 0 41 12 16 22 505 441 235 727 0 0 87 0 135 0 65 60 
143 148 72 0 125 72 0 80 82 287 0 38 12 16 23 503 411 244 625 0 0 88 0 135 0 65 60 
145 148 71 0 126 78 0 82 84 287 0 39 12 17 22 527 333 240 645 0 0 90 0 135 0 65 60 
146 143 71 0 129 83 0 89 84 291 0 42 12 19 22 505 370 266 613 0 0 93 0 135 0 65 60 
144 145 71 0 130 84 0 87 86 291 0 42 14 20 22 534 299 246 583 0 0 95 0 135 0 65 60 
145 144 70 0 131 82 0 79 83 289 0 42 15 21 23 502 417 259 530 0 0 97 0 135 0 65 60 
145 144 70 0 131 78 0 83 82 292 0 44 15 21 23 527 389 257 569 0 0 96 0 135 0 65 60 
146 150 67 0 130 82 0 84 83 292 0 42 15 23 23 526 320 239 682 0 0 89 0 135 0 65 60 
146 145 67 0 128 85 0 81 82 291 0 39 16 21 21 524 339 229 581 0 0 88 0 135 0 65 60 
142 147 67 0 127 82 0 82 84 292 0 47 16 23 23 524 400 245 648 0 0 88 0 135 0 65 60 
142 146 69 0 126 87 0 83 84 293 0 49 18 25 23 484 372 243 641 0 0 87 0 135 0 65 60 
143 142 71 0 124 92 0 87 84 294 0 47 19 23 22 483 457 250 631 0 0 90 0 135 0 65 60 
142 151 69 0 123 95 0 81 82 284 0 47 19 23 23 520 445 261 552 0 0 91 0 135 0 65 60 
143 143 73 0 122 86 0 82 82 282 0 47 19 21 23 538 401 253 637 0 0 92 0 135 0 65 60 
143 142 71 0 122 76 0 83 82 284 0 43 19 21 23 547 408 248 586 0 0 92 0 135 0 65 60 
147 146 71 0 122 74 0 83 83 291 0 39 19 21 22 510 493 259 630 0 0 92 0 135 0 65 60 
147 158 69 0 123 76 0 82 84 296 0 38 19 21 23 488 343 251 613 0 0 93 0 135 0 65 60 
139 148 72 0 124 75 0 84 83 292 0 37 18 20 22 494 366 259 596 0 0 94 0 135 0 65 60 
146 153 71 0 123 75 0 81 84 286 0 33 18 21 21 528 423 228 627 0 0 94 0 135 0 65 60 
144 139 69 0 122 76 0 83 82 288 0 30 17 21 22 523 430 261 610 0 0 95 0 135 0 65 60 
149 143 68 0 122 81 0 81 83 287 0 28 17 22 23 482 479 270 628 0 0 98 0 135 0 64 60 
143 152 71 0 123 81 0 82 83 293 0 28 17 19 22 512 289 278 563 0 0 95 0 135 0 64 60 
138 145 71 0 123 86 0 85 84 294 0 28 17 19 23 510 391 281 631 0 0 97 0 135 0 64 60 
143 140 69 0 123 86 0 84 84 287 0 29 18 19 23 504 418 248 614 0 0 100 0 135 0 64 60 
143 141 67 0 122 89 0 89 83 289 0 30 18 19 23 505 426 261 616 0 0 96 0 135 0 64 60 
147 140 69 0 121 82 0 82 82 286 0 28 19 18 23 508 392 259 621 0 0 98 0 135 0 63 60 
145 145 72 0 121 80 0 83 84 284 0 31 19 19 23 526 340 239 639 0 0 97 0 135 0 63 60 
145 148 73 0 121 84 0 86 81 285 0 29 20 21 23 495 425 265 627 0 0 96 0 135 0 63 60 
148 140 69 0 122 84 0 81 82 290 0 31 20 21 24 520 382 266 678 0 0 98 0 135 0 63 60 
150 145 73 0 123 79 0 84 83 289 0 33 19 20 22 537 440 314 577 0 0 93 0 135 0 64 60 
143 143 73 0 124 81 0 78 83 289 0 33 20 20 22 546 460 251 570 0 0 90 0 135 0 64 60 
146 145 71 0 124 89 0 78 83 287 0 34 21 20 24 518 337 277 564 0 0 97 0 135 0 65 60 
146 145 68 0 123 89 0 84 83 288 0 30 20 20 24 519 327 263 679 0 0 95 0 135 0 65 60 
150 149 71 0 122 92 0 80 84 295 0 31 20 21 23 511 423 261 605 0 0 101 0 135 0 65 60 
144 145 67 0 121 89 0 81 83 302 0 27 19 21 21 524 314 243 567 0 0 101 0 135 0 65 60 
140 146 68 0 120 87 0 87 82 295 0 29 17 22 21 548 404 296 645 0 0 99 0 135 0 64 60 
145 143 67 0 121 81 0 84 83 290 0 27 17 23 20 502 358 264 574 0 0 94 0 135 0 64 60 
144 147 67 0 121 79 0 87 82 291 0 27 17 23 20 478 337 251 581 0 0 93 0 135 0 63 60 
145 148 72 0 123 77 0 82 81 290 0 27 16 24 20 469 432 252 582 0 0 95 0 135 0 63 60 
144 148 70 0 126 76 0 83 82 292 0 26 16 22 23 490 393 285 555 0 0 97 0 135 0 63 60 
145 145 71 0 128 75 0 86 83 294 0 27 16 21 22 505 440 297 570 0 0 96 0 135 0 64 60 
146 146 71 0 129 78 0 84 84 290 0 25 17 19 22 523 435 286 632 0 0 93 0 135 0 63 60 
143 140 74 0 130 83 0 82 85 291 0 27 16 17 22 517 387 311 605 0 0 88 0 135 0 64 60 
144 145 71 0 129 87 0 79 83 291 0 27 16 19 22 539 357 285 606 0 0 91 0 135 0 65 60 
146 146 69 0 128 84 0 80 81 292 0 29 15 20 23 539 425 287 648 0 0 94 0 135 0 64 60 
142 144 68 0 126 79 0 84 81 291 0 24 15 21 24 531 370 276 622 0 0 100 0 135 0 64 60 
145 155 71 0 125 81 0 83 82 291 0 26 15 23 23 551 491 289 594 0 0 100 0 135 0 63 60 
142 140 67 0 124 78 0 82 83 292 0 28 15 24 23 534 424 273 655 0 0 97 0 135 0 62 60 
147 141 70 0 123 75 0 82 83 285 0 28 16 24 24 505 296 279 594 0 0 98 0 135 0 61 60 
144 150 69 0 123 79 0 79 84 282 0 28 17 25 22 493 338 287 614 0 0 95 0 135 0 61 60 
144 153 72 0 124 87 0 79 82 279 0 27 17 23 23 532 352 266 625 0 0 92 0 135 0 62 60 
144 147 72 0 125 85 0 77 82 289 0 26 17 24 24 462 412 315 659 0 0 89 0 135 0 62 60 
140 148 71 0 126 85 0 80 83 294 0 29 19 24 23 485 362 290 654 0 0 94 0 135 0 63 60 
144 139 74 0 127 82 0 89 83 291 0 27 20 24 23 505 366 293 583 0 0 95 0 135 0 63 60 
144 142 71 0 127 82 0 83 85 289 0 28 20 25 23 522 347 267 563 0 0 93 0 135 0 64 60 
147 146 72 0 126 77 0 82 83 288 0 29 21 23 22 513 326 263 620 0 0 95 0 135 0 63 60 
145 144 71 0 125 72 0 86 83 287 0 31 23 22 22 535 423 283 540 0 0 99 0 135 0 62 60 
145 139 68 0 124 74 0 86 81 291 0 28 23 19 23 529 392 293 559 0 0 100 0 135 0 63 60 
148 139 70 0 124 81 0 83 83 295 0 28 25 18 24 498 338 263 633 0 0 100 0 135 0 62 60 
142 146 70 0 123 81 0 79 83 292 0 25 26 16 23 557 478 277 558 0 0 90 0 135 0 62 60 
147 141 69 0 124 84 0 83 84 291 0 26 26 14 23 517 382 326 636 0 0 88 0 135 0 61 60 
147 143 71 0 124 86 0 80 82 286 0 28 28 14 23 503 330 332 595 0 0 84 0 135 0 61 60 
141 137 72 0 123 85 0 81 82 287 0 28 28 14 22 540 377 293 596 0 0 86 0 135 0 62 60 
147 144 72 0 123 80 0 85 83 287 0 27 28 14 23 511 407 292 577 0 0 95 0 135 0 63 60 
145 147 70 0 123 74 0 84 83 290 0 26 27 13 23 530 288 273 571 0 0 93 0 135 0 64 60 
142 143 71 0 124 77 0 89 84 291 0 28 29 17 23 506 446 290 576 0 0 91 0 135 0 63 60 
149 144 71 0 124 81 0 82 84 291 0 26 29 17 22 494 388 316 565 0 0 95 0 135 0 64 60 
143 148 73 0 124 85 0 83 82 286 0 28 30 21 23 498 419 301 630 0 0 93 0 135 0 64 60 
144 145 72 0 124 84 0 87 82 288 0 28 33 22 23 509 383 300 574 0 0 91 0 135 0 65 60 
143 147 69 0 123 90 0 80 82 288 0 29 37 22 23 507 417 267 607 0 0 92 0 135 0 66 60 
142 142 70 0 121 91 0 84 82 296 0 29 38 22 23 509 453 267 652 0 0 94 0 135 0 67 60 
147 143 68 0 121 83 0 81 82 295 0 29 37 25 23 535 427 272 614 0 0 99 0 135 0 67 60 
140 144 70 0 121 79 0 86 83 291 0 29 36 23 22 523 413 263 597 0 0 99 0 135 0 68 60 
144 146 67 0 121 80 0 84 83 289 0 30 36 23 23 470 399 240 586 0 0 100 0 135 0 67 60 
143 146 68 0 121 81 0 80 84 288 0 27 35 22 23 520 516 280 599 0 0 97 0 135 0 67 60 
139 146 69 0 122 79 0 87 83 293 0 28 35 21 23 541 252 290 641 0 0 97 0 135 0 66 60 
144 143 71 0 123 80 0 81 82 289 0 29 36 22 22 549 367 273 645 0 0 99 0 135 0 65 60 
142 144 73 0 125 86 0 83 82 291 0 29 35 21 23 515 407 279 645 0 0 101 0 135 0 66 60 
146 144 75 0 127 88 0 86 83 289 0 31 34 19 23 507 387 299 576 0 0 100 0 135 0 64 60 
148 143 71 0 129 83 0 84 84 291 0 32 33 19 22 520 346 289 635 0 0 98 0 135 0 63 60 
143 155 71 0 130 82 0 82 84 291 0 31 32 21 22 550 413 297 584 0 0 99 0 135 0 62 60 
146 139 74 0 131 81 0 80 83 290 0 30 31 21 23 500 349 277 577 0 0 98 0 135 0 62 60 
145 139 71 0 130 81 0 83 81 293 0 32 29 22 23 511 502 294 616 0 0 97 0 135 0 62 60 
146 146 70 0 129 77 0 85 81 295 0 33 29 25 22 486 435 246 642 0 0 100 0 135 0 62 60 
147 154 67 0 128 82 0 81 81 292 0 35 29 24 24 496 417 287 560 0 0 99 0 135 0 63 60 
142 147 68 0 126 88 0 79 84 285 0 35 29 23 22 515 358 268 557 0 0 97 0 135 0 63 60 
143 150 70 0 124 94 0 91 83 281 0 34 28 23 23 544 352 312 602 0 0 93 0 135 0 63 60 
143 142 70 0 123 94 0 84 83 289 0 33 28 20 23 491 428 289 571 0 0 89 0 135 0 63 60 
143 146 70 0 123 93 0 85 83 292 0 31 29 19 23 528 339 280 576 0 0 84 0 135 0 63 60 
148 149 71 0 123 92 0 87 82 294 0 31 28 20 22 526 440 286 581 0 0 84 0 135 0 63 60 
145 146 70 0 123 85 0 84 83 287 0 34 28 20 22 582 308 297 544 0 0 85 0 135 0 62 60 
147 139 72 0 124 79 0 87 84 286 0 35 28 21 23 541 383 295 599 0 0 90 0 135 0 62 60 
148 141 73 0 124 81 0 81 84 289 0 34 28 21 23 519 404 287 611 0 0 92 0 135 0 62 60 
146 140 74 0 123 85 0 79 83 289 0 37 28 21 22 511 391 295 541 0 0 98 0 135 0 61 60 
144 147 73 0 122 83 0 81 81 293 0 39 28 20 23 508 455 285 603 0 0 99 0 135 0 62 60 
144 142 66 0 123 81 0 80 81 291 0 35 28 18 23 498 451 270 622 0 0 97 0 135 0 62 60 
145 141 70 0 123 81 0 84 83 290 0 36 27 21 22 507 432 296 642 0 0 92 0 135 0 63 60 
143 144 69 0 123 83 0 74 82 287 0 38 26 22 23 522 292 314 608 0 0 91 0 135 0 64 60 
146 141 72 0 123 78 0 78 83 286 0 41 26 21 24 471 408 287 611 0 0 96 0 135 0 64 60 
145 144 68 0 122 76 0 86 83 287 0 44 26 21 22 514 400 316 624 0 0 96 0 135 0 65 60 
144 148 71 0 121 77 0 86 83 289 0 38 25 19 22 505 345 318 607 0 0 101 0 135 0 65 60 
145 150 71 0 121 83 0 84 83 292 0 35 24 20 22 517 474 304 620 0 0 98 0 135 0 65 60 
148 148 72 0 121 83 0 79 83 288 0 37 23 19 22 537 412 300 681 0 0 100 0 135 0 66 60 
146 145 73 0 122 81 0 82 84 286 0 38 22 21 22 475 397 278 628 0 0 105 0 135 0 67 60 
147 146 74 0 123 84 0 82 83 286 0 40 20 24 24 520 323 279 626 0 0 103 0 135 0 67 60 
145 143 70 0 124 85 0 81 83 291 0 37 19 26 23 532 348 305 642 0 0 103 0 135 0 67 60 
143 150 73 0 123 82 0 83 82 297 0 33 16 24 22 588 325 298 572 0 0 105 0 135 0 69 60 
144 145 75 0 123 80 0 82 81 297 0 31 16 25 22 552 305 295 565 0 0 106 0 135 0 70 60 
144 147 72 0 123 83 0 85 82 296 0 36 16 23 23 543 481 280 614 0 0 104 0 135 0 69 60 
144 146 72 0 120 83 0 82 84 290 0 31 15 24 23 516 348 293 572 0 0 99 0 135 0 68 60 
145 144 68 0 120 84 0 82 84 288 0 31 15 21 23 535 288 295 637 0 0 96 0 135 0 69 60 
148 148 71 0 120 83 0 85 83 291 0 28 13 21 23 521 455 335 585 0 0 92 0 135 0 70 60 
150 150 68 0 121 88 0 81 83 292 0 30 11 21 23 507 432 277 560 0 0 91 0 135 0 70 60 
145 146 72 0 123 88 0 81 82 295 0 28 0 19 22 501 336 317 592 0 0 91 0 135 0 69 60 
144 155 67 0 125 84 0 83 81 292 0 26 0 17 23 513 431 336 593 0 0 92 0 135 0 68 60 
144 138 67 0 128 79 0 82 82 291 0 29 0 17 21 536 455 303 570 0 0 95 0 135 0 68 60 
145 145 71 0 130 80 0 81 83 294 0 26 0 19 23 487 365 315 541 0 0 96 0 135 0 69 60 
142 155 70 0 131 77 0 87 85 293 0 28 0 20 23 493 438 294 577 0 0 98 0 135 0 67 60 
143 148 73 0 131 77 0 86 85 292 0 26 0 19 22 515 412 298 621 0 0 100 0 135 0 66 60 
143 149 69 0 129 81 0 86 85 294 0 27 0 22 22 525 407 297 617 0 0 100 0 135 0 66 60 
146 147 73 0 128 89 0 86 82 291 0 28 0 26 22 524 383 302 615 0 0 100 0 135 0 66 60 
145 139 69 0 126 94 0 82 81 284 0 27 0 27 23 582 313 300 623 0 0 95 0 135 0 66 60 
146 142 69 0 125 92 0 85 81 282 0 27 0 27 23 560 507 283 605 0 0 95 0 135 0 65 60 
144 151 66 0 123 89 0 84 83 284 0 27 0 29 22 539 382 303 640 0 0 96 0 135 0 66 60 
146 141 67 0 123 85 0 84 83 292 0 28 0 27 23 476 330 274 597 0 0 93 0 135 0 66 60 
140 139 70 0 123 80 0 87 83 296 0 27 0 25 23 497 442 312 586 0 0 95 0 135 0 66 60 
148 141 70 0 124 76 0 79 81 289 0 27 0 22 22 511 377 283 630 0 0 90 0 135 0 65 60 
141 143 70 0 125 80 0 81 83 288 0 26 0 20 24 490 387 311 594 0 0 92 0 135 0 65 60 
142 145 71 0 127 84 0 80 83 286 0 28 0 20 23 499 335 293 659 0 0 90 0 135 0 65 60 
144 139 72 0 127 88 0 79 84 287 0 29 0 19 22 489 375 317 631 0 0 89 0 135 0 64 60 
143 139 73 0 126 88 0 83 84 291 0 28 0 19 24 479 409 312 598 0 0 90 0 135 0 64 60 
143 147 72 0 125 93 0 80 84 292 0 27 0 15 22 481 410 282 565 0 0 93 0 135 0 65 60 
145 141 72 0 124 93 0 86 83 289 0 27 0 15 23 484 387 298 617 0 0 98 0 135 0 66 60 
145 147 72 0 124 83 0 87 83 290 0 26 0 15 23 486 389 283 594 0 0 100 0 135 0 66 60 
141 148 68 0 124 82 0 85 83 290 0 28 0 16 24 485 407 294 553 0 0 93 0 135 0 65 60 
146 147 69 0 125 79 0 83 83 289 0 28 0 19 23 489 404 278 583 0 0 90 0 135 0 66 60 
144 146 71 0 124 80 0 82 83 287 0 28 0 23 23 487 390 284 614 0 0 90 0 135 0 66 60 
148 146 67 0 125 79 0 82 82 294 0 26 0 24 24 480 328 271 620 0 0 92 0 135 0 66 60 
142 143 69 0 125 78 0 84 81 292 0 26 0 24 22 487 409 262 568 0 0 95 0 135 0 65 60 
149 145 71 0 125 78 0 82 82 287 0 27 0 24 23 473 427 270 627 0 0 93 0 135 0 65 60 
140 150 70 0 126 82 0 82 82 285 0 25 0 24 23 484 401 300 557 0 0 95 0 135 0 65 60 
144 143 71 0 126 83 0 79 83 284 0 27 0 25 23 486 394 322 593 0 0 90 0 135 0 65 60 
147 145 71 0 125 85 0 86 84 293 0 28 0 23 23 481 455 267 601 0 0 92 0 135 0 65 60 
144 145 74 0 125 89 0 85 83 298 0 26 0 22 22 485 385 295 559 0 0 89 0 135 0 65 60 
145 143 73 0 124 80 0 83 83 295 0 29 0 25 23 484 406 292 578 0 0 92 0 135 0 65 60 
144 150 71 0 123 72 0 78 82 290 0 26 0 24 23 487 438 294 591 0 0 92 0 135 0 66 60 
146 143 71 0 122 75 0 77 83 288 0 27 0 22 24 477 411 297 619 0 0 94 0 135 0 66 60 
145 146 68 0 122 76 0 79 81 288 0 27 0 22 22 473 422 289 623 0 0 96 0 135 0 66 60 
144 154 72 0 122 77 0 79 83 288 0 24 0 20 23 487 379 290 592 0 0 89 0 135 0 66 60 
142 137 67 0 121 80 0 81 83 292 0 29 0 18 22 478 345 292 562 0 0 84 0 135 0 66 60 
148 143 70 0 122 81 0 88 83 291 0 26 0 16 23 479 337 255 625 0 0 80 0 135 0 66 60 
147 152 69 0 123 85 0 84 83 287 0 28 0 16 23 420 436 274 620 0 0 78 0 135 0 65 60 
146 151 71 0 124 79 0 84 83 291 0 27 0 16 23 19 362 300 607 0 0 76 0 135 0 65 60 
144 146 70 0 127 76 0 87 82 294 0 27 0 19 23 43 346 285 610 0 0 74 0 135 0 65 60 
141 143 71 0 128 74 0 82 83 290 0 25 0 19 23 23 478 300 678 0 0 72 0 135 0 64 60 
145 144 73 0 130 79 0 78 84 293 0 27 0 20 24 24 452 283 620 0 0 70 0 135 0 64 60 
148 150 71 0 130 81 0 78 85 292 0 26 0 22 23 0 335 292 603 0 0 66 0 135 0 64 60 
141 147 73 0 130 81 0 81 83 289 0 28 0 21 22 23 422 301 593 0 0 64 0 135 0 64 60 
146 144 74 0 130 84 0 82 84 283 0 28 0 21 23 21 380 291 615 0 0 67 0 135 0 64 60 
144 139 71 0 129 87 0 82 82 279 0 27 0 21 23 19 488 290 633 0 0 68 0 135 0 64 60 
145 139 67 0 127 82 0 86 81 290 0 29 0 24 22 21 349 290 654 0 0 70 0 135 0 64 60 
150 142 69 0 125 80 0 89 82 294 0 27 0 24 23 23 367 296 554 0 0 69 0 135 0 65 60 
132 146 68 0 123 86 0 83 83 294 0 27 0 24 23 20 423 300 577 0 0 73 0 135 0 65 60 
149 136 72 0 122 88 0 85 82 290 0 26 0 23 22 22 467 277 555 0 0 77 0 135 0 65 60 
147 139 68 0 122 87 0 82 83 286 0 28 0 21 22 17 372 272 651 0 0 76 0 135 0 65 60 
147 140 72 0 123 89 0 83 83 287 0 28 0 21 23 18 409 295 574 0 0 79 0 135 0 65 60 
153 144 70 0 124 91 0 81 83 288 0 29 0 19 23 10 463 291 586 0 0 79 0 135 0 65 60 
150 144 74 0 124 91 0 79 84 292 0 27 0 21 23 0 397 275 574 0 0 79 0 135 0 65 60 
155 151 73 0 124 92 0 87 84 291 0 30 0 21 22 21 372 310 588 0 0 79 0 135 0 65 60 
152 145 70 0 123 92 0 81 83 288 0 24 0 20 21 13 346 311 556 0 0 81 0 135 0 65 60 
152 145 69 0 123 91 0 80 81 288 0 29 0 21 23 10 305 305 627 0 0 86 0 135 0 65 60 
150 144 71 0 123 81 0 83 82 287 0 28 0 20 22 15 447 332 676 0 0 83 0 135 0 65 60 
149 142 71 0 122 74 0 84 83 284 0 28 0 20 22 12 444 323 626 0 0 85 0 135 0 64 60 
149 145 67 0 122 71 0 86 81 290 0 29 0 19 23 0 306 309 647 0 0 84 0 135 0 64 60 
148 147 70 0 122 83 0 79 82 293 0 28 0 19 23 15 328 288 647 0 0 81 0 135 0 64 60 
149 144 68 0 121 91 0 86 83 291 0 27 0 19 23 21 342 304 615 0 0 77 0 135 0 64 60 
147 145 71 0 121 92 0 87 82 288 0 29 0 19 22 0 339 304 635 0 0 80 0 135 0 63 60 
148 146 69 0 121 86 0 79 83 285 0 27 0 18 23 19 379 311 689 0 0 81 0 135 0 64 60 
146 146 70 0 121 78 0 86 84 292 0 28 0 19 22 16 370 290 593 0 0 80 0 135 0 64 60 
147 145 71 0 122 77 0 82 84 297 0 29 0 20 22 0 509 306 634 0 0 78 0 135 0 64 60 
143 144 72 0 123 69 0 80 83 296 0 26 0 21 24 11 355 307 661 0 0 78 0 135 0 63 60 
144 150 69 0 123 71 0 80 83 294 0 29 0 20 22 13 355 295 629 0 0 77 0 135 0 63 60 
146 147 70 0 123 77 0 85 82 290 0 28 0 19 23 13 428 310 601 0 0 86 0 135 0 64 60 
146 138 72 0 123 87 0 88 82 288 0 30 0 21 22 14 379 323 553 0 0 92 0 135 0 64 60 
144 140 72 0 121 88 0 88 82 291 0 28 0 20 22 0 369 325 566 0 0 99 0 135 0 64 60 
142 155 71 0 120 92 0 84 84 291 0 29 0 21 22 0 372 324 655 0 0 110 0 135 0 64 60 
144 149 69 0 119 93 0 87 83 290 0 30 0 23 22 12 337 317 549 0 0 117 0 135 0 64 60 
144 148 70 0 120 85 0 81 83 287 0 28 0 23 22 0 406 319 580 0 0 123 0 135 0 65 60 
145 144 71 0 121 81 0 79 82 290 0 28 0 22 23 0 383 336 549 0 0 123 0 135 0 65 60 
148 143 70 0 124 79 0 83 82 291 0 29 0 22 23 16 274 327 620 0 0 126 0 135 0 66 60 
144 143 67 0 127 79 0 78 81 291 0 28 0 20 22 0 420 341 560 0 0 133 0 135 0 66 60 
146 144 67 0 128 79 0 84 82 292 0 27 0 19 22 11 465 312 604 0 0 132 0 135 0 67 60 
145 138 69 0 130 79 0 82 82 291 0 28 0 17 23 0 391 291 557 0 0 129 0 135 0 67 60 
143 138 71 0 131 79 0 79 84 290 0 27 0 18 24 0 450 302 575 0 0 123 0 135 0 67 60 
145 141 70 0 130 86 0 83 84 284 0 28 0 21 23 18 395 327 604 0 0 120 0 135 0 67 60 
142 144 70 0 129 82 0 80 84 280 0 26 0 21 23 0 485 338 603 0 0 115 0 135 0 67 60 
144 145 74 0 127 79 0 91 83 282 0 28 0 23 24 0 349 311 601 0 0 117 0 135 0 67 60 
143 141 71 0 125 81 0 84 84 294 0 27 0 25 23 16 423 316 648 0 0 115 0 135 0 66 60 
147 141 69 0 124 83 0 79 82 295 0 27 0 24 23 13 379 317 604 0 0 120 0 135 0 65 60 
149 142 69 0 122 77 0 84 82 292 0 29 0 24 23 22 1000 328 669 0 0 120 0 135 0 66 60 
145 143 69 0 123 81 0 80 81 288 0 28 0 23 22 11 932 328 598 0 0 116 0 135 0 66 60 
147 139 69 0 123 85 0 84 82 286 0 27 0 25 22 0 949 354 611 0 0 110 0 135 0 66 60 
148 150 70 0 125 87 0 83 81 289 0 27 0 24 22 15 918 294 660 0 0 112 0 135 0 65 60 
145 145 71 0 126 83 0 86 82 291 0 27 0 24 22 20 899 326 605 0 0 112 0 135 0 65 60 
148 144 71 0 127 80 0 86 83 292 0 26 0 23 22 24 908 321 661 0 0 110 0 135 0 65 60 
144 144 75 0 126 81 0 81 84 291 0 27 0 21 22 0 940 324 688 0 0 113 0 135 0 65 60 
140 145 73 0 126 79 0 84 84 286 0 27 0 21 23 22 958 337 578 0 0 112 0 135 0 65 60 
149 145 70 0 125 77 0 84 84 286 0 27 0 19 22 21 953 341 638 0 0 113 0 135 0 65 60 
144 148 73 0 124 78 0 84 83 283 0 26 0 18 22 17 942 343 585 0 0 107 0 135 0 65 60 
144 127 72 0 124 88 0 81 84 288 0 26 0 16 22 12 967 334 552 0 0 107 0 135 0 65 60 
145 146 72 0 123 92 0 81 83 291 0 28 0 14 23 16 910 357 642 0 0 106 0 135 0 65 60 
140 146 69 0 123 96 0 83 84 292 0 28 0 14 22 26 892 337 613 0 0 106 0 135 0 65 60 
145 143 67 0 123 99 0 82 82 288 0 28 0 15 23 16 950 344 516 0 0 107 0 135 0 65 60 
144 146 66 0 124 96 0 81 81 285 0 28 0 15 23 24 960 318 660 0 0 112 0 135 0 65 60 
144 149 69 0 124 94 0 89 81 289 0 28 0 14 24 14 948 348 590 0 0 115 0 135 0 65 60 
144 155 68 0 125 82 0 86 80 297 0 28 0 16 23 0 895 322 596 0 0 114 0 135 0 65 60 
144 138 70 0 125 80 0 86 83 299 0 27 0 18 24 21 890 351 586 0 0 111 0 135 0 64 60 
146 144 68 0 125 87 0 85 83 296 0 28 0 18 24 11 979 360 578 0 0 113 0 135 0 64 60 
144 153 72 0 125 91 0 85 83 289 0 27 0 22 23 26 932 312 570 0 0 115 0 135 0 64 60 
145 156 70 0 125 85 0 82 84 289 0 26 0 23 23 27 899 355 600 0 0 117 0 135 0 64 60 
150 146 71 0 124 82 0 82 84 288 0 28 0 23 22 24 943 354 550 0 0 118 0 135 0 65 60 
146 148 70 0 124 83 0 81 83 290 0 27 0 24 22 15 1000 316 530 0 0 118 0 135 0 65 60 
148 143 70 0 123 73 0 79 83 293 0 28 0 23 22 10 925 327 687 0 0 119 0 135 0 65 60 
144 147 71 0 122 66 0 80 82 290 0 26 0 22 23 11 936 339 623 0 0 115 0 135 0 65 60 
143 152 68 0 121 70 0 82 83 288 0 27 0 23 23 13 943 332 611 0 0 109 0 135 0 65 60 
149 141 68 0 122 69 0 82 84 295 0 27 0 21 21 16 937 343 620 0 0 109 0 135 0 65 60 
141 142 68 0 123 70 0 82 81 294 0 30 0 21 22 13 874 345 596 0 0 114 0 135 0 65 60 
146 142 70 0 125 69 0 84 81 292 0 27 0 21 23 21 836 352 636 0 0 114 0 135 0 64 60 
146 149 67 0 126 76 0 87 83 292 0 29 0 18 21 17 897 344 651 0 0 113 0 135 0 64 60 
147 142 71 0 128 77 0 83 82 291 0 27 0 20 22 14 828 338 669 0 0 116 0 135 0 64 60 
153 143 71 0 129 78 0 87 82 286 0 23 0 20 22 16 863 388 644 0 0 120 0 135 0 64 60 
143 141 69 0 130 77 0 82 83 282 0 28 0 21 22 25 840 350 608 0 0 121 0 135 0 65 60 
144 144 72 0 131 79 0 83 84 281 0 27 0 23 22 12 804 355 642 0 0 117 0 135 0 66 60 
147 148 71 0 130 80 0 83 84 290 0 28 0 25 22 20 879 350 572 0 0 117 0 135 0 67 60 
145 144 70 0 130 79 0 77 84 296 0 28 0 23 23 25 860 330 583 0 0 114 0 135 0 67 60 
142 151 73 0 128 82 0 83 84 294 0 25 0 22 21 0 859 326 661 0 0 106 0 135 0 67 60 
143 147 70 0 125 92 0 79 83 289 0 27 0 22 23 24 851 345 555 0 0 101 0 135 0 68 60 
140 147 69 0 124 100 0 83 83 288 0 29 0 22 23 20 887 327 586 0 0 101 0 135 0 69 60 
144 146 70 0 123 106 0 87 83 290 0 29 0 22 22 13 819 359 634 0 0 98 0 135 0 69 60 
148 145 71 0 123 122 0 79 81 292 0 29 0 20 22 16 847 338 539 0 0 95 0 135 0 68 60 
148 145 71 0 123 125 0 86 82 295 0 28 0 21 23 23 834 371 546 0 0 101 0 135 0 68 60 
142 147 68 0 124 115 0 80 83 293 0 29 0 21 22 18 818 338 561 0 0 104 0 135 0 67 60 
143 144 69 0 124 86 0 78 83 291 0 25 0 22 22 23 836 349 618 0 0 102 0 135 0 67 60 
141 143 71 0 124 73 0 81 83 291 0 29 0 20 23 18 870 358 592 0 0 100 0 135 0 67 60 
141 147 71 0 124 70 0 79 84 288 0 28 0 20 23 0 899 366 578 0 0 99 0 135 0 66 60 
144 145 72 0 124 70 0 87 83 287 0 28 0 21 23 15 857 350 607 0 0 105 0 135 0 65 60 
141 146 70 0 124 67 0 84 82 289 0 30 0 23 22 13 862 340 598 0 0 110 0 135 0 65 60 
144 145 73 0 124 70 0 83 84 292 0 28 0 23 23 17 846 375 653 0 0 116 0 135 0 65 60 
146 151 71 0 123 75 0 83 85 291 0 29 0 22 23 11 874 353 602 0 0 117 0 135 0 65 60 
146 145 68 0 123 75 0 83 84 286 0 28 0 21 22 20 877 368 641 0 0 124 0 135 0 65 60 
145 141 69 0 122 74 0 84 83 286 0 27 0 19 22 0 829 358 620 0 0 123 0 135 0 65 60 
146 144 70 0 122 75 0 83 81 291 0 27 0 20 23 18 878 392 592 0 0 125 0 135 0 65 60 
145 152 69 0 121 77 0 80 84 296 0 29 0 21 22 35 907 379 676 0 0 124 0 135 0 65 60 
144 146 70 0 122 74 0 77 83 297 0 28 0 22 23 35 833 368 636 0 0 124 0 135 0 65 60 
147 147 68 0 121 74 0 82 84 295 0 28 0 26 22 44 830 386 630 0 0 119 0 135 0 65 60 
144 141 71 0 122 75 0 83 83 288 0 28 0 26 22 23 869 386 668 0 0 108 0 135 0 65 60 
143 143 70 0 123 81 0 85 83 286 0 27 0 24 21 18 830 359 605 0 0 107 0 135 0 65 60 
144 147 69 0 124 81 0 84 82 290 0 30 0 24 23 11 858 370 688 0 0 109 0 135 0 65 60 
145 144 72 0 123 83 0 89 82 291 0 27 0 26 22 21 868 387 570 0 0 106 0 135 0 65 60 
140 142 70 0 123 83 0 81 83 290 0 27 0 22 23 14 881 348 514 0 0 105 0 135 0 65 60 
147 140 75 0 121 84 0 82 82 288 0 26 0 21 23 21 842 371 624 0 0 111 0 135 0 65 60 
142 142 72 0 120 80 0 88 83 290 0 25 0 21 22 21 901 371 581 0 0 118 0 135 0 64 60 
146 143 70 0 119 84 0 78 84 293 0 29 0 21 22 10 857 362 584 0 0 123 0 135 0 64 60 
144 142 63 0 120 93 0 81 83 293 0 27 0 18 22 22 801 394 585 0 0 118 0 135 0 64 60 
143 140 68 0 122 101 0 84 82 291 0 26 0 17 23 13 807 365 617 0 0 118 0 135 0 64 60 
148 138 69 0 124 100 0 82 82 292 0 29 0 17 22 17 847 364 561 0 0 119 0 135 0 64 60 
145 145 71 0 127 87 0 84 81 291 0 26 0 19 22 15 871 378 560 0 0 117 0 135 0 65 60 
147 144 72 0 128 80 0 76 81 285 0 32 0 21 22 25 851 342 575 0 0 118 0 135 0 65 60 
143 148 71 0 129 78 0 84 82 282 0 32 0 19 22 21 858 367 565 0 0 109 0 135 0 65 60 
143 149 69 0 129 75 0 82 83 286 0 33 0 24 22 16 855 361 569 0 0 105 0 135 0 65 60 
142 146 68 0 128 74 0 80 82 291 0 33 0 26 23 14 802 381 549 0 0 103 0 135 0 65 60 
144 146 72 0 127 80 0 89 83 294 0 36 0 26 24 37 806 350 605 0 0 100 0 135 0 65 60 
145 143 70 0 125 82 0 86 84 293 0 34 0 27 23 32 812 375 622 0 0 101 0 135 0 65 60 
145 143 72 0 123 82 0 86 85 285 0 33 0 28 21 35 891 407 615 0 0 101 0 135 0 65 60 
140 148 71 0 122 78 0 80 84 286 0 37 0 27 22 38 824 386 598 0 0 101 0 135 0 65 60 
142 148 72 0 122 82 0 83 82 290 0 38 0 24 21 32 843 396 618 0 0 102 0 135 0 65 60 
147 144 70 0 123 80 0 87 81 292 0 33 0 20 22 49 820 385 664 0 0 103 0 135 0 65 60 
143 144 68 0 124 75 0 74 83 294 0 36 0 20 22 18 846 396 545 0 0 106 0 135 0 65 60 
147 143 67 0 125 77 0 83 81 289 0 30 0 19 23 34 833 379 601 0 0 109 0 135 0 65 60 
145 146 67 0 127 81 0 92 82 287 0 33 0 19 22 28 884 357 587 0 0 111 0 135 0 65 60 
145 141 68 0 127 85 0 91 83 286 0 30 0 17 23 31 808 364 613 0 0 116 0 135 0 65 60 
149 146 69 0 126 80 0 85 82 287 0 33 0 14 23 31 816 364 672 0 0 117 0 135 0 65 60 
146 153 71 0 126 81 0 86 82 288 0 33 0 15 22 16 875 408 649 0 0 117 0 135 0 66 60 
144 138 72 0 126 78 0 84 83 289 0 35 0 14 21 18 891 346 598 0 0 122 0 135 0 66 60 
146 141 72 0 125 80 0 79 83 292 0 34 0 18 23 32 861 386 605 0 0 132 0 135 0 66 60 
145 151 73 0 123 76 0 78 85 290 0 33 0 20 22 24 805 367 611 0 0 131 0 135 0 65 60 
148 153 72 0 123 81 0 81 85 284 0 31 0 23 23 23 835 401 561 0 0 125 0 135 0 66 60 
148 146 74 0 123 82 0 82 84 285 0 30 0 26 23 16 860 395 582 0 0 119 0 135 0 68 60 
144 144 71 0 123 84 0 79 83 290 0 30 0 25 22 17 834 430 627 0 0 114 0 135 0 68 60 
143 143 69 0 123 84 0 80 82 295 0 29 0 25 22 21 818 392 509 0 0 111 0 135 0 67 60 
146 143 68 0 124 83 0 80 82 295 0 30 0 24 23 26 820 400 570 0 0 115 0 135 0 66 60 
150 148 67 0 123 88 0 81 82 289 0 32 0 24 23 18 785 399 577 0 0 114 0 135 0 65 60 
147 142 71 0 123 88 0 84 83 288 0 29 0 24 22 29 851 398 577 0 0 108 0 135 0 65 60 
147 136 71 0 123 91 0 83 82 288 0 30 0 24 23 31 840 392 567 0 0 110 0 135 0 65 60 
144 142 71 0 122 94 0 83 83 291 0 31 0 24 22 27 845 395 539 0 0 109 0 135 0 66 60 
144 143 69 0 123 94 0 82 83 291 0 32 0 24 23 30 900 402 606 0 0 104 0 135 0 66 60 
145 143 74 0 122 90 0 80 84 293 0 31 0 21 22 29 845 361 594 0 0 103 0 135 0 66 60 
146 139 70 0 122 88 0 87 83 290 0 33 0 21 23 20 872 393 565 0 0 105 0 135 0 66 60 
145 140 71 0 121 84 0 81 83 291 0 32 0 19 23 20 868 374 630 0 0 109 0 135 0 68 60 
147 143 72 0 121 82 0 83 83 292 0 32 0 16 23 18 848 387 593 0 0 109 0 135 0 69 60 
141 143 73 0 121 77 0 86 83 292 0 31 0 16 23 30 833 396 692 0 0 110 0 135 0 69 60 
146 145 71 0 121 81 0 84 83 291 0 32 0 15 23 21 827 392 623 0 0 111 0 135 0 68 60 
145 148 70 0 123 92 0 84 83 292 0 32 0 17 23 28 783 391 611 0 0 112 0 135 0 67 60 
142 148 72 0 124 99 0 84 82 292 0 31 0 18 24 19 858 376 543 0 0 108 0 135 0 67 60 
142 145 69 0 126 102 0 85 83 281 0 30 0 20 23 15 906 379 645 0 0 113 0 135 0 67 60 
141 143 71 0 127 95 0 83 84 280 0 30 0 21 23 19 828 401 686 0 0 110 0 135 0 67 60 
143 145 70 0 129 87 0 81 83 286 0 28 0 22 22 21 879 379 599 0 0 103 0 135 0 67 60 
145 149 71 0 131 80 0 81 81 291 0 31 0 21 23 19 827 396 618 0 0 101 0 135 0 68 60 
143 148 71 0 131 73 0 80 82 295 0 32 0 21 23 28 836 374 629 0 0 101 0 135 0 68 60 
144 144 74 0 131 68 0 83 83 289 0 36 0 23 23 30 958 405 575 0 0 108 0 135 0 69 60 
147 146 72 0 129 74 0 84 84 286 0 35 0 23 22 32 905 387 678 0 0 106 0 135 0 69 60 
146 142 72 0 128 80 0 86 85 288 0 39 0 25 23 30 810 406 567 0 0 108 0 135 0 69 60 
144 143 71 0 126 87 0 87 84 289 0 41 0 23 22 23 819 403 599 0 0 111 0 135 0 69 60 
144 144 71 0 124 96 0 83 83 294 0 42 0 22 23 29 844 386 577 0 0 111 0 135 0 69 60 
141 149 70 0 123 106 0 86 81 291 0 42 0 22 22 28 860 409 613 0 0 111 0 135 0 70 60 
146 153 69 0 123 104 0 85 82 292 0 42 0 21 23 35 850 365 579 0 0 111 0 135 0 71 60 
145 137 71 0 122 97 0 81 83 287 0 34 0 21 22 17 915 396 616 0 0 120 0 135 0 72 60 
147 144 69 0 123 76 0 81 83 286 0 35 0 20 23 57 886 431 587 0 0 128 0 135 0 72 60 
142 150 71 0 123 73 0 81 83 288 0 33 0 21 23 34 839 380 539 0 0 124 0 135 0 72 60 
146 152 71 0 123 75 0 81 83 290 0 30 0 21 22 25 854 432 623 0 0 118 0 135 0 72 60 
143 145 72 0 123 79 0 80 83 295 0 36 0 19 23 0 808 409 558 0 0 120 0 135 0 72 60 
145 140 72 0 122 77 0 81 83 294 0 36 0 19 23 27 825 408 593 0 0 121 0 135 0 71 60 
144 142 74 0 123 73 0 83 83 288 0 36 0 19 23 35 827 375 625 0 0 118 0 135 0 70 60 
145 144 71 0 122 73 0 84 84 287 0 35 0 19 23 40 840 391 611 0 0 114 0 135 0 70 60 
143 146 70 0 123 70 0 83 84 290 0 35 0 19 23 44 856 410 634 0 0 114 0 135 0 71 60 
142 145 73 0 122 70 0 86 83 295 0 37 0 18 22 35 862 389 630 0 0 114 0 135 0 71 60 
144 138 72 0 122 72 0 85 82 297 0 36 0 19 23 24 823 408 612 0 0 114 0 135 0 71 60 
147 139 72 0 121 72 0 82 82 295 0 38 0 20 22 11 852 384 606 0 0 110 0 135 0 71 60 
145 141 70 0 121 72 0 81 83 289 0 38 0 20 23 42 893 396 635 0 0 109 0 135 0 72 60 
141 143 70 0 122 79 0 83 84 288 0 38 0 20 23 34 806 426 611 0 0 106 0 135 0 72 60 
140 141 68 0 122 80 0 85 83 288 0 34 0 21 24 24 859 399 587 0 0 104 0 135 0 73 60 
145 139 70 0 122 79 0 83 83 290 0 34 0 21 23 24 899 414 635 0 0 103 0 120 0 72 60 
144 145 71 0 123 78 0 80 83 291 0 35 0 21 23 21 800 411 602 0 0 106 0 120 0 72 60 
145 145 71 0 124 80 0 87 84 290 0 35 0 21 22 12 786 438 696 0 0 113 0 120 0 72 60 
143 146 69 0 123 82 0 80 82 291 0 36 0 21 23 11 829 434 605 0 0 117 0 120 0 71 60 
146 152 71 0 121 78 0 81 82 291 0 37 0 22 22 14 841 427 664 0 0 114 0 120 0 70 60 
143 144 72 0 120 78 0 85 82 294 0 37 0 23 23 21 837 409 584 0 0 114 0 120 0 69 60 
147 144 71 0 119 81 0 80 82 291 0 35 0 23 22 11 857 413 571 0 0 116 0 120 0 69 60 
144 144 73 0 119 84 0 81 83 292 0 33 0 23 23 25 850 417 545 0 0 115 0 120 0 68 60 
143 144 74 0 120 82 0 75 84 293 0 33 0 22 22 52 838 430 621 0 0 120 0 120 0 69 60 
148 149 71 0 123 83 0 82 83 289 0 31 0 19 22 27 839 397 628 0 0 117 0 120 0 69 60 
148 148 71 0 125 83 0 88 83 282 0 32 0 19 22 46 881 401 581 0 0 115 0 120 0 69 60 
149 143 72 0 128 83 0 79 82 282 0 30 0 18 23 0 870 420 602 0 0 113 0 120 0 69 60 
147 147 70 0 128 76 0 82 82 291 0 27 0 19 23 37 795 414 581 0 0 114 0 120 0 68 60 
148 144 73 0 129 77 0 80 81 294 0 30 0 20 22 18 843 408 535 0 0 116 0 120 0 69 60 
147 143 67 0 129 80 0 87 81 291 0 26 0 23 23 28 808 420 582 0 0 109 0 120 0 68 60 
145 145 71 0 129 80 0 82 81 286 0 29 0 22 24 12 814 460 543 0 0 109 0 120 0 69 60 
149 151 71 0 127 78 0 81 82 285 0 28 0 25 24 27 789 424 574 0 0 113 0 120 0 68 60 
146 144 70 0 125 80 0 86 83 287 0 28 0 25 22 28 867 431 612 0 0 116 0 120 0 68 60 
144 141 71 0 123 86 0 76 84 287 0 30 0 24 23 29 887 426 622 0 0 115 0 120 0 66 60 
143 145 75 0 122 85 0 80 84 293 0 28 0 24 22 28 843 396 585 0 0 107 0 120 0 66 60 
144 150 73 0 122 92 0 84 83 290 0 29 0 26 21 13 864 408 631 0 0 107 0 120 0 67 60 
142 152 70 0 122 105 0 85 81 290 0 33 0 26 22 29 828 422 615 0 0 106 0 120 0 69 60 
147 147 72 0 125 114 0 84 82 285 0 34 0 25 22 15 894 432 692 0 0 112 0 120 0 70 60 
142 144 70 0 126 109 0 84 84 285 0 29 0 23 23 23 824 424 577 0 0 120 0 120 0 70 60 
146 145 68 0 124 100 0 85 85 285 0 34 0 22 23 28 802 438 626 0 0 122 0 120 0 71 60 
145 145 67 0 126 91 0 84 83 290 0 37 0 21 23 26 770 442 587 0 0 126 0 120 0 71 60 
144 144 71 0 127 84 0 82 82 295 0 41 0 19 23 16 763 423 572 0 0 126 0 120 0 71 60 
147 140 70 0 127 74 0 86 83 293 0 44 0 17 24 21 828 440 785 0 0 122 0 120 0 71 60 
146 139 73 0 125 73 0 78 83 288 0 50 0 15 22 27 879 423 620 0 0 121 0 120 0 71 60 
148 144 70 0 124 79 0 81 84 286 0 48 0 14 24 29 894 444 614 0 0 123 0 120 0 71 60 
142 144 72 0 116 83 0 86 84 290 0 50 0 14 23 23 895 443 567 0 0 115 0 120 0 70 60 
150 140 70 0 114 77 0 82 82 298 0 49 0 15 24 16 897 435 608 0 0 108 0 120 0 70 60 
142 142 71 0 124 78 0 83 83 299 0 52 0 15 24 15 833 430 565 0 0 109 0 120 0 69 60 
144 141 71 0 118 82 0 84 82 295 0 52 0 15 23 11 804 438 652 0 0 111 0 120 0 70 60 
144 142 70 0 126 83 0 83 83 290 0 50 0 17 22 22 835 414 558 0 0 115 0 120 0 72 60 
141 145 68 0 126 79 0 86 83 288 0 50 0 20 22 41 850 454 643 0 0 115 0 120 0 71 60 
145 144 68 0 126 77 0 81 83 290 0 53 0 19 22 27 845 445 595 0 0 108 0 120 0 71 60 
144 149 71 0 127 84 0 86 82 291 0 52 0 22 22 21 835 459 556 0 0 107 0 120 0 70 60 
143 143 72 0 126 86 0 86 82 289 0 50 0 23 22 15 854 460 568 0 0 105 0 120 0 69 60 
148 141 74 0 126 84 0 78 81 290 0 48 0 24 21 16 799 442 578 0 0 106 0 120 0 68 60 
144 144 70 0 126 82 0 86 82 289 0 44 0 22 22 0 862 433 545 0 0 113 0 120 0 68 60 
145 143 72 0 125 87 0 84 83 292 0 36 0 23 21 11 870 430 589 0 0 116 0 120 0 68 60 
145 148 71 0 123 84 0 77 83 295 0 32 0 23 21 34 861 425 624 0 0 117 0 120 0 68 60 
147 144 73 0 122 80 0 82 82 291 0 30 0 22 22 28 815 447 605 0 0 116 0 120 0 69 60 
144 142 74 0 122 75 0 85 81 294 0 28 0 21 22 49 837 467 619 0 0 115 0 120 0 69 60 
147 150 70 0 123 77 0 90 82 291 0 28 0 21 22 29 841 451 643 0 0 120 0 120 0 70 60 
145 143 70 0 123 78 0 85 83 286 0 27 0 21 22 29 808 448 656 0 0 122 0 120 0 70 60 
148 143 69 0 125 84 0 85 82 282 0 28 0 18 23 0 811 464 720 0 0 128 0 120 0 70 60 
146 146 69 0 126 90 0 89 84 281 0 25 0 21 24 15 837 464 610 0 0 128 0 120 0 70 60 
140 151 65 0 127 97 0 79 83 291 0 29 0 20 24 14 803 448 583 0 0 118 0 120 0 70 60 
143 137 70 0 129 102 0 82 83 294 0 32 0 23 24 27 849 442 646 0 0 113 0 120 0 71 60 
142 141 72 0 130 108 0 77 83 294 0 30 0 23 23 37 885 491 660 0 0 106 0 120 0 71 60 
145 144 70 0 131 109 0 79 81 291 0 32 0 23 24 11 849 453 645 0 0 106 0 120 0 71 60 
144 155 70 0 131 101 0 81 82 287 0 29 0 22 23 24 795 453 638 0 0 107 0 120 0 72 60 
147 145 70 0 130 89 0 74 83 290 0 28 0 21 22 14 783 416 568 0 0 106 0 120 0 71 60 
142 148 73 0 128 87 0 87 84 294 0 27 0 21 23 30 865 451 636 0 0 113 0 120 0 72 60 
143 145 69 0 126 91 0 87 83 292 0 28 0 20 22 21 807 451 572 0 0 120 0 120 0 71 60 
145 148 67 0 125 92 0 84 83 292 0 27 0 20 23 13 872 450 577 0 0 121 0 120 0 71 60 
141 147 70 0 124 89 0 85 82 287 0 28 0 19 22 23 852 464 560 0 0 114 0 120 0 71 60 
144 142 70 0 122 78 0 83 81 284 0 28 0 21 22 34 835 440 648 0 0 113 0 120 0 72 60 
141 139 67 0 123 65 0 82 82 286 0 28 0 21 22 40 875 460 570 0 0 113 0 120 0 72 60 
144 139 69 0 124 60 0 82 83 286 0 27 0 21 23 0 864 467 578 0 0 110 0 120 0 72 60 
146 144 70 0 123 58 0 82 82 289 0 28 0 21 23 16 885 459 581 0 0 114 0 120 0 72 60 
145 143 70 0 123 63 0 83 83 291 0 28 0 19 23 12 870 455 611 0 0 113 0 120 0 71 60 
145 141 70 0 124 69 0 86 83 291 0 27 0 19 23 19 832 472 550 0 0 112 0 120 0 72 60 
149 143 70 0 123 74 0 83 82 288 0 28 0 22 24 19 796 494 637 0 0 116 0 120 0 71 60 
145 141 71 0 123 76 0 83 83 284 0 31 0 23 23 22 860 458 584 0 0 118 0 120 0 70 60 
147 147 74 0 123 79 0 81 83 289 0 28 0 22 22 16 848 501 617 0 0 115 0 120 0 70 60 
148 142 71 0 122 84 0 84 82 294 0 29 0 21 22 15 855 454 580 0 0 113 0 120 0 70 60 
144 149 69 0 122 90 0 83 82 295 0 27 0 19 23 0 891 470 587 0 0 115 0 120 0 70 60 
144 144 72 0 121 83 0 80 82 295 0 28 0 19 23 16 791 465 591 0 0 119 0 120 0 69 60 
140 148 73 0 122 80 0 83 83 289 0 32 0 21 22 22 808 472 626 0 0 121 0 120 0 69 60 
146 145 68 0 121 76 0 82 82 286 0 30 0 21 23 26 901 474 611 0 0 126 0 120 0 69 60 
149 145 69 0 121 73 0 84 83 288 0 31 0 24 23 35 858 461 590 0 0 125 0 120 0 69 60 
145 147 68 0 122 73 0 81 84 291 0 30 0 26 23 10 851 471 575 0 0 124 0 120 0 69 60 
147 147 69 0 122 79 0 81 84 291 0 31 0 24 23 26 858 482 629 0 0 128 0 120 0 69 60 
143 143 67 0 124 89 0 91 84 290 0 31 0 25 24 10 816 483 638 0 0 121 0 120 0 69 60 
144 141 69 0 124 93 0 85 83 289 0 29 0 23 22 30 839 475 668 0 0 120 0 120 0 69 60 
148 147 71 0 124 85 0 86 83 294 0 28 0 23 23 0 809 424 655 0 0 117 0 120 0 69 60 
144 145 67 0 122 76 0 86 82 292 0 33 0 22 24 0 857 461 600 0 0 119 0 120 0 70 60 
147 145 69 0 120 78 0 82 83 290 0 29 0 22 23 0 852 479 599 0 0 121 0 120 0 70 60 
142 156 71 0 118 83 0 86 82 290 0 29 0 20 23 0 801 458 613 0 0 122 0 120 0 70 60 
143 143 71 0 119 77 0 81 81 291 0 28 0 18 23 0 850 478 506 0 0 122 0 120 0 70 60 
144 142 73 0 121 82 0 78 82 283 0 28 0 17 24 0 854 467 579 0 0 119 0 120 0 71 60 
144 147 72 0 123 86 0 81 82 280 0 27 0 18 23 0 878 475 594 0 0 113 0 120 0 71 60 
147 149 71 0 126 84 0 79 82 282 0 27 0 18 23 0 883 451 594 0 0 110 0 120 0 71 60 
146 148 71 0 127 78 0 79 84 294 0 27 0 19 24 0 883 473 552 0 0 108 0 120 0 72 60 
143 146 69 0 129 74 0 82 83 293 0 25 0 20 22 0 829 483 616 0 0 107 0 120 0 72 60 
146 143 73 0 130 76 0 83 82 294 0 28 0 23 22 0 799 476 554 0 0 109 0 120 0 73 60 
147 147 69 0 130 73 0 86 81 290 0 26 0 24 24 0 904 467 632 0 0 117 0 120 0 72 60 
149 150 69 0 129 75 0 81 82 288 0 27 0 28 23 0 876 465 560 0 0 120 0 120 0 71 60 
147 146 69 0 127 79 0 83 81 293 0 28 0 27 22 0 861 481 541 0 0 110 0 120 0 70 60 
143 138 73 0 125 81 0 85 83 292 0 27 0 28 23 0 849 471 557 0 0 104 0 120 0 69 60 
148 137 69 0 123 79 0 83 84 294 0 25 0 28 23 0 823 479 552 0 0 106 0 120 0 67 60 
149 146 69 0 123 77 0 83 83 291 0 26 0 22 22 0 882 505 600 0 0 107 0 120 0 67 60 
147 144 69 0 123 78 0 83 83 289 0 26 0 22 22 0 854 491 626 0 0 111 0 120 0 67 60 
146 141 70 0 124 75 0 78 82 285 0 26 0 22 23 0 794 470 588 0 0 119 0 120 0 66 60 
142 144 71 0 125 74 0 81 81 289 0 27 0 20 22 0 833 480 655 0 0 119 0 120 0 65 60 
148 143 72 0 126 74 0 83 83 286 0 27 0 20 22 0 836 504 640 0 0 111 0 120 0 65 60 
145 146 70 0 126 82 0 90 83 289 0 27 0 17 23 0 830 489 649 0 0 108 0 120 0 65 60 
144 144 67 0 126 81 0 85 84 291 0 25 0 15 23 0 855 493 614 0 0 112 0 120 0 66 60 
143 147 67 0 126 80 0 78 84 291 0 25 0 14 23 0 812 483 591 0 0 117 0 120 0 66 60 
142 147 67 0 125 83 0 84 84 287 0 27 0 14 22 0 878 481 609 0 0 118 0 120 0 67 60 
147 144 68 0 125 92 0 78 84 285 0 24 0 18 23 0 842 480 682 0 0 122 0 120 0 66 60 
148 140 68 0 123 97 0 78 84 291 0 26 0 21 23 0 867 480 640 0 0 120 0 120 0 66 60 
144 142 70 0 123 100 0 81 84 295 0 29 0 22 22 0 827 459 606 0 0 115 0 120 0 65 60 
146 145 72 0 124 103 0 87 83 295 0 25 0 24 22 0 880 481 519 0 0 116 0 120 0 65 60 
144 148 70 0 125 104 0 87 82 296 0 28 0 25 23 0 886 503 561 0 0 116 0 120 0 65 60 
144 147 71 0 125 97 0 79 82 290 0 27 0 25 23 0 837 515 619 0 0 121 0 120 0 65 60 
147 140 73 0 124 87 0 82 82 288 0 28 0 25 22 0 830 522 557 0 0 122 0 120 0 64 60 
143 144 72 0 125 83 0 87 81 290 0 29 0 23 22 0 847 482 589 0 0 116 0 120 0 64 60 
144 142 71 0 125 87 0 83 81 290 0 28 0 23 23 0 841 479 516 0 0 111 0 120 0 64 60 
143 147 67 0 124 89 0 81 81 292 0 27 0 24 23 0 841 500 603 0 0 113 0 120 0 64 60 
143 154 68 0 125 82 0 85 80 291 0 27 0 23 24 0 841 476 605 0 0 117 0 120 0 65 60 
144 148 69 0 125 80 0 83 81 291 0 27 0 24 23 0 858 487 639 0 0 117 0 120 0 65 60 
147 140 68 0 125 81 0 78 83 291 0 26 0 22 22 0 811 475 568 0 0 117 0 120 0 65 60 
146 147 69 0 124 75 0 82 83 292 0 27 0 19 22 0 845 537 583 0 0 114 0 120 0 65 60 
145 152 70 0 123 70 0 87 84 292 0 27 0 18 23 0 908 510 613 0 0 117 0 120 0 65 60 
142 147 70 0 121 70 0 84 84 291 0 27 0 16 23 0 855 498 604 0 0 116 0 120 0 65 60 
145 147 70 0 122 73 0 84 83 289 0 28 0 16 22 0 816 498 591 0 0 116 0 120 0 65 60 
146 140 70 0 122 75 0 84 82 286 0 29 0 16 22 0 842 523 589 0 0 118 0 120 0 65 60 
147 146 70 0 122 76 0 82 82 279 0 27 0 17 23 0 854 509 569 0 0 118 0 120 0 65 60 
142 147 72 0 123 77 0 82 81 282 0 27 0 18 22 0 830 486 628 0 0 118 0 120 0 66 60 
144 145 72 0 124 84 0 82 82 291 0 29 0 20 22 0 869 498 614 0 0 122 0 120 0 66 60 
142 142 68 0 126 84 0 80 82 291 0 26 0 22 22 0 892 508 593 0 0 120 0 120 0 66 60 
145 136 69 0 127 85 0 87 83 291 0 28 0 21 23 0 852 495 563 0 0 115 0 120 0 66 60 
146 142 71 0 128 82 0 79 82 288 0 29 0 23 24 0 838 509 598 0 0 113 0 120 0 65 60 
143 145 71 0 130 84 0 84 82 286 0 25 0 21 23 0 835 502 664 0 0 110 0 120 0 66 60 
145 140 73 0 129 81 0 84 83 289 0 29 0 23 22 0 860 515 617 0 0 107 0 120 0 66 60 
148 143 69 0 129 83 0 80 83 291 0 28 0 24 22 0 829 510 643 0 0 111 0 120 0 66 60 
148 141 70 0 127 85 0 83 83 292 0 26 0 24 23 0 813 530 665 0 0 114 0 120 0 65 60 
146 142 72 0 126 85 0 84 85 291 0 29 0 23 22 0 794 507 636 0 0 117 0 120 0 66 60 
139 145 73 0 124 81 0 81 83 287 0 27 0 23 23 0 814 535 606 0 0 123 0 120 0 66 60 
142 148 71 0 123 79 0 81 83 286 0 30 0 21 24 23 846 529 572 0 0 122 0 120 0 68 60 
149 149 72 0 123 86 0 82 83 284 0 29 0 19 24 41 864 499 577 0 0 122 0 120 0 68 60 
146 144 71 0 122 94 0 80 82 286 0 30 0 20 24 18 857 505 563 0 0 124 0 120 0 68 60 
143 141 71 0 123 99 0 85 81 290 0 29 0 20 23 16 810 504 635 0 0 125 0 120 0 66 60 
143 144 70 0 122 101 0 83 81 288 0 28 0 21 24 11 834 514 619 0 0 126 0 120 0 66 60 
146 146 69 0 124 96 0 81 82 292 0 26 0 22 23 0 839 515 587 0 0 124 0 120 0 65 60 
145 144 68 0 125 85 0 82 81 287 0 28 0 20 23 0 902 511 592 0 0 128 0 120 0 66 60 
145 144 68 0 123 77 0 89 83 284 0 27 0 19 23 0 850 503 624 0 0 124 0 120 0 67 60 
145 144 69 0 123 72 0 87 84 292 0 28 0 19 23 0 830 505 565 0 0 116 0 120 0 68 60 
146 146 71 0 123 76 0 86 84 297 0 29 0 19 23 0 865 504 589 0 0 111 0 120 0 69 60 
142 151 74 0 122 77 0 87 83 294 0 27 0 19 22 0 779 494 612 0 0 110 0 120 0 68 60 
145 142 69 0 122 77 0 84 82 292 0 27 0 20 22 50 816 503 571 0 0 109 0 120 0 69 60 
142 153 70 0 122 81 0 87 83 289 0 26 0 18 22 0 873 534 542 0 0 108 0 120 0 68 60 
147 141 72 0 122 83 0 80 83 290 0 25 0 19 23 0 857 513 614 0 0 108 0 120 0 68 60 
147 140 71 0 121 79 0 75 82 294 0 28 0 19 23 38 852 521 603 0 0 114 0 120 0 67 60 
143 145 71 0 121 76 0 81 83 293 0 32 0 20 22 23 874 493 634 0 0 117 0 120 0 66 60 
147 153 68 0 121 77 0 81 81 291 0 27 0 20 23 0 855 496 590 0 0 111 0 120 0 66 60 
145 152 71 0 121 82 0 79 81 289 0 28 0 19 23 25 852 489 699 0 0 112 0 120 0 65 60 
148 149 70 0 123 84 0 80 83 291 0 27 0 20 23 0 871 500 574 0 0 112 0 120 0 65 60 
148 140 70 0 124 87 0 86 84 294 0 28 0 20 22 0 801 516 617 0 0 117 0 120 0 65 60 
147 148 71 0 125 92 0 88 83 293 0 29 0 20 22 0 845 513 709 0 0 117 0 120 0 65 60 
147 144 69 0 123 84 0 85 84 293 0 29 0 22 22 13 859 533 647 0 0 122 0 120 0 65 60 
144 142 70 0 122 78 0 80 83 290 0 29 0 23 23 21 884 528 609 0 0 126 0 120 0 65 60 
145 139 72 0 120 76 0 82 83 294 0 29 0 23 22 0 912 517 647 0 0 126 0 120 0 65 60 
148 134 73 0 119 79 0 79 83 284 0 29 0 22 23 0 864 548 620 0 0 126 0 120 0 65 60 
146 145 72 0 120 82 0 78 83 280 0 30 0 22 22 0 811 518 575 0 0 120 0 120 0 65 60 
146 142 71 0 121 80 0 85 83 286 0 28 0 20 22 0 779 540 570 0 0 116 0 120 0 64 60 
145 139 72 0 124 77 0 84 85 292 0 30 0 17 23 0 907 538 542 0 0 108 0 120 0 64 60 
146 144 70 0 126 81 0 86 82 294 0 31 0 19 22 0 919 507 560 0 0 111 0 120 0 64 60 
146 138 68 0 128 83 0 85 82 291 0 29 0 18 22 21 868 495 654 0 0 117 0 120 0 65 60 
142 145 70 0 130 83 0 83 82 285 0 30 0 20 22 13 800 542 544 0 0 122 0 120 0 63 60 
140 146 69 0 131 85 0 84 83 288 0 29 0 22 23 0 838 514 542 0 0 121 0 120 0 62 60 
146 149 67 0 130 90 0 80 82 291 0 33 0 24 23 0 851 520 599 0 0 116 0 120 0 63 60 
141 148 69 0 128 94 0 85 83 294 0 29 0 24 22 0 825 545 571 0 0 115 0 120 0 63 60 
148 143 72 0 126 90 0 83 84 295 0 30 0 24 22 0 840 547 565 0 0 113 0 120 0 64 60 
141 144 71 0 123 92 0 79 84 289 0 28 0 23 23 0 826 551 564 0 0 117 0 120 0 64 60 
144 145 70 0 122 90 0 86 84 290 0 30 0 25 22 0 852 551 560 0 0 122 0 120 0 65 60 
146 145 70 0 122 87 0 81 83 288 0 30 0 23 23 0 883 553 592 0 0 125 0 120 0 64 60 
144 149 69 0 123 81 0 85 84 286 0 29 0 25 23 0 853 518 645 0 0 120 0 120 0 64 60 
142 145 71 0 123 83 0 87 83 291 0 31 0 23 23 0 855 517 601 0 0 113 0 120 0 62 60 
141 142 72 0 125 91 0 83 81 294 0 32 0 23 22 0 844 520 608 0 0 113 0 120 0 62 60 
145 145 70 0 125 92 0 84 82 293 0 30 0 21 22 0 828 549 568 0 0 117 0 120 0 61 60 
143 144 70 0 127 92 0 82 82 291 0 29 0 20 22 0 841 502 683 0 0 117 0 120 0 63 60 
144 151 71 0 127 92 0 84 81 286 0 32 0 17 22 0 851 550 614 0 0 117 0 120 0 62 60 
145 157 70 0 127 88 0 85 81 286 0 29 0 16 23 0 863 543 554 0 0 122 0 120 0 62 60 
149 137 70 0 124 81 0 84 84 291 0 30 0 14 22 0 816 522 628 0 0 120 0 120 0 62 60 
144 143 70 0 123 80 0 83 83 296 0 29 0 12 23 0 851 530 626 0 0 119 0 120 0 62 60 
146 151 70 0 123 81 0 78 84 295 0 31 0 14 24 0 880 530 677 0 0 117 0 120 0 62 60 
146 151 71 0 123 86 0 79 84 290 0 32 0 14 23 0 813 530 599 0 0 121 0 120 0 63 60 
147 150 73 0 124 89 0 82 85 288 0 30 0 13 23 0 859 526 660 0 0 120 0 120 0 63 60 
148 144 71 0 125 91 0 82 85 287 0 28 0 15 22 0 901 516 614 0 0 117 0 120 0 64 60 
144 145 73 0 125 93 0 85 84 291 0 29 0 17 22 0 871 508 585 0 0 122 0 120 0 64 60 
140 146 73 0 125 93 0 88 84 291 0 29 0 20 22 0 828 536 540 0 0 124 0 120 0 63 60 
146 150 71 0 125 89 0 84 82 291 0 30 0 19 22 0 815 525 623 0 0 122 0 120 0 64 60 
143 141 70 0 125 85 0 86 81 288 0 32 0 22 22 0 845 557 606 0 0 124 0 120 0 63 60 
142 138 71 0 125 79 0 87 81 292 0 32 0 24 23 0 806 554 600 0 0 118 0 120 0 63 60 
144 139 66 0 125 77 0 82 81 293 0 29 0 23 23 0 872 540 565 0 0 115 0 120 0 62 60 
147 145 71 0 124 76 0 80 82 293 0 30 0 23 24 0 837 548 642 0 0 117 0 120 0 62 60 
147 139 69 0 123 76 0 83 83 295 0 32 0 23 23 0 871 513 568 0 0 115 0 120 0 62 60 
150 140 70 0 121 84 0 83 84 293 0 35 0 22 22 0 899 550 591 0 0 116 0 120 0 63 60 
147 143 71 0 121 95 0 78 84 295 0 38 0 22 24 0 857 550 540 0 0 116 0 120 0 63 60 
142 142 71 0 121 104 0 85 84 285 0 37 0 21 23 0 851 542 578 0 0 120 0 120 0 63 60 
143 149 72 0 121 103 0 87 83 282 0 37 0 20 24 0 857 533 578 0 0 120 0 120 0 63 60 
142 147 72 0 122 101 0 80 84 283 0 35 0 21 24 0 865 568 561 0 0 126 0 120 0 63 60 
144 148 71 0 123 80 0 82 85 292 0 34 0 19 24 0 808 556 575 0 0 126 0 120 0 62 60 
147 148 70 0 123 67 0 81 84 295 0 29 0 21 24 0 872 552 587 0 0 123 0 120 0 61 60 
141 141 71 0 125 62 0 81 83 292 0 29 0 20 25 0 825 538 601 0 0 123 0 120 0 59 60 
147 147 69 0 127 66 0 79 82 285 0 29 0 23 24 0 847 508 602 0 0 120 0 120 0 59 60 
145 148 70 0 129 67 0 76 82 285 0 29 0 24 23 0 834 546 574 0 0 114 0 120 0 58 60 
145 146 69 0 130 69 0 88 82 288 0 29 0 23 23 0 834 536 594 0 0 111 0 120 0 58 60 
146 144 69 0 130 70 0 86 83 289 0 27 0 21 22 0 862 543 641 0 0 116 0 120 0 59 60 
145 144 70 0 130 77 0 82 83 292 0 30 0 22 21 0 910 575 698 0 0 116 0 120 0 60 60 
147 147 70 0 128 75 0 84 83 287 0 32 0 22 22 0 882 562 575 0 0 114 0 120 0 60 60 
147 146 70 0 127 72 0 81 84 289 0 35 0 22 22 0 834 546 670 0 0 114 0 120 0 61 60 
145 144 73 0 126 73 0 84 85 286 0 36 0 21 22 0 915 532 586 0 0 121 0 120 0 62 60 
146 152 69 0 125 77 0 82 86 286 0 37 0 21 23 0 808 536 581 0 0 124 0 120 0 63 60 
149 152 70 0 123 80 0 80 85 287 0 38 0 22 21 0 838 554 576 0 0 128 0 120 0 64 60 
144 139 71 0 122 79 0 82 83 292 0 41 0 21 22 0 855 576 644 0 0 126 0 120 0 64 60 
149 150 70 0 122 82 0 78 83 292 0 42 0 21 23 0 850 573 563 0 0 122 0 120 0 64 60 
145 148 69 0 122 85 0 84 82 293 0 43 0 20 23 0 801 562 585 0 0 114 0 120 0 64 60 
148 149 70 0 123 81 0 87 82 287 0 46 0 21 23 0 806 541 619 0 0 109 0 120 0 65 60 
149 148 68 0 123 76 0 81 84 287 0 49 0 21 23 0 823 550 570 0 0 112 0 120 0 65 60 
140 138 70 0 122 77 0 85 84 293 0 47 0 22 24 0 911 551 568 0 0 113 0 120 0 65 60 
146 152 72 0 123 81 0 82 82 296 0 48 0 21 24 0 911 579 578 0 0 119 0 120 0 65 60 
149 146 69 0 123 85 0 88 82 295 0 40 0 20 24 0 881 539 561 0 0 119 0 120 0 64 60 
141 140 70 0 122 87 0 83 82 293 0 37 0 21 24 0 920 520 540 0 0 114 0 120 0 64 60 
145 144 69 0 122 90 0 81 83 287 0 37 0 20 23 0 832 540 570 0 0 112 0 120 0 64 60 
143 136 72 0 122 92 0 82 83 285 0 35 0 21 23 0 791 544 554 0 0 111 0 120 0 63 60 
143 149 71 0 122 88 0 82 84 287 0 40 0 24 23 0 898 554 571 0 0 120 0 120 0 63 60 
144 147 72 0 120 91 0 85 83 290 0 44 0 24 23 0 858 547 597 0 0 124 0 120 0 61 60 
147 138 72 0 121 95 0 79 83 289 0 53 0 24 21 0 868 556 590 0 0 130 0 120 0 60 60 
141 143 71 0 120 97 0 85 84 288 0 50 0 22 23 0 839 536 594 0 0 131 0 120 0 59 60 
141 143 70 0 121 90 0 89 82 290 0 47 0 24 22 0 797 541 614 0 0 129 0 120 0 59 60 
144 147 69 0 123 86 0 83 83 292 0 51 0 23 22 0 835 553 659 0 0 131 0 120 0 59 60 
142 147 69 0 123 85 0 83 83 291 0 43 0 23 22 0 897 523 623 0 0 135 0 120 0 59 60 
144 146 70 0 124 79 0 83 81 291 0 48 0 20 23 0 863 548 606 0 0 134 0 120 0 60 60 
146 148 66 0 124 72 0 80 82 290 0 52 0 22 22 0 834 556 656 0 0 125 0 120 0 59 60 
144 149 72 0 122 71 0 81 80 294 0 52 0 21 22 0 833 539 695 0 0 125 0 120 0 61 60 
144 143 73 0 121 72 0 84 82 289 0 52 0 18 24 0 840 548 555 0 0 129 0 120 0 62 60 
146 148 70 0 120 75 0 80 81 282 0 48 0 17 23 0 820 562 661 0 0 124 0 120 0 63 60 
143 147 70 0 121 73 0 86 77 285 0 51 0 18 23 0 839 530 653 0 0 118 0 120 0 63 60 
146 147 73 0 121 77 0 82 83 296 0 50 0 19 24 0 888 571 551 0 0 117 0 120 0 64 60 
143 146 71 0 124 82 0 80 85 295 0 52 0 19 23 0 860 560 545 0 0 118 0 120 0 64 60 
146 143 73 0 125 79 0 87 84 291 0 56 0 20 23 0 881 586 596 0 0 123 0 120 0 64 60 
148 147 71 0 128 77 0 83 85 290 0 61 0 25 24 0 854 554 568 0 0 114 0 120 0 65 60 
143 147 69 0 130 77 0 93 83 286 0 58 0 27 24 0 879 551 569 0 0 110 0 120 0 64 60 
145 148 71 0 130 80 0 80 83 285 0 55 0 28 23 0 850 578 602 0 0 109 0 120 0 64 60 
144 152 68 0 130 79 0 83 82 291 0 46 0 27 23 0 855 582 597 0 0 110 0 120 0 62 60 
143 141 71 0 128 78 0 85 82 293 0 41 0 28 22 0 866 572 586 0 0 111 0 120 0 61 60 
146 140 72 0 127 77 0 78 80 287 0 37 0 24 23 0 862 573 568 0 0 112 0 120 0 59 60 
146 151 70 0 124 83 0 82 83 291 0 35 0 22 22 0 795 567 615 0 0 119 0 120 0 59 60 
147 149 68 0 123 82 0 81 84 285 0 39 0 21 23 0 873 553 643 0 0 122 0 120 0 59 60 
144 146 74 0 122 78 0 79 84 285 0 40 0 21 23 0 862 564 565 0 0 122 0 120 0 59 60 
141 145 69 0 123 77 0 80 85 288 0 39 0 19 23 0 870 590 546 0 0 121 0 120 0 59 60 
146 140 70 0 123 79 0 75 84 291 0 40 0 19 22 0 876 558 602 0 0 116 0 120 0 59 60 
145 149 69 0 124 75 0 83 82 292 0 35 0 16 22 0 892 579 588 0 0 114 0 120 0 59 60 
145 147 70 0 125 74 0 85 83 293 0 32 0 15 23 0 970 565 619 0 0 116 0 120 0 60 60 
146 141 71 0 126 77 0 87 83 288 0 32 0 15 22 0 811 580 642 0 0 118 0 120 0 60 60 
143 139 67 0 126 81 0 81 84 286 0 27 0 16 23 0 789 575 578 0 0 122 0 120 0 60 60 
146 136 69 0 126 79 0 81 83 290 0 29 0 21 23 0 840 566 602 0 0 120 0 120 0 61 60 
140 145 67 0 123 81 0 85 83 294 0 31 0 21 22 0 844 548 624 0 0 119 0 120 0 62 60 
144 143 67 0 124 84 0 84 82 297 0 28 0 23 22 0 896 566 576 0 0 121 0 120 0 61 60 
148 136 66 0 123 88 0 81 83 294 0 29 0 24 23 0 862 566 586 0 0 124 0 120 0 62 60 
141 143 71 0 123 93 0 87 83 291 0 28 0 25 22 0 823 562 646 0 0 133 0 120 0 62 60 
143 141 69 0 124 101 0 81 84 286 0 27 0 24 24 0 868 555 623 0 0 134 0 120 0 62 60 
149 143 70 0 125 104 0 81 84 286 0 27 0 25 21 0 860 578 626 0 0 127 0 120 0 61 60 
142 144 70 0 125 96 0 86 84 290 0 29 0 24 23 0 902 544 640 0 0 118 0 120 0 60 60 
147 145 69 0 124 90 0 82 83 291 0 30 0 24 23 0 881 547 611 0 0 118 0 120 0 59 60 
149 146 72 0 124 85 0 82 83 287 0 27 0 25 22 0 820 588 571 0 0 120 0 120 0 58 60 
147 143 71 0 124 87 0 81 83 288 0 25 0 24 24 0 845 567 603 0 0 119 0 120 0 58 60 
148 144 70 0 125 91 0 82 83 291 0 28 0 23 23 0 806 569 600 0 0 120 0 120 0 58 60 
146 146 70 0 125 90 0 82 82 291 0 26 0 21 23 0 840 568 605 0 0 123 0 120 0 57 60 
146 146 66 0 125 94 0 80 83 291 0 26 0 19 23 0 824 569 561 0 0 123 0 120 0 57 60 
143 147 67 0 123 91 0 81 82 292 0 28 0 18 23 0 921 551 602 0 0 123 0 120 0 59 60 
147 148 71 0 123 87 0 87 83 286 0 27 0 15 22 0 910 533 627 0 0 124 0 120 0 59 60 
146 144 69 0 122 81 0 86 84 289 0 29 0 17 22 0 811 590 627 0 0 125 0 120 0 61 60 
145 148 69 0 121 77 0 87 84 283 0 28 0 16 22 0 836 560 556 0 0 127 0 120 0 62 60 
149 144 72 0 122 81 0 83 81 282 0 29 0 19 22 0 821 561 570 0 0 126 0 120 0 63 60 
141 144 71 0 122 82 0 80 82 291 0 32 0 20 23 0 891 577 564 0 0 121 0 120 0 63 60 
145 156 70 0 123 80 0 86 82 290 0 33 0 21 22 0 837 550 529 0 0 114 0 120 0 63 60 
147 139 69 0 123 84 0 80 82 293 0 36 0 20 23 0 824 574 600 0 0 112 0 120 0 63 60 
140 143 70 0 125 84 0 85 83 290 0 34 0 22 23 0 872 538 623 0 0 112 0 120 0 62 60 
147 154 72 0 127 80 0 80 84 284 0 33 0 21 23 0 783 576 549 0 0 115 0 120 0 61 60 
142 150 69 0 129 74 0 76 83 285 0 29 0 20 23 0 864 547 642 0 0 114 0 120 0 60 60 
141 149 70 0 130 75 0 82 84 290 0 25 0 24 22 0 898 548 585 0 0 106 0 120 0 59 60 
148 142 69 0 131 78 0 83 84 296 0 27 0 23 22 0 919 550 585 0 0 104 0 120 0 59 60 
145 147 71 0 130 79 0 88 83 278 0 30 0 24 23 0 902 548 671 0 0 107 0 120 0 59 60 
143 149 69 0 129 79 0 83 82 290 0 35 0 23 23 0 929 547 614 0 0 113 0 120 0 59 60 
147 147 70 0 127 83 0 89 82 290 0 41 0 22 23 0 903 542 640 0 0 122 0 120 0 58 60 
144 139 72 0 126 86 0 85 85 285 0 44 0 20 22 0 812 551 666 0 0 125 0 120 0 58 60 
148 138 68 0 124 79 0 85 85 284 0 44 0 20 23 0 847 577 609 0 0 126 0 120 0 58 60 
145 139 70 0 123 77 0 89 85 292 0 42 0 20 23 0 882 550 638 0 0 127 0 120 0 59 60 
146 145 72 0 122 77 0 87 82 290 0 37 0 20 22 0 792 572 625 0 0 129 0 120 0 59 60 
144 140 72 0 122 79 0 82 81 294 0 35 0 21 23 0 865 545 616 0 0 133 0 120 0 59 60 
142 139 70 0 123 77 0 86 82 292 0 33 0 21 22 0 843 548 555 0 0 135 0 120 0 59 60 
142 146 70 0 123 79 0 77 83 289 0 32 0 20 23 0 888 514 548 0 0 128 0 120 0 60 60 
143 141 70 0 123 83 0 79 84 292 0 34 0 18 21 0 850 544 603 0 0 123 0 120 0 60 60 
144 148 69 0 123 86 0 80 84 301 0 35 0 19 24 0 881 555 622 0 0 121 0 120 0 60 60 
146 148 69 0 123 84 0 83 83 300 0 35 0 19 22 0 871 543 566 0 0 119 0 120 0 59 60 
144 147 69 0 122 83 0 81 83 296 0 31 0 19 23 0 821 545 578 0 0 110 0 120 0 59 60 
143 148 69 0 122 84 0 84 83 293 0 30 0 19 22 0 906 528 594 0 0 110 0 120 0 58 60 
149 141 67 0 122 85 0 81 83 289 0 31 0 19 23 0 816 534 633 0 0 112 0 120 0 58 60 
143 146 70 0 122 88 0 77 84 289 0 32 0 20 22 0 828 542 579 0 0 118 0 120 0 59 60 
147 145 70 0 122 92 0 80 84 292 0 31 0 20 23 0 824 539 608 0 0 120 0 120 0 58 60 
144 145 72 0 121 98 0 77 81 290 0 33 0 20 21 0 849 552 562 0 0 118 0 120 0 58 60 
145 146 71 0 121 85 0 81 81 290 0 34 0 21 23 0 877 548 539 0 0 116 0 120 0 58 60 
149 146 71 0 122 78 0 86 83 289 0 34 0 22 23 0 867 543 601 0 0 111 0 120 0 58 60 
140 143 69 0 122 78 0 83 83 292 0 36 0 20 23 0 857 536 578 0 0 108 0 120 0 58 60 
147 147 71 0 124 86 0 83 83 291 0 32 0 20 23 0 876 543 617 0 0 108 0 120 0 57 60 
148 143 69 0 124 87 0 83 84 291 0 35 0 22 24 0 834 520 649 0 0 113 0 120 0 58 60 
142 151 70 0 124 89 0 87 83 293 0 32 0 23 24 0 863 563 551 0 0 118 0 120 0 57 60 
147 154 70 0 124 87 0 83 84 291 0 37 0 23 24 0 871 573 656 0 0 123 0 120 0 56 60 
145 137 68 0 122 90 0 81 84 286 0 37 0 22 23 0 888 551 620 0 0 126 0 120 0 57 60 
144 145 70 0 120 82 0 81 83 282 0 37 0 22 22 0 832 550 625 0 0 124 0 120 0 56 60 
141 152 71 0 119 72 0 79 83 279 0 36 0 20 21 0 842 540 620 0 0 124 0 120 0 57 60 
143 148 73 0 119 70 0 84 82 290 0 32 0 18 23 0 896 542 657 0 0 123 0 120 0 59 60 
143 152 71 0 120 73 0 85 83 296 0 32 0 19 23 0 854 520 668 0 0 126 0 120 0 60 60 
145 140 71 0 122 73 0 86 83 294 0 34 0 20 23 0 871 525 605 0 0 128 0 120 0 59 60 
145 148 70 0 125 75 0 83 82 294 0 31 0 21 23 0 885 553 636 0 0 127 0 120 0 60 60 
143 146 73 0 128 83 0 80 83 285 0 29 0 22 23 0 833 538 554 0 0 119 0 120 0 60 60 
139 142 70 0 129 86 0 87 84 286 0 31 0 23 23 0 815 564 566 0 0 117 0 120 0 60 60 
144 142 69 0 130 82 0 85 83 291 0 30 0 24 22 0 792 519 584 0 0 116 0 120 0 59 60 
146 135 68 0 130 78 0 83 83 293 0 30 0 25 22 0 864 552 645 0 0 120 0 120 0 60 60 
145 141 68 0 128 83 0 80 83 292 0 30 0 23 22 0 830 527 611 0 0 125 0 120 0 59 60 
147 148 71 0 126 83 0 82 82 289 0 32 0 25 22 0 862 529 547 0 0 122 0 120 0 58 60 
144 136 70 0 124 83 0 83 82 287 0 35 0 23 22 0 840 547 641 0 0 113 0 120 0 58 60 
145 142 72 0 123 80 0 80 82 284 0 37 0 25 23 0 819 549 605 0 0 108 0 120 0 58 60 
145 148 73 0 123 85 0 84 83 284 0 33 0 25 23 0 851 517 621 0 0 108 0 120 0 58 60 
141 142 70 0 122 89 0 86 83 291 0 36 0 22 22 0 830 527 563 0 0 108 0 120 0 58 60 
148 148 68 0 123 82 0 79 83 293 0 34 0 22 23 0 870 542 481 0 0 108 0 120 0 58 60 
144 145 70 0 125 77 0 87 82 288 0 32 0 21 23 0 835 522 617 0 0 114 0 120 0 57 60 
145 144 71 0 126 75 0 81 81 287 0 33 0 19 23 0 830 530 561 0 0 121 0 120 0 57 60 
146 144 71 0 126 77 0 83 80 287 0 37 0 15 22 0 865 549 594 0 0 122 0 120 0 57 60 
147 141 71 0 127 77 0 86 83 290 0 36 0 14 24 0 840 561 598 0 0 121 0 120 0 57 60 
149 149 72 0 126 79 0 79 83 297 0 34 0 12 23 0 871 527 640 0 0 121 0 120 0 58 60 
142 147 71 0 125 81 0 82 82 296 0 35 0 15 22 0 893 561 581 0 0 121 0 120 0 58 60 
147 143 71 0 124 84 0 86 81 293 0 34 0 15 24 0 856 562 584 0 0 117 0 120 0 59 60 
148 146 67 0 123 81 0 82 82 291 0 36 0 13 24 0 884 530 674 0 0 114 0 120 0 58 60 
150 146 71 0 123 89 0 77 84 285 0 38 0 15 22 11 885 547 637 0 0 117 0 120 0 59 60 
144 145 72 0 123 96 0 87 85 290 0 41 0 17 22 0 903 542 568 0 0 122 0 120 0 59 60 
140 151 71 0 124 105 0 89 83 291 0 39 0 19 22 0 889 564 650 0 0 127 0 120 0 59 60 
143 145 72 0 123 104 0 90 83 291 0 41 0 20 23 0 868 554 628 0 0 126 0 120 0 59 60 
143 148 71 0 124 98 0 82 83 289 0 38 0 23 22 0 905 554 665 0 0 126 0 120 0 58 60 
143 152 73 0 124 96 0 89 82 289 0 39 0 21 23 0 836 543 617 0 0 126 0 120 0 58 60 
144 138 70 0 124 84 0 85 82 292 0 40 0 23 22 0 847 553 572 0 0 126 0 120 0 58 60 
141 143 71 0 124 77 0 77 83 291 0 39 0 23 23 0 872 538 568 0 0 129 0 120 0 57 60 
145 152 70 0 125 76 0 82 82 290 0 41 0 23 23 0 850 532 552 0 0 126 0 120 0 57 60 
148 151 72 0 126 80 0 79 81 293 0 38 0 22 23 0 891 569 583 0 0 123 0 120 0 57 60 
143 151 68 0 125 79 0 80 81 291 0 35 0 22 23 0 829 552 576 0 0 123 0 120 0 57 60 
147 140 72 0 124 83 0 85 82 287 0 37 0 21 22 0 893 538 513 0 0 126 0 120 0 58 60 
144 146 71 0 123 84 0 77 82 283 0 41 0 20 23 0 864 571 621 0 0 123 0 120 0 57 60 
145 146 74 0 123 90 0 81 84 282 0 47 0 19 22 0 874 548 544 0 0 124 0 120 0 58 60 
147 142 72 0 123 84 0 80 85 288 0 52 0 20 23 0 864 540 590 0 0 123 0 120 0 58 60 
143 142 68 0 122 83 0 87 84 293 0 51 0 19 23 0 897 549 519 0 0 120 0 120 0 59 60 
144 137 71 0 123 83 0 87 82 292 0 46 0 20 23 0 871 549 615 0 0 116 0 120 0 59 60 
144 144 73 0 124 82 0 80 83 286 0 39 0 23 22 0 828 547 492 0 0 118 0 120 0 59 60 
142 148 71 0 125 81 0 82 83 287 0 36 0 24 22 0 827 558 608 0 0 118 0 120 0 58 60 
147 136 73 0 126 78 0 82 85 288 0 32 0 21 22 0 796 539 595 0 0 119 0 120 0 58 60 
145 145 69 0 128 80 0 80 86 293 0 29 0 21 22 0 874 566 594 0 0 119 0 120 0 58 60 
144 144 73 0 130 80 0 79 85 294 0 32 0 22 22 0 854 536 578 0 0 117 0 120 0 57 60 
147 144 69 0 131 78 0 81 87 290 0 29 0 21 22 0 869 541 689 0 0 123 0 120 0 57 60 
