173 163 64 0 117 72 0 85 83 264 0 55 27 25 24 571 421 0 543 326 0 81 0 126 0 62 60 
175 173 65 0 116 76 0 91 83 259 0 53 28 24 23 507 421 0 559 325 0 86 0 126 0 62 60 
170 178 65 0 116 80 0 89 84 259 0 53 29 22 23 513 355 0 560 300 0 89 0 126 0 63 60 
176 183 63 0 116 83 0 83 84 257 0 53 27 21 23 535 436 0 557 325 0 96 0 126 0 63 60 
177 169 66 0 115 79 0 87 85 256 0 56 27 19 22 534 398 0 592 334 0 99 0 126 0 63 60 
172 174 67 0 115 86 0 85 86 258 0 55 26 17 23 551 322 0 591 331 0 101 0 126 0 63 60 
170 174 64 0 116 98 0 88 86 261 0 57 27 15 22 528 381 0 578 321 0 107 0 126 0 63 60 
174 172 63 0 116 104 0 85 84 259 0 58 27 16 23 517 405 0 549 286 0 112 0 126 0 63 60 
173 171 62 0 118 95 0 83 84 257 0 55 27 17 24 535 378 0 572 303 0 112 0 126 0 64 60 
173 165 68 0 119 87 0 88 84 260 0 52 28 19 23 571 429 0 572 351 0 105 0 126 0 65 60 
173 173 63 0 118 86 0 87 83 261 0 49 27 20 24 531 423 0 568 325 0 97 0 126 0 66 60 
176 166 64 0 117 85 0 86 83 260 0 47 28 21 23 519 439 0 496 336 0 90 0 126 0 66 60 
170 170 64 0 115 87 0 91 84 262 0 46 27 23 23 554 423 0 528 343 0 88 0 126 0 66 60 
173 167 64 0 114 91 0 84 84 262 0 49 28 21 23 578 407 0 571 345 0 90 0 126 0 67 60 
173 175 64 0 114 101 0 85 84 261 0 45 28 21 24 561 452 0 563 328 0 91 0 126 0 67 60 
171 172 62 0 116 103 0 85 85 256 0 42 26 25 22 537 403 0 566 298 0 95 0 126 0 67 60 
170 176 62 0 118 110 0 84 85 253 0 44 27 24 22 521 389 0 568 305 0 91 0 126 0 66 60 
172 171 65 0 119 101 0 88 86 250 0 42 28 25 23 507 438 0 533 293 0 92 0 126 0 66 60 
171 169 64 0 121 89 0 89 84 256 0 42 28 24 22 526 317 0 567 291 0 98 0 126 0 66 60 
170 173 67 0 123 76 0 86 86 261 0 45 28 21 22 511 349 0 529 320 0 93 0 126 0 64 60 
168 172 64 0 125 73 0 90 85 264 0 49 27 21 23 522 386 0 508 303 0 91 0 126 0 65 60 
169 175 65 0 125 74 0 91 85 259 0 48 28 21 22 538 429 0 514 348 0 95 0 126 0 65 60 
175 172 67 0 124 82 0 88 84 256 0 49 27 22 24 565 348 0 578 322 0 101 0 126 0 65 60 
171 176 61 0 122 84 0 95 83 257 0 44 27 22 23 479 426 0 524 330 0 99 0 126 0 65 60 
175 170 66 0 121 83 0 90 82 258 0 46 27 21 24 558 438 0 601 330 0 94 0 126 0 65 60 
175 176 62 0 119 84 0 90 83 259 0 48 26 20 24 537 340 0 567 332 0 96 0 126 0 65 60 
174 183 64 0 118 88 0 87 84 266 0 49 27 20 24 539 340 0 593 334 0 95 0 126 0 65 60 
171 165 66 0 118 85 0 83 86 261 0 53 27 19 25 562 375 0 535 327 0 95 0 126 0 66 60 
176 178 64 0 119 81 0 82 84 260 0 54 28 18 25 516 355 0 601 338 0 94 0 126 0 66 60 
171 180 66 0 120 85 0 77 84 258 0 50 29 20 24 539 397 0 585 309 0 89 0 126 0 67 60 
174 181 63 0 121 85 0 86 83 257 0 50 28 20 24 512 365 0 524 346 0 84 0 126 0 67 60 
171 167 65 0 121 89 0 82 84 256 0 44 28 21 22 526 476 0 571 332 0 87 0 126 0 68 60 
171 176 60 0 122 91 0 78 84 255 0 46 29 21 23 544 367 0 572 312 0 86 0 126 0 68 60 
172 176 65 0 122 99 0 87 86 260 0 43 28 20 22 516 400 0 620 273 0 92 0 126 0 68 60 
171 167 68 0 122 93 0 86 85 262 0 43 28 22 23 531 313 0 568 371 0 95 0 126 0 68 60 
177 165 66 0 120 87 0 93 84 258 0 44 28 21 21 553 467 0 576 310 0 98 0 126 0 68 60 
173 171 64 0 119 85 0 86 83 258 0 46 28 20 23 522 428 0 597 351 0 100 0 126 0 68 60 
176 172 65 0 119 84 0 82 84 256 0 46 28 20 22 570 377 0 568 320 0 98 0 126 0 68 60 
170 161 70 0 119 82 0 90 85 256 0 41 29 23 22 574 374 0 559 328 0 100 0 126 0 68 60 
174 173 68 0 119 83 0 81 84 260 0 42 29 24 22 575 423 0 504 305 0 99 0 126 0 68 60 
172 170 66 0 119 85 0 85 84 267 0 36 28 22 22 560 427 0 578 289 0 94 0 126 0 68 60 
167 178 66 0 120 86 0 88 84 262 0 37 27 24 23 551 400 0 516 291 0 96 0 126 0 69 60 
170 177 63 0 119 85 0 86 84 261 0 30 27 23 22 522 515 0 569 303 0 101 0 126 0 69 60 
171 175 67 0 119 81 0 87 85 258 0 30 28 21 23 558 353 0 548 300 0 109 0 126 0 69 60 
170 170 66 0 119 80 0 86 86 258 0 30 29 18 23 546 380 0 564 310 0 108 0 126 0 70 60 
173 172 62 0 119 81 0 86 84 259 0 29 29 19 23 535 404 0 511 323 0 106 0 126 0 68 60 
167 175 60 0 120 84 0 89 83 261 0 32 30 21 22 535 426 0 518 330 0 107 0 126 0 68 60 
174 174 62 0 120 80 0 82 84 262 0 35 29 20 25 566 406 0 612 334 0 105 0 126 0 67 60 
175 173 63 0 119 85 0 88 84 258 0 38 30 22 24 536 437 0 528 321 0 98 0 126 0 68 60 
177 171 66 0 118 93 0 88 85 257 0 44 29 26 23 513 449 0 519 321 0 87 0 126 0 68 60 
178 177 61 0 118 97 0 84 85 260 0 45 28 27 22 545 395 0 573 335 0 85 0 126 0 68 60 
157 174 64 0 117 92 0 85 85 260 0 45 27 24 23 582 372 0 539 332 0 84 0 126 0 69 60 
164 184 63 0 117 100 0 88 84 259 0 40 28 27 22 556 311 0 559 315 0 89 0 126 0 70 60 
175 171 63 0 118 101 0 89 85 262 0 36 28 25 23 535 343 0 580 321 0 92 0 126 0 70 60 
176 172 65 0 118 92 0 89 83 261 0 36 29 24 23 514 482 0 542 312 0 89 0 126 0 69 60 
178 182 64 0 119 85 0 87 83 263 0 30 30 25 24 516 460 0 576 259 0 95 0 126 0 70 60 
178 179 65 0 120 78 0 86 84 253 0 32 28 24 24 510 432 0 584 347 0 96 0 126 0 70 60 
180 179 63 0 122 73 0 89 85 256 0 32 29 21 24 539 416 0 598 335 0 98 0 126 0 70 60 
176 172 61 0 123 68 0 84 84 249 0 30 28 19 24 568 418 0 547 330 0 101 0 126 0 71 60 
175 178 63 0 125 73 0 93 84 256 0 33 29 18 24 577 437 0 573 333 0 99 0 126 0 71 60 
179 177 65 0 125 82 0 83 84 262 0 33 29 15 24 547 369 0 552 325 0 102 0 126 0 71 60 
175 168 64 0 125 90 0 81 85 266 0 36 30 13 23 546 431 0 528 332 0 103 0 126 0 72 60 
174 165 63 0 124 94 0 84 85 259 0 33 30 14 24 516 457 0 543 332 0 103 0 126 0 72 60 
174 170 63 0 122 92 0 82 86 258 0 33 31 15 24 525 407 0 549 330 0 102 0 126 0 72 60 
178 173 67 0 121 89 0 87 86 258 0 33 29 15 23 537 475 0 526 308 0 95 0 126 0 72 60 
169 165 64 0 120 89 0 85 84 257 0 33 30 15 23 591 428 0 521 324 0 92 0 126 0 72 60 
174 173 64 0 118 81 0 89 83 259 0 30 28 18 23 582 317 0 580 337 0 92 0 126 0 72 60 
176 171 63 0 118 76 0 92 83 265 0 32 29 22 22 532 323 0 605 307 0 92 0 126 0 70 60 
172 176 66 0 117 81 0 86 83 260 0 30 30 20 23 542 381 0 535 294 0 94 0 126 0 69 60 
169 176 65 0 116 79 0 93 84 259 0 31 30 23 24 560 333 0 580 275 0 95 0 126 0 69 60 
174 175 62 0 116 75 0 87 85 257 0 31 30 25 23 539 390 0 550 254 0 97 0 126 0 68 60 
177 171 65 0 117 79 0 86 85 257 0 28 29 24 23 521 346 0 576 282 0 100 0 126 0 68 60 
170 173 65 0 117 94 0 89 84 256 0 29 30 24 23 564 382 0 552 307 0 98 0 126 0 67 60 
170 179 64 0 117 100 0 84 84 257 0 28 29 23 23 513 452 0 545 306 0 101 0 126 0 67 60 
172 175 65 0 117 103 0 89 84 260 0 31 30 23 22 532 461 0 525 267 0 100 0 126 0 66 60 
178 175 63 0 116 96 0 84 85 264 0 31 29 23 23 542 379 0 528 293 0 95 0 126 0 66 60 
165 169 66 0 116 89 0 84 83 260 0 28 30 20 24 484 351 0 556 272 0 91 0 126 0 66 60 
169 178 65 0 116 78 0 93 83 257 0 31 29 20 24 587 395 0 530 235 0 86 0 126 0 65 60 
175 172 65 0 116 85 0 86 84 255 0 31 29 21 23 543 384 0 580 282 0 80 0 126 0 65 60 
173 183 67 0 116 89 0 89 83 257 0 28 28 20 23 549 385 0 550 276 0 80 0 126 0 65 60 
168 170 65 0 116 103 0 80 84 263 0 29 29 22 23 543 347 0 556 290 0 88 0 126 0 65 60 
176 165 65 0 116 116 0 78 86 266 0 27 28 24 23 525 280 0 561 296 0 93 0 126 0 64 60 
170 181 62 0 116 131 0 83 85 264 0 29 29 24 22 520 372 0 584 279 0 96 0 126 0 65 60 
170 173 64 0 116 132 0 85 84 260 0 28 30 23 23 523 255 0 558 295 0 104 0 126 0 65 60 
174 181 67 0 118 110 0 88 82 260 0 29 30 22 23 540 373 0 550 280 0 105 0 126 0 65 60 
174 174 64 0 119 92 0 88 83 257 0 30 30 22 23 538 367 0 599 295 0 106 0 126 0 65 60 
168 170 66 0 120 84 0 88 84 260 0 30 30 22 23 514 400 0 526 278 0 96 0 126 0 65 60 
171 174 63 0 120 86 0 86 85 261 0 30 30 21 23 572 364 0 604 318 0 87 0 126 0 65 60 
174 167 64 0 118 78 0 90 84 262 0 30 30 21 22 559 342 0 591 298 0 86 0 126 0 65 60 
176 165 67 0 116 72 0 85 85 260 0 32 30 24 24 514 393 0 540 311 0 83 0 126 0 65 60 
175 173 65 0 114 76 0 85 84 257 0 31 30 22 24 549 330 0 531 287 0 88 0 126 0 65 60 
178 175 62 0 115 81 0 83 84 262 0 34 30 23 24 560 353 0 590 331 0 89 0 126 0 65 60 
172 164 65 0 116 76 0 84 84 261 0 35 30 20 23 553 432 0 532 306 0 92 0 126 0 65 60 
173 155 66 0 118 76 0 89 85 258 0 37 30 19 24 548 420 0 508 303 0 99 0 126 0 64 60 
171 169 68 0 120 85 0 83 85 260 0 37 30 22 23 561 430 0 584 315 0 98 0 126 0 65 60 
174 174 65 0 121 98 0 92 86 260 0 35 28 22 23 529 368 0 519 319 0 99 0 126 0 64 60 
173 175 67 0 123 100 0 86 85 258 0 34 30 22 22 563 367 0 568 268 0 100 0 126 0 64 60 
177 178 65 0 124 97 0 85 84 252 0 32 29 21 23 547 287 0 571 291 0 102 0 126 0 63 60 
176 171 64 0 125 91 0 90 83 255 0 30 30 23 22 531 406 0 517 274 0 99 0 126 0 63 60 
167 178 67 0 124 85 0 84 83 251 0 30 30 22 23 533 417 0 512 307 0 102 0 126 0 62 60 
176 179 67 0 122 80 0 92 84 261 0 32 30 24 22 568 376 0 571 267 0 105 0 126 0 63 60 
176 175 64 0 120 73 0 83 85 265 0 34 30 24 23 541 463 0 481 276 0 108 0 126 0 63 60 
173 177 66 0 119 71 0 85 85 265 0 37 30 27 23 542 413 0 533 295 0 109 0 126 0 64 60 
172 174 66 0 118 74 0 91 84 259 0 41 30 25 22 551 360 0 535 336 0 112 0 126 0 64 60 
171 178 66 0 118 74 0 82 85 256 0 48 30 26 23 547 374 0 601 302 0 103 0 126 0 64 60 
173 172 65 0 118 76 0 87 85 257 0 51 30 24 22 567 408 0 545 299 0 97 0 126 0 64 60 
173 184 65 0 119 83 0 88 84 259 0 61 29 23 23 576 428 0 549 305 0 94 0 126 0 64 60 
171 166 64 0 120 87 0 85 84 262 0 66 29 21 23 537 343 0 587 317 0 90 0 126 0 64 60 
171 168 68 0 121 87 0 86 84 264 0 66 29 23 21 517 389 0 530 296 0 88 0 126 0 64 60 
173 184 65 0 121 93 0 85 83 260 0 69 29 19 23 498 482 0 590 301 0 92 0 126 0 64 60 
175 179 64 0 121 111 0 91 83 257 0 67 29 17 22 532 450 0 579 298 0 95 0 126 0 64 60 
172 181 67 0 121 115 0 84 84 256 0 68 30 20 23 539 412 0 616 288 0 92 0 126 0 64 60 
174 169 66 0 120 111 0 82 85 258 0 67 29 20 22 543 451 0 564 284 0 92 0 126 0 64 60 
174 177 64 0 118 97 0 87 85 254 0 68 30 22 23 554 404 0 534 290 0 92 0 126 0 66 60 
173 175 66 0 117 91 0 85 84 257 0 69 29 22 21 540 396 0 565 274 0 93 0 126 0 68 60 
175 167 66 0 117 97 0 86 83 261 0 68 29 26 22 531 437 0 580 319 0 93 0 126 0 69 60 
173 164 65 0 117 94 0 83 84 259 0 68 29 27 23 524 437 0 581 319 0 86 0 126 0 69 60 
169 170 64 0 118 84 0 91 84 258 0 68 29 28 22 520 461 0 529 289 0 81 0 126 0 69 60 
170 175 66 0 118 76 0 92 85 258 0 65 29 31 23 570 484 0 565 283 0 80 0 126 0 68 60 
179 163 63 0 118 72 0 93 86 258 0 59 29 26 22 562 398 0 491 281 0 91 0 126 0 68 60 
174 175 63 0 118 68 0 90 85 260 0 58 27 22 23 531 450 0 585 274 0 101 0 126 0 67 60 
171 170 65 0 117 65 0 88 83 265 0 48 29 22 23 505 411 0 549 280 0 104 0 126 0 66 60 
171 177 65 0 118 78 0 86 82 266 0 47 27 20 23 522 416 0 513 281 0 108 0 126 0 65 60 
174 175 65 0 118 90 0 84 83 265 0 43 29 19 24 523 409 0 575 271 0 112 0 126 0 64 60 
173 175 65 0 119 82 0 88 83 259 0 45 29 19 23 521 438 0 519 291 0 114 0 126 0 65 60 
173 172 64 0 118 76 0 81 84 260 0 43 29 17 22 513 463 0 532 259 0 108 0 126 0 64 60 
173 175 66 0 117 79 0 86 86 257 0 36 30 14 22 473 419 0 588 285 0 98 0 126 0 65 60 
174 180 65 0 116 80 0 86 84 260 0 28 30 14 23 541 469 0 541 280 0 88 0 126 0 64 60 
169 172 66 0 115 79 0 81 85 262 0 30 29 15 23 531 404 0 502 326 0 84 0 126 0 65 60 
173 176 66 0 115 81 0 85 85 261 0 30 29 22 22 542 421 0 513 295 0 87 0 126 0 65 60 
169 167 65 0 115 89 0 84 84 260 0 30 29 21 24 572 504 0 572 307 0 90 0 126 0 64 60 
170 176 64 0 115 88 0 94 85 259 0 28 29 24 24 562 514 0 512 314 0 93 0 126 0 64 60 
174 173 66 0 116 87 0 89 85 263 0 29 29 26 23 567 450 0 545 288 0 96 0 126 0 64 60 
173 178 63 0 117 82 0 84 85 261 0 31 28 25 24 554 438 0 545 296 0 94 0 126 0 63 60 
175 176 61 0 119 82 0 87 82 259 0 29 28 26 23 526 487 0 569 302 0 92 0 126 0 65 60 
173 168 64 0 121 83 0 82 83 261 0 29 28 25 23 550 396 0 585 295 0 97 0 126 0 66 60 
168 182 65 0 123 87 0 91 83 261 0 30 29 25 24 507 479 0 562 239 0 100 0 126 0 66 60 
176 177 66 0 125 98 0 87 85 261 0 28 29 24 22 499 507 0 608 296 0 94 0 126 0 66 60 
167 182 65 0 124 113 0 87 86 254 0 27 29 24 22 553 473 0 589 332 0 90 0 126 0 65 60 
172 167 65 0 124 115 0 89 86 254 0 28 29 22 22 531 501 0 529 335 0 90 0 126 0 64 60 
173 175 66 0 123 107 0 83 84 253 0 29 30 20 22 553 463 0 502 303 0 95 0 126 0 64 60 
172 177 65 0 121 95 0 87 84 262 0 29 29 19 23 525 461 0 555 305 0 95 0 126 0 64 60 
170 171 66 0 120 92 0 89 83 264 0 29 29 17 22 507 433 0 548 256 0 95 0 126 0 65 60 
174 168 67 0 119 85 0 84 86 262 0 28 28 16 23 574 491 0 573 268 0 101 0 126 0 65 60 
175 168 65 0 118 79 0 87 85 260 0 27 29 17 23 580 496 0 576 294 0 98 0 126 0 65 60 
175 176 67 0 117 84 0 83 84 256 0 28 30 18 22 608 517 0 551 300 0 97 0 126 0 65 60 
173 162 67 0 118 91 0 85 84 258 0 31 29 19 22 526 498 0 540 309 0 103 0 126 0 65 60 
177 171 69 0 117 90 0 86 84 260 0 30 30 21 23 511 510 0 528 278 0 107 0 126 0 65 60 
171 173 64 0 118 87 0 83 84 261 0 26 29 21 23 571 457 0 574 287 0 109 0 126 0 65 60 
173 174 65 0 119 94 0 92 84 262 0 28 30 21 23 532 454 0 602 270 0 111 0 126 0 65 60 
176 177 65 0 119 96 0 95 83 260 0 25 30 22 22 550 461 0 472 278 0 110 0 126 0 65 60 
172 172 67 0 118 79 0 86 84 257 0 28 29 23 22 540 503 0 557 314 0 97 0 126 0 65 60 
170 177 70 0 118 66 0 86 82 256 0 28 29 21 23 555 546 0 527 312 0 95 0 126 0 66 60 
175 169 65 0 118 70 0 88 83 256 0 29 29 26 24 567 509 0 579 318 0 93 0 126 0 66 60 
175 173 65 0 117 73 0 88 84 254 0 29 30 25 22 528 439 0 504 277 0 87 0 126 0 67 60 
173 174 65 0 117 74 0 84 85 254 0 27 31 24 23 497 421 0 505 286 0 86 0 126 0 67 60 
176 174 66 0 117 75 0 86 86 262 0 29 31 24 22 536 468 0 503 264 0 85 0 126 0 66 60 
171 174 66 0 117 84 0 87 86 260 0 29 30 22 23 574 457 0 527 272 0 87 0 126 0 66 60 
178 170 64 0 117 85 0 82 84 257 0 26 29 21 23 617 438 0 545 246 0 87 0 126 0 66 60 
172 175 65 0 116 84 0 82 83 257 0 30 29 22 23 556 469 0 554 279 0 97 0 126 0 65 60 
174 173 62 0 116 85 0 86 82 257 0 26 30 23 22 540 486 0 555 294 0 105 0 126 0 65 60 
170 187 68 0 117 84 0 84 84 260 0 26 30 21 23 569 459 0 583 322 0 110 0 126 0 65 60 
176 161 65 0 118 87 0 88 84 266 0 28 31 21 23 477 454 0 590 295 0 117 0 126 0 65 60 
171 171 63 0 119 87 0 89 84 264 0 27 29 19 22 554 457 0 556 282 0 117 0 126 0 65 60 
174 180 68 0 119 92 0 87 84 262 0 30 30 18 23 509 435 0 590 319 0 107 0 126 0 65 60 
171 172 64 0 118 104 0 90 84 258 0 30 30 20 22 541 480 0 620 264 0 99 0 126 0 64 60 
171 173 67 0 117 100 0 86 84 258 0 29 29 19 23 547 450 0 527 283 0 93 0 126 0 65 60 
177 171 65 0 115 93 0 86 85 258 0 29 29 18 22 552 452 0 599 313 0 95 0 126 0 65 60 
173 177 63 0 115 84 0 90 86 258 0 29 29 20 22 546 423 0 527 296 0 94 0 126 0 65 60 
170 174 67 0 115 81 0 83 86 259 0 28 30 21 23 505 454 0 572 289 0 95 0 126 0 65 60 
169 167 65 0 116 72 0 84 86 261 0 28 30 22 23 578 377 0 528 286 0 91 0 126 0 65 60 
175 168 64 0 118 72 0 85 84 259 0 29 30 22 22 574 420 0 513 268 0 84 0 126 0 65 60 
175 173 66 0 120 75 0 87 84 259 0 30 29 20 23 548 487 0 584 302 0 86 0 126 0 64 60 
173 172 67 0 121 85 0 88 83 262 0 28 30 21 22 550 390 0 578 281 0 89 0 126 0 64 60 
173 165 64 0 124 87 0 87 83 259 0 30 29 22 24 540 434 0 529 290 0 91 0 126 0 63 60 
173 172 64 0 125 88 0 93 83 260 0 30 32 20 23 519 478 0 530 316 0 90 0 126 0 63 60 
174 170 65 0 125 90 0 87 84 261 0 28 32 24 23 502 387 0 601 305 0 91 0 126 0 63 60 
172 176 67 0 123 93 0 76 83 260 0 29 33 24 22 499 440 0 565 254 0 95 0 126 0 63 60 
175 174 62 0 122 88 0 81 83 258 0 28 31 23 23 535 433 0 568 309 0 92 0 126 0 63 60 
172 172 66 0 121 87 0 81 85 253 0 28 31 22 24 553 374 0 529 299 0 94 0 126 0 63 60 
177 171 63 0 119 88 0 87 86 251 0 27 32 21 23 541 374 0 501 265 0 100 0 126 0 63 60 
170 170 66 0 118 93 0 89 87 254 0 28 32 19 22 556 433 0 560 271 0 103 0 126 0 64 60 
175 175 64 0 118 90 0 87 86 261 0 27 33 19 23 526 439 0 552 287 0 100 0 126 0 64 60 
172 172 63 0 119 90 0 85 84 264 0 31 31 21 22 553 414 0 484 282 0 99 0 126 0 64 60 
171 174 66 0 119 92 0 85 83 262 0 29 31 22 21 557 446 0 511 301 0 98 0 126 0 65 60 
174 171 65 0 120 91 0 90 84 259 0 28 30 24 22 520 483 0 534 264 0 98 0 126 0 65 60 
174 177 64 0 121 97 0 86 85 257 0 26 30 26 23 520 427 0 536 288 0 96 0 126 0 64 60 
168 173 64 0 122 94 0 82 85 260 0 29 31 27 24 537 410 0 556 292 0 99 0 126 0 65 60 
175 179 64 0 121 94 0 81 84 258 0 27 30 24 23 538 410 0 581 281 0 100 0 126 0 65 60 
175 172 64 0 120 88 0 86 84 262 0 28 30 25 23 524 382 0 552 292 0 103 0 126 0 64 60 
173 169 62 0 119 80 0 87 83 263 0 29 28 26 23 552 382 0 580 303 0 104 0 126 0 64 60 
168 185 63 0 117 76 0 86 84 258 0 29 28 26 23 520 416 0 532 290 0 99 0 126 0 63 60 
169 176 60 0 116 85 0 91 84 257 0 28 29 24 24 546 415 0 593 300 0 99 0 126 0 63 60 
176 180 61 0 116 92 0 91 86 257 0 28 29 24 23 553 386 0 521 274 0 96 0 126 0 63 60 
172 169 65 0 117 94 0 85 86 256 0 27 29 24 23 522 400 0 575 306 0 93 0 126 0 63 60 
171 176 66 0 116 93 0 85 87 253 0 26 29 19 25 563 356 0 518 301 0 88 0 126 0 64 60 
174 174 67 0 117 95 0 93 85 257 0 28 29 18 23 538 433 0 585 292 0 87 0 126 0 64 60 
172 170 64 0 118 83 0 86 84 263 0 28 28 15 22 572 459 0 579 285 0 87 0 126 0 64 60 
174 167 64 0 117 72 0 82 84 260 0 28 28 13 23 578 362 0 568 319 0 88 0 126 0 63 60 
175 166 65 0 118 69 0 87 82 257 0 28 29 13 22 530 375 0 555 278 0 95 0 126 0 64 60 
174 176 65 0 118 72 0 84 84 256 0 27 29 15 22 508 391 0 543 293 0 104 0 126 0 64 60 
173 164 66 0 118 75 0 87 85 259 0 27 29 14 22 524 356 0 567 274 0 108 0 126 0 63 60 
172 171 66 0 118 77 0 85 83 262 0 27 29 16 23 515 390 0 554 242 0 112 0 126 0 63 60 
176 173 64 0 118 84 0 86 84 267 0 27 30 17 21 536 415 0 624 253 0 108 0 126 0 63 60 
174 172 64 0 118 97 0 87 83 265 0 28 31 20 22 517 374 0 535 272 0 99 0 126 0 63 60 
172 182 62 0 117 104 0 84 85 263 0 28 29 23 22 558 355 0 581 304 0 88 0 126 0 63 60 
173 175 65 0 116 102 0 89 85 258 0 28 29 22 23 509 401 0 563 287 0 83 0 126 0 63 60 
181 172 62 0 117 103 0 89 86 258 0 29 30 26 23 523 426 0 571 308 0 87 0 126 0 63 60 
174 170 63 0 117 95 0 85 84 257 0 25 29 26 23 512 366 0 452 290 0 87 0 126 0 64 60 
172 176 68 0 117 86 0 84 84 256 0 28 30 25 23 526 402 0 546 271 0 91 0 126 0 64 60 
173 178 66 0 118 80 0 86 83 260 0 27 30 22 23 602 435 0 469 280 0 90 0 126 0 64 60 
177 171 66 0 119 85 0 91 85 260 0 27 30 21 22 566 429 0 496 274 0 92 0 126 0 64 60 
176 176 63 0 121 93 0 86 83 256 0 29 28 21 24 543 422 0 515 345 0 96 0 126 0 64 60 
172 170 62 0 123 91 0 84 86 258 0 27 28 21 24 576 401 0 572 319 0 93 0 126 0 65 60 
173 178 70 0 124 96 0 91 84 260 0 27 28 20 24 525 377 0 556 311 0 96 0 126 0 65 60 
172 172 68 0 125 105 0 86 84 259 0 28 29 22 24 530 459 0 553 256 0 98 0 126 0 65 60 
175 185 66 0 124 100 0 89 83 261 0 29 29 19 24 539 409 0 587 226 0 102 0 126 0 65 60 
171 165 64 0 124 77 0 90 84 261 0 29 32 23 23 554 501 0 544 287 0 98 0 126 0 64 60 
174 172 61 0 122 66 0 92 84 261 0 31 30 23 24 547 400 0 611 309 0 99 0 126 0 63 60 
177 185 68 0 121 68 0 87 85 260 0 27 31 26 24 528 416 0 568 276 0 101 0 126 0 62 60 
174 173 64 0 120 72 0 82 84 253 0 29 31 23 22 530 422 0 583 331 0 99 0 126 0 62 60 
171 175 62 0 119 75 0 84 84 251 0 26 31 25 23 520 457 0 580 251 0 93 0 126 0 63 60 
173 172 61 0 118 82 0 89 84 257 0 29 30 22 23 530 419 0 535 267 0 92 0 126 0 63 60 
173 177 59 0 117 89 0 84 87 261 0 27 32 21 23 562 411 0 543 312 0 92 0 126 0 62 60 
176 177 64 0 118 85 0 82 84 265 0 28 31 21 22 602 493 0 563 298 0 93 0 126 0 62 60 
170 168 63 0 118 89 0 86 85 263 0 28 33 22 23 551 533 0 556 281 0 94 0 126 0 63 60 
171 167 64 0 118 93 0 82 84 256 0 29 32 23 23 546 497 0 595 275 0 90 0 126 0 64 60 
172 170 63 0 119 91 0 87 83 256 0 28 31 23 22 524 496 0 533 323 0 94 0 126 0 64 60 
171 175 61 0 119 87 0 92 80 260 0 29 31 21 23 530 509 0 497 282 0 97 0 126 0 64 60 
172 167 64 0 118 84 0 86 83 257 0 30 30 21 23 520 487 0 558 270 0 100 0 126 0 64 60 
172 171 62 0 116 88 0 88 84 264 0 31 30 21 23 525 440 0 538 275 0 106 0 126 0 65 60 
167 171 63 0 118 94 0 82 85 263 0 30 30 20 23 565 428 0 545 314 0 100 0 126 0 65 60 
176 173 64 0 118 88 0 86 85 257 0 32 30 22 23 530 447 0 511 287 0 98 0 126 0 65 60 
177 181 61 0 118 79 0 86 86 256 0 37 31 23 23 542 438 0 495 294 0 93 0 126 0 65 60 
173 171 62 0 109 80 0 85 86 256 0 35 31 23 24 508 393 0 564 309 0 91 0 126 0 65 60 
172 176 61 0 108 81 0 92 84 253 0 35 32 21 22 527 419 0 584 284 0 91 0 126 0 65 60 
172 173 66 0 117 75 0 83 85 256 0 34 31 21 23 552 382 0 543 262 0 90 0 126 0 65 60 
176 175 62 0 117 73 0 86 83 258 0 33 31 23 23 586 456 0 526 303 0 94 0 126 0 64 60 
173 171 64 0 119 78 0 85 84 262 0 34 32 28 23 570 477 0 497 270 0 97 0 126 0 64 60 
173 169 66 0 119 85 0 89 84 260 0 31 31 26 23 550 433 0 508 211 0 102 0 126 0 64 60 
175 170 67 0 121 87 0 90 84 256 0 31 31 27 23 518 494 0 593 279 0 104 0 126 0 64 60 
173 174 68 0 121 87 0 83 84 257 0 30 31 24 23 514 461 0 551 280 0 108 0 126 0 64 60 
171 174 63 0 120 91 0 87 83 260 0 30 29 24 23 542 362 0 506 284 0 113 0 126 0 65 60 
173 173 65 0 119 89 0 86 85 264 0 32 29 22 24 518 387 0 554 261 0 110 0 126 0 64 60 
178 185 66 0 117 87 0 84 85 268 0 30 29 20 23 513 381 0 602 297 0 100 0 126 0 64 60 
170 165 66 0 115 84 0 87 84 268 0 31 28 20 23 538 398 0 541 285 0 88 0 126 0 64 60 
171 174 68 0 115 87 0 87 85 262 0 32 28 20 23 551 406 0 582 256 0 83 0 126 0 64 60 
175 184 64 0 115 90 0 94 85 258 0 29 28 20 24 572 453 0 569 306 0 83 0 126 0 65 60 
173 176 67 0 117 90 0 91 85 260 0 29 29 17 23 566 368 0 563 281 0 87 0 126 0 65 60 
168 174 66 0 119 89 0 82 85 260 0 29 29 20 23 516 396 0 533 311 0 92 0 126 0 65 60 
176 170 65 0 121 98 0 88 85 258 0 30 28 19 24 552 355 0 587 289 0 93 0 126 0 65 60 
171 175 66 0 124 98 0 87 84 262 0 31 29 22 24 557 406 0 567 274 0 96 0 126 0 65 60 
173 175 63 0 125 94 0 84 82 260 0 30 30 23 23 551 452 0 568 275 0 95 0 126 0 64 60 
167 168 67 0 125 87 0 85 82 257 0 28 31 26 22 533 437 0 601 327 0 97 0 126 0 65 60 
174 168 67 0 124 81 0 85 83 262 0 29 30 27 23 496 401 0 567 292 0 98 0 126 0 64 60 
173 170 66 0 123 81 0 84 85 260 0 29 31 28 23 544 425 0 582 304 0 91 0 126 0 64 60 
171 170 65 0 121 83 0 86 85 259 0 29 30 28 23 546 383 0 501 301 0 94 0 126 0 65 60 
170 165 66 0 120 89 0 83 87 261 0 28 31 26 23 537 414 0 566 296 0 93 0 126 0 65 60 
176 172 67 0 118 98 0 86 83 262 0 28 32 23 23 527 404 0 600 276 0 90 0 126 0 65 60 
173 172 66 0 118 97 0 86 84 265 0 29 30 21 23 527 355 0 524 278 0 94 0 126 0 63 60 
172 173 68 0 118 80 0 86 84 258 0 29 31 20 23 547 367 0 524 281 0 94 0 126 0 62 60 
175 178 65 0 118 80 0 91 86 254 0 29 31 20 23 539 382 0 538 213 0 88 0 126 0 62 60 
177 169 65 0 120 82 0 87 87 253 0 29 31 20 24 557 402 0 484 274 0 91 0 126 0 62 60 
173 178 67 0 120 80 0 87 86 259 0 28 32 16 23 580 421 0 538 287 0 88 0 126 0 63 60 
172 172 65 0 122 75 0 88 84 261 0 30 32 15 24 593 327 0 522 326 0 82 0 126 0 63 60 
172 175 64 0 122 77 0 84 83 266 0 28 33 15 23 535 452 0 518 291 0 89 0 126 0 64 60 
178 175 63 0 122 81 0 91 83 261 0 28 32 17 23 527 405 0 563 287 0 99 0 126 0 64 60 
171 172 68 0 120 88 0 81 85 255 0 31 32 20 23 497 418 0 584 293 0 105 0 126 0 64 60 
174 174 68 0 119 93 0 82 84 257 0 27 33 23 23 544 391 0 584 293 0 103 0 126 0 65 60 
175 171 66 0 118 101 0 89 84 258 0 27 31 23 23 542 449 0 524 290 0 103 0 126 0 65 60 
173 175 63 0 119 101 0 86 84 257 0 29 32 25 22 555 411 0 632 283 0 100 0 126 0 64 60 
172 175 65 0 119 94 0 87 85 262 0 27 31 26 22 572 361 0 524 301 0 99 0 126 0 65 60 
177 179 69 0 119 94 0 87 85 259 0 29 31 24 22 539 463 0 555 262 0 97 0 126 0 65 60 
175 165 67 0 118 101 0 83 85 259 0 28 32 25 23 551 419 0 573 290 0 97 0 126 0 65 60 
176 174 65 0 119 102 0 83 85 256 0 27 31 25 24 524 449 0 574 299 0 96 0 126 0 65 60 
175 183 67 0 118 89 0 84 83 256 0 29 31 25 24 522 462 0 485 321 0 87 0 126 0 66 60 
171 174 64 0 119 81 0 85 85 255 0 27 29 26 24 577 469 0 554 291 0 85 0 126 0 66 60 
173 171 67 0 119 75 0 87 84 257 0 27 29 24 24 606 465 0 595 305 0 84 0 126 0 66 60 
172 169 65 0 119 72 0 83 84 259 0 28 30 22 22 513 417 0 570 304 0 88 0 126 0 65 60 
170 175 62 0 119 61 0 90 85 260 0 29 30 21 23 543 420 0 550 298 0 91 0 126 0 65 60 
172 172 64 0 119 70 0 86 84 261 0 29 28 17 23 497 491 0 558 286 0 97 0 126 0 65 60 
172 167 65 0 118 78 0 92 85 257 0 29 29 16 23 518 405 0 503 295 0 101 0 126 0 65 60 
179 166 69 0 118 76 0 88 83 255 0 27 30 16 23 548 434 0 566 296 0 98 0 126 0 65 60 
168 170 66 0 117 74 0 84 84 258 0 31 28 18 23 547 376 0 533 254 0 100 0 126 0 65 60 
169 171 63 0 117 79 0 87 83 261 0 29 29 19 22 551 391 0 556 297 0 98 0 126 0 65 60 
171 166 65 0 117 84 0 82 85 267 0 29 29 20 23 517 404 0 597 256 0 97 0 126 0 64 60 
175 172 65 0 117 85 0 89 85 266 0 28 29 22 24 543 442 0 520 291 0 98 0 126 0 65 60 
171 173 66 0 117 83 0 88 85 260 0 29 30 21 22 522 411 0 552 306 0 95 0 126 0 65 60 
171 176 66 0 119 88 0 86 85 258 0 29 32 22 22 510 375 0 569 271 0 100 0 126 0 65 60 
173 178 67 0 120 95 0 88 84 257 0 29 32 22 22 561 527 0 522 312 0 103 0 126 0 66 60 
173 169 68 0 122 93 0 89 84 258 0 29 32 22 23 562 459 0 578 280 0 100 0 126 0 67 60 
174 174 63 0 123 94 0 86 84 260 0 28 33 23 22 523 463 0 511 278 0 94 0 126 0 68 60 
173 172 65 0 125 93 0 87 84 259 0 29 33 23 23 521 489 0 505 295 0 88 0 126 0 67 60 
174 174 65 0 126 96 0 86 85 259 0 27 33 24 22 504 439 0 545 315 0 88 0 126 0 68 60 
174 174 65 0 125 92 0 86 83 257 0 28 33 24 23 532 392 0 552 268 0 92 0 126 0 68 60 
175 171 67 0 125 93 0 85 82 259 0 29 34 22 23 536 405 0 548 286 0 87 0 126 0 68 60 
173 176 67 0 123 92 0 84 82 262 0 29 33 22 23 531 477 0 541 282 0 87 0 126 0 67 60 
174 172 66 0 122 96 0 91 83 260 0 30 32 22 24 542 440 0 583 316 0 91 0 126 0 66 60 
173 174 66 0 120 89 0 85 84 260 0 29 32 21 24 519 455 0 619 282 0 90 0 126 0 66 60 
175 176 63 0 118 80 0 84 86 261 0 29 33 22 23 543 422 0 498 300 0 98 0 126 0 65 60 
172 182 65 0 118 78 0 88 85 262 0 28 33 22 24 544 368 0 555 303 0 106 0 126 0 66 60 
172 167 65 0 118 80 0 84 84 258 0 30 34 19 23 521 422 0 589 338 0 102 0 126 0 65 60 
172 170 65 0 118 81 0 88 84 253 0 29 32 19 23 562 437 0 532 281 0 101 0 126 0 65 60 
176 182 66 0 118 84 0 85 83 253 0 30 32 18 22 564 510 0 564 300 0 101 0 126 0 65 60 
174 176 65 0 119 97 0 89 84 257 0 30 33 18 23 607 518 0 572 296 0 102 0 126 0 65 60 
173 174 66 0 118 102 0 89 84 261 0 27 33 19 22 548 511 0 573 231 0 98 0 126 0 65 60 
174 175 65 0 117 99 0 84 85 266 0 30 32 20 23 554 468 0 640 291 0 97 0 126 0 65 60 
175 172 65 0 117 87 0 86 84 258 0 30 32 21 23 522 484 0 570 307 0 98 0 126 0 65 60 
174 177 64 0 116 86 0 87 83 257 0 29 32 19 22 530 443 0 626 310 0 100 0 126 0 65 60 
173 164 61 0 115 86 0 83 84 256 0 29 32 22 23 533 495 0 555 274 0 101 0 126 0 65 60 
170 167 65 0 117 83 0 86 85 258 0 27 31 22 23 542 446 0 538 284 0 105 0 126 0 65 60 
169 169 66 0 116 82 0 88 84 257 0 27 30 22 23 539 444 0 557 246 0 107 0 126 0 65 60 
172 174 66 0 116 82 0 97 83 261 0 30 31 20 23 542 513 0 522 266 0 98 0 126 0 65 60 
177 169 65 0 116 81 0 91 84 260 0 30 31 22 22 535 465 0 560 281 0 94 0 126 0 65 60 
171 174 63 0 115 85 0 88 84 258 0 34 31 23 23 509 358 0 568 293 0 90 0 126 0 65 60 
173 172 65 0 115 93 0 90 84 256 0 29 31 21 23 517 510 0 543 283 0 87 0 126 0 65 60 
175 174 66 0 116 94 0 83 84 255 0 29 31 24 22 558 355 0 547 265 0 86 0 126 0 65 60 
176 180 69 0 118 93 0 85 85 255 0 30 31 24 24 553 394 0 555 271 0 91 0 126 0 65 60 
174 172 67 0 118 90 0 83 85 256 0 29 31 21 23 537 448 0 489 267 0 93 0 126 0 65 60 
175 176 65 0 119 89 0 83 86 259 0 29 29 21 22 537 450 0 537 254 0 93 0 126 0 65 60 
176 171 65 0 118 91 0 86 85 263 0 29 30 19 23 533 499 0 510 227 0 100 0 126 0 65 60 
176 171 66 0 117 90 0 81 85 261 0 29 30 20 24 518 458 0 546 253 0 101 0 126 0 65 60 
173 175 65 0 115 83 0 83 83 257 0 31 31 22 24 523 378 0 570 225 0 104 0 126 0 65 60 
172 168 63 0 114 83 0 88 86 258 0 29 30 23 23 545 457 0 579 202 0 100 0 126 0 65 60 
176 171 65 0 114 91 0 87 85 260 0 33 31 24 23 566 511 0 579 111 0 94 0 126 0 65 60 
170 170 65 0 115 84 0 87 86 262 0 36 31 25 24 528 464 0 581 93 0 88 0 126 0 65 60 
176 175 66 0 115 74 0 89 84 265 0 36 32 25 23 564 427 0 614 50 0 87 0 126 0 65 60 
175 175 65 0 118 71 0 85 83 264 0 33 31 25 23 543 378 0 626 0 0 84 0 126 0 65 60 
173 181 66 0 120 75 0 85 83 263 0 31 31 26 23 511 388 0 570 0 0 88 0 126 0 65 60 
172 169 64 0 122 72 0 82 85 258 0 30 32 24 23 559 402 0 568 0 0 90 0 126 0 65 60 
174 170 64 0 123 74 0 85 85 257 0 32 33 26 22 571 450 0 555 0 0 89 0 126 0 65 60 
173 184 66 0 123 83 0 90 85 258 0 33 32 27 23 562 368 0 593 0 0 88 0 126 0 65 60 
171 177 67 0 122 99 0 85 84 260 0 32 32 24 23 559 413 0 522 0 0 87 0 126 0 65 60 
175 175 65 0 121 100 0 91 84 261 0 34 33 23 23 545 483 0 523 0 0 88 0 126 0 65 60 
171 173 64 0 119 102 0 84 84 258 0 34 32 21 23 533 441 0 557 0 0 87 0 126 0 65 60 
172 174 64 0 119 102 0 85 83 257 0 33 34 18 24 539 467 0 563 0 0 84 0 126 0 65 60 
170 175 64 0 117 103 0 90 85 261 0 35 33 15 24 532 436 0 542 0 0 84 0 126 0 65 60 
171 163 66 0 117 94 0 86 85 261 0 35 32 14 23 534 394 0 505 0 0 83 0 126 0 65 60 
169 164 62 0 118 82 0 94 84 261 0 34 33 14 24 534 307 0 526 0 0 80 0 126 0 64 60 
173 170 65 0 118 79 0 83 84 261 0 36 31 14 23 554 423 0 563 0 0 78 0 126 0 63 60 
172 172 66 0 119 84 0 84 83 262 0 32 32 13 24 557 384 0 532 0 0 81 0 126 0 63 60 
173 165 63 0 121 89 0 89 85 265 0 34 31 16 22 536 378 0 532 0 0 79 0 126 0 64 60 
170 167 67 0 121 101 0 82 85 259 0 32 30 16 22 564 328 0 594 0 0 82 0 126 0 64 60 
170 171 62 0 122 117 0 87 84 255 0 32 29 18 23 562 396 0 550 0 0 82 0 126 0 64 60 
176 172 66 0 121 105 0 91 84 251 0 30 29 23 22 539 343 0 534 0 0 82 0 126 0 64 60 
173 179 64 0 120 84 0 90 83 258 0 29 30 22 23 513 473 0 562 0 0 80 0 126 0 65 60 
170 174 65 0 118 70 0 87 84 262 0 30 31 24 22 512 475 0 529 0 0 78 0 126 0 65 60 
177 177 66 0 118 69 0 88 86 265 0 29 30 24 23 514 440 0 508 0 0 80 0 126 0 65 60 
171 172 65 0 118 72 0 88 84 261 0 29 29 24 23 534 382 0 559 0 0 78 0 126 0 65 60 
169 173 65 0 118 76 0 85 83 257 0 28 29 23 23 519 418 0 578 0 0 79 0 126 0 65 60 
175 176 65 0 119 84 0 82 83 258 0 29 30 22 21 517 428 0 548 0 0 77 0 126 0 65 60 
173 171 64 0 119 98 0 84 83 258 0 28 28 22 23 544 440 0 582 0 0 79 0 126 0 63 60 
174 174 63 0 119 100 0 82 83 258 0 31 29 21 24 514 435 0 545 0 0 77 0 126 0 62 60 
174 172 62 0 119 99 0 84 85 263 0 30 30 21 23 524 337 0 607 0 0 80 0 126 0 61 60 
174 174 66 0 119 88 0 83 86 258 0 28 29 19 23 521 359 0 638 0 0 82 0 126 0 62 60 
172 177 66 0 119 78 0 90 85 261 0 28 30 22 24 552 397 0 611 0 0 84 0 126 0 63 60 
170 180 66 0 119 77 0 86 85 256 0 30 30 21 24 568 407 0 507 0 0 87 0 126 0 63 60 
172 168 63 0 118 73 0 90 84 256 0 29 31 24 24 565 455 0 584 0 0 86 0 126 0 64 60 
172 172 64 0 118 74 0 90 85 258 0 26 29 26 23 563 444 0 584 0 0 84 0 126 0 64 60 
174 182 64 0 117 82 0 88 83 257 0 30 30 25 23 535 438 0 558 0 0 75 0 126 0 65 60 
171 174 67 0 117 88 0 88 84 258 0 28 30 21 24 543 402 0 583 0 0 72 0 126 0 65 60 
177 173 63 0 115 89 0 83 85 263 0 29 31 23 25 535 433 0 602 61 0 74 0 126 0 64 60 
179 171 66 0 115 94 0 88 84 260 0 29 31 19 23 559 411 0 535 0 0 76 0 126 0 65 60 
170 171 63 0 116 95 0 85 83 258 0 31 30 22 22 556 413 0 553 0 0 85 0 126 0 65 60 
167 177 65 0 116 93 0 86 83 257 0 28 32 22 24 539 442 0 545 0 0 92 0 126 0 65 60 
175 165 62 0 117 90 0 84 85 260 0 30 31 22 22 530 463 0 622 0 0 93 0 126 0 65 60 
177 165 63 0 118 89 0 84 86 264 0 29 31 23 23 524 464 0 562 54 0 93 0 126 0 65 60 
168 171 62 0 119 83 0 90 86 265 0 30 32 22 22 501 453 0 551 183 0 88 0 126 0 65 60 
168 171 62 0 122 76 0 85 85 267 0 29 30 21 22 522 448 0 609 220 0 90 0 126 0 65 60 
177 170 63 0 123 75 0 88 85 264 0 29 32 21 22 577 447 0 552 251 0 90 0 126 0 65 60 
176 170 67 0 124 81 0 85 84 256 0 29 32 20 23 587 433 0 555 293 0 92 0 126 0 65 60 
171 167 65 0 123 85 0 77 84 257 0 27 34 22 22 565 464 0 460 321 0 91 0 126 0 65 60 
176 176 66 0 124 85 0 80 84 257 0 30 31 21 23 531 500 0 575 296 0 89 0 126 0 65 60 
175 173 63 0 123 87 0 86 85 260 0 27 31 22 24 529 445 0 574 336 0 99 0 126 0 65 60 
169 176 65 0 122 89 0 92 85 260 0 30 31 19 23 510 462 0 533 333 0 102 0 126 0 65 60 
174 171 65 0 121 94 0 86 83 259 0 31 29 21 23 539 428 0 534 296 0 105 0 126 0 65 60 
173 171 63 0 119 91 0 88 84 261 0 29 30 22 23 528 456 0 543 327 0 105 0 126 0 66 60 
170 171 64 0 118 90 0 93 83 259 0 29 29 23 23 540 430 0 534 347 0 113 0 126 0 66 60 
170 177 61 0 119 94 0 89 83 262 0 29 29 26 24 520 488 0 559 376 0 117 0 126 0 66 60 
175 170 64 0 119 89 0 87 84 264 0 28 29 27 24 498 458 0 575 323 0 113 0 126 0 67 60 
174 173 66 0 120 85 0 83 85 257 0 28 30 23 25 535 513 0 608 331 0 109 0 126 0 66 60 
173 168 65 0 119 93 0 83 84 261 0 28 30 27 24 533 493 0 539 376 0 111 0 126 0 66 60 
174 176 66 0 119 89 0 84 83 263 0 28 30 24 23 581 455 0 568 357 0 110 0 126 0 65 60 
178 177 62 0 119 76 0 86 85 260 0 27 31 23 23 562 488 0 525 367 0 112 0 126 0 65 60 
174 183 63 0 119 69 0 92 86 252 0 28 31 22 23 556 520 0 619 365 0 113 0 126 0 65 60 
171 164 66 0 119 73 0 90 84 251 0 29 33 21 23 537 553 0 659 303 0 103 0 126 0 65 60 
174 170 66 0 119 81 0 82 86 255 0 27 33 19 23 513 491 0 528 314 0 101 0 126 0 65 60 
173 182 64 0 118 81 0 91 84 263 0 30 31 17 23 501 471 0 594 374 0 99 0 126 0 65 60 
176 177 63 0 117 79 0 91 82 264 0 28 32 18 21 502 555 0 585 322 0 99 0 126 0 65 60 
170 171 66 0 117 77 0 83 83 259 0 28 32 21 23 534 519 0 537 376 0 97 0 126 0 64 60 
171 171 69 0 116 81 0 87 84 258 0 26 31 19 23 572 498 0 502 353 0 97 0 126 0 65 60 
171 171 70 0 116 79 0 85 84 257 0 29 32 20 23 554 459 0 488 327 0 106 0 126 0 65 60 
170 182 68 0 114 77 0 82 84 255 0 26 30 24 23 532 447 0 612 348 0 104 0 126 0 65 60 
172 165 65 0 116 82 0 89 85 258 0 29 31 26 24 570 464 0 563 307 0 110 0 126 0 65 60 
173 166 66 0 116 88 0 87 85 263 0 28 29 28 24 542 500 0 582 320 0 106 0 126 0 65 60 
171 171 70 0 117 86 0 88 85 261 0 27 29 29 24 541 530 0 554 302 0 106 0 126 0 64 60 
173 172 65 0 118 87 0 84 84 257 0 28 28 29 22 575 490 0 608 346 0 105 0 126 0 65 60 
170 170 62 0 117 97 0 87 87 258 0 27 29 25 22 559 491 0 539 337 0 103 0 126 0 65 60 
167 171 61 0 115 106 0 87 83 256 0 27 29 21 23 547 531 0 564 326 0 102 0 126 0 65 60 
173 172 61 0 115 105 0 85 85 257 0 26 28 21 23 526 525 0 535 337 0 101 0 126 0 65 60 
172 177 68 0 112 105 0 85 84 257 0 26 29 22 22 528 559 0 511 370 0 109 0 126 0 65 60 
171 178 63 0 112 108 0 88 82 257 0 28 29 19 23 543 554 0 497 326 0 119 0 126 0 65 60 
172 175 64 0 113 97 0 89 83 263 0 27 30 19 22 534 565 0 571 356 0 119 0 126 0 64 60 
172 173 63 0 116 84 0 88 82 264 0 26 29 15 22 519 453 0 551 361 0 116 0 126 0 65 60 
170 171 62 0 118 75 0 84 84 259 0 28 28 14 22 524 512 0 592 379 0 114 0 126 0 65 60 
173 172 67 0 120 79 0 91 85 255 0 25 27 16 24 560 438 0 597 337 0 103 0 126 0 65 60 
173 175 64 0 123 75 0 87 85 255 0 28 28 19 24 546 513 0 557 366 0 99 0 126 0 66 60 
173 170 62 0 123 70 0 85 84 260 0 27 28 22 23 491 533 0 610 350 0 96 0 126 0 65 60 
169 174 63 0 124 72 0 90 85 264 0 28 28 24 23 563 534 0 547 274 0 99 0 126 0 66 60 
172 172 64 0 123 81 0 89 85 265 0 28 29 23 24 583 535 0 523 303 0 103 0 126 0 66 60 
172 174 64 0 123 82 0 93 85 263 0 29 28 27 22 540 541 0 591 377 0 102 0 126 0 66 60 
171 175 63 0 121 80 0 91 84 257 0 28 28 26 23 557 491 0 575 374 0 98 0 126 0 67 60 
172 181 64 0 119 82 0 90 81 257 0 28 29 24 23 550 549 0 607 368 0 103 0 126 0 67 60 
171 169 61 0 118 88 0 91 82 254 0 27 28 26 23 535 475 0 518 333 0 108 0 126 0 67 60 
179 173 65 0 117 95 0 85 82 258 0 27 28 24 22 517 526 0 556 358 0 106 0 126 0 66 60 
175 183 65 0 118 97 0 79 85 258 0 28 29 26 22 537 542 0 517 380 0 102 0 126 0 66 60 
169 177 63 0 119 98 0 83 84 260 0 27 29 25 22 511 467 0 547 364 0 103 0 126 0 66 60 
176 169 66 0 120 93 0 83 85 259 0 28 30 22 23 521 557 0 634 353 0 106 0 126 0 65 60 
179 177 64 0 121 84 0 87 84 258 0 27 28 22 23 547 457 0 556 348 0 111 0 126 0 65 60 
168 173 67 0 121 79 0 86 84 263 0 28 28 19 22 549 479 0 589 316 0 114 0 126 0 65 60 
173 174 68 0 122 86 0 83 85 261 0 27 29 16 23 539 415 0 569 311 0 115 0 126 0 65 60 
175 163 67 0 121 88 0 88 85 262 0 29 29 15 23 545 491 0 553 337 0 112 0 126 0 63 60 
174 170 66 0 120 88 0 89 82 260 0 27 30 16 23 584 528 0 608 366 0 112 0 126 0 63 60 
170 169 65 0 120 83 0 83 85 262 0 27 29 19 23 558 546 0 512 323 0 110 0 126 0 63 60 
170 167 68 0 118 86 0 86 84 261 0 27 28 19 24 535 507 0 539 358 0 106 0 126 0 64 60 
174 170 66 0 118 94 0 85 85 256 0 32 29 20 22 513 476 0 543 362 0 106 0 126 0 63 60 
177 172 64 0 118 100 0 84 83 253 0 30 27 21 23 489 461 0 548 367 0 103 0 126 0 64 60 
170 176 63 0 118 95 0 88 84 250 0 31 28 22 22 546 459 0 523 355 0 99 0 126 0 63 60 
177 171 62 0 119 91 0 91 84 261 0 36 27 22 23 539 493 0 525 342 0 100 0 126 0 64 60 
172 176 65 0 117 84 0 89 84 260 0 32 28 23 22 552 542 0 524 314 0 95 0 126 0 64 60 
172 170 65 0 119 79 0 85 85 261 0 36 29 24 22 527 487 0 612 338 0 99 0 126 0 64 60 
171 167 64 0 118 80 0 86 84 257 0 34 29 26 23 529 524 0 531 308 0 94 0 126 0 64 60 
176 174 65 0 118 85 0 85 84 256 0 34 28 25 24 524 462 0 568 337 0 87 0 126 0 64 60 
172 175 64 0 118 84 0 86 86 256 0 33 28 23 24 545 529 0 594 356 0 87 0 126 0 64 60 
173 175 68 0 118 80 0 84 84 259 0 34 28 22 23 526 474 0 600 323 0 95 0 126 0 63 60 
174 175 65 0 118 81 0 93 86 260 0 37 29 20 23 562 467 0 573 369 0 102 0 126 0 63 60 
177 173 65 0 118 81 0 82 85 260 0 36 30 21 23 566 442 0 572 339 0 109 0 126 0 64 60 
172 172 64 0 117 76 0 86 85 258 0 40 29 20 24 539 438 0 601 371 0 116 0 126 0 64 60 
173 170 68 0 116 74 0 88 84 258 0 41 30 21 23 576 515 0 527 354 0 122 0 126 0 63 60 
175 181 67 0 116 75 0 82 85 258 0 41 30 21 23 519 457 0 586 339 0 126 0 126 0 64 60 
171 170 65 0 116 84 0 88 83 257 0 44 29 21 22 563 498 0 574 374 0 122 0 126 0 64 60 
176 171 62 0 117 93 0 87 85 255 0 49 29 20 23 513 474 0 589 344 0 114 0 126 0 64 60 
175 181 65 0 119 101 0 91 85 258 0 52 30 19 23 532 547 0 509 339 0 110 0 126 0 64 60 
176 179 66 0 120 112 0 89 84 264 0 50 30 18 22 536 433 0 572 320 0 110 0 126 0 63 60 
168 178 70 0 121 125 0 83 84 263 0 44 29 19 23 545 533 0 528 324 0 111 0 126 0 61 60 
173 171 64 0 123 115 0 89 83 259 0 37 29 19 22 557 464 0 563 303 0 111 0 126 0 61 60 
170 172 65 0 124 103 0 83 85 258 0 35 29 21 23 505 474 0 602 358 0 106 0 126 0 60 60 
174 178 64 0 125 83 0 86 84 255 0 42 29 20 22 530 479 0 502 362 0 100 0 126 0 61 60 
174 172 67 0 126 77 0 85 85 261 0 46 28 22 24 608 437 0 524 386 0 101 0 126 0 61 60 
174 164 68 0 125 72 0 82 85 266 0 54 28 21 23 595 507 0 606 325 0 100 0 126 0 63 60 
171 171 65 0 124 73 0 86 84 262 0 59 28 20 23 584 446 0 563 342 0 102 0 126 0 63 60 
168 174 63 0 122 70 0 82 85 265 0 57 28 22 23 554 390 0 524 324 0 98 0 126 0 63 60 
172 165 63 0 120 71 0 85 85 258 0 53 28 19 22 517 476 0 536 342 0 94 0 126 0 65 60 
167 170 65 0 119 75 0 89 84 255 0 45 30 23 23 530 449 0 512 350 0 92 0 126 0 66 60 
175 169 65 0 118 79 0 89 83 256 0 39 30 25 24 535 417 0 490 344 0 95 0 126 0 66 60 
172 178 67 0 118 81 0 88 82 259 0 36 30 23 23 551 414 0 550 341 0 99 0 126 0 66 60 
172 175 65 0 118 82 0 89 82 259 0 33 29 24 21 554 409 0 580 349 0 99 0 126 0 67 60 
174 178 66 0 118 78 0 90 83 258 0 31 29 22 23 549 393 486 547 371 0 105 0 126 0 67 60 
174 175 69 0 118 78 0 88 85 259 0 29 30 19 23 559 387 656 600 367 0 111 0 126 0 67 60 
172 170 67 0 118 83 0 87 85 255 0 28 28 19 23 508 518 840 553 367 0 107 0 126 0 67 60 
173 174 66 0 118 85 0 87 87 262 0 27 30 18 22 503 490 0 569 323 0 107 0 126 0 67 60 
174 176 62 0 119 88 0 87 86 265 0 24 29 22 23 565 418 721 520 355 0 106 0 126 0 67 60 
174 172 65 0 118 84 0 88 84 262 0 29 28 24 24 594 384 762 512 366 0 106 0 126 0 66 60 
173 173 67 0 118 86 0 84 83 255 0 26 29 24 24 572 425 789 590 352 0 109 0 126 0 65 60 
175 172 67 0 117 85 0 89 84 264 0 27 29 28 24 534 436 916 568 354 0 106 0 126 0 66 60 
173 173 65 0 117 82 0 86 84 260 0 26 29 27 23 515 441 714 599 363 0 105 0 126 0 65 60 
175 175 65 0 117 81 0 85 84 253 0 30 29 25 24 505 405 462 587 327 0 97 0 126 0 65 60 
174 182 65 0 115 88 0 86 84 250 0 27 29 24 23 520 511 0 598 278 0 93 0 126 0 65 60 
175 166 64 0 116 89 0 84 84 243 0 29 28 25 22 536 435 0 565 342 0 91 0 126 0 65 60 
176 171 65 0 116 88 0 84 84 256 0 27 28 25 23 521 407 0 574 356 0 91 0 126 0 66 60 
178 181 65 0 116 85 0 79 84 266 0 28 26 27 23 522 401 0 576 336 0 102 0 126 0 66 60 
170 177 64 0 116 86 0 84 86 265 0 28 27 24 22 548 350 0 554 345 0 111 0 126 0 66 60 
173 174 64 0 117 83 0 89 87 262 0 29 28 23 22 511 435 0 535 347 0 111 0 126 0 66 60 
168 167 67 0 118 73 0 85 87 257 0 28 28 20 22 530 399 0 557 345 0 109 0 126 0 66 60 
177 176 65 0 118 78 0 83 85 259 0 29 29 19 23 553 451 0 555 341 0 106 0 126 0 66 60 
169 173 65 0 118 88 0 86 86 259 0 35 28 16 23 603 355 0 563 353 0 100 0 126 0 66 60 
177 167 63 0 116 86 0 94 84 263 0 38 28 13 24 589 435 0 598 323 0 96 0 126 0 65 60 
172 162 64 0 114 84 0 89 84 264 0 47 28 14 23 570 378 0 497 344 0 96 0 126 0 65 60 
174 174 66 0 114 94 0 81 84 262 0 48 28 15 23 563 420 0 503 347 0 99 0 126 0 65 60 
165 171 66 0 114 104 0 85 83 260 0 56 28 13 24 532 392 0 544 347 0 97 0 126 0 65 60 
176 170 63 0 116 105 0 83 82 257 0 61 29 14 23 532 388 0 462 350 0 101 0 126 0 66 60 
175 170 66 0 119 102 0 83 83 258 0 61 28 17 22 524 400 0 539 395 0 105 0 126 0 67 60 
168 170 64 0 120 97 0 91 83 256 0 60 29 21 22 534 275 0 510 338 0 105 0 126 0 68 60 
168 175 64 0 123 93 0 86 85 259 0 58 29 22 23 528 416 0 552 368 0 107 0 126 0 68 60 
174 174 64 0 124 91 0 88 86 263 0 55 29 23 23 532 372 0 543 362 0 112 0 126 0 69 60 
171 178 61 0 125 94 0 87 86 261 0 57 28 25 23 571 339 0 541 361 0 113 0 126 0 69 60 
173 174 62 0 125 105 0 89 84 259 0 62 28 25 24 530 405 0 561 327 0 105 0 126 0 69 60 
173 172 64 0 124 101 0 87 84 256 0 64 29 23 22 520 336 0 573 365 0 104 0 126 0 68 60 
174 171 66 0 122 84 0 84 84 257 0 68 29 24 23 561 418 0 564 343 0 103 0 126 0 69 60 
174 171 65 0 121 77 0 86 85 262 0 67 29 21 22 570 345 232 582 307 0 104 0 126 0 69 60 
172 168 65 0 119 74 0 87 85 264 0 65 28 22 23 544 365 325 593 345 0 100 0 126 0 70 60 
172 169 65 0 118 75 0 87 84 262 0 63 29 20 24 534 392 261 552 327 0 99 0 126 0 71 60 
175 175 64 0 118 78 0 85 83 263 0 54 30 19 23 530 360 218 504 339 0 94 0 126 0 71 60 
173 171 68 0 118 80 0 88 84 258 0 47 29 20 24 515 363 161 646 344 0 95 0 126 0 71 60 
176 176 65 0 119 81 0 88 84 255 0 38 29 21 23 506 440 159 586 341 0 98 0 126 0 72 60 
173 182 67 0 120 83 0 86 83 258 0 35 30 20 23 525 404 130 529 348 0 97 0 126 0 71 60 
172 166 64 0 121 80 0 84 84 257 0 35 29 24 23 550 363 224 505 356 0 97 0 126 0 72 60 
176 173 64 0 120 77 0 89 85 258 0 30 29 26 24 513 322 144 582 341 0 98 0 126 0 72 60 
175 181 65 0 120 80 0 88 85 263 0 28 29 25 22 579 408 138 533 353 0 101 0 126 0 72 60 
172 179 63 0 119 79 0 81 85 259 0 29 30 22 22 492 324 189 551 356 0 97 0 126 0 72 60 
175 169 63 0 118 78 0 88 84 260 0 26 30 23 22 520 438 228 560 354 0 99 0 126 0 72 60 
173 173 61 0 117 79 0 87 83 263 0 28 30 22 23 576 388 201 520 326 0 97 0 126 0 73 60 
173 174 64 0 116 89 0 87 85 264 0 28 29 21 22 550 459 146 596 318 0 97 0 126 0 73 60 
172 173 64 0 116 87 0 94 84 261 0 27 30 21 23 573 403 134 545 357 0 90 0 126 0 73 60 
170 164 63 0 116 89 0 80 84 263 0 28 30 20 24 524 398 132 525 338 0 87 0 126 0 71 60 
171 161 64 0 117 91 0 88 85 259 0 27 30 23 23 516 410 171 517 360 0 90 0 126 0 72 60 
171 175 65 0 118 96 0 87 83 261 0 28 29 21 23 534 298 133 568 345 0 93 0 126 0 72 60 
172 165 66 0 118 93 0 84 83 252 0 27 28 21 23 544 450 180 512 381 0 102 0 126 0 72 60 
174 168 65 0 118 85 0 95 85 247 0 26 29 20 24 497 353 99 485 316 0 110 0 126 0 72 60 
170 172 64 0 118 84 0 88 85 251 0 29 29 21 23 520 428 95 586 356 0 117 0 126 0 72 60 
173 175 66 0 118 88 0 89 85 261 0 27 28 23 24 536 378 0 495 339 0 120 0 126 0 72 60 
173 176 66 0 119 82 0 89 84 261 0 29 29 22 22 523 418 0 547 280 0 111 0 126 0 72 60 
175 176 65 0 119 79 0 83 84 263 0 28 29 22 23 546 417 0 587 330 0 104 0 126 0 72 60 
170 174 64 0 118 75 0 82 85 258 0 28 27 20 22 534 382 0 599 346 0 102 0 126 0 72 60 
175 170 61 0 117 77 0 81 86 257 0 27 27 22 22 563 343 181 563 370 0 108 0 126 0 71 60 
175 174 66 0 116 75 0 86 84 259 0 28 27 21 22 556 323 0 584 364 0 112 0 126 0 70 60 
173 176 66 0 115 78 0 83 86 255 0 28 28 23 22 549 384 0 603 347 0 112 0 126 0 70 60 
167 175 64 0 115 83 0 81 85 262 0 29 28 26 23 556 380 0 565 343 0 108 0 126 0 72 60 
174 171 66 0 116 89 0 89 84 261 0 28 27 26 23 510 391 0 534 327 0 103 0 126 0 72 60 
172 170 63 0 117 88 0 91 83 260 0 27 28 27 23 528 413 0 570 340 0 99 0 126 0 73 60 
172 174 65 0 118 80 0 89 86 259 0 27 28 25 23 572 347 0 513 336 0 98 0 126 0 73 60 
173 173 65 0 120 91 0 83 83 256 0 30 29 25 24 535 315 0 589 332 0 96 0 126 0 73 60 
175 180 66 0 121 94 0 86 84 256 0 27 29 22 24 509 343 0 568 330 0 96 0 126 0 73 60 
172 166 64 0 123 92 0 85 82 257 0 25 28 21 23 518 391 0 555 316 0 99 0 126 0 70 60 
172 170 65 0 124 87 0 82 83 261 0 26 28 21 23 523 328 0 577 331 0 104 0 126 0 69 60 
171 178 66 0 125 90 0 86 84 261 0 29 29 20 24 527 404 0 548 342 0 101 0 126 0 67 60 
172 177 61 0 126 92 0 89 86 262 0 26 28 17 23 511 351 0 564 337 0 95 0 126 0 67 60 
174 175 63 0 125 90 0 87 86 259 0 26 28 17 24 563 413 0 643 339 0 95 0 126 0 67 60 
175 170 63 0 123 91 0 84 85 253 0 28 28 20 25 561 334 0 501 355 0 98 0 126 0 67 60 
175 174 62 0 121 91 0 90 84 259 0 27 29 20 24 573 355 0 499 352 0 103 0 126 0 68 60 
173 177 64 0 120 89 0 87 82 264 0 27 29 20 24 557 330 0 542 343 0 105 0 126 0 70 60 
170 173 67 0 118 84 0 85 83 264 0 27 30 25 22 539 355 0 578 349 0 101 0 126 0 71 60 
173 160 67 0 118 83 0 89 83 265 0 24 30 27 22 506 373 0 555 334 0 99 0 126 0 72 60 
175 170 66 0 118 84 0 82 83 261 0 28 30 28 21 549 336 0 496 316 0 102 0 126 0 71 60 
172 171 65 0 118 88 0 91 84 257 0 27 30 29 23 537 404 0 482 323 0 103 0 126 0 70 60 
173 165 66 0 118 86 0 83 84 258 0 28 29 28 22 534 355 0 547 329 0 107 0 126 0 70 60 
175 171 65 0 118 88 0 87 85 259 0 27 28 23 22 533 386 0 554 361 0 102 0 126 0 69 60 
174 169 65 0 119 90 0 91 84 260 0 29 28 21 22 547 392 0 554 289 0 103 0 126 0 68 60 
170 175 65 0 118 85 0 86 83 262 0 28 29 20 23 552 399 0 541 344 0 100 0 126 0 67 60 
172 178 62 0 118 85 0 92 84 262 0 28 28 20 23 526 443 0 564 357 0 91 0 126 0 67 60 
171 177 63 0 118 89 0 87 84 259 0 26 28 19 23 515 390 0 586 364 0 90 0 126 0 66 60 
171 171 64 0 116 98 0 87 85 262 0 28 28 17 23 561 406 0 575 372 0 89 0 126 0 66 60 
176 173 62 0 116 99 0 88 84 263 0 25 29 15 23 577 323 0 590 358 0 92 0 126 0 66 60 
171 174 64 0 117 89 0 83 84 262 0 28 28 15 23 587 351 0 580 362 0 97 0 126 0 67 60 
172 174 60 0 116 88 0 88 85 262 0 28 29 16 24 549 402 0 593 344 0 103 0 126 0 67 60 
170 173 64 0 116 85 0 86 83 261 0 27 29 22 25 528 337 0 541 337 0 104 0 126 0 67 60 
171 173 69 0 115 77 0 79 85 263 0 27 28 24 24 516 304 0 592 325 0 101 0 126 0 68 60 
175 175 65 0 115 75 0 84 85 258 0 30 29 23 24 555 371 0 628 296 0 94 0 126 0 68 60 
170 170 67 0 116 76 0 82 84 250 0 27 29 24 24 497 336 0 478 268 0 96 0 126 0 67 60 
170 181 65 0 117 84 0 86 84 248 0 28 29 23 24 516 358 0 591 322 0 91 0 126 0 67 60 
177 179 64 0 118 85 0 89 85 257 0 26 29 23 25 511 383 0 545 366 0 94 0 126 0 66 60 
176 165 65 0 117 85 0 86 84 260 0 26 30 24 22 515 302 0 587 354 0 104 0 126 0 66 60 
173 177 65 0 118 85 0 92 85 265 0 27 29 25 23 500 403 0 539 342 0 103 0 126 0 66 60 
175 179 66 0 116 89 0 89 84 258 0 26 30 25 23 496 361 0 593 346 0 102 0 126 0 66 60 
172 178 65 0 115 83 0 90 84 256 0 26 29 25 24 565 337 0 646 333 0 103 0 126 0 65 60 
175 169 65 0 113 79 0 86 83 257 0 24 30 24 23 601 415 0 543 336 0 109 0 126 0 65 60 
176 175 63 0 114 82 0 84 84 259 0 25 30 23 23 589 409 0 543 322 0 104 0 126 0 66 60 
171 172 68 0 116 88 0 87 85 259 0 26 30 21 24 505 359 0 491 327 0 103 0 126 0 65 60 
172 174 62 0 119 89 0 84 85 266 0 24 30 16 23 502 430 0 541 363 0 99 0 126 0 65 60 
171 166 62 0 121 90 0 84 85 261 0 26 30 16 23 547 424 0 518 314 0 99 0 126 0 65 60 
175 169 66 0 122 94 0 84 85 260 0 26 29 16 23 536 343 0 586 324 0 102 0 126 0 65 60 
176 175 66 0 124 92 0 88 83 257 0 24 29 16 24 552 390 0 477 339 0 104 0 126 0 65 60 
167 166 69 0 125 87 0 92 83 256 0 27 30 17 24 528 365 0 511 384 0 104 0 126 0 65 60 
169 173 67 0 125 81 0 87 84 257 0 25 29 21 22 505 400 0 498 328 0 105 0 126 0 65 60 
176 170 62 0 123 84 0 84 84 256 0 26 28 22 23 557 381 0 594 351 0 105 0 126 0 65 60 
174 175 66 0 122 87 0 84 84 259 0 27 29 22 23 551 304 0 552 361 0 103 0 126 0 65 60 
169 174 70 0 120 93 0 85 85 261 0 26 29 23 23 558 414 0 568 368 0 99 0 126 0 65 60 
175 178 68 0 118 96 0 81 83 260 0 28 28 21 24 573 286 0 620 342 0 94 0 126 0 66 60 
175 175 70 0 117 101 0 86 84 256 0 27 29 24 23 586 404 0 514 359 0 94 0 126 0 68 60 
170 171 64 0 117 100 0 89 85 255 0 27 29 26 23 566 478 0 625 311 0 96 0 126 0 70 60 
170 174 67 0 119 97 0 89 84 256 0 27 30 26 22 532 420 0 535 295 0 99 0 126 0 70 60 
168 172 66 0 120 95 0 87 86 262 0 26 28 24 23 534 416 0 549 354 0 102 0 126 0 70 60 
168 174 65 0 120 92 0 83 84 265 0 25 28 24 24 561 380 0 522 347 0 100 0 126 0 71 60 
173 171 63 0 122 88 0 93 85 263 0 28 29 22 23 529 373 0 569 337 0 98 0 126 0 70 60 
171 175 60 0 122 83 0 84 84 262 0 26 29 21 23 556 348 0 536 328 0 95 0 126 0 70 60 
175 171 64 0 121 83 0 82 83 261 0 28 28 22 24 494 468 0 543 324 0 93 0 126 0 70 60 
171 175 63 0 122 81 0 88 83 259 0 26 29 22 24 543 345 0 603 364 0 91 0 126 0 70 60 
176 185 61 0 121 76 0 82 83 256 0 28 29 22 23 531 366 0 537 300 0 92 0 126 0 69 60 
179 165 65 0 120 73 0 87 83 261 0 24 28 21 23 548 412 0 508 346 0 100 0 126 0 69 60 
174 175 65 0 119 77 0 85 84 264 0 25 29 20 23 532 382 0 601 313 0 105 0 126 0 69 60 
172 181 64 0 118 80 0 89 84 259 0 26 28 19 23 525 289 0 606 336 0 107 0 126 0 68 60 
175 181 67 0 118 82 0 88 86 259 0 25 29 18 23 576 331 0 532 340 0 106 0 126 0 69 60 
178 170 67 0 119 82 0 85 84 262 0 29 28 20 23 570 394 0 518 346 0 106 0 126 0 70 60 
171 173 66 0 119 88 0 88 86 264 0 27 28 20 24 563 372 0 518 330 0 104 0 126 0 70 60 
179 174 65 0 120 92 0 85 85 262 0 27 30 18 22 498 414 0 553 372 0 96 0 126 0 70 60 
175 171 65 0 119 87 0 85 84 263 0 28 28 22 23 503 360 0 533 317 0 92 0 126 0 70 60 
173 168 62 0 118 85 0 82 84 260 0 29 28 20 23 515 350 0 542 338 0 87 0 126 0 71 60 
168 168 63 0 119 82 0 85 85 264 0 26 28 22 22 565 366 0 521 368 0 91 0 126 0 70 60 
174 172 65 0 118 85 0 90 83 254 0 28 27 23 23 514 421 0 473 355 0 95 0 126 0 71 60 
174 167 63 0 119 87 0 86 84 250 0 27 28 22 23 531 296 0 543 290 0 97 0 126 0 70 60 
173 168 65 0 119 95 0 86 83 250 0 28 28 22 24 523 368 0 518 333 0 95 0 126 0 70 60 
177 169 65 0 117 105 0 88 84 257 0 29 29 21 22 556 426 0 530 310 0 99 0 126 0 69 60 
171 173 64 0 116 108 0 89 84 262 0 24 30 24 22 539 351 0 517 261 0 99 0 126 0 67 60 
173 176 66 0 116 98 0 86 84 265 0 27 28 23 23 514 330 0 660 337 0 100 0 126 0 66 60 
175 173 62 0 116 97 0 84 86 259 0 27 28 22 23 579 358 0 577 296 0 100 0 126 0 66 60 
176 176 68 0 117 92 0 88 86 258 0 25 28 23 23 586 315 0 587 330 0 101 0 126 0 66 60 
174 170 66 0 118 81 0 87 84 257 0 26 29 21 23 551 445 0 561 317 0 104 0 126 0 65 60 
171 177 65 0 119 73 0 84 84 259 0 26 29 18 22 523 310 0 598 329 0 109 0 126 0 65 60 
172 176 69 0 119 71 0 86 84 261 0 26 29 19 24 520 395 0 605 319 0 111 0 126 0 65 60 
173 174 64 0 121 78 0 89 84 264 0 26 29 21 23 540 409 0 518 307 0 105 0 126 0 65 60 
169 169 66 0 123 79 0 83 86 260 0 24 28 21 23 524 366 0 569 317 0 105 0 126 0 66 60 
168 170 63 0 124 79 0 83 85 257 0 28 28 23 22 524 430 0 550 329 0 107 0 126 0 66 60 
172 175 66 0 126 80 0 88 83 260 0 26 30 25 24 522 416 0 531 317 0 107 0 126 0 66 60 
171 176 65 0 126 85 0 89 82 256 0 26 27 28 23 549 352 0 607 332 0 107 0 126 0 65 60 
168 188 62 0 125 83 0 91 84 258 0 27 27 25 23 525 294 0 581 335 0 104 0 126 0 65 60 
172 165 68 0 122 79 0 92 82 257 0 26 28 24 24 566 401 0 551 306 0 102 0 126 0 65 60 
176 171 66 0 120 80 0 91 84 261 0 28 29 24 23 550 442 0 501 358 0 94 0 126 0 65 60 
172 181 68 0 120 86 0 85 84 262 0 25 28 24 23 562 380 0 541 320 0 92 0 126 0 64 60 
174 180 63 0 119 90 0 85 85 261 0 26 28 24 23 577 502 0 601 365 0 87 0 126 0 66 60 
176 178 65 0 118 94 0 89 85 256 0 28 27 24 23 554 292 0 502 358 0 87 0 126 0 67 60 
175 168 68 0 118 94 0 78 87 255 0 28 28 23 22 525 324 0 546 331 0 92 0 126 0 67 60 
172 179 66 0 118 97 0 84 85 259 0 29 29 21 23 483 343 0 566 326 0 90 0 126 0 67 60 
177 172 66 0 118 96 0 83 85 265 0 32 28 18 23 520 363 0 530 352 0 87 0 126 0 68 60 
172 170 63 0 118 91 0 83 84 267 0 30 29 17 24 535 502 0 515 338 0 86 0 126 0 68 60 
167 163 65 0 118 91 0 89 82 262 0 30 30 16 23 528 414 0 569 305 0 91 0 126 0 68 60 
173 172 68 0 117 89 0 84 84 258 0 29 32 15 24 563 365 0 565 299 0 99 0 126 0 69 60 
172 174 67 0 118 84 0 94 83 258 0 28 31 16 24 539 420 0 484 366 0 105 0 126 0 70 60 
175 166 66 0 117 86 0 87 83 255 0 30 29 15 23 549 490 0 515 342 0 109 0 126 0 70 60 
168 172 62 0 117 101 0 82 84 258 0 28 30 14 23 501 334 0 596 323 0 113 0 126 0 71 60 
174 167 69 0 116 112 0 87 84 262 0 27 29 15 23 533 394 0 555 336 0 113 0 126 0 71 60 
170 175 66 0 116 125 0 82 85 259 0 28 29 16 23 565 415 0 595 305 0 108 0 126 0 71 60 
170 178 65 0 116 113 0 86 85 258 0 29 30 18 22 554 340 0 575 357 0 101 0 126 0 71 60 
174 175 65 0 115 97 0 89 85 261 0 27 30 22 23 543 359 0 535 334 0 101 0 126 0 71 60 
173 173 64 0 115 79 0 92 86 259 0 28 29 21 23 553 335 0 592 320 0 100 0 126 0 70 60 
172 173 67 0 115 66 0 87 83 262 0 26 29 23 22 527 397 0 547 350 0 103 0 126 0 70 60 
172 175 67 0 114 64 0 85 85 261 0 28 29 26 23 487 354 0 542 316 0 104 0 126 0 71 60 
172 175 64 0 116 68 0 87 85 259 0 28 29 24 24 532 392 0 520 309 0 97 0 126 0 71 60 
172 173 68 0 118 75 0 91 84 261 0 29 30 24 23 524 407 0 557 313 0 108 0 126 0 70 60 
166 171 64 0 119 79 0 87 83 262 0 27 30 21 23 535 350 0 582 318 0 107 0 126 0 69 60 
171 175 65 0 118 83 0 83 82 252 0 27 30 22 24 542 411 0 570 307 0 106 0 126 0 69 60 
177 175 63 0 117 88 0 87 82 250 0 28 30 20 24 548 367 0 563 347 0 104 0 126 0 69 60 
172 175 65 0 115 92 0 86 84 250 0 28 30 20 24 508 398 0 619 334 0 104 0 126 0 70 60 
170 181 62 0 114 90 0 86 85 259 0 27 31 20 24 557 417 0 595 356 0 105 0 126 0 70 60 
171 165 64 0 114 84 0 86 85 263 0 29 30 21 23 535 343 0 534 311 0 106 0 126 0 70 60 
174 176 66 0 114 83 0 89 86 264 0 26 29 20 22 554 421 0 575 330 0 107 0 126 0 71 60 
172 183 65 0 118 83 0 92 86 259 0 27 30 26 21 573 373 0 589 305 0 106 0 126 0 71 60 
176 180 67 0 119 86 0 85 85 258 0 27 30 23 23 559 448 0 583 297 0 102 0 126 0 72 60 
176 171 65 0 121 94 0 89 85 258 0 27 31 26 22 529 402 0 562 324 0 97 0 126 0 72 60 
176 178 66 0 122 94 0 85 85 259 0 25 30 23 23 544 312 0 573 298 0 95 0 126 0 72 60 
173 178 67 0 124 91 0 85 84 264 0 25 30 23 23 527 459 0 499 340 0 95 0 126 0 71 60 
179 176 64 0 126 82 0 88 83 261 0 25 29 20 23 533 403 0 557 316 0 93 0 126 0 69 60 
174 172 65 0 125 90 0 82 84 261 0 27 30 21 25 520 385 0 537 349 0 93 0 126 0 68 60 
172 162 66 0 124 90 0 86 83 261 0 27 31 21 23 534 429 0 524 337 0 95 0 126 0 67 60 
176 177 64 0 122 83 0 80 84 258 0 28 29 21 22 560 419 0 526 362 0 93 0 126 0 67 60 
171 173 64 0 118 83 0 83 83 258 0 29 30 22 24 528 423 0 477 344 0 97 0 126 0 66 60 
175 168 63 0 118 83 0 87 84 257 0 29 30 21 23 497 421 0 568 328 0 101 0 126 0 67 60 
173 174 63 0 118 83 0 81 84 257 0 32 31 21 22 518 373 0 583 358 0 98 0 126 0 69 60 
176 172 63 0 118 77 0 89 85 259 0 32 31 21 24 582 397 0 545 352 0 98 0 126 0 69 60 
176 175 65 0 120 78 0 90 86 261 0 28 31 21 24 608 417 0 543 319 0 93 0 126 0 69 60 
174 173 64 0 120 81 0 95 86 260 0 28 31 18 23 565 418 0 564 330 0 96 0 126 0 69 60 
170 177 62 0 120 81 0 89 85 256 0 26 31 23 23 538 502 0 547 302 0 101 0 126 0 69 60 
172 170 63 0 121 79 0 83 83 254 0 28 29 23 23 527 479 0 595 298 0 108 0 126 0 68 60 
174 172 65 0 122 75 0 91 84 260 0 27 30 19 22 516 314 0 617 376 0 117 0 126 0 67 60 
168 174 65 0 120 79 0 85 84 263 0 26 31 19 24 562 332 0 533 354 0 120 0 126 0 66 60 
173 174 68 0 121 83 0 84 83 265 0 26 31 16 24 535 262 0 560 341 0 122 0 126 0 66 60 
171 174 64 0 120 79 0 85 84 265 0 26 30 24 23 547 367 0 606 319 0 116 0 126 0 65 60 
173 169 67 0 118 83 0 82 84 262 0 26 30 28 23 548 406 0 594 294 0 108 0 126 0 65 60 
170 176 67 0 119 89 0 90 85 259 0 26 30 24 24 561 370 0 608 332 0 100 0 126 0 65 60 
176 171 63 0 119 90 0 89 84 258 0 24 28 28 24 526 340 0 573 327 0 103 0 126 0 65 60 
178 177 65 0 120 90 0 89 85 259 0 27 30 26 23 558 404 0 568 313 0 104 0 126 0 65 60 
174 182 64 0 120 90 0 86 85 261 0 27 29 25 23 517 425 0 567 317 0 100 0 126 0 65 60 
172 164 63 0 120 100 0 79 85 262 0 27 30 22 23 578 353 0 530 359 0 94 0 126 0 66 60 
175 177 60 0 120 99 0 79 86 257 0 26 31 24 23 540 382 0 539 352 0 98 0 126 0 66 60 
174 177 64 0 119 93 0 86 84 260 0 26 31 21 23 543 387 0 537 311 0 95 0 126 0 66 60 
169 178 64 0 119 92 0 85 85 260 0 27 30 18 24 511 392 0 517 316 0 96 0 126 0 66 60 
174 171 62 0 119 93 0 87 84 264 0 29 31 19 22 544 402 0 600 338 0 98 0 126 0 66 60 
172 172 63 0 120 84 0 89 82 260 0 25 30 20 23 572 392 0 506 311 0 96 0 126 0 66 60 
172 175 64 0 119 76 0 84 85 261 0 26 31 20 23 535 348 169 582 329 0 96 0 126 0 66 60 
170 170 68 0 118 72 0 89 85 260 0 26 30 22 23 500 504 0 563 353 0 89 0 126 0 65 60 
174 167 66 0 117 77 0 89 84 258 0 24 32 26 23 538 422 0 510 334 0 92 0 126 0 66 60 
172 163 66 0 116 77 0 86 83 253 0 29 32 27 23 528 373 0 585 357 0 94 0 126 0 65 60 
173 170 65 0 115 78 0 83 83 252 0 25 33 28 22 496 343 0 550 313 0 94 0 126 0 65 60 
172 168 65 0 116 82 0 82 83 247 0 25 33 28 23 538 486 0 578 317 0 92 0 126 0 65 60 
171 165 64 0 117 84 0 87 84 261 0 26 32 30 23 574 365 0 507 289 0 91 0 126 0 66 60 
173 175 64 0 118 84 0 85 84 262 0 26 31 24 24 572 348 0 609 360 0 97 0 126 0 65 60 
172 171 60 0 118 83 0 86 85 261 0 27 31 23 23 543 404 0 541 321 0 98 0 126 0 65 60 
175 173 65 0 119 82 0 89 86 259 0 27 31 21 22 545 326 0 616 325 0 96 0 126 0 65 60 
170 176 66 0 121 83 0 88 83 255 0 24 30 20 23 530 428 0 556 328 0 102 0 126 0 65 60 
171 177 65 0 123 84 0 87 84 258 0 27 32 19 23 486 407 0 565 320 0 105 0 126 0 65 60 
172 171 64 0 125 84 0 84 83 261 0 25 31 17 23 534 392 0 591 352 0 110 0 126 0 65 60 
168 172 63 0 125 88 0 86 84 263 0 25 30 14 23 528 385 0 593 327 0 106 0 126 0 65 60 
173 178 65 0 125 87 0 92 82 263 0 27 30 14 23 576 364 0 544 317 0 104 0 126 0 67 60 
172 175 67 0 123 88 0 86 82 258 0 26 30 16 22 510 341 0 566 343 0 103 0 126 0 67 60 
172 176 65 0 121 85 0 85 82 258 0 27 30 22 23 550 346 0 538 336 0 98 0 126 0 68 60 
169 170 66 0 119 91 0 88 84 258 0 28 31 23 23 540 515 0 652 321 0 96 0 126 0 68 60 
175 174 64 0 119 100 0 86 85 257 0 30 30 22 23 506 377 0 603 316 0 99 0 126 0 67 60 
170 171 68 0 118 106 0 88 85 256 0 35 31 25 23 538 384 0 571 295 0 103 0 126 0 67 60 
170 176 63 0 117 112 0 83 86 259 0 37 30 24 23 597 420 0 524 337 0 107 0 126 0 66 60 
174 180 64 0 116 107 0 89 85 261 0 37 30 25 23 598 305 0 510 351 0 107 0 126 0 66 60 
173 167 66 0 116 98 0 85 82 259 0 39 30 25 24 530 352 0 570 326 0 110 0 126 0 66 60 
175 176 63 0 116 90 0 83 84 256 0 35 29 24 23 565 342 0 569 375 0 107 0 126 0 64 60 
172 180 66 0 117 83 0 89 84 256 0 40 30 25 23 483 377 0 540 332 0 99 0 126 0 65 60 
173 176 65 0 118 82 0 84 84 254 0 34 29 26 24 558 406 0 569 335 0 92 0 126 0 65 60 
174 172 65 0 118 82 0 84 85 255 0 37 30 24 24 529 385 0 514 342 0 87 0 126 0 65 60 
174 171 65 0 117 79 0 85 85 267 0 37 30 23 24 503 421 0 588 294 0 88 0 126 0 65 60 
172 174 65 0 117 79 0 87 83 266 0 34 30 20 24 541 457 0 558 325 0 90 0 126 0 66 60 
175 171 66 0 117 83 0 89 84 264 0 32 29 17 24 548 389 0 563 363 0 91 0 126 0 67 60 
172 170 65 0 117 83 0 79 85 261 0 30 29 17 22 529 408 0 490 308 0 97 0 126 0 67 60 
173 164 63 0 118 77 0 90 86 258 0 30 29 16 21 518 414 0 534 367 0 102 0 126 0 68 60 
172 177 64 0 118 77 0 93 85 254 0 27 30 17 21 508 383 0 612 326 0 110 0 126 0 68 60 
178 172 63 0 117 79 0 89 86 260 0 27 29 18 17 568 394 0 539 318 0 110 0 126 0 68 60 
174 166 67 0 117 79 0 88 84 262 0 29 30 20 21 553 314 0 582 356 0 109 0 126 0 68 60 
170 177 63 0 116 85 0 90 84 260 0 30 30 21 21 559 370 0 594 295 0 108 0 126 0 68 60 
174 172 63 0 117 96 0 89 85 260 0 25 29 22 22 551 358 0 573 353 0 100 0 126 0 67 60 
174 175 65 0 118 100 0 87 83 258 0 30 30 23 24 522 470 0 611 303 0 101 0 126 0 68 60 
175 176 64 0 120 98 0 82 84 260 0 25 29 20 23 535 406 0 626 358 0 95 0 126 0 68 60 
175 175 64 0 120 93 0 84 83 260 0 29 29 25 22 530 383 0 595 354 0 92 0 126 0 69 60 
172 175 63 0 119 86 0 87 85 261 0 26 29 24 23 547 373 0 549 399 0 91 0 126 0 69 60 
173 171 64 0 117 83 0 82 84 260 0 28 30 23 24 535 390 0 585 382 0 93 0 126 0 69 60 
171 176 65 0 115 80 0 85 84 260 0 27 31 24 23 489 463 0 597 330 0 98 0 126 0 68 60 
175 170 65 0 114 84 0 84 86 260 0 27 30 21 24 512 399 0 609 340 0 103 0 126 0 68 60 
173 175 69 0 114 94 0 84 84 252 0 25 29 21 24 523 299 0 618 404 0 107 0 126 0 67 60 
169 172 64 0 116 90 0 93 84 252 0 27 30 21 24 536 411 0 557 367 0 108 0 126 0 67 60 
172 171 65 0 117 89 0 85 84 251 0 26 29 21 24 567 333 0 588 352 0 103 0 126 0 67 60 
172 173 67 0 119 87 0 87 84 261 0 25 32 22 22 573 438 0 508 257 0 105 0 126 0 66 60 
168 172 65 0 121 87 0 82 85 264 0 26 32 22 23 542 449 0 580 338 0 111 0 126 0 66 60 
172 187 65 0 123 80 0 84 86 262 0 24 30 21 23 557 373 0 485 296 0 112 0 126 0 66 60 
177 163 62 0 125 79 0 91 84 259 0 27 29 21 22 546 385 0 570 223 0 108 0 126 0 67 60 
173 171 62 0 125 79 0 83 84 256 0 26 29 21 22 550 435 0 614 322 0 98 0 126 0 66 60 
172 185 64 0 124 89 0 87 84 257 0 27 31 20 23 552 359 0 591 314 0 92 0 126 0 65 60 
174 173 61 0 122 89 0 88 83 260 0 25 29 20 23 521 373 0 563 324 0 92 0 126 0 66 60 
176 176 63 0 120 87 0 85 84 262 0 27 29 20 23 528 427 0 535 316 0 91 0 126 0 65 60 
172 168 65 0 118 84 0 85 85 261 0 27 29 21 25 494 432 0 557 341 0 98 0 126 0 65 60 
172 173 65 0 117 85 0 88 84 261 0 26 30 21 24 556 347 0 525 341 0 103 0 126 0 65 60 
169 177 63 0 117 77 0 91 86 257 0 25 28 20 23 513 410 0 527 287 0 109 0 126 0 66 60 
177 164 64 0 118 77 0 84 84 258 0 27 28 22 23 511 287 0 573 315 0 110 0 126 0 66 60 
169 164 67 0 119 80 0 82 83 255 0 23 29 22 24 540 464 0 550 312 0 103 0 126 0 67 60 
175 169 66 0 118 90 0 88 84 252 0 26 29 22 23 575 428 0 502 287 0 95 0 126 0 68 60 
173 170 64 0 120 94 0 85 84 259 0 25 30 22 23 565 338 0 601 304 0 88 0 126 0 69 60 
169 165 66 0 121 86 0 85 85 262 0 24 29 22 24 544 327 0 630 283 0 95 0 126 0 69 60 
176 174 69 0 121 84 0 88 86 261 0 27 31 25 24 552 421 0 577 300 0 97 0 126 0 70 60 
172 170 66 0 120 84 0 90 84 258 0 26 29 24 23 526 363 0 563 277 0 101 0 126 0 70 60 
172 175 65 0 120 84 0 89 83 255 0 25 29 25 23 538 379 0 610 293 0 105 0 126 0 70 60 
172 178 64 0 118 81 0 85 84 254 0 26 29 23 23 501 421 0 607 298 0 105 0 126 0 70 60 
174 173 63 0 118 83 0 88 85 261 0 27 29 18 23 508 441 0 548 312 0 103 0 126 0 71 60 
175 176 65 0 117 86 0 89 84 266 0 26 28 17 23 529 408 0 526 343 0 101 0 126 0 71 60 
171 169 65 0 118 88 0 86 85 266 0 29 28 19 23 537 401 0 539 280 0 96 0 126 0 71 60 
177 177 63 0 119 84 0 86 83 264 0 27 29 21 24 537 457 0 626 297 0 103 0 126 0 69 60 
173 173 66 0 119 83 0 87 83 261 0 28 27 24 25 492 440 0 568 309 0 106 0 126 0 68 60 
175 171 67 0 119 83 0 81 84 257 0 24 27 23 23 508 374 0 518 295 0 106 0 126 0 67 60 
169 175 64 0 118 78 0 84 84 261 0 28 28 29 23 603 313 0 593 330 0 99 0 126 0 66 60 
174 170 70 0 118 80 0 87 85 261 0 29 28 26 24 575 389 0 576 323 0 95 0 126 0 66 60 
174 178 67 0 118 85 0 86 86 262 0 27 28 24 24 565 374 0 557 288 0 89 0 126 0 66 60 
171 174 71 0 119 89 0 87 86 262 0 25 29 26 23 559 353 0 603 307 0 91 0 126 0 66 60 
175 185 69 0 120 91 0 85 83 258 0 27 28 25 23 509 400 0 546 272 0 95 0 126 0 66 60 
177 162 65 0 119 94 0 96 84 263 0 29 29 25 22 486 384 0 543 286 0 99 0 126 0 66 60 
171 170 69 0 119 99 0 94 83 265 0 26 28 24 23 546 418 0 604 288 0 99 0 126 0 66 60 
176 186 64 0 117 97 0 84 85 261 0 28 28 23 23 565 362 0 506 376 0 96 0 126 0 66 60 
175 173 65 0 116 85 0 89 84 259 0 27 28 22 22 577 337 0 493 339 0 103 0 126 0 66 60 
176 176 61 0 117 87 0 86 83 260 0 28 29 19 24 545 422 0 583 326 0 102 0 126 0 66 60 
173 169 62 0 117 87 0 85 84 258 0 25 28 19 23 538 431 0 494 293 0 98 0 126 0 66 60 
174 177 66 0 118 94 0 84 84 256 0 27 28 14 23 535 389 0 518 307 0 99 0 126 0 67 60 
177 175 61 0 118 102 0 83 86 251 0 28 29 14 23 528 385 0 565 355 0 98 0 126 0 67 60 
171 165 63 0 119 113 0 89 85 248 0 29 29 13 24 603 370 0 544 305 0 90 0 126 0 67 60 
171 165 64 0 119 114 0 86 84 257 0 30 29 15 24 568 453 0 586 296 0 86 0 126 0 67 60 
173 172 68 0 122 97 0 85 83 263 0 30 28 15 23 561 384 0 538 295 0 89 0 126 0 67 60 
174 175 66 0 124 85 0 86 83 262 0 31 28 15 23 525 430 0 593 312 0 96 0 126 0 67 60 
177 165 62 0 126 77 0 81 83 262 0 32 28 17 23 541 349 0 637 288 0 103 0 126 0 68 60 
177 170 66 0 126 76 0 82 85 258 0 30 29 21 22 522 339 0 574 341 0 107 0 126 0 68 60 
176 170 66 0 124 74 0 82 84 257 0 30 29 20 22 516 429 0 615 311 0 113 0 126 0 68 60 
168 171 65 0 123 74 0 84 85 258 0 32 29 22 23 538 309 0 613 305 0 111 0 126 0 68 60 
170 180 63 0 122 79 0 89 85 260 0 28 27 22 22 551 459 0 556 229 0 111 0 126 0 68 60 
177 174 60 0 120 84 0 86 84 262 0 30 28 24 22 528 368 0 585 285 0 101 0 126 0 67 60 
174 176 64 0 119 81 0 87 83 263 0 25 28 23 23 519 319 0 603 422 0 96 0 126 0 66 60 
167 167 62 0 118 80 0 85 82 259 0 28 28 23 24 522 316 0 579 372 0 103 0 126 0 66 60 
176 171 65 0 118 83 0 86 84 257 0 26 28 22 23 532 379 0 541 326 0 109 0 126 0 66 60 
170 175 65 0 117 87 0 91 85 255 0 27 29 24 23 586 426 0 557 295 0 110 0 126 0 65 60 
172 172 66 0 116 81 0 87 85 258 0 25 29 20 23 582 455 0 575 311 0 104 0 126 0 65 60 
173 173 65 0 118 83 0 82 85 259 0 26 28 20 23 559 405 0 542 314 0 106 0 126 0 66 60 
170 167 66 0 119 91 0 86 85 260 0 27 29 20 22 525 383 0 561 312 0 104 0 126 0 65 60 
174 176 68 0 119 94 0 85 84 259 0 25 29 18 23 525 350 0 506 343 0 101 0 126 0 66 60 
174 171 66 0 119 93 0 88 85 260 0 27 28 21 22 546 430 0 630 314 0 102 0 126 0 67 60 
173 184 65 0 118 86 0 87 85 255 0 27 29 24 0 523 416 0 564 334 0 99 0 126 0 67 60 
172 164 65 0 117 84 0 84 85 254 0 25 29 13 0 536 400 0 546 343 0 95 0 126 0 68 60 
168 170 63 0 117 81 0 94 84 260 0 25 28 0 0 559 353 0 564 346 0 93 0 126 0 69 60 
171 183 65 0 117 77 0 85 84 264 0 29 27 0 0 554 411 0 573 298 0 95 0 126 0 70 60 
171 176 66 0 117 78 0 86 84 266 0 26 28 0 0 535 448 0 505 249 0 99 0 126 0 70 60 
169 179 65 0 117 87 0 86 84 265 0 25 27 0 0 543 366 0 547 317 0 97 0 126 0 70 60 
173 170 63 0 116 87 0 83 84 261 0 25 27 0 0 523 494 0 489 354 0 99 0 126 0 69 60 
173 176 67 0 115 85 0 85 84 256 0 25 27 0 0 555 422 0 564 326 0 103 0 126 0 68 60 
172 176 69 0 115 83 0 83 84 228 0 25 27 0 0 604 423 0 552 313 0 102 0 126 0 67 60 
172 168 67 0 116 84 0 92 84 53 0 25 27 0 0 570 414 0 582 287 0 104 0 126 0 66 60 
172 165 66 0 117 82 0 84 74 30 0 24 27 0 0 563 371 0 563 292 0 100 0 126 0 66 60 
174 170 66 0 119 80 0 80 0 26 0 25 27 0 0 527 436 0 543 271 0 98 0 126 0 65 60 
174 176 67 0 119 80 0 26 0 0 0 25 27 0 0 532 461 0 589 284 0 98 0 126 0 65 60 
170 164 65 0 118 86 0 0 0 0 0 23 27 0 0 537 366 0 622 282 0 94 0 126 0 65 60 
177 170 67 0 116 88 0 0 0 0 0 24 27 0 0 549 346 0 550 249 0 93 0 126 0 66 60 
174 171 66 0 114 83 0 0 0 0 0 25 27 0 0 521 441 0 611 239 0 89 0 126 0 67 60 
171 175 66 0 113 83 0 0 0 0 0 25 27 0 0 542 372 0 520 246 0 85 0 126 0 68 60 
172 176 67 0 107 87 0 0 0 0 0 26 27 0 0 522 424 0 520 192 0 85 0 126 0 67 60 
176 173 64 0 97 85 0 0 0 0 0 25 28 0 0 542 440 0 555 143 0 89 0 126 0 67 60 
171 174 66 0 86 82 0 0 0 0 0 27 28 0 11 489 368 0 597 107 0 95 0 126 0 67 60 
169 170 42 0 73 83 0 0 0 0 0 25 28 0 0 533 362 0 525 56 0 105 0 126 0 66 60 
174 96 0 0 65 86 0 0 0 0 0 25 27 0 0 573 385 0 578 51 0 108 0 126 0 65 60 
175 0 0 0 63 84 0 0 0 0 0 25 27 0 0 574 394 0 578 35 0 113 0 126 0 66 60 
177 0 0 0 59 79 0 0 0 0 0 24 28 0 0 547 362 0 515 0 0 114 0 126 0 65 60 
170 0 0 0 53 82 0 0 0 10 0 25 28 0 11 504 414 0 564 0 0 111 0 126 0 65 60 
170 0 0 0 42 85 0 0 0 0 0 26 28 0 0 564 420 0 576 0 0 101 0 126 0 65 60 
174 0 0 0 26 82 0 0 0 0 0 25 28 0 0 518 398 0 572 0 0 96 0 126 0 65 60 
101 0 0 0 14 80 0 0 0 0 0 24 28 0 0 560 438 0 496 0 0 93 0 126 0 65 60 
0 0 0 0 0 83 0 0 0 0 0 26 27 0 0 507 411 0 598 0 0 88 0 126 0 66 60 
0 0 0 0 0 85 0 0 0 0 0 25 27 0 0 515 379 0 590 0 0 89 0 126 0 65 60 
0 0 0 0 0 82 0 0 0 0 0 26 28 0 0 536 340 0 491 0 0 87 0 126 0 66 60 
0 0 0 0 0 80 0 0 0 0 0 25 28 0 0 542 390 0 511 0 0 88 0 126 0 67 60 
0 0 0 0 0 85 0 0 0 0 0 26 28 0 0 551 468 0 564 0 0 89 0 126 0 66 60 
0 0 0 0 0 83 0 0 0 0 0 26 28 0 11 572 450 0 530 0 0 89 0 126 0 66 60 
0 0 0 0 0 79 0 0 0 0 0 25 28 0 0 585 395 0 493 0 0 88 0 126 0 67 60 
0 0 0 0 0 79 0 0 0 0 0 25 28 0 0 570 379 0 433 0 0 88 0 126 0 67 60 
0 0 0 0 0 83 0 0 0 0 0 27 28 0 0 530 402 0 445 0 0 87 0 126 0 67 60 
0 0 0 0 0 83 0 0 0 0 0 25 28 0 0 528 429 0 436 0 0 87 0 126 0 68 60 
0 0 0 0 0 80 0 0 0 0 0 26 28 0 0 533 368 0 441 0 0 88 0 126 0 67 60 
0 0 0 0 0 81 0 0 0 0 0 24 28 0 0 560 371 0 431 0 0 88 0 126 0 66 60 
0 0 0 0 0 84 0 0 0 0 0 27 28 0 0 536 354 0 435 0 0 88 0 126 0 66 60 
0 0 0 0 0 84 0 0 0 0 0 26 28 0 0 544 365 0 431 0 0 88 0 126 0 65 60 
0 0 0 0 0 81 0 0 0 0 0 25 28 0 0 530 362 0 432 0 0 88 0 126 0 65 60 
0 0 0 0 0 81 0 0 0 0 0 26 28 0 0 528 360 0 438 0 0 88 0 126 0 65 60 
0 0 0 0 0 84 0 0 0 0 0 23 28 0 0 530 354 0 427 0 0 88 0 126 0 65 60 
0 0 0 0 0 82 0 0 0 0 0 26 28 0 0 540 360 0 436 0 0 88 0 126 0 65 60 
0 0 0 0 0 80 0 0 0 0 0 24 28 0 0 536 357 0 430 0 0 88 0 126 0 65 60 
0 0 0 0 0 80 0 0 0 0 0 25 28 0 0 543 361 0 437 0 0 88 0 126 0 65 60 
0 0 0 0 0 83 0 0 0 0 0 27 29 0 0 542 355 0 437 0 0 88 0 126 0 65 60 
0 0 0 0 0 83 0 0 0 0 0 26 29 0 10 534 363 0 431 0 0 88 0 126 0 65 60 
0 0 0 0 0 79 0 0 0 0 0 24 28 0 0 529 352 0 430 0 0 88 0 126 0 66 60 
0 0 0 0 0 81 0 0 0 0 0 25 28 0 0 545 362 0 426 0 0 88 0 126 0 66 60 
0 0 0 0 0 83 0 0 0 0 0 25 28 0 0 539 353 0 427 0 0 88 0 126 0 67 60 
0 0 0 0 0 84 0 0 0 0 0 26 28 0 0 530 367 0 430 0 0 89 0 126 0 67 60 
0 0 0 0 0 80 0 0 0 0 0 25 28 0 10 528 352 0 432 0 0 89 0 126 0 68 60 
0 0 0 0 0 80 0 0 0 0 0 25 28 0 0 537 358 0 433 0 0 88 0 126 0 68 60 
0 0 0 0 0 85 0 0 0 0 0 25 29 0 0 543 358 0 428 0 0 88 0 126 0 69 60 
0 0 0 0 0 84 0 0 0 0 0 26 29 0 0 539 358 0 431 0 0 88 0 126 0 69 60 
0 0 0 0 0 82 0 0 0 0 0 25 28 0 0 528 360 0 431 0 0 88 0 126 0 68 60 
0 0 0 0 0 82 0 0 0 0 0 25 29 0 0 539 359 0 437 0 0 88 0 126 0 68 60 
0 0 0 0 0 84 0 0 0 0 0 26 28 0 0 533 367 0 429 0 0 88 0 126 0 68 60 
0 0 0 0 0 82 0 0 0 0 0 26 29 0 0 538 365 0 428 0 0 88 0 126 0 67 60 
0 0 0 0 0 81 0 0 0 0 0 25 29 0 0 530 361 0 437 0 0 88 0 126 0 67 60 
0 0 0 0 0 84 0 0 0 0 0 25 29 0 0 541 360 0 430 0 0 88 0 126 0 67 60 
0 0 0 0 0 85 0 0 0 0 0 25 28 0 0 542 355 0 427 0 0 87 0 126 0 67 60 
0 0 0 0 0 84 0 0 0 0 0 25 29 0 0 534 362 0 428 0 0 88 0 126 0 67 60 
0 0 0 0 0 81 0 0 0 0 0 26 29 0 0 546 355 0 436 0 0 88 0 126 0 67 60 
0 0 0 0 0 85 0 0 0 0 0 24 29 0 0 544 357 0 432 0 0 88 0 126 0 67 60 
0 0 0 0 0 85 0 0 0 0 0 26 29 0 0 536 355 0 430 0 0 88 0 126 0 66 60 
0 0 0 0 0 83 0 0 0 0 0 26 29 0 0 544 367 0 427 0 0 88 0 126 0 65 60 
0 0 0 0 0 82 0 0 0 0 0 27 29 0 0 543 358 0 427 0 0 87 0 126 0 66 60 
0 0 0 0 0 84 0 0 0 0 0 24 28 0 0 532 360 0 427 0 0 89 0 126 0 65 60 
0 0 0 0 0 85 0 0 0 0 0 24 29 0 0 541 351 0 426 0 0 89 0 126 0 64 60 
0 0 0 0 0 82 0 0 0 0 0 26 29 0 0 538 358 0 427 0 0 89 0 126 0 63 60 
0 0 0 0 0 81 0 0 0 0 0 26 29 0 0 543 358 0 429 0 0 88 0 126 0 64 60 
0 0 0 0 0 84 0 0 0 0 0 25 28 0 0 544 355 0 433 0 0 88 0 126 0 64 60 
0 0 0 0 0 85 0 0 0 0 0 26 29 0 0 535 364 0 431 0 0 88 0 126 0 64 60 
0 0 0 0 0 83 0 0 0 0 0 26 28 0 0 535 360 0 432 0 0 88 0 126 0 64 60 
0 0 0 0 0 82 0 0 0 0 0 26 29 0 0 539 367 0 428 0 0 88 0 126 0 65 60 
0 0 0 0 0 85 0 0 0 0 0 24 28 0 0 542 357 0 431 0 0 89 0 126 0 65 60 
0 0 0 0 0 85 0 0 0 0 0 25 28 0 0 532 361 0 431 0 0 88 0 126 0 65 60 
0 0 0 0 0 82 0 0 0 0 0 25 28 0 0 531 355 0 432 0 0 88 0 126 0 65 60 
0 0 0 0 0 79 0 0 0 0 0 25 28 0 0 544 354 0 436 0 0 88 0 126 0 65 60 
0 0 0 0 0 85 0 0 0 0 0 26 28 0 0 530 359 0 431 0 0 88 0 126 0 65 60 
0 0 0 0 0 83 0 0 0 0 0 24 28 0 0 531 355 0 432 0 0 88 0 126 0 65 60 
0 0 0 0 0 81 0 0 0 0 0 26 29 0 0 531 364 0 435 0 0 88 0 126 0 64 60 
0 0 0 0 0 83 0 0 0 0 0 24 28 0 0 530 354 0 434 0 0 88 0 126 0 64 60 
0 0 0 0 0 84 0 0 0 0 0 26 28 0 0 532 360 0 431 0 0 88 0 126 0 63 60 
0 0 0 0 0 82 0 0 0 0 0 24 28 0 0 546 364 0 430 0 0 88 0 126 0 63 60 
0 0 0 0 0 80 0 0 0 0 0 24 28 0 0 541 365 0 431 0 0 88 0 126 0 63 60 
0 0 0 0 0 81 0 0 0 0 0 26 28 0 0 530 364 0 425 0 0 88 0 126 0 64 60 
0 0 0 0 0 85 0 0 0 0 0 23 27 0 0 530 361 0 425 0 0 88 0 126 0 64 60 
0 0 0 0 0 83 0 0 0 0 0 25 27 0 0 542 366 0 426 0 0 88 0 126 0 64 60 
0 0 0 0 0 81 0 0 0 0 0 24 28 0 0 539 360 0 427 0 0 88 0 126 0 65 60 
0 0 0 0 0 82 0 0 0 0 0 24 28 0 0 546 365 0 431 0 0 88 0 126 0 65 60 
0 0 0 0 0 84 0 0 0 0 0 25 27 0 0 542 355 0 436 0 0 88 0 126 0 65 60 
0 0 0 0 0 81 0 0 0 0 0 25 27 0 0 530 365 0 434 0 0 88 0 126 0 65 60 
0 0 0 0 0 79 0 0 0 0 0 26 27 0 0 536 360 0 426 0 0 88 0 126 0 64 60 
0 0 0 0 0 81 0 0 0 0 0 26 28 0 0 542 368 0 435 0 0 88 0 126 0 65 60 
0 0 0 0 0 82 0 0 0 0 0 24 27 0 0 533 353 0 429 0 0 88 0 126 0 65 60 
0 0 0 0 0 81 0 0 0 0 0 22 27 0 0 535 353 0 425 0 0 89 0 126 0 65 60 
0 0 0 0 0 80 0 0 0 0 0 23 28 0 0 536 353 0 425 0 0 88 0 126 0 65 60 
0 0 0 0 0 82 0 0 0 0 0 23 28 0 0 545 362 0 427 0 0 88 0 126 0 65 60 
0 0 0 0 0 84 0 0 0 0 0 26 27 0 0 546 364 0 435 0 0 88 0 126 0 65 60 
0 0 0 0 0 81 0 0 0 0 0 24 27 0 0 529 365 0 432 0 0 88 0 126 0 65 60 
0 0 0 0 0 80 0 0 0 0 0 21 27 0 0 536 352 0 425 0 0 88 0 126 0 65 60 
0 0 0 0 0 83 0 0 0 0 0 22 27 0 0 530 357 0 428 0 0 88 0 126 0 65 60 
0 0 0 0 0 82 0 0 0 0 0 22 28 0 0 543 353 0 434 0 0 89 0 126 0 64 60 
0 0 0 0 0 80 0 0 0 0 0 22 27 0 0 539 355 0 429 0 0 87 0 126 0 64 60 
0 0 0 0 0 77 0 0 0 0 0 25 29 0 0 531 361 0 431 0 0 88 0 126 0 65 60 
0 34 0 0 0 84 0 18 0 25 0 27 30 24 16 531 360 0 434 0 0 88 0 126 0 65 60 
0 177 54 0 0 89 0 82 52 211 0 27 31 22 23 545 355 0 426 0 0 87 0 126 0 65 60 
0 167 56 0 19 84 0 78 92 277 0 31 31 23 24 532 354 0 435 0 0 87 0 126 0 65 60 
0 164 59 0 39 83 0 70 86 261 0 30 32 21 22 543 365 0 426 0 0 87 0 126 0 65 60 
0 167 58 0 71 91 0 78 84 257 0 30 31 19 23 535 476 0 486 0 0 89 0 126 0 65 60 
177 171 59 0 101 91 0 79 84 259 0 34 32 21 23 846 731 0 800 0 0 83 0 126 0 65 60 
149 177 60 0 125 93 0 77 84 263 0 29 35 21 24 365 406 0 543 0 0 87 0 126 0 65 60 
157 174 61 0 141 91 0 76 85 262 0 26 32 22 23 429 527 0 511 0 0 100 0 126 0 65 60 
159 179 62 0 150 90 0 79 83 262 0 27 30 22 23 524 541 0 577 0 0 94 0 126 0 65 60 
167 161 63 0 150 87 0 85 84 263 0 27 29 20 23 516 491 0 538 0 0 82 0 126 0 65 60 
165 167 61 0 148 85 0 82 84 260 0 29 29 19 23 516 527 0 611 0 0 80 0 126 0 65 60 
167 177 67 0 144 82 0 79 84 262 0 26 29 19 22 594 388 0 519 0 0 75 0 126 0 64 60 
168 168 59 0 142 87 0 83 85 257 0 28 30 24 23 580 484 0 547 0 0 74 0 126 0 63 60 
172 175 62 0 140 86 0 87 87 253 0 28 31 21 23 572 428 0 509 0 0 77 0 126 0 63 60 
170 170 62 0 139 85 0 85 86 253 0 33 28 25 22 522 336 0 543 0 0 74 0 126 0 64 60 
167 172 62 0 138 88 0 86 87 264 0 30 27 21 23 527 370 0 602 0 0 81 0 126 0 63 60 
171 174 63 0 137 86 0 82 86 263 0 26 28 20 22 525 388 0 535 0 0 86 0 126 0 63 60 
174 163 63 0 137 79 0 88 87 264 0 27 28 21 22 548 383 0 555 0 0 91 0 126 0 64 60 
176 167 64 0 136 72 0 84 86 262 0 26 28 22 23 551 438 0 594 0 0 88 0 126 0 64 60 
174 167 63 0 134 72 0 84 84 259 0 26 30 25 23 505 502 0 551 0 0 92 0 126 0 64 60 
174 176 62 0 130 81 0 82 83 258 0 25 29 27 24 581 392 0 593 0 0 98 0 126 0 64 60 
171 162 66 0 127 86 0 88 83 260 0 26 29 25 23 510 298 0 544 0 0 102 0 126 0 65 60 
175 171 68 0 125 94 0 85 84 262 0 25 29 27 24 531 438 0 542 0 0 100 0 126 0 65 60 
168 170 66 0 125 98 0 87 83 263 0 26 29 26 24 509 425 0 516 0 0 100 0 126 0 64 60 
173 174 66 0 124 95 0 78 84 261 0 24 29 25 25 526 407 0 568 0 0 106 0 126 0 65 60 
175 176 69 0 125 94 0 84 83 258 0 27 28 22 25 547 411 0 565 0 0 111 0 126 0 65 60 
173 169 65 0 124 89 0 90 83 258 0 23 29 23 24 572 446 0 553 0 0 115 0 126 0 65 60 
169 171 65 0 123 92 0 85 84 256 0 25 28 22 24 516 384 0 510 0 0 116 0 126 0 65 60 
175 168 70 0 123 88 0 87 84 255 0 27 29 20 24 554 542 0 502 0 0 115 0 126 0 65 60 
173 174 66 0 122 88 0 86 83 258 0 25 28 18 25 510 378 0 460 0 0 106 0 126 0 66 60 
170 179 65 0 122 88 0 82 84 261 0 26 29 19 23 527 410 0 414 0 0 119 0 126 0 67 60 
172 169 62 0 121 96 0 83 83 260 0 25 27 21 24 525 406 0 381 0 0 125 0 126 0 68 60 
170 174 64 0 120 96 0 83 83 260 0 29 28 21 24 515 361 0 413 0 0 132 0 126 0 68 60 
168 167 67 0 119 90 0 83 85 257 0 28 28 24 24 546 411 0 549 0 0 135 0 126 0 68 60 
170 174 64 0 118 93 0 86 84 257 0 30 29 26 24 525 434 0 517 0 0 135 0 126 0 67 60 
169 174 67 0 118 95 0 84 84 260 0 29 29 28 23 533 413 0 515 0 0 128 0 126 0 66 60 
174 180 68 0 118 93 0 90 84 264 0 31 27 29 25 560 425 0 499 0 0 112 0 126 0 66 60 
171 171 68 0 117 85 0 85 85 263 0 32 28 28 25 524 337 0 513 0 0 100 0 126 0 67 60 
172 172 68 0 118 90 0 85 83 265 0 33 28 27 24 555 338 0 537 0 0 93 0 126 0 66 60 
174 183 68 0 118 92 0 88 85 261 0 33 27 23 23 589 392 0 580 0 0 90 0 126 0 66 60 
174 174 68 0 118 93 0 83 84 261 0 33 28 21 24 567 364 0 536 0 0 89 0 126 0 66 60 
173 179 66 0 119 93 0 84 82 259 0 34 27 20 23 547 362 0 518 0 0 87 0 126 0 65 60 
174 172 64 0 122 91 0 83 83 260 0 30 28 20 23 533 387 0 800 0 0 83 0 126 0 65 60 
177 173 65 0 123 87 0 87 82 263 0 35 28 18 23 529 378 0 800 0 0 85 0 126 0 65 60 
169 178 66 0 125 81 0 87 84 262 0 35 27 17 23 525 331 0 596 0 0 86 0 126 0 65 60 
173 167 64 0 124 77 0 84 86 258 0 31 27 14 23 517 339 0 522 0 0 88 0 126 0 65 60 
174 167 62 0 124 78 0 90 85 260 0 31 28 14 23 519 427 0 558 0 0 84 0 126 0 65 60 
179 168 66 0 122 82 0 92 84 260 0 28 28 16 24 542 322 0 518 0 0 85 0 126 0 65 60 
173 171 64 0 122 76 0 85 84 259 0 28 29 20 23 536 418 0 596 0 0 84 0 126 0 65 60 
173 168 62 0 121 76 0 85 83 258 0 27 30 21 23 544 457 0 607 0 0 77 0 126 0 66 60 
171 165 66 0 120 80 0 88 83 260 0 26 29 23 23 505 504 0 569 0 0 86 0 126 0 65 60 
172 172 65 0 119 84 0 86 83 259 0 28 27 24 23 542 411 0 559 0 0 85 0 126 0 66 60 
169 172 67 0 117 79 0 85 84 261 0 24 28 23 23 585 301 0 558 0 0 82 0 126 0 66 60 
178 176 67 0 117 80 0 84 84 254 0 28 28 24 23 558 360 0 493 0 0 82 0 126 0 67 60 
172 175 67 0 118 81 0 84 84 251 0 26 29 24 24 539 353 0 571 0 0 83 0 126 0 65 60 
168 172 64 0 118 85 0 83 85 251 0 24 28 24 24 550 341 0 572 0 0 79 0 126 0 65 60 
173 171 63 0 118 84 0 81 86 259 0 25 28 24 22 503 390 0 533 0 0 80 0 126 0 65 60 
172 169 65 0 118 85 0 86 84 263 0 27 28 24 23 507 345 0 525 0 0 81 0 126 0 65 60 
174 179 66 0 117 93 0 86 83 265 0 26 29 25 23 541 538 0 565 0 0 81 0 126 0 65 60 
174 172 63 0 117 95 0 88 85 263 0 26 30 22 23 559 428 0 585 0 0 78 0 126 0 66 60 
171 174 65 0 116 89 0 88 85 257 0 25 31 21 23 525 455 0 601 50 0 78 0 126 0 66 60 
172 168 67 0 117 85 0 89 85 257 0 27 30 19 24 558 360 0 483 0 0 81 0 126 0 65 60 
174 174 66 0 117 88 0 91 84 256 0 27 31 17 23 524 361 0 611 0 0 83 0 126 0 65 60 
174 175 66 0 118 84 0 88 85 262 0 27 30 16 23 524 388 0 550 0 0 87 0 126 0 65 60 
178 179 62 0 116 82 0 84 84 262 0 27 31 17 24 545 377 0 601 0 0 84 0 126 0 65 60 
171 175 68 0 115 84 0 90 86 256 0 25 30 17 24 572 279 0 562 0 0 84 0 126 0 65 60 
175 169 66 0 115 92 0 82 85 255 0 25 28 20 22 555 406 0 530 102 0 83 0 126 0 65 60 
178 179 65 0 116 92 0 82 83 258 0 25 27 21 23 566 379 0 580 176 0 81 0 126 0 65 60 
172 176 65 0 116 84 0 88 83 257 0 25 28 23 23 544 370 0 563 208 0 77 0 126 0 65 60 
177 176 64 0 118 80 0 87 85 252 0 25 29 21 22 540 387 0 569 232 0 71 0 126 0 65 60 
176 171 66 0 118 85 0 90 84 257 0 25 28 21 23 535 343 0 564 249 0 77 0 126 0 65 60 
174 170 64 0 118 84 0 86 85 260 0 24 28 22 23 539 384 0 610 311 0 82 0 126 0 65 60 
172 177 65 0 117 84 0 88 84 260 0 28 28 25 22 508 324 0 577 272 0 88 0 126 0 65 60 
176 166 63 0 115 87 0 84 83 259 0 26 28 26 22 559 459 0 579 284 0 95 0 126 0 65 60 
176 166 64 0 114 92 0 78 84 255 0 27 29 25 23 515 350 0 567 281 0 101 0 126 0 66 60 
172 166 64 0 114 90 0 85 84 256 0 25 28 24 23 523 346 0 561 291 0 108 0 126 0 66 60 
181 171 67 0 115 83 0 87 85 261 0 24 27 23 23 559 384 0 526 308 0 108 0 126 0 67 60 
173 167 67 0 117 83 0 89 85 264 0 28 28 21 23 554 328 0 575 309 0 105 0 126 0 67 60 
172 167 64 0 118 83 0 89 85 265 0 26 28 20 23 554 370 0 514 296 0 96 0 126 0 67 60 
169 172 67 0 120 81 0 88 85 266 0 27 28 22 23 582 445 0 539 347 0 92 0 126 0 67 60 
173 178 65 0 122 80 0 90 82 260 0 26 28 21 23 554 445 0 629 290 0 92 0 126 0 68 60 
171 176 65 0 125 86 0 88 83 259 0 25 28 22 24 540 374 0 527 335 0 94 0 126 0 69 60 
170 176 66 0 126 93 0 88 83 259 0 28 29 21 23 515 342 0 539 253 0 98 0 126 0 69 60 
174 172 66 0 125 97 0 89 84 260 0 28 28 19 24 527 357 0 572 322 0 97 0 126 0 69 60 
175 173 67 0 123 94 0 83 84 261 0 25 28 21 24 529 343 0 527 300 0 98 0 126 0 70 60 
168 171 65 0 121 92 0 81 84 261 0 29 29 21 25 501 334 0 550 277 0 99 0 126 0 69 60 
170 178 66 0 119 90 0 87 85 257 0 26 28 20 24 534 442 0 576 305 0 98 0 126 0 70 60 
172 171 66 0 118 84 0 86 84 261 0 27 29 20 23 508 425 0 526 296 0 99 0 126 0 71 60 
169 176 64 0 118 85 0 91 85 261 0 27 28 22 24 475 325 0 595 327 0 101 0 126 0 73 60 
171 174 64 0 118 90 0 87 83 261 0 27 29 20 24 532 401 0 552 333 0 95 0 126 0 74 60 
175 171 66 0 117 91 0 88 84 261 0 27 30 21 23 508 403 0 580 306 0 92 0 126 0 76 60 
171 171 67 0 118 85 0 90 85 263 0 26 28 20 22 564 398 0 585 307 0 97 0 126 0 75 60 
174 174 66 0 120 81 0 86 86 260 0 28 28 21 22 570 334 0 638 316 0 100 0 126 0 74 60 
171 173 64 0 121 80 0 91 85 263 0 25 27 20 23 551 366 0 555 331 0 105 0 126 0 73 60 
175 169 65 0 122 81 0 90 84 255 0 28 28 23 22 558 412 0 574 292 0 105 0 126 0 72 60 
171 179 67 0 122 76 0 84 84 254 0 26 28 21 22 489 396 0 584 318 0 105 0 126 0 71 60 
171 176 64 0 121 81 0 87 83 254 0 27 28 22 22 538 396 0 519 311 0 102 0 126 0 71 60 
174 175 65 0 119 83 0 86 84 263 0 25 28 24 23 543 396 0 587 285 0 107 0 126 0 71 60 
173 171 63 0 118 85 0 83 84 265 0 27 27 25 23 536 396 0 607 331 0 104 0 126 0 71 60 
173 169 64 0 118 82 0 85 84 264 0 27 27 21 23 534 341 0 560 231 0 103 0 126 0 71 60 
175 176 63 0 118 85 0 82 86 259 0 27 28 21 22 534 411 0 549 350 0 104 0 126 0 71 60 
174 169 63 0 119 92 0 91 84 257 0 26 28 20 24 543 408 0 556 310 0 103 0 126 0 70 60 
168 167 66 0 120 97 0 86 85 257 0 24 27 20 24 517 352 0 565 311 0 97 0 126 0 70 60 
173 172 63 0 118 94 0 84 86 259 0 24 27 20 23 522 375 0 584 352 0 93 0 126 0 70 60 
175 172 61 0 118 91 0 91 86 261 0 28 27 21 24 541 448 0 542 312 0 89 0 126 0 69 60 
174 170 64 0 117 93 0 81 83 263 0 27 27 23 24 580 454 0 546 331 0 85 0 126 0 66 60 
175 172 62 0 118 91 0 86 85 257 0 28 27 24 24 590 357 0 550 318 0 88 0 126 0 65 60 
173 173 63 0 118 94 0 86 84 256 0 25 29 26 23 554 401 0 587 304 0 93 0 126 0 63 60 
171 177 63 0 119 101 0 90 83 256 0 24 28 25 24 539 401 0 533 320 0 100 0 126 0 61 60 
173 177 64 0 118 115 0 87 84 253 0 26 28 24 24 524 337 0 567 273 0 107 0 126 0 60 60 
170 177 68 0 117 103 0 85 84 254 0 25 29 24 23 529 350 0 577 330 0 111 0 126 0 59 60 
172 169 66 0 115 97 0 88 84 258 0 25 28 25 23 537 412 0 498 350 0 112 0 126 0 58 60 
175 171 67 0 116 98 0 93 86 261 0 25 29 26 23 537 351 0 577 353 0 110 0 126 0 57 60 
174 173 64 0 116 103 0 89 86 263 0 25 28 23 22 530 325 0 558 284 0 95 0 126 0 56 60 
174 177 65 0 116 95 0 86 86 262 0 25 28 22 23 517 435 0 593 333 0 102 0 126 0 57 60 
171 170 64 0 116 81 0 88 84 257 0 25 29 22 24 512 404 0 608 296 0 103 0 126 0 57 60 
170 173 65 0 115 74 0 89 84 258 0 25 28 18 24 530 403 0 549 350 0 102 0 126 0 56 60 
173 170 64 0 117 71 0 85 83 259 0 28 28 16 23 566 407 0 535 328 0 106 0 126 0 57 60 
175 173 63 0 120 67 0 79 83 265 0 25 29 13 23 576 369 0 536 319 0 104 0 126 0 57 60 
173 176 62 0 118 68 0 84 86 267 0 27 28 14 24 576 411 0 584 284 0 100 0 126 0 58 60 
172 180 66 0 118 73 0 86 83 265 0 31 27 16 22 553 327 0 602 299 0 96 0 126 0 59 60 
177 167 63 0 125 76 0 82 83 261 0 35 27 15 23 541 389 0 555 291 0 94 0 126 0 60 60 
177 167 63 0 125 92 0 85 83 259 0 40 28 15 23 515 360 0 509 227 0 97 0 126 0 61 60 
177 182 63 0 124 112 0 90 83 258 0 46 28 17 23 544 499 0 619 324 0 96 0 126 0 61 60 
177 176 65 0 123 128 0 88 83 259 0 42 28 17 23 533 317 0 569 335 0 97 0 126 0 63 60 
175 175 65 0 122 128 0 92 84 261 0 45 28 19 24 530 416 0 605 346 0 103 0 126 0 63 60 
172 170 64 0 121 115 0 81 84 260 0 45 28 21 23 526 374 0 535 273 0 110 0 126 0 63 60 
169 173 65 0 122 89 0 85 85 257 0 46 28 22 24 546 427 0 611 300 0 111 0 126 0 63 60 
175 180 68 0 120 78 0 86 85 257 0 48 28 24 23 516 408 0 537 340 0 109 0 126 0 63 60 
171 165 67 0 120 68 0 83 86 259 0 46 28 23 24 532 412 0 548 312 0 103 0 126 0 63 60 
172 166 65 0 119 65 0 87 85 259 0 41 28 23 24 554 370 0 542 339 0 100 0 126 0 62 60 
168 174 62 0 120 70 0 87 85 261 0 39 29 22 24 560 404 0 508 311 0 94 0 126 0 60 60 
180 171 66 0 121 83 0 89 85 261 0 44 29 23 24 552 401 0 603 304 0 94 0 126 0 59 60 
175 170 69 0 121 90 0 89 82 261 0 46 28 21 23 571 410 0 521 320 0 95 0 126 0 57 60 
172 170 63 0 121 84 0 88 81 260 0 46 26 21 23 559 406 0 588 323 0 98 0 126 0 56 60 
173 174 62 0 119 83 0 88 83 257 0 41 27 21 23 517 353 0 556 330 0 102 0 126 0 56 60 
170 173 63 0 119 86 0 81 84 254 0 35 28 21 24 559 396 0 526 350 0 98 0 126 0 56 60 
171 176 63 0 118 87 0 86 83 249 0 31 28 21 24 510 405 0 506 292 0 101 0 126 0 56 60 
170 175 62 0 118 80 0 89 84 257 0 26 29 22 23 534 397 0 519 330 0 101 0 126 0 58 60 
172 172 62 0 119 80 0 84 85 262 0 27 27 24 22 561 445 0 546 358 0 97 0 126 0 61 60 
172 172 65 0 118 80 0 84 85 265 0 26 26 25 23 520 390 0 563 338 0 87 0 126 0 62 60 
170 174 64 0 117 83 0 89 85 259 0 28 27 24 23 532 379 0 536 301 0 89 0 126 0 64 60 
168 177 62 0 116 88 0 85 86 259 0 25 27 24 22 510 338 0 584 318 0 91 0 126 0 64 60 
171 169 66 0 116 96 0 88 84 257 0 28 27 22 23 499 444 0 546 279 0 92 0 126 0 65 60 
167 174 62 0 117 100 0 87 86 258 0 25 28 21 23 595 417 0 561 271 0 99 0 126 0 65 60 
170 168 64 0 118 95 0 91 86 259 0 27 28 21 23 596 383 0 589 313 0 102 0 126 0 65 60 
173 176 62 0 119 88 0 87 84 263 0 27 28 24 23 539 355 0 523 307 0 107 0 126 0 66 60 
173 177 62 0 119 86 0 86 82 259 0 29 29 22 23 567 390 0 586 321 0 107 0 126 0 67 60 
166 189 63 0 118 84 0 93 82 258 0 29 29 21 23 515 410 0 564 291 0 104 0 126 0 68 60 
175 167 62 0 118 79 0 88 83 259 0 28 27 21 23 528 385 0 561 278 0 101 0 126 0 70 60 
174 172 64 0 117 78 0 83 85 256 0 24 28 20 23 542 376 0 569 312 0 92 0 126 0 71 60 
171 184 66 0 115 81 0 84 84 253 0 27 28 19 23 531 379 0 531 299 0 92 0 126 0 73 60 
171 175 66 0 115 84 0 81 85 256 0 25 30 24 24 515 416 0 535 349 0 107 0 126 0 74 60 
173 175 66 0 114 84 0 84 85 257 0 25 30 20 23 522 444 0 670 327 0 111 0 126 0 75 60 
171 170 66 0 116 85 0 86 85 260 0 25 29 24 23 550 420 0 549 305 0 111 0 126 0 75 60 
173 177 66 0 118 84 0 86 86 261 0 23 30 22 23 549 438 0 578 313 0 112 0 126 0 76 60 
173 178 63 0 119 85 0 91 84 260 0 26 28 20 23 570 403 0 539 294 0 111 0 126 0 76 60 
174 170 64 0 122 80 0 88 83 257 0 24 28 21 24 549 315 0 475 278 0 107 0 126 0 77 60 
171 166 66 0 123 83 0 89 83 258 0 25 28 22 23 570 423 0 572 310 0 106 0 126 0 81 60 
172 175 63 0 124 91 0 90 83 259 0 25 29 26 24 558 383 0 579 305 0 103 0 126 0 84 60 
171 170 64 0 124 97 0 87 83 266 0 26 27 27 24 553 365 0 514 328 0 100 0 126 0 87 60 
177 170 63 0 122 97 0 87 84 263 0 24 27 25 24 537 417 0 584 326 0 104 0 126 0 91 60 
175 171 67 0 120 99 0 85 84 262 0 25 28 28 23 528 377 0 578 338 0 107 0 126 0 93 60 
171 175 63 0 119 93 0 87 85 258 0 27 27 23 23 544 396 0 539 303 0 102 0 126 0 94 60 
170 173 62 0 118 83 0 86 83 257 0 26 27 24 22 545 390 0 581 325 0 101 0 126 0 95 60 
174 176 68 0 118 79 0 87 84 256 0 23 27 24 23 547 418 0 586 279 0 98 0 126 0 96 60 
177 177 65 0 117 76 0 82 84 258 0 26 27 23 23 515 386 0 540 230 0 97 0 126 0 96 60 
173 173 65 0 117 82 0 93 86 259 0 25 28 20 23 526 376 0 530 312 0 96 0 126 0 96 60 
177 173 66 0 118 87 0 85 86 259 0 25 28 18 23 525 411 0 576 285 0 94 0 126 0 94 60 
171 171 66 0 120 94 0 86 86 256 0 26 27 19 23 517 376 0 524 334 0 97 0 126 0 92 60 
172 173 67 0 120 109 0 87 84 258 0 27 27 18 24 524 380 0 593 313 0 95 0 126 0 92 60 
172 171 65 0 122 113 0 78 83 259 0 25 27 20 23 568 417 0 542 302 0 95 0 126 0 93 60 
176 173 68 0 121 94 0 82 83 260 0 24 28 20 22 548 482 0 540 335 0 96 0 126 0 91 60 
172 171 66 0 121 82 0 85 82 259 0 25 27 24 23 559 458 0 551 295 0 96 0 126 0 87 60 
170 175 67 0 119 77 0 85 83 262 0 26 28 25 23 546 404 0 587 347 0 97 0 126 0 84 60 
172 174 66 0 118 77 0 92 84 263 0 25 27 27 22 527 374 0 483 298 0 97 0 126 0 83 60 
173 183 66 0 119 77 0 84 84 259 0 24 28 31 23 520 413 0 624 327 0 91 0 126 0 82 60 
174 166 65 0 119 80 0 85 84 255 0 26 27 28 24 501 342 0 561 311 0 87 0 126 0 81 60 
177 169 65 0 119 85 0 85 85 253 0 25 27 26 23 527 351 0 588 304 0 87 0 126 0 82 60 
176 183 63 0 119 87 0 88 85 251 0 27 28 21 23 515 487 0 561 293 0 94 0 126 0 80 60 
172 177 68 0 119 84 0 88 85 260 0 28 26 20 23 552 325 0 578 357 0 98 0 126 0 80 60 
175 175 63 0 118 77 0 82 85 267 0 27 27 20 24 524 406 0 567 275 0 108 0 126 0 80 60 
178 173 64 0 119 79 0 85 86 261 0 28 28 19 23 522 463 0 614 308 0 115 0 126 0 80 60 
171 173 67 0 119 80 0 84 84 257 0 29 29 18 24 542 406 0 577 337 0 115 0 126 0 80 60 
173 177 64 0 119 76 0 82 84 257 0 27 28 15 22 575 320 0 548 366 0 110 0 126 0 81 60 
177 166 67 0 119 73 0 90 84 257 0 29 28 14 23 590 387 0 506 306 0 103 0 126 0 81 60 
177 166 66 0 118 82 0 87 84 257 0 33 29 14 24 575 364 0 559 327 0 100 0 126 0 81 60 
172 170 65 0 117 87 0 87 86 262 0 32 27 17 25 558 403 0 478 291 0 98 0 126 0 81 60 
178 170 66 0 116 88 0 86 85 259 0 30 28 23 23 512 404 0 608 276 0 102 0 126 0 81 60 
173 166 63 0 116 86 0 87 83 258 0 32 28 23 24 519 376 0 552 300 0 98 0 126 0 81 60 
169 171 66 0 116 88 0 91 84 258 0 34 29 26 25 538 430 0 486 277 0 95 0 126 0 83 60 
171 171 64 0 116 89 0 89 83 255 0 34 27 26 23 519 327 0 533 309 0 94 0 126 0 85 60 
178 175 67 0 116 86 0 84 85 257 0 32 27 24 23 541 436 0 582 308 0 99 0 126 0 84 60 
167 177 62 0 117 85 0 85 84 253 0 31 28 24 23 533 402 0 562 327 0 100 0 126 0 83 60 
172 176 65 0 118 95 0 87 85 257 0 32 28 24 23 562 384 0 536 313 0 101 0 126 0 82 60 
172 174 66 0 119 112 0 84 84 265 0 34 27 24 23 526 423 0 510 347 0 101 0 126 0 83 60 
173 170 65 0 122 121 0 87 85 260 0 34 27 25 23 531 410 0 541 334 0 94 0 126 0 80 60 
172 167 66 0 123 122 0 85 85 258 0 34 27 23 23 544 380 0 555 316 0 91 0 126 0 80 60 
169 173 67 0 125 108 0 87 84 257 0 38 27 22 23 564 339 0 613 331 0 92 0 126 0 80 60 
172 172 66 0 125 90 0 86 84 258 0 35 27 21 22 588 485 0 586 327 0 98 0 126 0 81 60 
170 173 68 0 125 78 0 84 82 261 0 32 27 18 24 552 392 0 601 312 0 95 0 126 0 80 60 
172 170 65 0 124 69 0 89 84 267 0 33 27 17 22 507 362 0 597 311 0 95 0 126 0 79 60 
171 172 66 0 123 68 0 84 82 266 0 34 28 16 24 514 385 0 547 281 0 95 0 126 0 78 60 
175 179 65 0 122 70 0 88 84 262 0 37 28 16 23 525 455 0 643 247 0 93 0 126 0 78 60 
171 183 66 0 121 77 0 87 86 260 0 38 27 18 22 552 361 0 596 315 0 94 0 126 0 77 60 
173 168 65 0 120 89 0 84 86 256 0 41 27 19 23 548 365 0 527 287 0 93 0 126 0 77 60 
177 172 64 0 118 103 0 88 87 256 0 37 27 22 22 519 347 0 619 341 0 99 0 126 0 77 60 
173 184 65 0 118 98 0 84 87 257 0 33 27 22 24 526 435 0 541 277 0 106 0 126 0 79 60 
170 173 65 0 118 89 0 91 84 258 0 30 28 21 24 538 397 0 582 318 0 111 0 126 0 80 60 
167 171 67 0 119 81 0 89 84 259 0 31 28 21 24 547 465 0 567 308 0 112 0 126 0 80 60 
174 174 68 0 119 77 0 91 84 258 0 30 28 22 23 540 470 0 538 301 0 103 0 126 0 80 60 
172 171 66 0 117 74 0 97 84 258 0 33 29 24 24 562 412 0 600 284 0 95 0 126 0 81 60 
170 174 65 0 117 74 0 92 84 261 0 34 27 25 24 569 318 0 575 283 0 84 0 126 0 79 60 
177 163 63 0 116 80 0 86 84 259 0 33 27 26 23 542 367 0 564 348 0 78 0 126 0 76 60 
173 167 66 0 115 84 0 91 84 260 0 34 27 25 24 555 291 0 585 290 0 85 0 126 0 75 60 
172 170 68 0 116 83 0 83 84 263 0 31 27 24 23 538 409 0 574 312 0 93 0 126 0 74 60 
174 166 67 0 117 82 0 83 85 261 0 28 27 22 23 548 442 0 489 291 0 102 0 126 0 73 60 
172 168 64 0 117 85 0 88 85 260 0 29 27 21 22 542 365 0 561 322 0 103 0 126 0 73 60 
175 171 64 0 117 86 0 83 87 255 0 28 27 21 24 534 439 0 575 302 0 106 0 126 0 74 60 
176 172 65 0 115 80 0 84 85 253 0 29 27 22 22 543 392 0 539 311 0 109 0 126 0 75 60 
175 171 65 0 114 84 0 81 86 255 0 27 27 20 23 557 320 0 508 350 0 106 0 126 0 75 60 
174 177 64 0 116 90 0 84 84 262 0 27 27 19 23 566 406 0 514 317 0 105 0 126 0 76 60 
174 173 63 0 117 94 0 88 84 264 0 27 27 20 24 505 432 0 558 279 0 103 0 126 0 76 60 
173 169 65 0 118 96 0 90 84 258 0 24 28 21 23 553 375 0 548 329 0 102 0 126 0 76 60 
170 173 65 0 119 95 0 87 83 259 0 28 29 19 23 563 313 0 598 310 0 104 0 126 0 77 60 
173 173 65 0 118 95 0 84 84 256 0 28 28 19 23 569 415 0 518 284 0 105 0 126 0 77 60 
169 174 63 0 118 88 0 85 83 256 0 24 27 20 23 521 413 0 558 340 0 104 0 126 0 77 60 
175 173 65 0 118 83 0 85 83 258 0 27 26 21 23 500 406 0 620 290 0 104 0 126 0 77 60 
174 175 65 0 116 79 0 85 84 262 0 23 28 20 24 525 474 0 504 360 0 105 0 126 0 77 60 
171 169 66 0 115 78 0 87 86 261 0 25 28 22 24 550 390 0 556 329 0 105 0 126 0 77 60 
177 174 66 0 114 79 0 88 86 259 0 25 29 22 22 532 425 0 601 304 0 103 0 126 0 77 60 
171 178 62 0 114 80 0 83 85 259 0 26 29 21 22 529 418 0 518 303 0 100 0 126 0 76 60 
176 169 66 0 115 81 0 84 84 260 0 27 29 20 23 532 482 0 549 295 0 98 0 126 0 75 60 
175 172 65 0 117 88 0 91 83 257 0 26 28 21 23 524 463 0 562 254 0 99 0 126 0 72 60 
173 181 66 0 120 87 0 86 84 255 0 24 29 22 23 534 432 0 574 317 0 104 0 126 0 72 60 
175 183 63 0 122 80 0 84 85 258 0 26 28 23 22 533 399 0 577 302 0 102 0 126 0 71 60 
170 175 64 0 122 82 0 87 86 263 0 25 28 25 23 534 390 0 611 278 0 98 0 126 0 69 60 
175 170 66 0 124 83 0 84 84 261 0 27 28 23 24 542 471 0 563 311 0 92 0 126 0 68 60 
174 174 69 0 123 80 0 90 83 257 0 30 28 24 24 576 389 0 577 293 0 93 0 126 0 67 60 
170 174 68 0 121 78 0 82 84 257 0 31 28 22 22 574 377 0 498 319 0 94 0 126 0 66 60 
175 166 66 0 121 82 0 86 84 256 0 34 28 20 22 496 312 0 613 303 0 92 0 126 0 65 60 
175 165 70 0 118 85 0 88 83 261 0 35 27 19 22 538 393 0 555 307 0 93 0 126 0 65 60 
178 173 65 0 119 89 0 85 84 267 0 40 27 19 23 553 445 0 525 343 0 96 0 126 0 65 60 
168 171 69 0 117 87 0 94 86 265 0 39 27 21 22 525 428 0 574 320 0 99 0 126 0 66 60 
173 168 70 0 118 91 0 86 85 262 0 41 28 22 23 517 445 0 536 291 0 98 0 126 0 65 60 
176 174 66 0 118 93 0 87 85 258 0 40 27 24 24 573 362 0 520 346 0 98 0 126 0 66 60 
174 174 66 0 120 90 0 87 84 256 0 39 28 27 23 538 410 0 575 282 0 103 0 126 0 66 60 
174 173 65 0 121 90 0 84 84 255 0 34 27 25 22 528 352 0 474 259 0 96 0 126 0 68 60 
173 178 67 0 123 94 0 89 84 259 0 38 29 24 23 530 357 0 487 296 0 91 0 126 0 68 60 
175 175 66 0 123 97 0 81 85 260 0 37 27 25 23 515 400 0 540 352 0 93 0 126 0 69 60 
169 171 67 0 122 96 0 80 85 261 0 36 27 24 24 575 384 0 535 323 0 95 0 126 0 70 60 
171 177 65 0 121 100 0 84 85 258 0 36 28 25 24 572 332 0 634 313 0 103 0 126 0 70 60 
175 174 64 0 120 101 0 83 84 260 0 36 27 25 26 541 405 0 584 300 0 108 0 126 0 69 60 
172 175 65 0 119 93 0 86 84 261 0 34 28 22 25 535 464 0 568 326 0 110 0 126 0 69 60 
170 170 65 0 119 82 0 85 85 261 0 32 29 22 24 494 416 0 565 332 0 112 0 126 0 68 60 
173 173 64 0 119 81 0 88 84 258 0 36 27 18 24 522 367 0 566 327 0 108 0 126 0 67 60 
176 173 65 0 117 84 0 90 85 262 0 35 28 17 23 538 359 0 596 301 0 102 0 126 0 67 60 
168 172 65 0 117 100 0 89 84 260 0 41 28 15 23 544 283 0 555 312 0 99 0 126 0 67 60 
172 180 65 0 119 114 0 87 84 260 0 38 29 13 23 550 299 0 553 305 0 95 0 126 0 68 60 
173 166 67 0 119 123 0 88 84 255 0 38 28 15 23 551 399 0 632 302 0 97 0 126 0 69 60 
172 170 64 0 120 112 0 85 85 252 0 38 29 14 23 510 451 0 541 321 0 99 0 126 0 68 60 
170 179 65 0 119 89 0 84 86 255 0 35 29 14 22 522 445 0 615 313 0 98 0 126 0 69 60 
173 182 65 0 120 74 0 89 86 261 0 32 28 16 23 496 438 0 532 304 0 102 0 126 0 69 60 
175 177 65 0 119 66 0 80 85 263 0 31 28 20 22 559 382 0 551 342 0 102 0 126 0 69 60 
173 168 64 0 119 69 0 86 84 260 0 31 28 19 23 570 345 0 570 329 0 101 0 126 0 69 60 
170 176 66 0 119 70 0 91 84 258 0 30 29 21 24 565 379 0 607 332 0 102 0 126 0 68 60 
176 173 62 0 118 70 0 89 85 255 0 29 28 23 23 528 359 0 481 292 0 102 0 126 0 67 60 
176 167 64 0 119 75 0 86 84 259 0 31 28 25 23 510 402 0 539 317 0 101 0 126 0 68 60 
174 162 64 0 117 85 0 80 84 258 0 30 28 23 24 535 357 0 592 288 0 103 0 126 0 67 60 
173 170 65 0 118 84 0 87 84 260 0 31 28 24 24 545 371 0 577 263 0 108 0 126 0 66 60 
175 171 68 0 117 82 0 83 82 260 0 28 29 23 24 516 445 0 548 317 0 111 0 126 0 66 60 
172 169 65 0 118 83 0 82 85 259 0 29 28 23 23 535 401 0 591 295 0 110 0 126 0 66 60 
172 175 65 0 120 83 0 89 86 255 0 32 26 22 25 544 356 0 476 331 0 106 0 126 0 65 60 
178 169 65 0 121 80 0 85 86 256 0 29 27 21 24 539 410 0 547 317 0 104 0 126 0 65 60 
176 172 67 0 124 79 0 87 85 256 0 29 28 21 23 570 432 0 563 278 0 105 0 126 0 65 60 
169 176 65 0 125 89 0 83 84 255 0 27 28 21 23 560 447 0 558 318 0 107 0 126 0 66 60 
171 176 62 0 125 95 0 86 83 262 0 26 29 19 23 497 457 0 555 284 0 105 0 126 0 67 60 
173 170 65 0 125 93 0 93 83 261 0 28 28 23 22 586 399 0 518 311 0 96 0 126 0 67 60 
177 173 65 0 125 90 0 83 84 260 0 22 28 25 22 582 341 0 561 304 0 95 0 126 0 67 60 
176 172 63 0 124 87 0 85 84 259 0 26 27 24 23 543 413 0 552 292 0 93 0 126 0 67 60 
171 176 63 0 122 87 0 87 84 256 0 25 27 24 23 543 441 0 524 268 0 91 0 126 0 67 60 
171 171 58 0 121 83 0 87 85 257 0 27 27 23 23 522 451 0 551 295 0 92 0 126 0 68 60 
172 166 64 0 120 84 0 90 85 265 0 26 28 23 23 534 418 0 590 293 0 88 0 126 0 67 60 
172 175 64 0 118 94 0 88 85 266 0 26 28 23 24 559 498 0 560 309 0 83 0 126 0 66 60 
173 171 64 0 118 96 0 93 83 265 0 23 27 22 23 554 411 0 555 330 0 79 0 126 0 66 60 
171 180 65 0 119 98 0 87 83 263 0 26 27 22 24 493 316 0 600 323 0 84 0 126 0 65 60 
175 171 65 0 119 96 0 84 83 257 0 26 28 23 23 521 388 0 553 334 0 88 0 126 0 67 60 
168 166 66 0 120 97 0 88 85 257 0 26 28 22 23 552 424 0 549 310 0 94 0 126 0 67 60 
170 178 64 0 120 89 0 86 84 257 0 28 28 21 23 516 379 0 566 280 0 99 0 126 0 68 60 
173 178 63 0 119 81 0 84 84 260 0 26 28 21 23 507 339 0 581 276 0 108 0 126 0 69 60 
171 176 66 0 118 76 0 83 84 262 0 26 28 20 24 589 463 0 540 281 0 109 0 126 0 69 60 
176 169 62 0 118 80 0 86 84 258 0 25 28 21 23 535 404 0 601 253 0 111 0 126 0 68 60 
174 175 65 0 117 80 0 88 85 257 0 25 27 23 23 528 372 0 520 305 0 109 0 126 0 69 60 
173 175 64 0 117 77 0 85 85 261 0 26 27 22 23 523 394 0 558 319 0 104 0 126 0 67 60 
174 168 64 0 118 78 0 85 85 263 0 24 28 22 24 532 352 0 582 322 0 106 0 126 0 66 60 
173 166 68 0 117 82 0 88 82 260 0 30 27 21 24 534 399 0 558 298 0 106 0 126 0 65 60 
173 174 63 0 116 77 0 87 85 263 0 28 28 24 23 518 354 0 578 294 0 112 0 126 0 66 60 
172 175 65 0 115 72 0 85 84 262 0 33 28 23 24 557 377 0 534 319 0 108 0 126 0 65 60 
175 166 67 0 115 77 0 89 84 259 0 29 28 26 23 530 427 0 579 328 0 104 0 126 0 65 60 
174 168 65 0 116 79 0 87 85 256 0 30 27 27 23 513 417 0 499 340 0 99 0 126 0 65 60 
172 171 64 0 116 83 0 85 84 255 0 31 26 24 24 560 399 0 546 316 0 100 0 126 0 66 60 
175 178 68 0 117 86 0 83 82 250 0 30 27 26 23 566 437 0 526 315 0 103 0 126 0 67 60 
173 175 65 0 117 94 0 86 83 261 0 28 25 24 22 541 345 0 545 290 0 103 0 126 0 66 60 
170 175 66 0 118 103 0 89 83 262 0 29 28 22 23 575 425 0 533 307 0 103 0 126 0 67 60 
167 168 65 0 118 100 0 86 84 263 0 31 27 22 23 581 414 0 516 318 0 98 0 126 0 67 60 
173 172 65 0 116 96 0 83 86 260 0 28 26 24 24 560 472 0 541 315 0 99 0 126 0 67 60 
176 171 66 0 115 95 0 90 86 257 0 31 28 22 23 514 384 0 527 256 0 100 0 126 0 67 60 
173 173 70 0 114 91 0 89 81 258 0 26 26 18 23 521 396 0 586 322 0 99 0 126 0 67 60 
172 173 63 0 113 87 0 93 82 258 0 31 28 17 23 573 359 0 537 332 0 101 0 126 0 66 60 
165 172 63 0 113 90 0 91 84 256 0 31 28 19 24 529 427 0 634 356 0 101 0 126 0 65 60 
170 174 65 0 114 94 0 87 84 260 0 33 28 21 24 535 419 0 535 306 0 103 0 126 0 66 60 
175 169 61 0 116 100 0 89 84 258 0 33 28 20 23 526 374 0 592 305 0 99 0 126 0 65 60 
174 180 67 0 119 93 0 82 83 255 0 32 27 22 22 531 375 0 598 317 0 93 0 126 0 65 60 
171 175 63 0 121 84 0 86 85 257 0 30 28 26 23 530 405 0 583 266 0 94 0 126 0 65 60 
167 169 63 0 123 83 0 81 85 257 0 27 27 28 24 513 380 0 536 293 0 95 0 126 0 65 60 
173 177 62 0 123 79 0 84 85 254 0 26 27 29 24 520 399 0 545 301 0 98 0 126 0 66 60 
172 177 64 0 122 74 0 87 86 256 0 29 27 29 23 560 451 0 526 342 0 98 0 126 0 66 60 
170 179 62 0 121 77 0 79 84 261 0 27 27 27 23 573 355 0 555 311 0 93 0 126 0 67 60 
