174 177 71 0 133 94 0 88 77 261 0 36 30 30 22 533 368 244 539 0 0 79 0 118 0 60 60 
171 170 73 0 134 92 0 90 76 259 0 34 31 28 24 553 454 252 583 0 0 80 0 118 0 59 60 
172 184 73 0 134 92 0 86 71 258 0 34 30 25 24 481 452 259 531 0 0 78 0 118 0 58 60 
173 165 75 0 132 88 0 83 74 257 0 35 30 21 24 527 402 242 491 0 0 71 0 118 0 58 60 
168 183 75 0 131 84 0 82 75 255 0 29 30 20 24 496 367 253 548 0 0 78 0 118 0 58 60 
174 177 71 0 130 81 0 92 73 258 0 31 31 19 23 535 387 276 509 0 0 78 0 118 0 58 60 
172 176 74 0 129 87 0 85 75 263 0 29 32 19 23 512 357 249 578 0 0 82 0 118 0 60 60 
172 173 74 0 129 87 0 83 75 264 0 32 31 18 23 550 492 257 591 0 0 87 0 118 0 61 60 
175 181 76 0 128 84 0 90 75 264 0 28 31 16 23 538 363 212 558 0 0 92 0 118 0 61 60 
176 168 71 0 131 83 0 85 76 257 0 33 30 14 24 518 451 239 541 0 0 97 0 118 0 61 60 
167 163 71 0 132 87 0 86 74 257 0 32 30 14 23 539 404 246 493 0 0 98 0 118 0 62 60 
174 168 76 0 133 83 0 86 77 257 0 34 30 18 23 583 379 224 618 0 0 101 0 118 0 62 60 
171 172 77 0 133 79 0 87 77 257 0 31 31 23 23 541 399 210 579 0 0 95 0 118 0 63 60 
174 169 76 0 132 79 0 87 78 262 0 33 30 22 24 582 324 228 596 0 0 89 0 118 0 62 60 
170 173 76 0 131 84 0 85 76 263 0 30 30 25 23 541 424 205 536 0 0 81 0 118 0 62 60 
171 173 76 0 129 83 0 83 75 258 0 30 29 25 23 535 372 226 599 0 0 80 0 118 0 61 60 
176 182 76 0 129 84 0 85 75 261 0 30 30 26 24 530 399 216 572 0 0 75 0 118 0 61 60 
170 175 74 0 129 84 0 84 75 263 0 30 31 25 22 538 452 237 541 0 0 78 0 118 0 61 60 
170 170 74 0 131 83 0 87 76 262 0 28 30 24 23 533 377 247 511 0 0 79 0 118 0 61 60 
171 173 69 0 131 79 0 89 76 260 0 29 31 24 23 540 389 233 583 0 0 76 0 118 0 61 60 
173 176 72 0 130 81 0 88 77 259 0 29 31 26 23 562 419 240 614 0 0 76 0 118 0 61 60 
174 168 68 0 129 86 0 85 75 261 0 28 31 25 22 545 339 188 566 0 0 82 0 118 0 63 60 
173 171 69 0 131 91 0 87 75 262 0 28 30 22 24 521 406 264 498 0 0 82 0 118 0 64 60 
176 171 71 0 131 92 0 88 75 253 0 28 31 22 23 555 425 232 459 0 0 75 0 118 0 64 60 
173 171 71 0 131 88 0 81 74 252 0 29 31 21 23 561 406 241 588 0 0 82 0 118 0 64 60 
174 184 75 0 129 92 0 84 74 253 0 27 30 18 23 549 440 252 495 0 0 81 0 118 0 64 60 
176 161 72 0 129 90 0 88 75 260 0 28 32 16 24 551 430 236 552 0 0 81 0 118 0 65 60 
171 178 71 0 128 88 0 86 76 259 0 29 31 17 23 558 418 228 500 0 0 80 0 118 0 65 60 
174 178 70 0 127 86 0 89 78 262 0 30 31 18 23 543 395 237 555 0 0 85 0 118 0 65 60 
173 179 73 0 128 88 0 91 77 256 0 29 31 20 23 532 413 242 548 0 0 91 0 118 0 65 60 
176 169 71 0 128 88 0 86 75 257 0 29 30 21 24 512 368 265 624 0 0 91 0 118 0 65 60 
178 174 70 0 129 84 0 85 75 258 0 27 30 23 22 503 441 275 587 0 0 88 0 118 0 65 60 
171 176 70 0 130 78 0 86 74 258 0 29 32 23 22 563 358 258 504 0 0 83 0 118 0 65 60 
170 165 72 0 131 81 0 90 75 260 0 28 30 23 22 500 505 243 556 0 0 83 0 118 0 65 60 
177 167 71 0 132 78 0 82 75 263 0 30 29 22 23 536 379 252 588 0 0 79 0 118 0 65 60 
174 174 69 0 135 72 0 88 75 259 0 29 30 25 23 504 424 221 557 0 0 77 0 118 0 64 60 
170 167 70 0 136 78 0 86 76 260 0 27 30 23 23 518 430 246 549 0 0 73 0 118 0 63 60 
169 173 77 0 136 88 0 89 75 258 0 29 30 24 22 541 326 246 550 0 0 70 0 118 0 62 60 
176 173 73 0 136 96 0 86 74 257 0 28 32 23 23 529 353 242 571 0 0 75 0 118 0 63 60 
169 176 73 0 134 95 0 83 75 257 0 28 31 22 23 554 443 247 577 0 0 80 0 118 0 62 60 
173 176 72 0 132 98 0 99 76 258 0 28 31 22 22 521 359 265 561 0 0 84 0 118 0 62 60 
170 175 74 0 132 95 0 89 76 262 0 27 32 22 23 542 366 226 594 0 0 93 0 118 0 62 60 
173 172 74 0 130 91 0 87 76 261 0 27 31 20 23 537 429 245 481 0 0 94 0 118 0 63 60 
171 176 70 0 129 87 0 89 76 259 0 29 31 21 23 548 432 271 598 0 0 88 0 118 0 63 60 
176 170 74 0 129 85 0 87 76 255 0 28 30 22 23 527 438 218 622 0 0 88 0 118 0 63 60 
169 176 72 0 128 84 0 89 74 252 0 28 31 21 22 543 374 282 568 0 0 84 0 118 0 63 60 
172 174 76 0 129 83 0 85 74 258 0 29 32 20 23 535 362 250 542 0 0 82 0 118 0 64 60 
174 174 71 0 129 84 0 82 76 261 0 28 31 20 23 519 408 241 588 0 0 82 0 118 0 64 60 
172 183 74 0 130 86 0 86 76 266 0 28 32 20 23 542 338 252 533 0 0 86 0 118 0 64 60 
168 169 74 0 129 88 0 86 76 267 0 27 30 18 24 569 422 241 545 0 0 89 0 118 0 65 60 
170 174 75 0 127 84 0 82 75 260 0 28 31 19 23 588 404 238 533 0 0 87 0 118 0 65 60 
170 182 72 0 127 82 0 83 75 242 0 31 31 20 23 553 427 263 538 0 0 86 0 118 0 65 60 
176 177 70 0 127 84 0 85 75 257 0 30 31 22 24 602 389 264 541 0 0 91 0 118 0 65 60 
171 174 71 0 127 90 0 87 74 259 0 32 31 20 24 518 341 285 532 0 0 93 0 118 0 64 60 
172 175 73 0 128 93 0 95 77 260 0 30 31 21 23 567 408 280 600 0 0 99 0 118 0 64 60 
175 174 75 0 127 91 0 85 76 258 0 27 32 22 24 541 395 287 503 0 0 98 0 118 0 64 60 
176 163 74 0 126 91 0 83 75 264 0 31 32 21 23 529 415 259 551 0 0 90 0 118 0 64 60 
175 168 75 0 126 89 0 84 76 264 0 27 32 20 21 524 387 276 564 0 0 83 0 118 0 65 60 
173 173 76 0 127 83 0 86 75 265 0 31 32 22 22 521 355 280 555 0 0 78 0 118 0 64 60 
177 166 72 0 128 79 0 84 76 265 0 32 31 24 22 529 353 276 617 0 0 79 0 118 0 65 60 
174 170 70 0 129 78 0 83 77 264 0 31 31 24 21 515 412 265 501 0 0 77 0 118 0 65 60 
169 170 74 0 128 80 0 91 77 260 0 31 32 25 23 545 367 282 571 0 0 81 0 118 0 65 60 
178 174 73 0 127 77 0 84 76 263 0 27 31 23 22 528 460 261 623 0 0 87 0 118 0 64 60 
175 178 75 0 125 75 0 88 76 260 0 31 32 22 22 558 365 303 574 0 0 88 0 118 0 65 60 
178 175 72 0 123 79 0 89 74 253 0 32 30 18 23 597 459 244 570 0 0 90 0 118 0 64 60 
175 168 73 0 124 80 0 85 75 253 0 36 32 19 22 536 428 275 557 0 0 92 0 118 0 65 60 
172 172 73 0 125 80 0 86 73 256 0 38 31 20 22 530 465 278 582 0 0 94 0 118 0 65 60 
173 173 73 0 126 82 0 82 75 260 0 40 30 20 23 525 473 257 628 0 0 93 0 118 0 65 60 
170 174 76 0 128 92 0 88 76 264 0 44 31 22 24 541 389 279 536 0 0 95 0 118 0 64 60 
174 168 74 0 131 92 0 86 76 265 0 46 30 24 24 546 364 261 636 0 0 94 0 118 0 64 60 
174 178 74 0 134 82 0 86 78 260 0 42 30 26 24 492 343 283 533 0 0 89 0 118 0 64 60 
171 172 72 0 135 84 0 93 76 257 0 44 30 26 23 546 397 287 503 0 0 84 0 118 0 63 60 
170 178 75 0 136 89 0 91 76 259 0 41 31 25 24 577 473 247 551 0 0 84 0 118 0 62 60 
175 166 73 0 134 86 0 90 75 261 0 40 31 26 24 540 458 274 610 0 0 82 0 118 0 61 60 
175 183 72 0 132 85 0 85 75 265 0 41 31 26 23 521 447 297 560 0 0 82 0 118 0 61 60 
171 176 73 0 131 85 0 89 74 262 0 41 31 27 23 526 433 278 519 0 0 79 0 118 0 60 60 
172 171 74 0 129 93 0 87 75 262 0 38 31 23 23 553 347 279 499 0 0 81 0 118 0 61 60 
173 170 74 0 129 94 0 83 75 259 0 35 32 23 22 595 411 273 529 0 0 81 0 118 0 61 60 
174 175 71 0 129 90 0 87 76 258 0 30 32 22 23 578 417 268 523 0 0 78 0 118 0 61 60 
171 167 73 0 130 85 0 84 74 259 0 35 32 19 23 562 377 285 540 0 0 85 0 118 0 62 60 
173 162 74 0 130 87 0 83 75 259 0 34 32 16 22 531 454 273 529 0 0 84 0 118 0 62 60 
179 167 74 0 132 85 0 84 75 261 0 31 32 14 23 539 504 266 529 0 0 88 0 118 0 62 60 
173 168 70 0 133 84 0 87 77 262 0 34 32 13 22 510 300 266 606 0 0 88 0 118 0 61 60 
176 165 73 0 133 86 0 87 79 262 0 36 32 15 23 524 422 260 564 0 0 88 0 118 0 61 60 
181 168 72 0 133 86 0 85 78 260 0 41 32 15 22 504 465 259 536 0 0 88 0 118 0 61 60 
174 172 72 0 131 85 0 88 76 254 0 37 32 14 24 548 469 265 619 0 0 88 0 118 0 60 60 
173 179 72 0 130 83 0 93 75 257 0 36 31 16 23 547 385 236 568 0 0 90 0 118 0 60 60 
171 170 71 0 129 85 0 90 76 258 0 32 32 18 23 526 441 255 591 0 0 89 0 118 0 60 60 
175 173 74 0 130 81 0 86 76 261 0 32 31 20 23 542 464 277 564 0 0 84 0 118 0 60 60 
172 173 75 0 131 78 0 88 76 264 0 30 31 24 23 519 442 275 560 0 0 77 0 118 0 61 60 
171 175 71 0 130 81 0 84 75 264 0 29 31 22 23 550 397 263 575 0 0 73 0 118 0 60 60 
173 171 74 0 130 85 0 85 75 259 0 26 32 24 23 566 409 257 505 0 0 78 0 118 0 61 60 
175 173 72 0 129 87 0 84 74 259 0 28 31 23 24 555 411 265 605 0 0 83 0 118 0 63 60 
168 172 75 0 130 80 0 85 74 258 0 29 31 24 23 504 445 266 592 0 0 89 0 118 0 63 60 
173 175 71 0 130 84 0 95 75 261 0 27 31 23 23 537 444 277 489 0 0 92 0 118 0 64 60 
177 185 73 0 129 92 0 81 75 263 0 30 30 22 23 534 382 261 581 0 0 98 0 118 0 64 60 
176 165 72 0 128 99 0 88 78 261 0 32 30 23 22 523 461 279 563 0 0 103 0 118 0 64 60 
170 178 72 0 127 92 0 86 77 261 0 30 30 21 23 536 415 296 617 0 0 101 0 118 0 65 60 
172 178 73 0 126 92 0 79 77 262 0 30 30 21 23 523 345 246 538 0 0 100 0 118 0 64 60 
173 179 70 0 125 86 0 83 75 263 0 32 31 20 24 525 366 292 548 0 0 100 0 118 0 64 60 
170 173 75 0 126 83 0 85 75 262 0 32 32 19 24 505 447 261 550 0 0 93 0 118 0 63 60 
171 175 75 0 127 76 0 89 74 261 0 33 31 22 24 540 418 268 543 0 0 89 0 118 0 63 60 
169 171 73 0 127 77 0 84 75 261 0 32 29 25 24 549 490 261 551 0 0 83 0 118 0 63 60 
172 165 76 0 129 81 0 90 76 261 0 35 30 25 25 577 367 248 530 0 0 79 0 118 0 62 60 
175 172 74 0 130 87 0 87 76 262 0 33 29 23 24 554 433 256 513 0 0 74 0 118 0 62 60 
172 172 75 0 132 86 0 86 74 252 0 31 31 25 23 544 394 227 526 0 0 75 0 118 0 62 60 
173 167 75 0 134 88 0 95 75 253 0 30 30 22 24 536 421 256 570 0 0 73 0 118 0 61 60 
171 171 70 0 136 96 0 81 75 251 0 30 30 20 23 534 382 253 555 0 0 69 0 118 0 62 60 
175 174 74 0 135 99 0 83 75 259 0 33 31 21 22 564 403 245 644 0 0 72 0 118 0 62 60 
173 177 76 0 134 103 0 81 75 262 0 32 30 22 23 553 377 221 561 0 0 78 0 118 0 61 60 
173 175 73 0 134 101 0 84 76 262 0 33 29 22 22 561 374 268 552 0 0 81 0 118 0 63 60 
172 174 75 0 133 99 0 90 76 258 0 32 30 22 22 539 433 258 598 0 0 86 0 118 0 62 60 
175 173 75 0 131 88 0 84 77 256 0 30 29 21 23 529 410 261 576 0 0 86 0 118 0 61 60 
171 180 73 0 130 80 0 90 77 257 0 31 29 21 23 518 374 246 541 0 0 84 0 118 0 62 60 
168 174 73 0 129 77 0 87 76 257 0 33 31 20 23 561 461 251 543 0 0 86 0 118 0 62 60 
170 174 77 0 128 78 0 86 75 262 0 31 29 22 24 595 435 212 577 0 0 83 0 118 0 63 60 
175 173 73 0 128 78 0 87 74 263 0 35 29 23 23 556 489 286 604 0 0 83 0 118 0 63 60 
180 174 75 0 128 84 0 86 74 259 0 33 29 23 23 589 470 213 530 0 0 82 0 118 0 63 60 
173 182 73 0 129 89 0 86 75 260 0 36 31 22 23 519 419 223 599 0 0 88 0 118 0 64 60 
173 167 77 0 129 91 0 88 76 259 0 32 30 20 23 532 393 240 655 0 0 92 0 118 0 64 60 
173 171 74 0 127 87 0 88 75 257 0 31 31 21 23 507 354 248 586 0 0 93 0 118 0 64 60 
177 185 75 0 127 84 0 90 76 256 0 32 30 21 22 537 373 246 517 0 0 93 0 118 0 65 60 
177 178 74 0 127 85 0 85 76 256 0 30 31 25 23 544 372 248 558 0 0 97 0 118 0 65 60 
177 172 75 0 127 81 0 87 76 260 0 34 31 27 24 530 448 240 563 0 0 94 0 118 0 65 60 
174 175 76 0 127 79 0 90 77 263 0 38 31 24 23 546 421 251 554 0 0 86 0 118 0 65 60 
175 176 73 0 127 77 0 85 77 259 0 43 32 26 22 522 448 246 589 0 0 82 0 118 0 65 60 
173 165 76 0 127 82 0 86 76 256 0 47 31 26 24 537 370 256 575 0 0 82 0 118 0 65 60 
173 166 75 0 126 79 0 86 76 257 0 49 32 23 23 511 328 252 521 0 0 89 0 118 0 65 60 
171 171 74 0 126 77 0 87 75 257 0 50 29 22 23 587 414 234 544 0 0 92 0 118 0 65 60 
174 169 72 0 127 79 0 88 75 263 0 49 30 23 23 542 398 262 534 0 0 90 0 118 0 65 60 
171 168 76 0 128 88 0 81 76 265 0 49 31 23 22 580 371 236 534 0 0 88 0 118 0 65 60 
174 169 74 0 128 94 0 89 75 264 0 52 31 19 22 513 482 250 551 0 0 87 0 118 0 65 60 
171 169 77 0 127 99 0 86 76 262 0 56 30 18 23 568 403 270 549 0 0 79 0 118 0 65 60 
172 181 73 0 127 104 0 83 75 260 0 54 30 20 24 588 383 249 552 0 0 73 0 118 0 65 60 
177 172 75 0 126 113 0 92 75 257 0 51 31 19 23 498 413 242 563 0 0 75 0 118 0 65 60 
174 172 74 0 125 110 0 89 76 258 0 48 31 20 22 538 404 267 588 0 0 74 0 118 0 65 60 
170 174 74 0 126 100 0 94 76 262 0 48 30 21 23 551 406 250 531 0 0 79 0 118 0 65 60 
175 178 73 0 127 97 0 83 76 263 0 47 30 26 23 536 408 245 576 0 0 80 0 118 0 65 60 
170 172 74 0 128 96 0 92 76 262 0 42 30 28 23 532 402 262 581 0 0 85 0 118 0 65 60 
171 172 75 0 131 91 0 88 76 261 0 40 30 27 23 521 331 269 586 0 0 84 0 118 0 65 60 
170 171 75 0 134 79 0 81 75 261 0 35 30 27 24 520 399 230 586 0 0 88 0 118 0 64 60 
169 177 76 0 135 82 0 86 75 261 0 35 30 26 23 573 406 285 570 0 0 98 0 118 0 65 60 
176 181 72 0 137 83 0 84 74 260 0 33 29 23 24 580 370 258 583 0 0 100 0 118 0 64 60 
173 166 75 0 135 79 0 84 75 258 0 31 30 21 22 594 428 277 553 0 0 103 0 118 0 65 60 
173 175 72 0 132 78 0 79 76 260 0 31 30 20 23 539 363 265 607 0 0 97 0 118 0 64 60 
175 182 73 0 131 83 0 82 76 260 0 31 32 20 23 528 374 261 553 0 0 93 0 118 0 64 60 
170 176 71 0 129 88 0 91 75 257 0 30 31 19 24 515 449 278 589 0 0 86 0 118 0 65 60 
170 173 73 0 129 85 0 87 75 252 0 29 30 17 23 528 454 256 525 0 0 76 0 118 0 64 60 
173 173 73 0 127 84 0 90 75 251 0 29 31 14 23 509 348 278 577 0 0 77 0 118 0 65 60 
175 176 73 0 129 85 0 86 74 253 0 30 30 15 24 547 354 273 587 0 0 79 0 118 0 64 60 
175 164 72 0 130 88 0 83 74 261 0 30 30 16 24 537 423 255 568 0 0 79 0 118 0 65 60 
170 172 73 0 130 84 0 87 75 262 0 31 30 21 24 528 404 259 525 0 0 79 0 118 0 65 60 
172 171 76 0 132 86 0 87 76 264 0 27 31 23 23 526 443 251 582 0 0 81 0 118 0 65 60 
170 168 75 0 133 91 0 88 76 260 0 29 33 25 24 530 430 297 493 0 0 81 0 118 0 65 60 
167 169 75 0 131 91 0 87 76 258 0 27 31 24 24 538 422 280 539 0 0 86 0 118 0 65 60 
170 172 72 0 131 83 0 86 76 257 0 30 30 25 24 568 396 288 604 0 0 92 0 118 0 65 60 
174 174 74 0 129 81 0 90 76 261 0 28 30 26 24 583 480 285 508 0 0 89 0 118 0 64 60 
171 177 74 0 129 88 0 88 76 262 0 26 32 24 23 542 407 268 515 0 0 86 0 118 0 64 60 
168 173 76 0 128 90 0 89 76 264 0 28 32 24 24 518 465 257 599 0 0 86 0 118 0 63 60 
173 173 74 0 129 79 0 89 74 263 0 27 31 24 24 547 453 289 522 0 0 86 0 118 0 63 60 
175 174 74 0 129 78 0 85 75 260 0 29 31 25 22 514 497 281 574 0 0 86 0 118 0 63 60 
171 177 74 0 128 80 0 84 76 255 0 30 32 23 24 544 383 287 575 0 0 91 0 118 0 64 60 
173 170 73 0 128 81 0 85 75 257 0 30 29 22 22 530 389 303 531 0 0 95 0 118 0 64 60 
173 173 75 0 129 81 0 85 76 254 0 30 30 20 23 518 500 286 603 0 0 92 0 118 0 64 60 
172 173 73 0 129 82 0 88 77 254 0 31 30 17 22 536 389 260 649 0 0 87 0 118 0 64 60 
172 179 78 0 129 86 0 85 76 259 0 31 30 15 24 564 460 266 618 0 0 85 0 118 0 65 60 
173 177 77 0 129 85 0 96 76 260 0 30 29 16 24 544 442 261 521 0 0 82 0 118 0 65 60 
171 166 75 0 128 86 0 87 77 261 0 30 30 16 24 541 424 271 563 0 0 82 0 118 0 65 60 
172 181 75 0 126 90 0 82 76 255 0 30 31 19 24 580 415 280 531 0 0 79 0 118 0 65 60 
175 180 74 0 125 97 0 91 75 255 0 28 29 21 24 564 393 253 579 0 0 81 0 118 0 66 60 
177 173 77 0 127 95 0 89 75 260 0 31 30 20 24 553 388 245 511 0 0 78 0 118 0 65 60 
171 172 75 0 126 88 0 84 76 262 0 28 30 22 22 495 372 267 585 0 0 82 0 118 0 65 60 
174 173 73 0 126 83 0 87 77 265 0 30 30 22 23 546 420 247 586 0 0 80 0 118 0 65 60 
174 170 71 0 127 86 0 82 76 264 0 28 31 21 22 530 429 256 599 0 0 86 0 118 0 65 60 
175 161 74 0 129 83 0 85 76 265 0 30 30 21 23 511 399 285 555 0 0 81 0 118 0 65 60 
171 170 71 0 131 82 0 82 75 258 0 27 32 24 23 528 421 273 594 0 0 82 0 118 0 64 60 
174 166 72 0 133 85 0 86 74 258 0 26 30 24 23 517 407 261 507 0 0 82 0 118 0 65 60 
174 167 68 0 135 84 0 86 75 261 0 28 30 24 23 563 333 274 570 0 0 75 0 118 0 65 60 
177 168 72 0 136 81 0 87 75 259 0 28 29 23 23 508 389 289 608 0 0 78 0 118 0 66 60 
171 172 72 0 136 76 0 86 76 260 0 28 30 21 24 534 395 264 523 0 0 78 0 118 0 65 60 
173 173 74 0 135 78 0 89 78 260 0 29 29 21 24 551 397 285 541 0 0 77 0 118 0 65 60 
176 175 71 0 133 80 0 91 77 259 0 30 29 21 24 552 444 265 549 0 0 78 0 118 0 65 60 
176 170 71 0 134 86 0 90 76 261 0 29 30 21 22 539 350 287 523 0 0 85 0 118 0 65 60 
172 170 70 0 132 90 0 83 76 262 0 28 29 22 23 544 362 280 556 0 0 94 0 118 0 65 60 
173 175 71 0 131 99 0 91 76 260 0 29 30 22 22 541 408 268 507 0 0 97 0 118 0 65 60 
175 169 71 0 129 96 0 86 75 259 0 29 31 20 23 537 413 256 547 0 0 100 0 118 0 65 60 
172 174 70 0 131 93 0 80 76 261 0 26 30 20 23 516 417 254 547 0 0 104 0 118 0 65 60 
174 171 72 0 131 88 0 87 75 260 0 27 30 20 24 530 396 248 617 0 0 105 0 118 0 65 60 
176 174 72 0 131 89 0 87 76 257 0 25 30 19 24 524 377 234 576 0 0 103 0 118 0 65 60 
172 183 72 0 130 86 0 89 76 252 0 28 30 20 23 518 464 240 522 0 0 94 0 118 0 65 60 
172 168 72 0 129 85 0 86 74 251 0 30 32 21 23 543 411 263 565 0 0 84 0 118 0 64 60 
176 172 78 0 128 83 0 88 76 255 0 28 31 21 22 546 364 247 558 0 0 76 0 118 0 64 60 
170 185 75 0 127 90 0 82 76 262 0 29 31 21 23 503 391 244 563 0 0 65 0 118 0 64 60 
174 178 74 0 128 87 0 78 76 263 0 28 30 22 23 564 351 267 605 0 0 65 0 118 0 65 60 
177 169 71 0 127 83 0 80 75 262 0 27 30 22 23 575 437 254 541 0 0 69 0 118 0 65 60 
177 176 74 0 127 83 0 86 76 257 0 28 31 21 23 623 441 256 496 0 0 72 0 118 0 65 60 
172 174 76 0 126 84 0 84 75 256 0 28 31 19 24 570 424 262 673 0 0 83 0 118 0 65 60 
174 162 72 0 125 87 0 87 75 259 0 29 32 21 24 508 445 235 612 0 0 81 0 118 0 65 60 
176 168 75 0 127 85 0 86 76 260 0 29 31 21 23 529 404 295 524 0 0 88 0 118 0 65 60 
174 173 76 0 126 89 0 90 77 263 0 30 31 24 23 533 339 266 545 0 0 91 0 118 0 65 60 
170 165 74 0 129 88 0 86 76 261 0 32 30 25 22 527 431 264 517 0 0 94 0 118 0 65 60 
173 168 70 0 129 85 0 82 76 262 0 34 31 22 23 540 426 292 518 0 0 95 0 118 0 65 60 
175 170 74 0 128 84 0 88 75 259 0 33 31 23 23 567 419 256 618 0 0 91 0 118 0 65 60 
170 171 73 0 128 88 0 83 75 255 0 32 31 19 24 525 396 273 508 0 0 89 0 118 0 65 60 
176 178 75 0 126 94 0 85 74 256 0 33 30 20 23 492 425 293 560 0 0 85 0 118 0 65 60 
173 174 71 0 125 90 0 87 74 254 0 33 29 20 23 539 299 288 548 0 0 85 0 118 0 64 60 
172 170 74 0 124 89 0 90 77 256 0 32 30 21 22 547 426 292 568 0 0 91 0 118 0 64 60 
171 171 74 0 126 88 0 87 76 258 0 33 29 20 23 561 459 265 557 0 0 93 0 118 0 65 60 
171 177 76 0 128 89 0 86 77 259 0 35 30 24 22 563 417 283 520 0 0 93 0 118 0 65 60 
170 170 73 0 131 82 0 92 75 263 0 35 28 26 23 567 402 271 484 0 0 89 0 118 0 65 60 
172 170 76 0 134 82 0 85 76 258 0 32 28 26 23 538 447 260 559 0 0 84 0 118 0 65 60 
172 171 72 0 135 82 0 87 75 252 0 33 29 24 24 546 399 288 592 0 0 82 0 118 0 65 60 
168 179 75 0 136 86 0 88 75 259 0 28 30 26 24 529 412 273 585 0 0 79 0 118 0 65 60 
175 175 72 0 135 84 0 81 76 265 0 30 30 24 23 539 480 260 582 0 0 77 0 118 0 65 60 
172 171 76 0 134 87 0 85 77 263 0 33 30 24 23 550 393 279 528 0 0 73 0 118 0 66 60 
165 183 71 0 132 89 0 86 76 265 0 33 30 25 24 507 380 291 584 0 0 79 0 118 0 66 60 
167 179 74 0 130 93 0 85 75 265 0 37 29 24 24 514 403 280 559 0 0 87 0 118 0 66 60 
173 170 75 0 129 93 0 87 76 257 0 32 30 21 24 529 372 276 601 0 0 88 0 118 0 66 60 
171 176 74 0 128 102 0 85 75 259 0 29 28 21 23 558 392 256 595 0 0 88 0 118 0 64 60 
167 173 74 0 129 115 0 89 77 262 0 30 28 19 23 579 425 286 574 0 0 86 0 118 0 65 60 
171 170 72 0 129 112 0 88 77 262 0 28 28 16 23 559 442 307 526 0 0 85 0 118 0 64 60 
171 161 74 0 131 99 0 84 77 262 0 30 29 14 24 551 351 289 612 0 0 86 0 118 0 63 60 
172 173 73 0 133 80 0 89 75 259 0 30 28 15 23 554 415 270 593 0 0 82 0 118 0 63 60 
171 167 72 0 132 77 0 88 75 258 0 31 28 16 23 498 363 300 584 0 0 79 0 118 0 64 60 
176 170 74 0 132 72 0 83 75 260 0 31 29 14 22 541 435 277 600 0 0 77 0 118 0 63 60 
171 168 74 0 130 73 0 91 75 261 0 32 28 14 23 535 309 260 563 0 0 78 0 118 0 63 60 
173 171 74 0 129 76 0 90 75 260 0 32 28 16 22 526 430 285 542 0 0 82 0 118 0 63 60 
173 179 73 0 128 90 0 82 76 258 0 32 28 19 24 529 440 287 647 0 0 85 0 118 0 64 60 
174 174 74 0 128 96 0 83 76 257 0 33 29 20 22 537 310 258 596 0 0 95 0 118 0 64 60 
176 168 75 0 129 102 0 93 76 257 0 34 30 22 23 532 420 293 519 0 0 104 0 118 0 64 60 
176 173 76 0 129 100 0 95 76 260 0 34 28 25 23 523 365 267 612 0 0 105 0 118 0 65 60 
173 174 73 0 129 94 0 85 76 254 0 33 28 23 25 521 430 277 593 0 0 112 0 118 0 65 60 
172 173 72 0 129 83 0 88 76 250 0 39 29 23 22 536 452 245 564 0 0 105 0 118 0 65 60 
175 173 74 0 128 72 0 86 75 256 0 33 27 22 23 539 419 274 547 0 0 100 0 118 0 65 60 
173 175 74 0 129 72 0 83 75 263 0 35 28 22 24 544 408 270 528 0 0 90 0 118 0 65 60 
174 172 73 0 130 77 0 84 76 264 0 32 29 22 24 549 481 236 493 0 0 87 0 118 0 64 60 
177 185 71 0 129 80 0 83 74 261 0 31 28 23 24 548 418 282 591 0 0 80 0 118 0 64 60 
170 162 73 0 128 81 0 91 75 262 0 32 29 20 24 559 384 277 539 0 0 75 0 118 0 65 60 
172 178 72 0 127 88 0 81 76 258 0 30 30 18 25 565 408 248 511 0 0 77 0 118 0 65 60 
171 184 75 0 127 86 0 82 76 259 0 28 29 21 24 527 362 267 555 0 0 80 0 118 0 65 60 
175 177 71 0 126 84 0 88 76 262 0 30 30 21 23 524 370 283 606 0 0 85 0 118 0 65 60 
173 173 73 0 126 80 0 86 78 265 0 29 30 22 25 514 459 256 549 0 0 86 0 118 0 65 60 
177 174 73 0 126 83 0 88 78 262 0 31 29 24 24 548 447 290 569 0 0 91 0 118 0 65 60 
170 173 74 0 128 87 0 86 77 259 0 30 30 23 23 508 422 298 589 0 0 93 0 118 0 65 60 
172 164 72 0 129 89 0 85 75 255 0 29 30 23 22 539 354 284 570 0 0 93 0 118 0 65 60 
175 170 73 0 132 88 0 84 74 256 0 29 29 22 23 545 534 266 552 0 0 88 0 118 0 65 60 
173 170 73 0 134 85 0 86 75 255 0 28 28 21 22 542 358 261 621 0 0 87 0 118 0 65 60 
170 170 72 0 136 84 0 89 74 254 0 29 30 21 23 585 348 269 653 0 0 78 0 118 0 65 60 
172 168 70 0 137 81 0 85 74 257 0 30 29 14 24 550 417 276 561 0 0 73 0 118 0 65 60 
174 176 74 0 138 80 0 89 77 261 0 30 29 18 23 515 406 263 591 0 0 77 0 118 0 65 60 
169 174 75 0 136 82 0 88 75 260 0 32 29 23 23 524 419 270 609 0 0 81 0 118 0 65 60 
171 178 68 0 137 85 0 84 75 261 0 32 30 22 24 510 377 282 591 0 0 81 0 118 0 65 60 
174 174 71 0 135 80 0 86 75 258 0 32 31 20 23 540 359 278 530 0 0 81 0 118 0 65 60 
172 177 74 0 133 84 0 89 75 256 0 31 29 20 23 523 387 251 570 0 0 83 0 118 0 64 60 
175 178 72 0 131 85 0 86 76 262 0 31 30 22 23 516 440 253 598 0 0 82 0 118 0 64 60 
174 175 72 0 130 85 0 87 77 267 0 30 29 23 23 529 462 272 541 0 0 85 0 118 0 64 60 
171 174 74 0 130 81 0 82 78 264 0 30 31 23 23 486 438 262 559 0 0 88 0 118 0 64 60 
177 177 74 0 131 86 0 87 77 266 0 28 31 24 23 513 419 233 526 0 0 91 0 118 0 64 60 
176 170 74 0 130 86 0 86 76 260 0 31 30 21 23 544 413 259 482 0 0 86 0 118 0 64 60 
172 181 73 0 130 76 0 89 74 256 0 31 30 21 23 558 445 233 560 0 0 84 0 118 0 65 60 
175 168 74 0 129 69 0 93 75 257 0 29 29 22 23 578 406 225 564 0 0 89 0 118 0 64 60 
174 170 70 0 129 69 0 87 74 258 0 30 29 27 24 578 467 253 461 0 0 94 0 118 0 65 60 
170 182 74 0 129 67 0 91 74 259 0 30 30 27 22 516 467 273 542 0 0 95 0 118 0 65 60 
172 181 72 0 129 65 0 88 76 259 0 31 30 26 24 525 415 263 526 0 0 95 0 118 0 65 60 
172 168 76 0 129 68 0 88 75 255 0 31 30 23 23 552 446 266 545 0 0 86 0 118 0 65 60 
172 175 72 0 128 70 0 86 75 259 0 29 29 26 24 524 467 270 616 0 0 82 0 118 0 65 60 
171 176 74 0 128 71 0 83 75 262 0 29 30 24 23 556 433 240 517 0 0 79 0 118 0 65 60 
170 167 74 0 128 69 0 86 77 262 0 29 30 23 22 505 400 265 626 0 0 73 0 118 0 65 60 
172 162 76 0 128 67 0 81 77 260 0 30 30 21 24 539 361 215 612 0 0 74 0 118 0 64 60 
170 170 75 0 129 70 0 86 77 262 0 32 31 23 23 470 400 254 553 0 0 77 0 118 0 64 60 
176 164 74 0 130 72 0 87 75 258 0 31 30 17 23 505 365 257 594 0 0 80 0 118 0 64 60 
170 172 74 0 131 69 0 86 77 259 0 37 30 19 23 560 400 232 557 0 0 78 0 118 0 64 60 
171 167 74 0 130 68 0 89 75 257 0 40 31 20 23 562 409 224 581 0 0 87 0 118 0 64 60 
173 174 74 0 130 69 0 87 76 254 0 43 32 20 22 578 436 256 496 0 0 93 0 118 0 65 60 
174 174 73 0 128 70 0 91 75 251 0 47 31 21 24 540 333 229 617 0 0 93 0 118 0 65 60 
171 175 72 0 126 67 0 88 76 259 0 37 31 24 23 546 484 234 587 0 0 92 0 118 0 65 60 
174 169 75 0 125 67 0 84 76 263 0 35 30 27 24 505 384 270 550 0 0 91 0 118 0 65 60 
174 172 75 0 126 70 0 86 76 264 0 37 30 28 24 530 399 265 581 0 0 89 0 118 0 65 60 
173 176 74 0 126 69 0 86 75 262 0 33 30 28 22 524 451 258 556 0 0 79 0 118 0 65 60 
172 164 75 0 128 66 0 81 75 244 0 33 29 0 18 553 397 258 564 0 0 79 0 118 0 64 60 
175 0 40 0 125 66 0 26 55 66 0 32 27 0 0 565 378 259 478 0 0 76 0 118 0 64 60 
168 0 0 0 113 68 0 0 0 0 0 31 27 0 0 545 390 246 646 0 0 77 0 118 0 64 60 
174 0 0 0 95 67 0 0 0 0 0 31 27 0 0 529 466 228 560 0 0 78 0 118 0 64 60 
176 0 0 0 67 64 0 0 0 0 0 29 27 0 0 535 399 271 561 0 0 84 0 118 0 64 60 
35 0 0 0 40 65 0 0 0 0 0 33 27 0 0 341 406 185 384 0 0 85 0 118 0 64 60 
0 0 0 0 18 67 0 0 0 0 0 31 27 0 0 343 391 189 386 0 0 86 0 118 0 64 60 
0 0 0 0 0 65 0 0 0 0 0 31 27 0 0 350 403 197 381 0 0 87 0 118 0 65 60 
0 0 0 0 0 64 0 0 0 0 0 32 27 0 0 342 391 187 387 0 0 86 0 118 0 65 60 
0 0 0 0 0 65 0 0 0 0 0 31 27 0 0 349 392 184 387 0 0 86 0 118 0 65 60 
0 0 0 0 0 68 0 0 0 0 0 31 28 0 0 343 405 179 388 0 0 87 0 118 0 65 60 
0 0 0 0 0 67 0 0 0 0 0 31 27 0 0 342 402 182 389 0 0 87 0 118 0 65 60 
0 0 0 0 0 65 0 0 0 0 0 30 27 0 0 341 397 180 378 0 0 87 0 118 0 64 60 
0 0 0 0 0 65 0 0 0 0 0 30 27 0 0 340 391 199 384 0 0 87 0 118 0 64 60 
0 0 0 0 0 68 0 0 0 0 0 32 27 0 0 346 401 182 383 0 0 86 0 118 0 65 60 
0 0 0 0 0 66 0 0 0 0 0 33 28 0 0 358 389 198 378 0 0 86 0 118 0 65 60 
0 0 0 0 0 65 0 0 0 0 0 32 28 0 0 355 393 183 381 0 0 86 0 118 0 65 60 
0 0 0 0 0 66 0 0 0 0 0 30 28 0 0 355 397 178 381 0 0 86 0 118 0 65 60 
0 0 0 0 0 68 0 0 0 0 0 32 28 0 0 357 390 193 388 0 0 86 0 118 0 65 60 
0 0 0 0 0 67 0 0 0 0 0 30 28 0 0 342 401 198 385 0 0 86 0 118 0 64 60 
0 0 0 0 0 64 0 0 0 0 0 31 28 0 0 356 404 196 378 0 0 86 0 118 0 65 60 
0 0 0 0 0 67 0 0 0 0 0 29 28 0 0 342 401 180 377 0 0 86 0 118 0 65 60 
0 0 0 0 0 67 0 0 0 0 0 30 30 0 0 349 399 199 376 0 0 86 0 118 0 65 60 
0 0 0 0 0 66 0 0 0 0 0 30 28 0 0 344 388 183 384 0 0 85 0 118 0 65 60 
0 0 0 0 0 63 0 0 0 0 0 32 28 0 0 340 390 198 386 0 0 85 0 118 0 65 60 
0 0 0 0 0 66 0 0 0 0 0 30 28 0 0 351 404 186 383 0 0 86 0 118 0 65 60 
0 0 0 0 0 66 0 0 0 0 0 29 28 0 0 342 399 185 381 0 0 86 0 118 0 65 60 
0 0 0 0 0 65 0 0 0 0 0 31 28 0 0 342 403 183 384 0 0 86 0 118 0 65 60 
0 0 0 0 0 63 0 0 0 0 0 31 28 0 0 346 402 198 375 0 0 85 0 118 0 65 60 
0 0 0 0 0 66 0 0 0 0 0 33 28 0 0 348 389 198 385 0 0 86 0 118 0 65 60 
0 0 0 0 0 66 0 0 0 0 0 31 28 0 0 348 388 180 381 0 0 86 0 118 0 66 60 
0 0 0 0 0 65 0 0 0 0 0 30 28 0 0 346 393 199 378 0 0 86 0 118 0 66 60 
0 0 0 0 0 64 0 0 0 0 0 31 28 0 0 355 392 186 384 0 0 87 0 118 0 66 60 
0 0 0 0 0 67 0 0 0 0 0 32 29 0 0 340 387 183 377 0 0 86 0 118 0 67 60 
0 0 0 0 0 67 0 0 0 0 0 32 28 0 0 354 390 199 384 0 0 86 0 118 0 66 60 
0 0 0 0 0 65 0 0 0 0 0 31 28 0 0 348 394 195 378 0 0 85 0 118 0 66 60 
0 0 0 0 0 64 0 0 0 0 0 33 28 0 0 341 389 183 375 0 0 86 0 118 0 66 60 
0 0 0 0 0 66 0 0 0 0 0 31 29 0 0 352 396 191 380 0 0 86 0 118 0 66 60 
0 0 0 0 0 66 0 0 0 0 0 32 29 0 0 355 398 193 374 0 0 86 0 118 0 66 60 
0 0 0 0 0 64 0 0 0 0 0 33 29 0 0 340 395 182 378 0 0 86 0 118 0 65 60 
0 0 0 0 0 64 0 0 0 0 0 32 29 0 0 355 392 183 375 0 0 86 0 118 0 65 60 
0 0 0 0 0 66 0 0 0 0 0 32 29 0 0 352 389 199 383 0 0 86 0 118 0 65 60 
0 0 0 0 0 68 0 0 0 0 0 31 29 0 0 340 393 182 376 0 0 86 0 118 0 65 60 
0 0 0 0 0 65 0 0 0 0 0 35 29 0 0 343 392 197 382 0 0 86 0 118 0 65 60 
0 0 0 0 0 64 0 0 0 0 0 32 28 0 0 340 386 195 385 0 0 86 0 118 0 65 60 
0 0 0 0 0 67 0 0 0 0 0 32 29 0 0 342 399 185 381 0 0 86 0 118 0 65 60 
0 0 0 0 0 68 0 0 0 0 0 30 29 0 0 349 388 193 375 0 0 86 0 118 0 65 60 
0 0 0 0 0 65 0 0 0 0 0 33 29 0 0 353 391 194 378 0 0 86 0 118 0 64 60 
0 0 0 0 0 66 0 0 0 0 0 33 29 0 0 351 391 190 383 0 0 86 0 118 0 63 60 
0 0 0 0 0 68 0 0 0 0 0 31 28 0 0 357 404 180 381 0 0 85 0 118 0 63 60 
0 0 0 0 0 66 0 0 0 0 0 33 28 0 0 341 402 192 384 0 0 85 0 118 0 62 60 
0 0 0 0 0 64 0 0 0 0 0 30 28 0 0 355 392 192 374 0 0 85 0 118 0 63 60 
0 0 0 0 0 66 0 0 0 0 0 33 28 0 0 346 400 190 377 0 0 86 0 118 0 62 60 
0 0 0 0 0 69 0 0 0 0 0 32 28 0 0 343 393 197 382 0 0 86 0 118 0 62 60 
0 0 0 0 0 67 0 0 0 0 0 34 28 0 0 346 400 181 383 0 0 87 0 118 0 61 60 
0 0 0 0 0 72 0 0 0 0 0 33 28 0 0 353 387 185 373 0 0 86 0 118 0 61 60 
0 0 0 0 0 68 0 0 0 0 0 33 28 0 0 339 393 193 374 0 0 86 0 118 0 61 60 
0 0 0 0 0 70 0 0 0 0 0 33 28 0 0 353 402 192 375 0 0 87 0 118 0 61 60 
0 0 0 0 0 74 0 0 0 0 0 34 28 0 0 355 396 197 381 0 0 86 0 118 0 61 60 
0 0 0 0 0 67 0 0 0 0 0 33 28 0 0 354 394 196 383 0 0 87 0 118 0 61 60 
0 0 0 0 0 68 0 0 0 0 0 31 28 0 0 342 389 188 382 0 0 87 0 118 0 63 60 
0 0 0 0 0 69 0 0 0 0 0 33 26 0 0 342 400 194 383 0 0 86 0 118 0 62 60 
0 0 0 0 0 67 0 0 0 0 0 32 26 0 0 341 392 181 374 0 0 85 0 118 0 64 60 
0 0 0 0 0 66 0 0 0 0 0 33 27 0 0 338 387 180 373 0 0 85 0 118 0 64 60 
0 0 0 0 0 69 0 0 0 0 0 32 27 0 0 352 393 180 375 0 0 86 0 118 0 64 60 
0 0 0 0 0 71 0 0 0 0 0 32 28 0 0 341 389 184 383 0 0 86 0 118 0 64 60 
0 0 0 0 0 68 0 0 0 0 0 32 28 0 0 338 402 189 372 0 0 85 0 118 0 64 60 
0 0 0 0 0 68 0 0 0 0 0 32 28 0 0 355 391 199 378 0 0 85 0 118 0 65 60 
0 0 0 0 0 70 0 0 0 0 0 32 28 0 0 341 395 188 374 0 0 86 0 118 0 64 60 
0 0 0 0 0 71 0 0 0 0 0 33 28 0 0 343 390 179 381 0 0 86 0 118 0 63 60 
0 0 0 0 0 69 0 0 0 0 0 32 28 0 0 352 393 191 373 0 0 86 0 118 0 62 60 
0 0 0 0 0 67 0 0 0 0 0 34 28 0 0 345 394 192 373 0 0 86 0 118 0 60 60 
0 0 0 0 0 70 0 0 0 0 0 33 27 0 0 353 401 187 374 0 0 86 0 118 0 60 60 
0 0 0 0 0 69 0 0 0 0 0 32 27 0 0 341 396 192 384 0 0 86 0 118 0 59 60 
0 0 0 0 0 67 0 0 0 0 0 32 27 0 0 354 388 180 375 0 0 87 0 118 0 59 60 
0 0 0 0 0 68 0 0 0 0 0 31 29 0 0 358 387 200 378 0 0 87 0 118 0 58 60 
0 0 0 0 0 70 0 0 0 0 0 32 28 0 0 341 388 195 383 0 0 86 0 118 0 58 60 
0 0 0 0 0 69 0 0 0 0 0 32 27 0 0 343 387 178 381 0 0 85 0 118 0 60 60 
0 0 0 0 0 68 0 0 0 0 0 31 27 0 0 352 398 180 374 0 0 86 0 118 0 61 60 
0 0 0 0 0 69 0 0 0 0 0 35 28 0 0 341 401 182 380 0 0 85 0 118 0 61 60 
0 0 0 0 0 71 0 0 0 0 0 33 28 0 0 347 385 199 375 0 0 86 0 118 0 62 60 
0 0 0 0 0 68 0 0 0 0 0 32 28 0 0 355 392 181 372 0 0 85 0 118 0 62 60 
0 0 0 0 0 67 0 0 0 0 0 31 28 0 0 355 388 197 375 0 0 85 0 118 0 62 60 
0 0 0 0 0 69 0 0 0 0 0 36 27 0 0 345 402 178 378 0 0 85 0 118 0 62 60 
0 0 0 0 0 70 0 0 0 0 0 32 28 0 0 345 394 195 377 0 0 85 0 118 0 62 60 
0 0 0 0 0 69 0 0 0 0 0 31 27 0 0 341 390 188 382 0 0 86 0 118 0 62 60 
0 0 0 0 0 67 0 0 0 0 0 33 27 0 0 345 392 179 381 0 0 87 0 118 0 63 60 
0 0 0 0 0 68 0 0 0 0 0 33 27 0 0 346 399 197 374 0 0 86 0 118 0 63 60 
0 0 0 0 0 70 0 0 0 0 0 35 28 0 0 355 393 190 378 0 0 85 0 118 0 63 60 
0 0 0 0 0 69 0 0 0 0 0 31 27 0 0 340 392 181 372 0 0 86 0 118 0 62 60 
0 0 0 0 0 67 0 0 0 0 0 33 27 0 0 344 390 183 374 0 0 86 0 118 0 62 60 
0 0 0 0 0 68 0 0 0 0 0 33 27 0 0 340 392 188 374 0 0 85 0 118 0 63 60 
0 0 0 0 0 69 0 0 0 0 0 33 28 0 0 354 402 197 383 0 0 85 0 118 0 63 60 
0 0 0 0 0 69 0 0 0 0 0 34 28 0 0 355 402 193 377 0 0 86 0 118 0 62 60 
0 0 0 0 0 67 0 0 0 0 0 31 28 0 0 353 387 182 376 0 0 85 0 118 0 62 60 
0 0 0 0 0 68 0 0 0 0 0 32 28 0 0 356 401 179 375 0 0 86 0 118 0 61 60 
0 0 0 0 0 71 0 0 0 0 0 35 28 0 0 345 401 188 376 0 0 86 0 118 0 62 60 
0 0 0 0 0 68 0 0 0 0 0 32 28 0 0 355 388 196 377 0 0 86 0 118 0 62 60 
0 0 0 0 0 67 0 0 0 0 0 34 28 0 0 357 401 196 379 0 0 86 0 118 0 63 60 
0 0 0 0 0 69 0 0 0 0 0 32 27 0 0 353 401 193 378 0 0 85 0 118 0 63 60 
0 0 0 0 0 69 0 0 0 0 0 36 28 0 0 343 387 200 373 0 0 85 0 118 0 63 60 
0 0 0 0 0 67 0 0 0 0 0 32 28 0 0 353 395 196 382 0 0 86 0 118 0 64 60 
0 0 0 0 0 67 0 0 0 0 0 32 27 0 0 352 392 195 376 0 0 86 0 118 0 64 60 
0 0 0 0 0 70 0 0 0 0 0 33 27 0 0 342 394 192 376 0 0 86 0 118 0 64 60 
0 0 0 0 0 69 0 0 0 0 0 33 27 0 0 355 395 191 381 0 0 86 0 118 0 65 60 
0 0 0 0 0 65 0 0 0 0 0 34 28 0 0 355 394 180 377 0 0 86 0 118 0 64 60 
0 0 0 0 0 65 0 0 0 0 0 32 28 0 0 354 395 184 373 0 0 86 0 118 0 63 60 
0 0 0 0 0 69 0 0 0 0 0 33 28 0 0 356 401 197 382 0 0 86 0 118 0 63 60 
0 0 0 0 0 69 0 0 0 0 0 34 27 0 0 356 392 198 381 0 0 86 0 118 0 61 60 
0 0 0 0 0 64 0 0 0 0 0 33 28 0 0 355 401 198 380 0 0 86 0 118 0 61 60 
0 0 0 0 0 64 0 0 0 0 0 32 27 0 0 343 398 196 377 0 0 86 0 118 0 62 60 
0 0 0 0 0 69 0 0 0 0 0 33 28 0 0 348 397 195 372 0 0 85 0 118 0 63 60 
0 0 0 0 0 69 0 0 0 0 0 33 27 0 0 352 390 193 371 0 0 86 0 118 0 63 60 
0 0 0 0 0 67 0 0 0 0 0 32 28 0 0 353 401 177 382 0 0 85 0 118 0 62 60 
0 0 0 0 0 67 0 0 0 0 0 31 27 0 0 345 399 191 372 0 0 86 0 118 0 63 60 
0 0 0 0 0 70 0 0 0 0 0 34 28 0 0 355 388 188 379 0 0 86 0 118 0 63 60 
0 0 0 0 0 68 0 0 0 0 0 33 27 0 0 354 398 180 373 0 0 86 0 118 0 63 60 
0 0 0 0 0 67 0 0 0 0 0 30 27 0 0 344 401 183 373 0 0 86 0 118 0 63 60 
10 0 0 0 0 66 0 0 0 0 0 31 27 0 0 343 404 193 374 0 0 85 0 118 0 63 60 
0 0 0 0 0 69 0 0 0 0 0 33 27 0 0 356 399 196 382 0 0 86 0 118 0 64 60 
0 0 0 0 0 69 0 0 0 0 0 32 28 0 0 354 389 193 372 0 0 85 0 118 0 63 60 
0 0 0 0 0 67 0 0 0 0 0 33 27 0 0 343 399 182 381 0 0 85 0 118 0 63 60 
0 0 0 0 0 66 0 0 0 0 0 32 27 0 0 341 404 188 376 0 0 85 0 118 0 63 60 
0 0 0 0 0 70 0 0 0 0 0 35 28 0 0 353 397 198 376 0 0 86 0 118 0 62 60 
12 0 0 0 0 69 0 0 0 0 0 33 27 0 0 344 395 197 382 0 0 86 0 118 0 62 60 
0 0 0 0 0 67 0 0 0 0 0 32 27 0 0 343 388 197 377 0 0 86 0 118 0 61 60 
0 0 0 0 0 67 0 0 0 0 0 34 27 0 0 351 400 198 382 0 0 86 0 118 0 62 60 
0 0 0 0 0 69 0 0 0 0 0 34 27 0 0 342 402 195 379 0 0 87 0 118 0 62 60 
25 0 0 0 0 66 0 0 0 0 0 33 27 0 0 341 397 186 371 0 0 86 0 118 0 61 60 
21 0 0 0 0 66 0 0 0 0 0 32 27 0 0 346 390 182 382 0 0 86 0 118 0 61 60 
25 0 0 0 0 66 0 0 0 0 0 33 27 0 0 340 388 188 375 0 0 86 0 118 0 61 60 
20 0 0 0 0 66 0 0 0 0 0 34 27 0 0 341 386 192 373 0 0 86 0 118 0 61 60 
13 0 0 0 0 65 0 0 0 0 0 34 27 0 0 343 394 198 374 0 0 86 0 118 0 61 60 
0 0 0 0 0 64 0 0 0 0 0 34 27 0 0 350 393 198 377 0 0 85 0 118 0 62 60 
0 0 0 0 0 68 0 0 0 0 0 33 27 0 0 349 402 195 372 0 0 86 0 118 0 61 60 
0 0 0 0 0 68 0 0 0 0 0 33 27 0 0 351 403 191 371 0 0 86 0 118 0 61 60 
0 0 0 0 0 65 0 0 0 0 0 32 27 0 0 345 386 179 375 0 0 86 0 118 0 62 60 
0 0 0 0 0 64 0 0 0 0 0 34 27 0 0 357 393 189 373 0 0 86 0 118 0 62 60 
0 0 0 0 0 69 0 0 0 0 0 34 26 0 0 345 396 198 375 0 0 86 0 118 0 62 60 
0 0 0 0 0 74 0 0 0 0 0 33 26 0 0 338 394 185 377 0 0 86 0 118 0 62 60 
0 0 0 0 0 65 0 0 0 0 0 33 27 0 0 341 396 183 382 0 0 86 0 118 0 62 60 
0 0 0 0 0 66 0 0 0 0 0 34 26 0 0 355 392 195 376 0 0 86 0 118 0 61 60 
0 0 0 0 0 68 0 0 0 0 0 32 27 0 0 351 397 199 381 0 0 86 0 118 0 62 60 
0 0 0 0 0 68 0 0 0 0 0 32 26 0 0 350 387 197 373 0 0 86 0 118 0 61 60 
0 0 0 0 0 66 0 0 0 0 0 36 27 0 0 348 385 199 371 0 0 86 0 118 0 61 60 
0 0 0 0 0 66 0 0 0 0 0 33 27 0 0 345 395 185 371 0 0 86 0 118 0 60 60 
0 0 0 0 0 68 0 0 0 0 0 33 27 0 0 341 387 183 380 0 0 86 0 118 0 60 60 
0 0 0 0 0 69 0 0 0 0 0 34 27 0 0 353 391 183 372 0 0 86 0 118 0 59 60 
0 0 0 0 0 65 0 0 0 0 0 32 27 0 0 356 399 187 373 0 0 86 0 118 0 59 60 
0 0 0 0 0 65 0 0 0 0 0 37 27 0 0 342 392 198 378 0 0 86 0 118 0 59 60 
0 0 0 0 0 67 0 0 0 0 0 33 27 0 0 357 395 192 375 0 0 86 0 118 0 59 60 
0 0 0 0 0 66 0 0 0 0 0 32 27 0 0 341 395 186 370 0 0 86 0 118 0 58 60 
0 0 0 0 0 64 0 0 0 0 0 33 27 0 0 351 403 183 371 0 0 86 0 118 0 58 60 
0 0 0 0 0 65 0 0 0 0 0 34 27 0 0 342 399 189 378 0 0 86 0 118 0 58 60 
0 0 0 0 0 68 0 0 0 0 0 33 27 0 0 344 389 197 381 0 0 85 0 118 0 58 60 
0 0 0 0 0 67 0 0 0 0 0 33 27 0 0 339 389 184 382 0 0 86 0 118 0 58 60 
0 0 0 0 0 72 0 0 0 0 0 32 27 0 0 351 387 180 373 0 0 86 0 118 0 57 60 
0 0 0 0 0 73 0 0 0 0 0 33 27 0 0 354 395 181 375 0 0 86 0 118 0 57 60 
0 0 0 0 0 75 0 0 0 0 0 32 27 0 0 343 388 182 374 0 0 86 0 118 0 57 60 
0 0 0 0 0 74 0 0 0 0 0 34 26 0 0 349 400 189 376 0 0 86 0 118 0 58 60 
0 0 0 0 0 72 0 0 0 0 0 33 26 0 0 355 388 193 372 0 0 86 0 118 0 57 60 
0 0 0 0 0 73 0 0 0 0 0 31 27 0 0 348 393 199 370 0 0 86 0 118 0 58 60 
0 0 0 0 0 75 0 0 0 0 0 34 27 0 0 349 398 186 376 0 0 86 0 118 0 58 60 
0 0 0 0 0 73 0 0 0 0 0 34 27 0 0 351 400 176 379 0 0 86 0 118 0 58 60 
0 0 0 0 0 72 0 0 0 0 0 32 27 0 0 355 399 181 371 0 0 86 0 118 0 57 60 
0 0 0 0 0 72 0 0 0 0 0 32 27 0 0 354 386 178 371 0 0 86 0 118 0 57 60 
0 0 0 0 0 75 0 0 0 0 0 33 27 0 0 349 386 179 378 0 0 86 0 118 0 57 60 
0 0 0 0 0 65 0 0 0 0 0 34 27 0 0 348 391 183 370 0 0 86 0 118 0 57 60 
0 0 0 0 0 62 0 0 0 0 0 34 26 0 0 355 401 180 378 0 0 85 0 118 0 57 60 
0 0 0 0 0 67 0 0 0 0 0 34 27 0 0 339 386 181 374 0 0 85 0 118 0 57 60 
0 0 0 0 0 69 0 0 0 0 0 34 27 0 0 341 398 181 370 0 0 85 0 118 0 57 60 
0 0 0 0 0 67 0 0 0 0 0 35 27 0 0 355 395 182 376 0 0 86 0 118 0 57 60 
0 0 0 0 0 67 0 0 0 0 0 34 26 0 0 354 387 195 372 0 0 86 0 118 0 57 60 
0 0 0 0 0 68 0 0 0 0 0 34 27 0 0 357 392 198 380 0 0 86 0 118 0 57 60 
0 0 0 0 0 69 0 0 0 0 0 35 27 0 0 341 401 192 380 0 0 86 0 118 0 57 60 
0 0 0 0 0 67 0 0 0 0 0 33 27 0 0 345 402 180 380 0 0 86 0 118 0 57 60 
0 0 0 0 0 65 0 0 0 0 0 33 26 0 0 338 387 189 379 0 0 86 0 118 0 57 60 
0 0 0 0 0 67 0 0 0 0 0 33 27 0 0 342 398 197 373 0 0 86 0 118 0 57 60 
0 0 0 0 0 68 0 0 0 0 0 34 27 0 0 354 399 196 378 0 0 86 0 118 0 56 60 
0 0 0 0 0 68 0 0 0 0 0 34 26 0 0 353 391 184 381 0 0 86 0 118 0 57 60 
0 0 0 0 0 67 0 0 0 0 0 33 26 0 0 347 388 189 375 0 0 86 0 118 0 57 60 
0 0 0 0 0 70 0 0 0 0 0 33 26 0 0 343 400 195 380 0 0 86 0 118 0 57 60 
0 0 0 0 0 71 0 0 0 0 0 35 26 0 0 344 389 196 370 0 0 86 0 118 0 57 60 
0 0 0 0 0 66 0 0 0 0 0 34 26 0 0 355 391 197 378 0 0 86 0 118 0 57 60 
0 0 0 0 0 69 0 0 0 0 0 34 26 0 0 353 403 188 378 0 0 86 0 118 0 57 60 
0 0 0 0 0 72 0 0 0 0 0 34 26 0 0 354 396 197 376 0 0 86 0 118 0 57 60 
0 0 0 0 0 61 0 0 0 0 0 32 26 0 12 354 398 192 376 0 0 86 0 118 0 57 60 
0 0 0 0 0 62 0 0 0 0 0 34 26 0 0 348 401 179 369 0 0 85 0 118 0 57 60 
0 0 0 0 0 63 0 0 0 0 0 34 26 0 0 347 402 180 372 0 0 85 0 118 0 57 60 
0 0 0 0 0 64 0 0 0 0 0 32 26 0 0 342 397 187 372 0 0 86 0 118 0 57 60 
0 0 0 0 0 67 0 0 0 0 0 34 25 0 0 346 399 193 375 0 0 86 0 118 0 57 60 
0 11 0 0 0 65 0 0 0 0 0 33 26 0 0 349 391 198 381 0 0 86 0 118 0 57 60 
0 78 0 0 0 67 0 0 0 0 0 33 26 0 0 354 388 198 370 0 0 86 0 118 0 58 60 
0 128 0 0 0 74 0 0 0 0 0 34 26 0 0 341 399 197 373 0 0 86 0 118 0 58 60 
0 143 0 0 0 74 0 0 0 0 0 33 25 0 0 356 398 190 380 0 0 86 0 118 0 58 60 
0 202 0 0 0 66 0 0 0 0 0 33 25 0 0 340 389 190 381 0 0 86 0 118 0 59 60 
0 195 0 0 0 67 0 0 0 0 0 34 26 0 0 349 388 185 378 0 0 86 0 118 0 59 60 
0 192 0 0 0 72 0 0 0 0 0 33 26 0 0 346 386 182 377 0 0 86 0 118 0 59 60 
0 211 0 0 0 69 0 0 0 0 0 34 26 0 0 355 401 178 378 0 0 85 0 118 0 59 60 
0 207 0 0 0 64 0 0 0 0 0 30 25 0 0 340 394 185 371 0 0 86 0 118 0 58 60 
0 194 0 0 0 68 0 0 0 0 0 34 26 0 0 353 386 197 373 0 0 86 0 118 0 58 60 
0 194 0 0 0 69 0 0 0 0 0 34 26 0 0 346 391 192 371 0 0 86 0 118 0 58 60 
0 242 0 0 0 71 0 0 0 0 0 32 25 0 0 346 384 195 376 0 0 86 0 118 0 58 60 
0 242 0 0 0 69 0 0 0 0 0 33 26 0 0 344 385 181 381 0 0 86 0 118 0 58 60 
0 267 0 0 0 66 0 0 0 0 0 34 26 0 0 354 392 187 380 0 0 86 0 118 0 57 60 
0 323 0 0 0 69 0 0 0 0 0 34 26 0 0 354 387 196 371 0 0 86 0 118 0 57 60 
0 305 0 0 0 68 0 0 0 0 0 33 26 0 0 352 396 179 377 0 0 86 0 118 0 57 60 
0 256 0 0 0 65 0 0 0 0 0 32 25 0 0 352 385 183 373 0 0 86 0 118 0 57 60 
0 394 0 0 0 68 0 0 0 0 0 34 26 0 0 345 402 192 370 0 0 86 0 118 0 57 60 
0 309 15 0 0 68 0 0 0 0 0 33 25 0 0 348 401 187 379 0 0 86 0 118 0 57 60 
0 268 0 0 0 67 0 0 0 0 0 34 25 0 0 347 401 177 370 0 0 85 0 118 0 57 60 
0 128 0 0 0 66 0 0 0 0 0 33 25 0 0 353 396 183 373 0 0 86 0 118 0 58 60 
0 53 0 0 0 66 0 0 0 0 0 34 25 0 0 339 391 186 380 0 0 86 0 118 0 58 60 
0 0 0 0 0 67 0 0 0 0 0 35 26 0 0 350 393 196 380 0 0 86 0 118 0 57 60 
0 0 0 0 0 66 0 0 0 0 0 33 25 0 0 354 396 179 378 0 0 86 0 118 0 57 60 
0 0 0 0 0 66 0 0 0 0 0 32 25 0 0 349 393 180 377 0 0 86 0 118 0 57 60 
0 0 0 0 0 68 0 0 0 0 0 33 26 0 0 354 389 192 370 0 0 86 0 118 0 57 60 
0 0 0 0 0 68 0 0 0 0 0 34 26 0 0 353 402 195 370 0 0 86 0 118 0 57 60 
0 0 0 0 0 68 0 0 0 0 0 34 26 0 0 353 403 182 375 0 0 86 0 118 0 57 60 
0 0 0 0 0 64 0 0 0 0 0 34 26 0 0 341 389 178 378 0 0 86 0 118 0 57 60 
0 0 0 0 0 67 0 0 0 0 0 33 25 0 0 351 386 187 370 0 0 87 0 118 0 57 60 
0 0 0 0 0 67 0 0 0 0 0 34 25 0 0 341 388 189 372 0 0 86 0 118 0 56 60 
0 0 0 0 0 65 0 0 0 0 0 32 25 0 0 341 399 196 377 0 0 86 0 118 0 56 60 
0 0 0 0 0 75 0 0 0 0 0 34 26 0 0 346 390 179 378 0 0 86 0 118 0 56 60 
0 0 0 0 0 78 0 0 0 0 0 35 25 0 0 355 397 197 381 0 0 86 0 118 0 57 60 
0 0 0 0 0 76 0 0 0 0 0 34 25 0 0 342 403 180 379 0 0 86 0 118 0 57 60 
0 0 0 0 0 74 0 0 0 0 0 34 25 0 0 348 398 196 371 0 0 86 0 118 0 57 60 
0 0 0 0 0 75 0 0 0 0 0 32 25 0 0 342 394 195 379 0 0 85 0 118 0 58 60 
0 0 0 0 0 78 0 0 0 0 0 34 26 0 0 342 386 195 372 0 0 86 0 118 0 60 60 
0 0 0 0 0 77 0 0 0 0 0 32 26 0 0 352 403 194 380 0 0 85 0 118 0 60 60 
0 0 0 0 0 75 0 0 0 0 0 34 26 0 0 345 393 181 374 0 0 85 0 118 0 61 60 
0 0 0 0 0 75 0 0 0 0 0 31 26 0 0 344 400 180 376 0 0 85 0 118 0 61 60 
0 0 0 0 0 78 0 0 0 0 0 34 26 0 0 341 386 193 381 0 0 86 0 118 0 62 60 
0 0 0 0 0 77 0 0 0 0 0 32 25 0 0 354 386 197 370 0 0 86 0 118 0 60 60 
0 0 0 0 0 75 0 0 0 0 0 35 26 0 0 353 385 183 370 0 0 86 0 118 0 59 60 
0 0 0 0 0 77 0 0 0 0 0 32 26 0 0 344 387 180 375 0 0 86 0 118 0 58 60 
0 0 0 0 0 78 0 0 0 0 0 33 26 0 0 349 387 183 375 0 0 86 0 118 0 58 60 
0 0 0 0 0 76 0 0 0 0 0 33 26 11 0 350 399 182 374 0 0 86 0 118 0 60 60 
0 0 0 0 0 74 0 0 0 0 0 33 25 0 0 350 398 190 377 0 0 86 0 118 0 61 60 
0 0 0 0 0 77 0 0 0 0 0 33 26 0 0 347 390 195 377 0 0 86 0 118 0 62 60 
0 0 0 0 0 78 0 0 0 0 0 33 25 0 0 355 387 184 379 0 0 86 0 118 0 62 60 
0 0 0 0 0 75 0 0 0 0 0 31 25 0 0 339 387 192 371 0 0 86 0 118 0 61 60 
0 0 0 0 0 75 0 0 0 0 0 35 25 0 0 355 392 192 375 0 0 86 0 118 0 60 60 
0 0 0 0 0 76 0 0 0 0 0 34 25 0 0 339 387 178 372 0 0 86 0 118 0 60 60 
0 0 0 0 0 77 0 0 0 0 0 34 25 0 0 354 401 179 375 0 0 86 0 118 0 59 60 
0 0 0 0 0 75 0 0 0 0 0 34 25 0 0 350 397 199 371 0 0 86 0 118 0 58 60 
0 0 0 0 0 74 0 0 0 0 0 33 25 0 0 355 397 190 379 0 0 86 0 118 0 57 60 
0 0 0 0 0 76 0 0 0 0 0 35 25 0 0 353 395 192 379 0 0 86 0 118 0 55 60 
0 0 0 0 0 78 0 0 0 0 0 35 25 0 0 345 400 179 377 0 0 86 0 118 0 56 60 
0 0 0 0 0 76 0 0 0 0 0 33 25 0 0 341 389 192 376 0 0 86 0 118 0 56 60 
0 0 0 0 0 75 0 0 0 0 0 32 25 0 0 355 402 185 375 0 0 86 0 118 0 55 60 
0 0 0 0 0 78 0 0 0 0 0 34 26 14 0 355 393 182 373 0 0 86 0 118 0 55 60 
0 0 0 0 0 78 0 0 0 0 0 33 26 0 0 345 389 197 378 0 0 86 0 118 0 54 60 
0 0 0 0 0 75 0 0 0 10 0 33 30 26 0 340 392 183 371 0 0 86 0 118 0 54 60 
0 155 37 0 0 103 0 59 23 154 0 33 32 25 23 349 400 195 369 0 0 86 0 118 0 55 60 
0 173 72 0 15 146 0 78 78 277 0 32 35 21 24 340 395 182 371 0 0 86 0 118 0 56 60 
0 164 72 0 37 189 0 71 76 262 0 28 37 21 23 352 389 182 372 0 0 86 0 118 0 56 60 
0 179 69 0 64 200 0 75 76 261 0 29 38 20 24 357 385 194 376 0 0 86 0 118 0 56 60 
143 171 73 0 100 200 0 77 77 260 0 26 41 19 23 72 79 115 135 0 0 74 0 118 0 56 60 
148 175 72 0 127 200 0 77 77 259 0 28 44 19 23 0 29 0 123 0 0 56 0 118 0 57 60 
152 177 73 0 145 191 0 81 76 257 0 31 45 17 22 351 266 264 467 0 0 38 0 118 0 57 60 
161 173 72 0 157 152 0 72 74 258 0 34 44 14 24 582 534 375 590 0 0 46 0 118 0 57 60 
163 166 74 0 160 120 0 76 74 255 0 33 40 15 23 642 478 403 563 0 0 58 0 118 0 57 60 
164 166 72 0 161 96 0 78 75 256 0 35 35 16 23 619 414 420 496 0 0 75 0 118 0 57 60 
167 170 72 0 162 81 0 83 75 263 0 31 30 21 23 558 346 427 550 0 0 90 0 118 0 57 60 
168 172 73 0 162 72 0 87 77 263 0 35 29 24 23 547 448 456 513 0 0 95 0 118 0 57 60 
167 156 70 0 160 76 0 81 78 262 0 35 28 25 23 533 425 435 522 0 0 104 0 118 0 56 60 
169 168 74 0 157 81 0 80 76 260 0 33 28 24 23 590 409 429 565 0 0 112 0 118 0 55 60 
169 167 73 0 154 78 0 88 76 256 0 35 28 25 23 522 441 432 559 0 0 112 0 118 0 54 60 
175 166 73 0 150 69 0 88 77 255 0 38 28 25 24 548 411 411 520 0 0 116 0 118 0 53 60 
176 166 72 0 148 74 0 83 78 255 0 37 28 23 22 537 504 428 511 0 0 119 0 118 0 53 60 
173 175 73 0 145 80 0 83 78 261 0 35 28 24 23 528 396 419 558 0 0 114 0 118 0 53 60 
173 175 74 0 144 81 0 83 78 264 0 35 29 24 24 520 434 440 575 0 0 108 0 118 0 54 60 
173 178 69 0 142 80 0 83 77 265 0 34 29 25 24 577 481 433 579 0 0 102 0 118 0 55 60 
171 172 73 0 141 85 0 82 75 259 0 36 27 24 23 595 493 434 509 0 0 103 0 118 0 55 60 
173 171 72 0 140 88 0 91 74 256 0 34 28 23 24 575 425 410 534 0 0 99 0 118 0 55 60 
177 175 70 0 141 84 0 87 74 256 0 38 29 23 24 559 363 408 651 0 0 101 0 118 0 56 60 
176 175 73 0 139 80 0 87 75 260 0 37 29 20 25 535 397 406 606 0 0 111 0 118 0 56 60 
171 166 75 0 138 78 0 88 75 260 0 37 29 19 24 534 347 413 521 0 0 113 0 118 0 55 60 
171 174 74 0 136 78 0 91 76 260 0 35 29 18 24 501 362 442 539 0 0 119 0 118 0 49 60 
173 167 74 0 134 81 0 89 75 260 0 34 30 19 25 525 451 434 556 0 0 114 0 118 0 48 60 
172 179 76 0 132 90 0 85 75 260 0 36 29 20 24 535 380 450 536 0 0 111 0 118 0 49 60 
169 172 81 0 131 101 0 80 74 261 0 34 29 20 30 540 488 400 566 0 0 115 0 118 0 44 60 
173 171 77 0 130 105 0 86 75 260 0 35 29 22 26 555 421 418 587 0 0 126 0 118 0 38 60 
178 185 74 0 129 94 0 82 75 261 0 36 29 23 25 539 377 404 505 0 0 135 0 118 0 36 60 
172 180 78 0 130 89 0 86 75 260 0 33 29 23 25 582 411 399 518 0 0 142 0 118 0 34 60 
169 170 77 0 132 83 0 88 76 258 0 34 29 22 24 586 390 444 576 0 0 145 0 118 0 33 60 
170 171 78 0 134 79 0 83 75 262 0 34 29 22 25 579 381 432 522 0 0 146 0 118 0 32 60 
174 176 70 0 135 78 0 89 75 258 0 34 30 23 24 588 440 437 517 0 0 130 0 118 0 30 60 
172 168 70 0 136 87 0 82 75 252 0 31 28 23 24 514 354 427 576 0 0 124 0 118 0 30 60 
173 158 73 0 136 95 0 88 75 248 0 31 28 25 25 549 380 442 530 0 0 116 0 118 0 31 60 
174 173 72 0 136 95 0 86 76 255 0 35 27 23 24 555 442 448 530 0 0 108 0 118 0 32 60 
173 168 75 0 136 90 0 79 75 260 0 33 30 23 25 557 428 433 561 0 0 105 0 118 0 32 60 
172 169 70 0 134 88 0 86 75 264 0 32 29 21 24 570 431 436 598 0 0 97 0 118 0 31 60 
175 168 71 0 132 87 0 86 74 261 0 32 27 21 25 588 452 437 580 0 0 96 0 118 0 29 60 
176 175 74 0 130 84 0 84 74 257 0 32 29 20 25 535 440 435 505 0 0 94 0 118 0 31 60 
171 174 76 0 128 84 0 86 73 257 0 31 29 21 24 513 442 439 565 0 0 94 0 118 0 29 60 
174 176 75 0 128 83 0 83 75 258 0 32 29 21 25 531 408 438 544 0 0 94 0 118 0 29 60 
170 168 71 0 127 85 0 89 75 260 0 33 29 21 25 545 335 442 548 0 0 91 0 118 0 23 60 
171 174 74 0 129 82 0 89 76 266 0 31 28 19 25 550 450 467 557 0 0 89 0 118 0 18 60 
171 173 73 0 128 84 0 91 77 260 0 31 27 19 24 568 407 445 516 0 0 86 0 118 0 13 60 
175 174 77 0 128 90 0 94 77 260 0 31 28 19 23 542 388 446 552 0 0 83 0 118 0 0 60 
170 170 73 0 128 93 0 87 77 259 0 30 29 18 23 517 437 452 553 0 0 86 0 118 0 0 60 
174 174 69 0 127 86 0 83 74 256 0 31 30 19 24 546 468 443 552 0 0 87 0 118 0 0 60 
176 170 69 0 127 84 0 94 73 254 0 29 28 20 24 563 494 447 565 0 0 88 0 118 0 0 60 
177 187 74 0 127 86 0 81 74 257 0 31 29 21 24 554 429 436 526 0 0 87 0 118 0 0 60 
175 164 70 0 128 84 0 80 75 258 0 31 28 20 24 548 436 454 529 0 0 82 0 118 0 0 60 
170 175 70 0 127 82 0 88 75 260 0 30 29 21 23 505 419 468 559 0 0 86 0 118 0 0 60 
171 178 71 0 126 90 0 84 76 260 0 33 28 21 23 537 448 453 602 0 0 85 0 118 0 0 60 
171 181 73 0 125 100 0 82 76 258 0 31 27 20 23 529 426 467 506 0 0 90 0 118 0 0 60 
175 167 71 0 126 100 0 79 75 253 0 31 28 19 24 571 441 446 511 0 0 89 0 118 0 0 60 
176 175 69 0 127 91 0 91 75 255 0 32 28 19 23 572 459 450 598 0 0 88 0 118 0 0 60 
171 171 72 0 128 82 0 92 76 260 0 30 27 22 22 568 477 449 597 0 0 91 0 118 0 0 60 
173 163 74 0 129 84 0 86 77 266 0 31 28 23 24 551 336 447 561 0 0 87 0 118 0 0 60 
179 164 72 0 129 78 0 89 77 264 0 31 28 22 23 527 376 427 548 0 0 89 0 118 0 0 60 
171 173 72 0 128 80 0 89 78 263 0 31 27 24 23 527 355 477 584 0 0 89 0 118 0 0 60 
171 167 69 0 127 78 0 85 76 259 0 32 28 22 22 504 428 463 480 0 0 88 0 118 0 0 60 
174 173 70 0 125 81 0 81 75 257 0 35 29 20 23 554 431 470 500 0 0 85 0 118 0 0 60 
169 172 72 0 123 81 0 85 74 258 0 35 28 18 23 527 300 445 521 0 0 79 0 118 0 0 60 
173 176 73 0 124 78 0 90 76 262 0 35 27 19 23 554 409 410 544 0 0 77 0 118 0 0 60 
171 173 72 0 125 80 0 87 75 262 0 34 28 22 24 520 389 420 564 0 0 74 0 118 0 0 60 
172 176 74 0 127 84 0 83 75 260 0 37 27 23 23 586 396 458 532 0 0 74 0 118 0 0 60 
174 168 76 0 131 88 0 88 74 259 0 37 26 24 24 566 402 454 542 0 0 78 0 118 0 0 60 
176 174 71 0 133 88 0 87 76 260 0 36 27 24 23 539 430 457 519 0 0 86 0 118 0 0 60 
175 174 73 0 134 87 0 88 75 260 0 35 27 24 23 554 399 436 536 0 0 90 0 118 0 0 60 
172 175 71 0 134 86 0 87 76 262 0 35 28 24 23 549 389 457 614 0 0 93 0 118 0 0 60 
172 170 75 0 134 85 0 83 77 262 0 35 27 25 22 547 417 438 537 0 0 101 0 118 0 0 60 
177 172 74 0 132 83 0 86 77 261 0 35 27 26 23 566 324 447 585 0 0 104 0 118 0 0 60 
176 182 75 0 132 88 0 89 78 258 0 35 27 25 22 518 443 438 566 0 0 104 0 118 0 0 60 
169 176 73 0 129 88 0 87 76 261 0 35 28 26 23 550 437 434 533 0 0 98 0 118 0 0 60 
176 172 74 0 130 88 0 87 75 255 0 32 26 24 23 555 446 439 591 0 0 91 0 118 0 0 60 
174 183 76 0 130 87 0 92 74 250 0 31 27 22 23 484 387 434 533 0 0 85 0 118 0 0 60 
171 178 74 0 130 92 0 96 73 252 0 34 28 21 23 539 404 448 568 0 0 78 0 118 0 0 60 
168 171 74 0 129 101 0 92 75 260 0 35 29 18 23 542 402 441 544 0 0 77 0 118 0 0 60 
173 173 76 0 134 101 0 87 76 265 0 39 28 16 23 531 486 461 537 0 0 78 0 118 0 0 60 
172 176 75 0 131 100 0 90 76 260 0 38 28 13 22 517 389 438 551 0 0 82 0 118 0 0 60 
175 171 75 0 134 98 0 83 76 259 0 44 28 14 23 556 362 414 528 0 0 89 0 118 0 0 60 
172 160 73 0 128 89 0 82 76 256 0 47 28 14 23 527 385 434 541 0 0 89 0 118 0 0 60 
172 171 76 0 132 79 0 81 76 257 0 51 28 15 23 528 385 453 553 0 0 90 0 118 0 0 60 
174 166 75 0 130 76 0 77 75 256 0 52 28 14 24 539 440 440 593 0 0 94 0 118 0 0 60 
169 172 74 0 129 83 0 86 76 263 0 54 28 16 23 552 368 427 523 0 0 94 0 118 0 0 60 
172 169 75 0 120 86 0 83 77 263 0 52 28 20 23 509 461 441 541 0 0 93 0 118 0 0 60 
172 177 74 0 120 86 0 83 77 257 0 45 28 21 23 536 349 452 524 0 0 92 0 118 0 0 60 
170 177 74 0 126 90 0 88 77 258 0 42 27 22 24 557 423 434 509 0 0 88 0 118 0 0 60 
167 178 73 0 130 92 0 88 76 258 0 39 28 23 22 490 390 455 502 0 0 86 0 118 0 0 60 
177 171 74 0 131 88 0 92 75 252 0 41 28 23 24 544 407 434 601 0 0 84 0 118 0 0 60 
171 173 74 0 131 78 0 82 74 256 0 42 28 24 24 515 351 423 578 0 0 87 0 118 0 0 60 
173 174 76 0 131 78 0 91 74 257 0 43 28 24 23 498 444 426 537 0 0 85 0 118 0 0 60 
174 175 73 0 131 84 0 92 74 261 0 43 28 23 22 539 397 462 585 0 0 82 0 118 0 0 60 
175 174 76 0 131 88 0 81 76 260 0 39 28 21 23 510 368 443 530 0 0 81 0 118 0 0 60 
170 177 73 0 130 86 0 88 76 260 0 35 28 22 24 593 376 421 540 0 0 83 0 118 0 0 60 
173 170 74 0 129 85 0 82 76 257 0 34 28 20 22 544 426 463 550 0 0 87 0 118 0 0 60 
171 188 77 0 128 88 0 82 75 254 0 30 28 19 23 549 393 443 611 0 0 85 0 118 0 0 60 
177 162 74 0 127 85 0 87 76 258 0 30 29 21 23 557 396 454 557 0 0 86 0 118 0 11 60 
170 172 74 0 127 81 0 88 75 266 0 31 29 20 24 541 467 436 566 0 0 88 0 118 0 16 60 
170 181 72 0 128 79 0 86 77 265 0 31 30 23 23 545 443 432 527 0 0 90 0 118 0 21 60 
174 180 76 0 129 85 0 84 77 264 0 29 29 25 23 534 427 412 583 0 0 93 0 118 0 24 60 
172 167 74 0 131 84 0 88 75 263 0 27 30 24 24 570 315 437 551 0 0 95 0 118 0 31 60 
177 175 76 0 133 86 0 83 75 260 0 31 27 22 24 517 378 439 572 0 0 92 0 118 0 38 60 
171 176 73 0 134 91 0 88 74 256 0 29 30 22 25 564 454 443 564 0 0 87 0 118 0 45 60 
172 166 75 0 135 96 0 82 75 260 0 30 28 20 24 541 412 443 559 0 0 86 0 118 0 49 60 
171 162 74 0 136 93 0 92 75 261 0 29 28 22 23 540 385 429 504 0 0 82 0 118 0 52 60 
172 175 73 0 137 89 0 86 76 259 0 31 28 22 24 536 399 428 590 0 0 85 0 118 0 54 60 
177 165 74 0 136 85 0 85 76 258 0 31 29 21 24 574 365 427 513 0 0 85 0 118 0 56 60 
173 173 76 0 135 83 0 87 76 261 0 31 29 24 22 573 417 427 618 0 0 87 0 118 0 56 60 
173 168 74 0 133 79 0 92 76 261 0 28 29 21 22 572 324 444 528 0 0 86 0 118 0 56 60 
171 177 75 0 131 77 0 90 76 263 0 29 28 20 23 548 399 427 557 0 0 93 0 118 0 56 60 
171 173 75 0 129 84 0 86 76 261 0 27 28 20 23 528 326 430 547 0 0 94 0 118 0 56 60 
175 175 73 0 129 88 0 87 77 261 0 30 28 20 23 549 462 413 592 0 0 97 0 118 0 55 60 
174 166 76 0 129 87 0 80 77 261 0 27 28 23 23 536 458 443 540 0 0 105 0 118 0 55 60 
170 172 74 0 130 82 0 82 76 263 0 29 28 23 22 548 435 418 500 0 0 107 0 118 0 55 60 
173 171 74 0 129 85 0 85 75 258 0 30 27 22 23 527 343 408 527 0 0 107 0 118 0 55 60 
172 171 72 0 128 84 0 86 74 257 0 29 28 20 23 549 403 408 486 0 0 101 0 118 0 56 60 
175 168 74 0 129 88 0 90 75 249 0 27 27 22 23 563 328 438 589 0 0 93 0 118 0 56 60 
171 177 75 0 129 89 0 87 75 256 0 30 27 22 24 519 506 418 531 0 0 86 0 118 0 56 60 
175 167 74 0 129 94 0 90 76 262 0 27 27 23 23 552 353 409 544 0 0 78 0 118 0 58 60 
174 187 73 0 128 93 0 91 76 262 0 31 27 26 23 560 539 418 584 0 0 78 0 118 0 59 60 
178 162 72 0 127 84 0 83 77 257 0 30 28 26 24 542 483 414 564 0 0 82 0 118 0 60 60 
168 177 75 0 127 81 0 81 76 258 0 28 28 24 24 563 417 415 547 0 0 87 0 118 0 62 60 
174 174 75 0 125 84 0 83 75 258 0 30 26 24 25 597 450 432 600 0 0 84 0 118 0 62 60 
173 181 73 0 127 86 0 85 75 256 0 29 27 24 24 545 415 445 554 0 0 80 0 118 0 65 60 
173 173 73 0 127 82 0 91 74 259 0 30 27 20 24 555 360 435 569 0 0 76 0 118 0 66 60 
173 176 68 0 127 83 0 84 76 263 0 28 27 22 23 537 427 423 539 0 0 84 0 118 0 68 60 
175 167 73 0 128 83 0 92 75 258 0 28 27 21 23 519 448 404 599 0 0 89 0 118 0 68 60 
174 163 73 0 128 82 0 89 77 256 0 33 29 20 24 532 442 411 562 0 0 90 0 118 0 69 60 
174 169 72 0 129 80 0 85 76 255 0 33 28 19 22 539 390 409 537 0 0 86 0 118 0 69 60 
177 174 75 0 128 85 0 86 77 255 0 35 27 19 23 602 379 420 582 0 0 88 0 118 0 69 60 
169 163 72 0 126 90 0 84 75 255 0 37 27 21 23 543 500 438 580 0 0 85 0 118 0 68 60 
175 172 74 0 124 86 0 85 74 256 0 40 26 20 23 540 392 433 483 0 0 90 0 118 0 68 60 
176 174 75 0 123 82 0 87 75 258 0 40 26 23 24 562 360 409 541 0 0 95 0 118 0 67 60 
172 177 75 0 123 82 0 92 75 260 0 39 28 28 23 561 400 416 549 0 0 98 0 118 0 68 60 
171 174 75 0 125 90 0 87 78 258 0 41 28 29 24 516 317 414 547 0 0 98 0 118 0 68 60 
170 174 75 0 128 88 0 84 75 256 0 45 28 31 24 585 382 425 544 0 0 90 0 118 0 67 60 
172 171 72 0 130 84 0 83 75 255 0 38 27 28 24 512 346 419 555 0 0 86 0 118 0 68 60 
170 178 75 0 132 86 0 88 74 257 0 38 28 26 23 526 440 389 493 0 0 87 0 118 0 67 60 
174 173 75 0 134 90 0 93 76 263 0 33 29 22 23 511 452 405 565 0 0 84 0 118 0 67 60 
170 172 74 0 133 87 0 92 76 269 0 34 29 20 24 504 446 404 565 0 0 84 0 118 0 66 60 
171 172 72 0 133 86 0 91 75 265 0 34 28 20 23 534 379 403 527 0 0 84 0 118 0 66 60 
171 172 71 0 132 91 0 95 77 261 0 36 28 21 24 505 425 400 507 0 0 80 0 118 0 67 60 
172 181 75 0 131 103 0 89 76 260 0 39 29 19 22 534 454 403 556 0 0 85 0 118 0 67 60 
175 169 74 0 129 105 0 89 76 257 0 45 28 16 23 502 375 400 524 0 0 83 0 118 0 67 60 
171 170 75 0 129 103 0 81 74 259 0 45 28 13 23 542 384 394 536 0 0 90 0 118 0 66 60 
170 182 71 0 129 97 0 80 76 259 0 45 28 15 23 522 465 428 583 0 0 89 0 118 0 65 60 
169 177 75 0 130 92 0 76 76 263 0 39 28 17 24 568 405 395 543 0 0 84 0 118 0 65 60 
174 172 74 0 132 81 0 85 76 259 0 37 28 20 23 535 337 385 569 0 0 78 0 118 0 65 60 
170 175 73 0 133 76 0 83 76 259 0 34 29 24 24 543 393 382 586 0 0 71 0 118 0 64 60 
169 176 75 0 133 77 0 84 75 260 0 32 27 23 23 531 418 382 569 0 0 74 0 118 0 64 60 
173 165 73 0 133 79 0 89 74 264 0 32 28 26 24 527 359 376 638 0 0 75 0 118 0 64 60 
172 162 73 0 132 79 0 89 75 261 0 30 28 23 24 542 388 388 582 0 0 81 0 118 0 64 60 
171 173 70 0 130 81 0 88 75 261 0 29 28 26 24 539 357 431 533 0 0 88 0 118 0 64 60 
175 166 73 0 130 86 0 84 76 262 0 32 29 27 24 557 379 400 549 0 0 92 0 118 0 64 60 
180 172 74 0 129 85 0 81 75 261 0 33 28 27 23 539 396 381 564 0 0 97 0 118 0 65 60 
170 170 74 0 129 84 0 87 76 257 0 33 29 26 23 552 396 363 568 0 0 97 0 118 0 65 60 
171 177 70 0 128 83 0 83 75 256 0 37 28 25 24 518 391 372 514 0 0 100 0 118 0 65 60 
174 178 74 0 129 90 0 84 75 251 0 36 29 22 24 539 442 412 552 0 0 97 0 118 0 65 60 
178 175 72 0 130 86 0 89 74 257 0 37 29 21 23 557 455 410 519 0 0 98 0 118 0 65 60 
173 167 75 0 130 88 0 88 76 262 0 40 28 19 23 569 415 390 524 0 0 88 0 118 0 65 60 
178 172 70 0 130 89 0 86 75 265 0 42 30 17 23 565 391 403 639 0 0 84 0 118 0 65 60 
175 172 71 0 130 95 0 85 77 261 0 42 29 15 23 539 465 398 522 0 0 78 0 118 0 64 60 
177 174 73 0 130 92 0 87 76 259 0 44 30 16 22 531 422 377 574 0 0 76 0 118 0 65 60 
174 169 72 0 130 86 0 88 76 258 0 44 30 17 23 513 489 394 545 0 0 78 0 118 0 65 60 
177 179 75 0 130 82 0 85 75 257 0 44 29 18 22 530 453 379 520 0 0 84 0 118 0 65 60 
173 170 73 0 130 83 0 85 76 258 0 46 29 22 24 529 391 378 588 0 0 84 0 118 0 65 60 
177 186 72 0 128 80 0 88 74 261 0 43 27 22 22 523 416 369 500 0 0 86 0 118 0 64 60 
174 161 73 0 127 81 0 88 76 259 0 45 28 23 24 522 446 382 485 0 0 83 0 118 0 63 60 
174 176 74 0 128 86 0 86 75 258 0 44 28 22 23 502 449 399 559 0 0 81 0 118 0 62 60 
170 179 75 0 129 95 0 89 76 256 0 46 29 21 22 565 445 367 539 0 0 89 0 118 0 61 60 
175 179 71 0 130 96 0 90 76 255 0 44 30 23 23 532 454 400 531 0 0 90 0 118 0 61 60 
172 168 73 0 131 90 0 91 76 256 0 42 28 24 23 544 402 366 501 0 0 85 0 118 0 60 60 
170 175 74 0 133 89 0 89 77 253 0 48 28 26 23 539 351 376 548 0 0 81 0 118 0 60 60 
169 173 71 0 134 83 0 89 76 257 0 48 28 25 23 574 325 395 605 0 0 82 0 118 0 61 60 
171 167 71 0 136 78 0 89 75 263 0 49 26 23 22 547 472 397 514 0 0 84 0 118 0 61 60 
177 165 70 0 137 75 0 84 76 260 0 51 28 20 23 573 399 398 590 0 0 81 0 118 0 61 60 
171 178 71 0 136 80 0 89 76 257 0 49 27 21 23 546 382 353 568 0 0 84 0 118 0 62 60 
171 164 73 0 136 85 0 83 76 256 0 49 28 21 23 537 445 382 553 0 0 88 0 118 0 63 60 
177 173 70 0 134 88 0 83 74 256 0 48 29 22 24 513 381 379 559 0 0 90 0 118 0 63 60 
172 167 74 0 132 89 0 83 76 261 0 43 28 22 22 588 442 387 545 0 0 92 0 118 0 61 60 
169 176 72 0 130 92 0 84 75 266 0 40 29 21 23 540 370 365 553 0 0 91 0 118 0 60 60 
174 176 73 0 129 88 0 86 76 265 0 38 26 21 23 568 328 397 588 0 0 90 0 118 0 59 60 
172 177 73 0 129 79 0 82 76 263 0 38 26 20 23 511 375 362 547 0 0 83 0 118 0 58 60 
170 168 74 0 128 79 0 88 77 259 0 37 28 19 23 519 420 379 590 0 0 82 0 118 0 58 60 
172 179 71 0 129 84 0 90 75 257 0 37 28 18 23 542 465 372 602 0 0 82 0 118 0 58 60 
170 175 70 0 129 89 0 90 75 257 0 35 27 19 23 542 436 364 480 0 0 80 0 118 0 58 60 
173 175 75 0 130 91 0 88 76 260 0 34 27 21 23 556 462 377 532 0 0 81 0 118 0 58 60 
173 169 74 0 130 93 0 84 76 261 0 34 29 20 23 580 411 355 574 0 0 83 0 118 0 59 60 
172 172 73 0 129 96 0 85 77 258 0 34 28 22 23 574 340 375 551 0 0 84 0 118 0 60 60 
175 178 71 0 129 94 0 85 76 260 0 36 28 20 23 538 427 388 539 0 0 84 0 118 0 61 60 
170 177 73 0 128 84 0 86 76 259 0 40 28 22 23 524 430 367 524 0 0 82 0 118 0 62 60 
169 165 72 0 127 80 0 83 75 260 0 43 29 21 24 523 382 368 584 0 0 80 0 118 0 63 60 
174 185 71 0 127 83 0 85 75 261 0 46 28 20 23 521 319 358 510 0 0 77 0 118 0 63 60 
175 172 75 0 126 87 0 90 76 259 0 51 29 22 22 544 350 379 516 0 0 75 0 118 0 63 60 
167 169 73 0 127 88 0 88 76 261 0 53 28 20 23 568 408 347 476 0 0 73 0 118 0 62 60 
170 170 79 0 126 91 0 84 76 260 0 52 29 24 22 547 462 360 553 0 0 69 0 118 0 62 60 
172 178 76 0 127 95 0 86 76 259 0 53 28 22 22 526 467 361 493 0 0 72 0 118 0 61 60 
173 166 75 0 127 91 0 78 75 255 0 55 29 23 23 539 418 378 543 0 0 73 0 118 0 60 60 
169 161 73 0 128 84 0 81 74 256 0 55 29 21 24 563 389 367 602 0 0 82 0 118 0 61 60 
174 167 80 0 129 81 0 89 75 250 0 52 29 18 24 527 409 352 530 0 0 90 0 118 0 60 60 
171 167 73 0 128 81 0 85 75 263 0 54 28 20 22 569 446 355 584 0 0 98 0 118 0 60 60 
171 167 72 0 125 77 0 88 76 264 0 53 28 21 24 561 378 379 522 0 0 105 0 118 0 60 60 
169 170 70 0 124 80 0 86 76 265 0 52 29 23 24 572 344 367 585 0 0 107 0 118 0 60 60 
171 171 71 0 123 84 0 88 77 259 0 50 28 23 23 523 452 373 560 0 0 108 0 118 0 60 60 
174 179 70 0 124 87 0 84 75 258 0 51 28 24 24 493 468 362 612 0 0 100 0 118 0 60 60 
171 174 67 0 127 87 0 88 74 257 0 54 28 26 24 521 496 361 569 0 0 89 0 118 0 60 60 
169 170 71 0 129 85 0 84 73 257 0 51 28 24 24 539 353 377 519 0 0 83 0 118 0 60 60 
177 170 71 0 132 86 0 82 70 261 0 53 28 26 23 506 464 362 618 0 0 80 0 118 0 60 60 
171 177 74 0 132 88 0 84 70 261 0 53 29 26 24 555 489 329 549 0 0 81 0 118 0 59 60 
173 173 74 0 134 82 0 87 69 258 0 53 28 25 23 529 430 358 563 0 0 88 0 118 0 60 60 
168 170 69 0 135 80 0 84 69 258 0 51 29 25 23 538 376 349 544 0 0 81 0 118 0 61 60 
171 173 71 0 134 87 0 89 69 256 0 46 28 23 23 566 387 357 516 0 0 78 0 118 0 62 60 
174 174 73 0 132 87 0 91 71 258 0 37 28 23 22 539 418 369 527 0 0 82 0 118 0 62 60 
170 184 68 0 131 84 0 86 71 254 0 33 25 21 23 540 418 345 584 0 0 86 0 118 0 61 60 
178 166 66 0 129 83 0 87 70 258 0 35 28 19 23 560 417 340 560 0 0 85 0 118 0 61 60 
176 177 69 0 128 85 0 88 70 260 0 32 29 16 23 552 435 360 555 0 0 83 0 118 0 61 60 
172 181 66 0 129 86 0 83 69 260 0 34 28 14 22 560 369 349 571 0 0 88 0 118 0 61 60 
171 180 68 0 130 84 0 89 69 258 0 38 28 13 23 540 328 378 536 0 0 84 0 118 0 61 60 
176 167 64 0 132 87 0 81 68 259 0 42 27 15 24 527 395 318 522 0 0 89 0 118 0 61 60 
176 177 68 0 133 101 0 89 67 256 0 46 27 15 23 522 424 357 561 0 0 89 0 118 0 59 60 
171 174 70 0 132 99 0 85 68 257 0 52 28 15 23 509 376 343 509 0 0 91 0 118 0 59 60 
170 166 69 0 132 94 0 86 66 265 0 53 28 15 23 542 359 338 574 0 0 92 0 118 0 59 60 
171 167 67 0 131 92 0 86 67 267 0 53 27 20 23 565 405 352 501 0 0 90 0 118 0 59 60 
176 171 68 0 131 87 0 84 66 265 0 47 27 22 23 536 387 365 502 0 0 87 0 118 0 59 60 
175 166 65 0 129 83 0 93 67 261 0 45 27 21 22 566 416 348 626 0 0 84 0 118 0 59 60 
177 175 66 0 128 79 0 85 68 260 0 41 28 24 23 559 429 354 507 0 0 79 0 118 0 59 60 
173 174 69 0 128 84 0 87 68 258 0 35 28 24 23 567 441 355 594 0 0 77 0 118 0 59 60 
177 178 66 0 129 90 0 90 68 260 0 36 28 23 23 586 428 323 494 0 0 78 0 118 0 59 60 
176 176 66 0 129 92 0 79 68 260 0 31 27 23 22 498 374 328 548 0 0 78 0 118 0 60 60 
171 176 64 0 129 90 0 85 68 264 0 33 27 23 22 560 478 314 520 0 0 74 0 118 0 60 60 
170 169 66 0 129 96 0 90 68 259 0 33 27 22 22 522 421 358 577 0 0 70 0 118 0 60 60 
172 176 65 0 129 95 0 87 68 258 0 32 28 21 23 529 394 343 546 0 0 75 0 118 0 60 60 
170 173 65 0 129 89 0 83 69 261 0 31 27 21 24 519 281 335 595 0 0 85 0 118 0 60 60 
174 177 65 0 129 85 0 89 69 263 0 33 27 21 24 556 504 353 573 0 0 92 0 118 0 60 60 
172 167 67 0 129 84 0 94 68 261 0 34 26 20 23 550 413 342 608 0 0 94 0 118 0 59 60 
172 176 66 0 128 86 0 90 66 263 0 34 27 22 23 503 327 367 559 0 0 86 0 118 0 60 60 
170 176 68 0 128 85 0 92 66 262 0 32 27 24 22 546 421 317 573 0 0 84 0 118 0 60 60 
171 182 65 0 127 86 0 90 66 260 0 32 27 23 23 553 392 308 550 0 0 79 0 118 0 60 60 
176 166 67 0 126 88 0 86 65 259 0 33 26 24 23 544 435 337 549 0 0 74 0 118 0 61 60 
180 185 68 0 126 86 0 89 67 255 0 33 27 23 23 578 439 354 530 0 0 73 0 118 0 61 60 
170 176 68 0 126 79 0 92 67 250 0 34 28 23 23 581 440 338 556 0 0 75 0 118 0 61 60 
175 176 63 0 128 77 0 80 67 257 0 31 28 23 23 527 461 332 627 0 0 77 0 118 0 61 60 
173 169 64 0 128 83 0 84 67 262 0 33 29 21 23 517 359 356 518 0 0 81 0 118 0 61 60 
169 181 66 0 130 89 0 82 67 266 0 33 28 21 23 547 492 332 568 0 0 85 0 118 0 61 60 
174 169 68 0 131 88 0 80 67 260 0 35 29 23 24 548 460 313 589 0 0 88 0 118 0 61 60 
174 164 66 0 134 93 0 86 67 259 0 31 28 24 24 525 387 331 578 0 0 89 0 118 0 61 60 
175 168 64 0 135 96 0 85 68 257 0 34 28 22 23 499 440 353 477 0 0 93 0 118 0 60 60 
169 171 66 0 134 95 0 88 66 257 0 33 28 21 23 522 410 341 503 0 0 94 0 118 0 60 60 
174 164 68 0 134 87 0 90 67 256 0 32 27 21 23 486 433 306 528 0 0 94 0 118 0 60 60 
174 167 66 0 130 84 0 85 65 262 0 32 27 20 22 550 433 332 495 0 0 91 0 118 0 61 60 
176 173 67 0 130 87 0 85 67 259 0 33 27 22 22 560 462 335 515 0 0 88 0 118 0 61 60 
170 179 65 0 129 86 0 85 66 259 0 37 27 22 22 551 392 310 580 0 0 90 0 118 0 61 60 
169 175 63 0 129 85 0 85 66 254 0 35 27 23 22 566 422 323 540 0 0 83 0 118 0 61 60 
171 175 66 0 129 81 0 83 68 257 0 33 26 21 23 571 351 354 595 0 0 85 0 118 0 61 60 
171 171 67 0 129 85 0 88 66 258 0 31 27 20 23 529 375 332 569 0 0 84 0 118 0 60 60 
165 181 63 0 129 86 0 97 67 256 0 31 27 21 24 515 354 332 547 0 0 83 0 118 0 60 60 
175 171 64 0 129 86 0 83 67 260 0 32 28 24 23 549 357 339 599 0 0 83 0 118 0 60 60 
176 177 64 0 129 83 0 85 67 265 0 34 28 25 24 503 425 317 595 0 0 81 0 118 0 60 60 
172 170 67 0 130 87 0 86 67 263 0 34 27 28 23 533 381 315 505 0 0 84 0 118 0 59 60 
168 174 67 0 129 86 0 85 68 260 0 38 29 23 23 563 451 310 576 0 0 84 0 118 0 59 60 
171 175 64 0 129 87 0 86 68 258 0 39 29 26 22 532 440 339 573 0 0 88 0 118 0 59 60 
177 173 65 0 128 90 0 82 68 256 0 39 27 23 23 530 450 329 555 0 0 84 0 118 0 59 60 
170 167 68 0 128 94 0 89 68 259 0 37 28 21 23 519 400 324 533 0 0 80 0 118 0 59 60 
170 187 67 0 127 88 0 87 68 266 0 40 28 21 23 535 371 313 560 0 0 80 0 118 0 59 60 
173 173 66 0 126 86 0 89 67 267 0 42 29 20 24 558 463 321 583 0 0 77 0 118 0 58 60 
174 171 66 0 127 89 0 91 67 265 0 43 29 19 24 551 433 314 506 0 0 80 0 118 0 58 60 
173 172 63 0 127 86 0 88 67 260 0 45 28 18 24 578 433 333 546 0 0 84 0 118 0 57 60 
175 179 68 0 128 82 0 90 66 256 0 44 27 18 24 542 363 301 592 0 0 87 0 118 0 58 60 
177 166 66 0 128 81 0 85 66 256 0 43 26 21 23 573 415 339 543 0 0 84 0 118 0 58 60 
173 165 65 0 129 88 0 91 66 257 0 43 27 22 24 535 423 345 520 0 0 80 0 118 0 58 60 
172 170 65 0 129 89 0 88 67 257 0 42 28 22 26 534 436 304 587 0 0 74 0 118 0 58 60 
175 174 64 0 128 92 0 86 67 262 0 42 26 25 24 505 411 315 552 0 0 77 0 118 0 58 60 
172 168 66 0 126 94 0 86 68 261 0 43 27 28 24 506 382 300 538 0 0 75 0 118 0 57 60 
173 174 66 0 124 99 0 82 68 257 0 38 27 27 23 564 423 313 546 0 0 76 0 118 0 57 60 
176 174 63 0 124 94 0 82 66 260 0 36 26 28 23 526 328 321 514 0 0 76 0 118 0 57 60 
175 179 65 0 125 83 0 84 68 262 0 33 27 28 23 517 420 314 542 0 0 80 0 118 0 57 60 
176 171 65 0 128 79 0 88 66 260 0 32 26 24 22 535 396 314 491 0 0 83 0 118 0 57 60 
173 171 67 0 131 81 0 86 67 260 0 32 27 22 22 540 428 319 522 0 0 84 0 118 0 57 60 
175 175 64 0 133 82 0 88 67 261 0 30 26 21 22 568 414 307 567 0 0 86 0 118 0 57 60 
177 178 68 0 135 82 0 85 67 263 0 29 27 19 22 570 345 309 607 0 0 84 0 118 0 57 60 
175 169 65 0 135 87 0 89 67 261 0 29 27 20 22 545 447 300 551 0 0 86 0 118 0 57 60 
174 174 62 0 135 91 0 88 61 255 0 30 27 17 23 537 387 309 534 0 0 83 0 118 0 57 60 
176 170 65 0 134 91 0 81 67 251 0 30 28 15 22 543 451 316 541 0 0 78 0 118 0 57 60 
174 172 66 0 133 85 0 90 67 257 0 29 27 14 24 525 317 314 566 0 0 77 0 118 0 57 60 
175 184 62 0 130 81 0 83 66 260 0 28 28 16 23 489 323 290 607 0 0 76 0 118 0 57 60 
175 167 65 0 130 85 0 85 64 265 0 30 27 20 23 533 424 318 599 0 0 79 0 118 0 57 60 
172 170 64 0 129 83 0 90 66 262 0 29 26 23 24 515 435 293 539 0 0 83 0 118 0 57 60 
171 184 63 0 131 84 0 81 69 258 0 27 27 23 25 540 423 310 549 0 0 89 0 118 0 57 60 
167 179 64 0 132 90 0 92 67 251 0 28 28 26 24 527 487 301 568 0 0 94 0 118 0 57 60 
172 172 63 0 132 92 0 84 67 259 0 30 29 25 25 537 382 314 586 0 0 94 0 118 0 57 60 
170 173 60 0 132 89 0 89 67 258 0 27 28 24 24 554 340 316 584 0 0 98 0 118 0 57 60 
175 177 63 0 132 85 0 87 66 262 0 29 28 24 23 552 405 302 549 0 0 100 0 118 0 57 60 
173 169 66 0 132 85 0 77 67 263 0 30 27 24 23 558 384 284 521 0 0 92 0 118 0 57 60 
176 165 64 0 131 83 0 86 67 259 0 30 27 24 24 565 433 285 560 0 0 81 0 118 0 57 60 
175 167 66 0 130 80 0 82 68 254 0 30 28 26 23 534 416 318 535 0 0 78 0 118 0 57 60 
175 170 66 0 129 84 0 87 68 258 0 29 28 24 23 516 465 282 623 0 0 73 0 118 0 57 60 
169 169 66 0 128 87 0 88 67 256 0 29 27 22 23 527 435 292 495 0 0 67 0 118 0 57 60 
170 175 69 0 129 87 0 88 68 252 0 28 30 21 23 572 359 333 578 0 0 65 0 118 0 57 60 
173 176 63 0 129 82 0 86 69 259 0 33 29 18 23 527 346 308 529 0 0 66 0 118 0 57 60 
175 180 64 0 129 81 0 85 67 263 0 34 29 16 23 532 347 289 522 0 0 67 0 118 0 57 60 
170 174 65 0 128 86 0 90 66 262 0 35 28 17 23 514 347 298 504 0 0 75 0 118 0 57 60 
175 171 67 0 128 91 0 86 67 264 0 33 29 16 23 532 439 286 499 0 0 80 0 118 0 57 60 
176 169 66 0 129 88 0 83 66 258 0 36 28 19 23 567 429 282 485 0 0 82 0 118 0 57 60 
170 178 64 0 129 86 0 82 67 255 0 32 28 20 22 588 406 273 551 0 0 84 0 118 0 57 60 
172 173 65 0 129 95 0 88 66 259 0 33 28 22 23 565 426 337 529 0 0 85 0 118 0 58 60 
173 174 64 0 129 96 0 90 66 264 0 30 28 23 23 605 332 289 562 0 0 83 0 118 0 58 60 
176 175 67 0 128 90 0 85 67 265 0 34 27 23 23 520 422 308 549 0 0 89 0 118 0 59 60 
171 175 65 0 126 83 0 89 67 262 0 32 29 23 23 516 414 278 577 0 0 94 0 118 0 59 60 
173 182 66 0 125 83 0 87 67 262 0 34 28 24 23 513 368 292 585 0 0 89 0 118 0 59 60 
172 162 65 0 126 81 0 87 68 258 0 35 28 25 24 560 367 282 576 0 0 83 0 118 0 59 60 
174 176 64 0 126 79 0 88 68 259 0 36 28 24 24 547 451 272 568 0 0 79 0 118 0 59 60 
171 179 65 0 128 78 0 93 68 257 0 36 28 25 23 547 388 310 555 0 0 75 0 118 0 58 60 
176 175 66 0 128 83 0 85 66 259 0 36 28 23 23 485 404 284 574 0 0 72 0 118 0 57 60 
176 172 64 0 129 86 0 82 66 265 0 35 28 23 23 542 401 299 559 0 0 78 0 118 0 58 60 
177 176 65 0 132 89 0 88 66 256 0 35 29 21 24 512 423 270 531 0 0 76 0 118 0 57 60 
170 178 66 0 134 92 0 83 66 259 0 34 27 21 24 525 374 280 501 0 0 77 0 118 0 56 60 
169 164 65 0 136 94 0 89 66 263 0 30 27 21 24 568 459 281 494 0 0 77 0 118 0 57 60 
171 168 64 0 136 92 0 82 67 263 0 33 28 21 25 550 462 269 597 0 0 76 0 118 0 58 60 
174 172 64 0 135 89 0 86 67 262 0 31 28 21 23 599 449 279 563 0 0 85 0 118 0 57 60 
175 165 64 0 132 88 0 92 68 263 0 33 29 19 23 527 422 286 560 0 0 82 0 118 0 57 60 
172 171 66 0 132 86 0 82 67 263 0 31 28 20 24 553 398 278 518 0 0 85 0 118 0 58 60 
177 170 64 0 130 84 0 85 66 263 0 32 28 20 23 526 388 310 520 0 0 84 0 118 0 58 60 
173 174 66 0 129 81 0 85 68 264 0 34 28 20 24 539 415 276 602 0 0 83 0 118 0 57 60 
174 178 68 0 129 81 0 86 67 256 0 35 28 18 23 521 410 272 533 0 0 80 0 118 0 57 60 
175 173 65 0 129 85 0 83 68 246 0 37 27 20 23 522 440 309 501 0 0 77 0 118 0 58 60 
174 170 63 0 129 87 0 84 69 249 0 38 27 21 22 493 437 267 555 0 0 80 0 118 0 57 60 
170 170 66 0 130 86 0 93 68 260 0 38 28 22 24 540 372 293 520 0 0 81 0 118 0 57 60 
173 178 60 0 130 91 0 83 68 257 0 38 29 21 25 538 431 277 515 0 0 82 0 118 0 57 60 
174 175 65 0 130 88 0 86 67 264 0 36 30 21 24 547 406 258 541 0 0 79 0 118 0 57 60 
173 171 65 0 129 85 0 94 66 257 0 35 29 22 23 533 407 275 524 0 0 73 0 118 0 58 60 
173 173 63 0 128 85 0 93 66 241 0 34 28 20 24 559 464 276 509 0 0 69 0 118 0 59 60 
171 174 66 0 127 90 0 88 67 248 0 30 28 23 24 569 349 240 559 0 0 68 0 118 0 59 60 
172 182 63 0 126 91 0 87 66 257 0 32 29 23 24 586 367 268 564 0 0 73 0 118 0 59 60 
173 166 64 0 126 86 0 92 66 261 0 29 29 22 24 508 376 282 549 0 0 73 0 118 0 60 60 
170 174 66 0 125 81 0 83 66 260 0 29 28 24 24 559 453 272 496 0 0 78 0 118 0 60 60 
175 177 67 0 125 84 0 81 67 263 0 30 28 23 24 513 400 269 571 0 0 84 0 118 0 60 60 
172 177 66 0 125 83 0 87 67 262 0 32 28 22 24 525 335 260 577 0 0 86 0 118 0 60 60 
171 171 67 0 125 77 0 88 67 261 0 34 28 21 24 527 365 287 552 0 0 89 0 118 0 60 60 
171 176 65 0 127 74 0 84 68 259 0 34 28 18 23 511 434 258 572 0 0 92 0 118 0 60 60 
171 173 61 0 128 81 0 81 68 257 0 35 27 20 23 521 480 275 608 0 0 96 0 118 0 60 60 
170 166 61 0 129 94 0 81 69 260 0 35 28 21 25 540 354 262 512 0 0 97 0 118 0 59 60 
173 168 63 0 128 101 0 86 66 263 0 31 27 24 24 534 445 276 597 0 0 92 0 118 0 58 60 
174 171 60 0 126 109 0 91 67 263 0 29 29 24 25 522 448 259 617 0 0 84 0 118 0 59 60 
172 166 65 0 123 117 0 89 67 260 0 33 29 25 23 546 383 279 536 0 0 72 0 118 0 58 60 
171 169 61 0 123 120 0 86 67 259 0 28 29 25 23 533 378 256 528 0 0 70 0 118 0 58 60 
174 173 63 0 125 107 0 88 67 256 0 30 27 24 23 550 412 234 552 0 0 72 0 118 0 58 60 
172 173 64 0 127 92 0 86 67 260 0 27 28 24 23 557 438 270 598 0 0 71 0 118 0 57 60 
175 178 65 0 130 84 0 91 68 262 0 29 27 25 24 540 488 278 552 0 0 75 0 118 0 57 60 
175 172 63 0 132 79 0 82 67 266 0 30 29 28 23 542 361 258 509 0 0 79 0 118 0 57 60 
172 169 66 0 134 74 0 85 67 263 0 32 29 24 22 526 315 273 589 0 0 80 0 118 0 57 60 
172 174 65 0 136 77 0 89 68 259 0 28 30 24 23 530 368 264 575 0 0 78 0 118 0 57 60 
169 172 66 0 136 79 0 83 68 257 0 31 29 23 24 516 378 276 521 0 0 81 0 118 0 57 60 
171 175 64 0 135 77 0 90 66 259 0 31 30 20 23 509 413 251 523 0 0 78 0 118 0 57 60 
172 171 65 0 134 77 0 85 67 257 0 30 29 18 23 526 416 253 485 0 0 80 0 118 0 57 60 
174 172 64 0 131 78 0 90 67 259 0 30 30 14 23 555 406 275 520 0 0 83 0 118 0 57 60 
172 178 67 0 130 78 0 84 67 264 0 30 30 13 24 565 357 251 561 0 0 85 0 118 0 57 60 
171 177 65 0 129 72 0 79 68 259 0 30 29 14 24 576 326 265 517 0 0 81 0 118 0 57 60 
171 170 63 0 130 73 0 87 69 259 0 28 29 14 24 542 458 240 547 0 0 77 0 118 0 57 60 
173 185 64 0 131 78 0 90 68 259 0 30 29 13 23 517 362 265 533 0 0 77 0 118 0 57 60 
174 179 65 0 132 91 0 89 67 263 0 30 30 16 23 554 458 261 589 0 0 76 0 118 0 58 60 
173 174 63 0 132 96 0 87 66 262 0 29 30 16 24 535 402 267 586 0 0 80 0 118 0 58 60 
173 176 63 0 132 99 0 91 65 259 0 28 30 19 24 547 383 252 544 0 0 84 0 118 0 58 60 
173 176 64 0 131 101 0 91 66 261 0 30 29 23 23 542 443 272 587 0 0 84 0 118 0 60 60 
174 171 63 0 132 96 0 84 67 259 0 29 31 22 22 540 440 276 534 0 0 78 0 118 0 60 60 
175 162 63 0 130 87 0 91 68 258 0 30 30 23 23 529 399 248 621 0 0 77 0 118 0 61 60 
174 171 67 0 128 82 0 86 67 250 0 29 30 23 24 518 380 292 561 0 0 79 0 118 0 61 60 
179 170 66 0 128 87 0 83 68 250 0 31 30 23 22 527 409 239 558 0 0 79 0 118 0 61 60 
176 168 69 0 129 83 0 86 67 251 0 31 29 22 23 523 398 246 571 0 0 80 0 118 0 61 60 
169 170 69 0 130 78 0 82 66 258 0 33 29 24 23 580 489 243 496 0 0 75 0 118 0 61 60 
169 174 65 0 130 76 0 82 67 263 0 32 28 22 24 556 424 242 562 0 0 76 0 118 0 61 60 
175 175 70 0 128 81 0 79 67 263 0 33 30 20 24 583 368 274 596 0 0 84 0 118 0 59 60 
171 176 66 0 129 82 0 83 67 256 0 34 28 19 24 558 378 267 595 0 0 86 0 118 0 59 60 
172 171 67 0 127 80 0 92 68 257 0 35 30 20 24 522 441 236 537 0 0 84 0 118 0 60 60 
173 171 65 0 129 76 0 89 68 257 0 36 30 21 24 534 430 264 533 0 0 83 0 118 0 61 60 
177 175 62 0 129 80 0 85 67 256 0 36 30 22 23 549 357 223 609 0 0 82 0 118 0 62 60 
171 172 63 0 129 86 0 92 67 263 0 33 28 24 23 539 413 259 517 0 0 78 0 118 0 62 60 
175 174 62 0 128 93 0 89 67 264 0 33 29 25 23 558 387 264 523 0 0 74 0 118 0 62 60 
173 173 58 0 127 102 0 88 67 260 0 34 30 24 24 548 412 242 605 0 0 74 0 118 0 63 60 
174 172 61 0 126 105 0 91 67 259 0 32 31 23 24 544 340 279 618 0 0 70 0 118 0 63 60 
171 179 64 0 127 98 0 86 68 258 0 31 30 21 24 523 424 263 549 0 0 67 0 118 0 62 60 
172 174 65 0 127 89 0 86 68 257 0 30 30 20 23 522 445 257 579 0 0 73 0 118 0 60 60 
172 171 65 0 128 84 0 82 67 256 0 30 29 23 23 553 385 250 539 0 0 70 0 118 0 60 60 
174 183 63 0 129 80 0 82 67 257 0 32 30 21 24 550 360 230 526 0 0 71 0 118 0 59 60 
171 179 64 0 131 76 0 88 66 263 0 30 30 23 24 552 433 268 541 0 0 76 0 118 0 59 60 
172 172 65 0 133 75 0 87 67 262 0 29 30 23 23 558 476 246 516 0 0 78 0 118 0 60 60 
173 174 63 0 134 83 0 84 67 259 0 28 29 21 22 572 420 221 566 0 0 81 0 118 0 60 60 
173 176 64 0 136 90 0 87 67 257 0 30 27 21 22 546 426 259 559 0 0 81 0 118 0 60 60 
172 170 63 0 137 95 0 83 66 257 0 31 28 21 23 517 390 213 509 0 0 89 0 118 0 60 60 
176 163 62 0 136 95 0 83 67 258 0 33 29 21 23 514 384 225 590 0 0 99 0 118 0 60 60 
175 172 61 0 134 96 0 80 66 261 0 31 28 23 23 546 424 224 569 0 0 100 0 118 0 60 60 
173 169 64 0 134 95 0 86 68 265 0 36 29 23 23 548 459 204 568 0 0 91 0 118 0 60 60 
176 169 64 0 132 86 0 91 68 264 0 38 29 22 24 531 406 217 537 0 0 83 0 118 0 61 60 
174 168 64 0 130 84 0 85 67 258 0 44 29 22 24 528 356 262 558 0 0 80 0 118 0 60 60 
176 172 66 0 129 85 0 91 68 257 0 50 29 21 23 500 441 245 571 0 0 76 0 118 0 60 60 
173 176 65 0 129 84 0 87 67 257 0 51 29 23 24 539 451 252 557 0 0 78 0 118 0 60 60 
175 173 69 0 129 81 0 86 67 256 0 51 29 23 23 550 398 245 618 0 0 79 0 118 0 61 60 
173 170 66 0 130 81 0 87 66 259 0 50 28 27 23 548 464 217 528 0 0 79 0 118 0 60 60 
169 172 63 0 129 86 0 89 66 261 0 49 29 26 23 596 408 224 597 0 0 83 0 118 0 60 60 
175 178 64 0 130 87 0 81 66 260 0 46 29 27 24 520 466 251 604 0 0 84 0 118 0 60 60 
172 174 66 0 129 81 0 81 65 259 0 43 29 23 23 539 291 240 585 0 0 82 0 118 0 60 60 
174 172 67 0 128 80 0 85 66 264 0 41 29 25 23 549 395 235 573 0 0 83 0 118 0 59 60 
173 172 65 0 127 83 0 91 67 262 0 39 27 21 22 548 432 246 527 0 0 85 0 118 0 59 60 
171 170 63 0 127 87 0 87 68 261 0 36 29 20 22 522 379 227 600 0 0 82 0 118 0 59 60 
172 183 68 0 128 84 0 84 68 259 0 34 29 21 24 567 379 216 555 0 0 80 0 118 0 60 60 
173 167 64 0 127 84 0 86 68 260 0 32 28 19 24 536 433 241 547 0 0 80 0 118 0 60 60 
173 172 66 0 126 88 0 88 69 263 0 31 29 19 22 547 451 252 566 0 0 77 0 118 0 60 60 
169 187 65 0 126 89 0 87 67 257 0 31 28 20 24 477 331 282 536 0 0 76 0 118 0 60 60 
171 177 67 0 126 85 0 86 65 253 0 29 29 22 24 532 364 253 514 0 0 78 0 118 0 60 60 
168 168 66 0 128 83 0 84 66 254 0 31 30 21 23 522 381 256 555 0 0 79 0 118 0 60 60 
171 177 68 0 129 86 0 86 65 253 0 30 29 24 23 538 415 234 551 0 0 79 0 118 0 60 60 
175 177 69 0 130 88 0 84 68 258 0 30 29 27 23 558 485 233 539 0 0 72 0 118 0 60 60 
174 165 65 0 128 88 0 88 66 264 0 31 29 28 23 538 392 253 525 0 0 69 0 118 0 60 60 
170 161 65 0 126 90 0 86 67 258 0 29 28 28 24 530 362 248 547 0 0 68 0 118 0 60 60 
171 170 63 0 124 95 0 85 67 256 0 28 30 27 23 519 479 268 563 0 0 69 0 118 0 60 60 
167 169 66 0 123 89 0 89 66 257 0 31 29 26 22 547 383 247 585 0 0 75 0 118 0 61 60 
173 167 69 0 125 83 0 92 67 260 0 29 30 23 23 559 417 225 596 0 0 77 0 118 0 61 60 
173 170 63 0 127 80 0 90 67 258 0 29 31 23 22 593 429 238 531 0 0 76 0 118 0 60 60 
174 176 64 0 129 79 0 83 69 265 0 27 30 21 22 520 395 250 555 0 0 73 0 118 0 60 60 
171 179 65 0 131 74 0 86 69 263 0 29 29 19 23 528 457 224 621 0 0 77 0 118 0 60 60 
175 172 70 0 132 76 0 84 68 260 0 30 30 18 23 535 406 236 623 0 0 79 0 118 0 61 60 
177 172 66 0 134 86 0 84 68 257 0 29 31 16 23 551 484 264 523 0 0 82 0 118 0 61 60 
172 171 64 0 134 97 0 86 66 257 0 30 30 14 23 583 421 261 548 0 0 84 0 118 0 61 60 
171 175 64 0 134 99 0 85 67 257 0 29 30 16 23 541 422 254 556 0 0 88 0 118 0 62 60 
176 175 68 0 131 93 0 85 66 255 0 29 28 18 22 577 493 242 567 0 0 86 0 118 0 62 60 
174 173 68 0 130 93 0 86 67 256 0 29 29 20 23 537 473 263 583 0 0 83 0 118 0 63 60 
170 176 68 0 129 87 0 91 68 261 0 30 29 24 23 531 345 268 551 0 0 79 0 118 0 63 60 
175 176 63 0 128 78 0 99 66 262 0 27 28 24 23 525 413 241 581 0 0 74 0 118 0 63 60 
177 187 65 0 130 75 0 91 67 257 0 29 29 25 22 552 436 276 502 0 0 74 0 118 0 63 60 
174 166 67 0 131 82 0 93 66 256 0 30 29 24 24 528 388 273 578 0 0 76 0 118 0 63 60 
170 173 65 0 132 85 0 87 66 255 0 28 29 24 24 542 388 270 595 0 0 80 0 118 0 63 60 
171 183 66 0 133 90 0 87 67 257 0 26 30 25 23 537 414 267 523 0 0 79 0 118 0 63 60 
174 179 65 0 133 90 0 91 67 265 0 28 30 25 22 567 383 273 570 0 0 79 0 118 0 63 60 
171 171 64 0 133 92 0 80 68 263 0 28 30 25 24 524 436 282 610 0 0 84 0 118 0 63 60 
169 176 63 0 132 94 0 82 68 260 0 28 29 24 24 559 421 249 527 0 0 88 0 118 0 63 60 
174 178 64 0 130 89 0 88 69 258 0 29 30 23 24 550 490 265 521 0 0 89 0 118 0 63 60 
171 167 66 0 128 87 0 77 66 258 0 29 31 21 24 566 426 285 566 0 0 91 0 118 0 63 60 
171 162 63 0 127 90 0 84 67 257 0 28 31 19 25 548 470 263 510 0 0 87 0 118 0 63 60 
177 175 67 0 128 86 0 87 66 259 0 30 31 17 23 562 389 273 560 0 0 85 0 118 0 64 60 
174 167 66 0 129 83 0 89 65 261 0 29 30 16 23 556 413 278 521 0 0 79 0 118 0 64 60 
175 168 65 0 129 84 0 87 66 259 0 28 29 16 24 475 455 274 583 0 0 77 0 118 0 63 60 
174 172 67 0 128 84 0 85 67 260 0 31 29 17 23 527 451 261 555 0 0 74 0 118 0 63 60 
175 175 63 0 129 85 0 89 67 258 0 29 29 18 22 526 396 280 553 0 0 73 0 118 0 64 60 
173 176 66 0 129 82 0 83 67 263 0 30 29 21 23 525 441 277 650 0 0 77 0 118 0 63 60 
174 174 65 0 130 82 0 85 67 261 0 28 31 22 22 515 440 249 526 0 0 78 0 118 0 63 60 
175 168 64 0 130 82 0 87 67 259 0 30 30 21 22 509 433 280 577 0 0 78 0 118 0 62 60 
174 173 66 0 129 81 0 88 67 261 0 30 30 21 23 551 473 252 550 0 0 73 0 118 0 62 60 
175 172 64 0 127 81 0 85 68 260 0 32 32 21 23 526 420 258 544 0 0 80 0 118 0 61 60 
171 176 64 0 126 83 0 92 66 259 0 29 30 23 24 537 400 255 574 0 0 83 0 118 0 61 60 
176 173 66 0 124 90 0 85 67 252 0 32 29 23 23 543 358 288 529 0 0 83 0 118 0 61 60 
175 173 64 0 125 92 0 85 67 251 0 29 29 24 24 577 403 282 556 0 0 85 0 118 0 62 60 
173 169 63 0 126 94 0 86 69 251 0 32 28 24 23 560 419 262 589 0 0 77 0 118 0 63 60 
172 180 64 0 126 94 0 85 68 259 0 31 31 23 22 534 396 268 573 0 0 75 0 118 0 63 60 
173 166 65 0 127 92 0 83 68 261 0 31 30 20 23 520 436 273 601 0 0 75 0 118 0 63 60 
176 171 66 0 130 85 0 84 67 263 0 31 31 21 23 516 459 276 553 0 0 70 0 118 0 63 60 
170 182 68 0 133 80 0 86 65 257 0 30 30 21 25 558 438 277 534 0 0 72 0 118 0 63 60 
174 177 63 0 134 82 0 91 66 257 0 29 30 22 25 554 395 291 543 0 0 81 0 118 0 62 60 
172 167 66 0 136 90 0 85 66 258 0 30 31 23 24 492 362 278 585 0 0 86 0 118 0 62 60 
171 177 65 0 136 90 0 94 66 260 0 29 30 22 24 533 491 265 528 0 0 92 0 118 0 61 60 
167 173 64 0 135 91 0 92 68 265 0 30 29 21 24 509 405 299 602 0 0 96 0 118 0 61 60 
174 168 65 0 133 93 0 85 66 263 0 30 31 20 22 517 339 291 546 0 0 98 0 118 0 61 60 
172 164 64 0 131 89 0 86 67 260 0 29 30 21 24 530 467 285 523 0 0 90 0 118 0 61 60 
171 173 66 0 130 82 0 83 68 260 0 31 31 20 22 532 472 286 525 0 0 86 0 118 0 60 60 
174 167 63 0 130 79 0 87 67 257 0 29 30 18 22 583 303 281 576 0 0 82 0 118 0 60 60 
174 168 63 0 128 82 0 89 67 256 0 31 30 20 22 558 452 297 487 0 0 74 0 118 0 60 60 
171 167 65 0 129 88 0 79 67 255 0 32 29 21 22 518 452 287 490 0 0 75 0 118 0 60 60 
168 174 62 0 130 87 0 83 67 257 0 34 30 19 23 505 398 289 556 0 0 75 0 118 0 60 60 
172 172 66 0 129 88 0 83 67 261 0 35 30 21 23 543 432 298 594 0 0 74 0 118 0 60 60 
170 177 65 0 131 92 0 85 68 259 0 36 30 22 23 520 426 271 557 0 0 74 0 118 0 60 60 
171 171 66 0 130 89 0 85 66 258 0 39 31 20 23 558 426 280 576 0 0 74 0 118 0 61 60 
169 174 65 0 129 85 0 86 67 256 0 38 29 22 24 500 444 288 579 0 0 78 0 118 0 63 60 
179 176 66 0 129 82 0 89 68 256 0 34 30 23 23 570 412 303 550 0 0 73 0 118 0 64 60 
168 173 68 0 128 91 0 87 67 261 0 31 30 22 23 514 368 276 564 0 0 70 0 118 0 63 60 
175 170 66 0 128 91 0 89 68 265 0 31 30 25 22 538 417 272 602 0 0 68 0 118 0 63 60 
177 172 65 0 127 91 0 89 67 264 0 30 30 22 23 561 365 275 570 0 0 73 0 118 0 64 60 
177 169 63 0 127 89 0 87 67 262 0 29 31 23 22 540 391 280 533 0 0 77 0 118 0 63 60 
176 180 66 0 127 90 0 83 67 260 0 29 30 21 23 521 393 263 567 0 0 82 0 118 0 63 60 
172 174 67 0 127 88 0 90 65 257 0 30 32 19 23 547 464 293 579 0 0 88 0 118 0 63 60 
177 169 66 0 128 84 0 85 67 259 0 32 30 17 24 546 450 308 573 0 0 85 0 118 0 64 60 
173 182 65 0 130 83 0 83 66 260 0 30 31 18 23 561 470 295 559 0 0 88 0 118 0 62 60 
178 182 63 0 130 85 0 83 66 263 0 30 30 21 23 529 430 307 540 0 0 93 0 118 0 62 60 
177 175 67 0 129 83 0 90 67 261 0 31 29 22 24 537 405 276 544 0 0 94 0 118 0 61 60 
176 174 68 0 128 81 0 89 67 261 0 29 29 25 23 519 394 291 597 0 0 95 0 118 0 60 60 
172 174 64 0 126 84 0 80 66 258 0 31 30 24 23 530 421 268 504 0 0 96 0 118 0 60 60 
171 170 67 0 124 87 0 87 67 264 0 31 31 25 24 536 404 277 571 0 0 96 0 118 0 60 60 
172 164 64 0 125 87 0 86 66 264 0 29 33 22 24 555 407 300 527 0 0 91 0 118 0 60 60 
178 173 67 0 126 86 0 79 68 259 0 31 33 27 23 511 428 273 589 0 0 83 0 118 0 59 60 
170 174 64 0 128 91 0 87 67 261 0 28 33 25 23 551 397 290 578 0 0 78 0 118 0 59 60 
173 172 63 0 131 89 0 85 67 258 0 29 32 24 23 548 385 301 563 0 0 72 0 118 0 59 60 
175 168 64 0 133 83 0 90 67 260 0 28 32 22 24 554 363 283 510 0 0 69 0 118 0 59 60 
173 173 63 0 134 81 0 85 67 253 0 29 30 23 23 567 437 306 564 0 0 77 0 118 0 60 60 
171 175 65 0 136 89 0 81 68 251 0 31 31 21 23 520 357 290 540 0 0 78 0 118 0 60 60 
170 178 64 0 136 94 0 91 65 250 0 27 32 19 22 537 400 279 552 0 0 78 0 118 0 60 60 
176 172 64 0 134 83 0 88 67 257 0 28 31 18 23 546 385 302 523 0 0 76 0 118 0 61 60 
173 174 65 0 132 83 0 84 65 260 0 29 30 14 23 513 361 280 544 0 0 76 0 118 0 61 60 
172 177 62 0 131 85 0 86 64 261 0 28 30 13 23 501 416 290 588 0 0 79 0 118 0 61 60 
172 176 67 0 130 83 0 80 67 256 0 28 29 14 23 546 382 316 594 0 0 81 0 118 0 61 60 
176 173 66 0 129 78 0 84 66 257 0 28 29 15 24 496 452 299 565 0 0 82 0 118 0 61 60 
171 175 65 0 130 82 0 82 67 258 0 31 31 13 23 514 478 292 563 0 0 78 0 118 0 62 60 
171 175 67 0 131 88 0 89 68 260 0 35 29 16 23 509 453 257 570 0 0 78 0 118 0 63 60 
176 179 64 0 132 89 0 93 68 262 0 28 31 17 23 498 462 304 592 0 0 78 0 118 0 63 60 
176 178 65 0 132 90 0 85 68 262 0 29 31 21 24 522 337 292 577 0 0 78 0 118 0 64 60 
176 169 64 0 132 90 0 87 67 262 0 29 31 21 23 567 434 278 539 0 0 85 0 118 0 64 60 
175 181 66 0 132 91 0 89 66 257 0 28 30 23 22 556 417 307 572 0 0 89 0 118 0 64 60 
169 179 66 0 130 89 0 90 66 258 0 30 30 26 23 549 455 282 606 0 0 87 0 118 0 65 60 
170 175 63 0 128 80 0 83 67 257 0 31 29 23 23 518 413 304 592 0 0 87 0 118 0 64 60 
176 175 66 0 128 77 0 84 66 256 0 30 29 23 22 503 445 320 548 0 0 87 0 118 0 64 60 
177 175 64 0 129 82 0 91 65 256 0 31 31 22 24 544 357 290 617 0 0 88 0 118 0 65 60 
175 172 62 0 129 83 0 89 67 263 0 33 31 23 24 532 374 291 532 0 0 87 0 118 0 64 60 
171 164 65 0 129 82 0 85 66 259 0 31 30 22 23 573 425 296 564 0 0 86 0 118 0 64 60 
171 169 63 0 129 82 0 89 67 258 0 31 29 20 24 530 455 295 584 0 0 87 0 118 0 64 60 
175 173 68 0 129 86 0 86 67 255 0 35 29 21 23 548 355 289 555 0 0 81 0 118 0 65 60 
168 170 63 0 130 84 0 87 68 252 0 40 28 20 22 522 424 279 508 0 0 80 0 118 0 65 60 
171 170 63 0 130 84 0 88 68 259 0 39 30 21 23 524 375 267 543 0 0 78 0 118 0 64 60 
173 168 66 0 130 83 0 86 66 264 0 40 30 20 24 592 398 301 527 0 0 79 0 118 0 65 60 
175 171 62 0 130 88 0 89 67 266 0 39 31 24 23 582 315 261 541 0 0 80 0 118 0 65 60 
170 177 65 0 129 88 0 85 67 266 0 37 31 26 23 549 390 266 544 0 0 82 0 118 0 64 60 
173 173 63 0 127 88 0 86 67 258 0 37 30 23 23 574 372 269 480 0 0 83 0 118 0 63 60 
170 169 65 0 126 92 0 85 67 259 0 33 31 22 24 547 430 281 542 0 0 79 0 118 0 62 60 
170 171 63 0 126 94 0 85 67 259 0 28 30 21 24 564 400 261 586 0 0 77 0 118 0 62 60 
172 173 65 0 127 87 0 89 67 260 0 28 28 21 23 509 330 263 573 0 0 69 0 118 0 62 60 
171 173 64 0 126 82 0 86 68 257 0 30 29 21 24 545 423 276 582 0 0 68 0 118 0 62 60 
171 171 63 0 127 80 0 88 65 262 0 29 30 19 23 543 408 302 577 0 0 67 0 118 0 62 60 
170 177 63 0 129 81 0 90 65 258 0 29 29 23 23 510 429 285 569 0 0 68 0 118 0 63 60 
179 173 63 0 132 79 0 91 66 258 0 31 31 22 23 545 395 284 568 0 0 73 0 118 0 63 60 
172 186 60 0 134 80 0 91 66 262 0 33 30 22 24 549 349 260 619 0 0 73 0 118 0 64 60 
174 162 66 0 136 92 0 89 68 260 0 33 30 20 24 528 350 251 625 0 0 80 0 118 0 64 60 
175 176 66 0 135 99 0 87 68 261 0 33 30 20 23 580 395 257 547 0 0 88 0 118 0 64 60 
172 178 64 0 136 100 0 86 68 264 0 34 30 22 24 553 401 270 557 0 0 94 0 118 0 64 60 
168 181 65 0 135 93 0 86 68 262 0 32 30 21 23 571 443 290 580 0 0 97 0 118 0 63 60 
172 167 62 0 134 87 0 79 68 260 0 33 30 23 22 586 480 276 611 0 0 101 0 118 0 63 60 
175 173 63 0 131 82 0 88 68 252 0 31 29 21 23 543 439 275 591 0 0 98 0 118 0 63 60 
171 174 64 0 131 86 0 83 66 250 0 28 30 21 23 538 458 278 590 0 0 95 0 118 0 63 60 
173 166 65 0 130 91 0 87 67 250 0 30 29 22 23 529 395 251 591 0 0 90 0 118 0 63 60 
176 164 64 0 129 100 0 82 67 260 0 29 30 25 22 578 473 254 607 0 0 83 0 118 0 63 60 
177 175 65 0 130 98 0 86 67 263 0 29 30 26 23 536 410 242 552 0 0 84 0 118 0 63 60 
176 163 66 0 131 92 0 89 67 262 0 31 31 29 23 529 358 265 503 0 0 80 0 118 0 64 60 
177 173 61 0 131 88 0 86 67 256 0 29 30 25 24 515 526 292 550 0 0 80 0 118 0 64 60 
179 170 65 0 131 88 0 88 66 256 0 31 31 26 23 528 434 244 551 0 0 77 0 118 0 64 60 
174 175 63 0 129 84 0 85 67 260 0 29 31 23 25 495 449 270 566 0 0 82 0 118 0 64 60 
171 178 66 0 128 79 0 85 67 260 0 28 32 23 24 542 357 251 572 0 0 74 0 118 0 65 60 
172 174 68 0 128 79 0 86 68 264 0 30 30 20 25 538 435 267 615 0 0 70 0 118 0 64 60 
171 167 62 0 128 83 0 89 66 265 0 27 32 23 23 590 419 249 574 0 0 74 0 118 0 65 60 
171 172 71 0 128 88 0 90 68 262 0 30 31 19 24 566 424 246 539 0 0 75 0 118 0 65 60 
174 173 67 0 128 89 0 86 67 256 0 28 31 18 22 527 432 264 508 0 0 77 0 118 0 65 60 
172 172 66 0 127 94 0 86 67 258 0 28 31 20 24 509 278 249 562 0 0 76 0 118 0 64 60 
174 168 71 0 127 95 0 86 68 257 0 30 31 21 24 537 414 253 540 0 0 77 0 118 0 65 60 
170 176 63 0 127 88 0 84 67 252 0 28 31 19 22 536 422 276 589 0 0 75 0 118 0 65 60 
175 171 70 0 128 76 0 87 69 257 0 29 30 23 23 515 400 224 574 0 0 74 0 118 0 65 60 
176 186 64 0 130 77 0 94 66 260 0 30 30 29 23 552 397 257 577 0 0 77 0 118 0 64 60 
172 163 61 0 130 86 0 89 66 260 0 29 31 30 23 522 452 261 543 0 0 82 0 118 0 64 60 
173 174 62 0 130 92 0 87 67 258 0 27 29 29 22 560 425 242 510 0 0 88 0 118 0 64 60 
177 183 61 0 128 98 0 84 66 255 0 29 29 29 22 531 526 257 535 0 0 87 0 118 0 64 60 
171 179 63 0 126 101 0 85 67 256 0 29 30 29 23 499 451 263 633 0 0 84 0 118 0 64 60 
169 170 63 0 125 105 0 87 66 262 0 29 30 23 23 589 353 253 556 0 0 84 0 118 0 64 60 
173 177 63 0 125 97 0 86 67 267 0 25 30 23 23 522 428 261 544 0 0 80 0 118 0 64 60 
172 176 65 0 126 87 0 91 67 267 0 27 30 21 23 575 375 268 610 0 0 79 0 118 0 64 60 
170 170 64 0 127 78 0 98 67 264 0 30 29 20 25 539 386 259 565 0 0 80 0 118 0 63 60 
168 163 64 0 131 80 0 85 68 259 0 27 29 19 23 551 379 239 611 0 0 79 0 118 0 63 60 
174 177 66 0 133 78 0 86 66 256 0 27 28 17 23 502 458 256 595 0 0 83 0 118 0 64 60 
177 167 63 0 135 81 0 86 68 257 0 28 29 14 22 522 430 239 618 0 0 81 0 118 0 64 60 
171 170 64 0 135 85 0 83 66 260 0 27 29 14 23 549 343 198 557 0 0 85 0 118 0 64 60 
173 168 61 0 135 86 0 85 66 263 0 28 30 19 23 519 449 246 540 0 0 88 0 118 0 63 60 
168 176 61 0 133 85 0 76 68 260 0 26 29 20 22 522 510 239 542 0 0 89 0 118 0 63 60 
172 177 61 0 131 91 0 85 66 259 0 28 29 24 23 513 443 233 626 0 0 86 0 118 0 63 60 
173 178 65 0 129 96 0 87 68 261 0 27 30 26 24 547 429 253 543 0 0 80 0 118 0 63 60 
174 171 64 0 129 88 0 82 67 262 0 25 29 27 24 505 410 248 575 0 0 75 0 118 0 61 60 
172 173 62 0 128 81 0 89 67 260 0 28 29 25 22 590 481 232 528 0 0 70 0 118 0 62 60 
169 175 65 0 129 81 0 86 68 259 0 28 28 25 23 556 352 236 558 0 0 68 0 118 0 62 60 
172 172 63 0 129 86 0 85 66 262 0 31 29 26 24 540 476 224 560 0 0 68 0 118 0 63 60 
175 173 67 0 131 87 0 89 67 258 0 28 32 24 23 543 364 237 483 0 0 66 0 118 0 64 60 
172 174 68 0 132 86 0 82 68 257 0 27 30 25 21 535 391 222 523 0 0 67 0 118 0 64 60 
171 171 65 0 133 84 0 89 68 252 0 27 29 24 23 569 491 227 627 0 0 71 0 118 0 64 60 
174 178 66 0 133 89 0 85 66 250 0 30 28 24 19 537 420 248 525 0 0 71 0 118 0 65 60 
172 172 62 0 130 88 0 85 67 254 0 26 29 21 24 544 421 249 587 0 0 76 0 118 0 65 60 
169 170 65 0 130 84 0 88 68 262 0 28 30 21 19 547 473 273 560 0 0 80 0 118 0 65 60 
175 184 68 0 129 80 0 85 66 262 0 29 28 18 23 542 358 243 573 0 0 83 0 118 0 63 60 
172 177 65 0 129 86 0 86 67 261 0 27 29 16 23 495 392 235 545 0 0 90 0 118 0 63 60 
171 173 66 0 130 87 0 89 67 260 0 28 28 16 23 522 417 230 619 0 0 91 0 118 0 63 60 
171 171 64 0 131 82 0 87 68 255 0 27 28 17 23 521 392 258 604 0 0 90 0 118 0 62 60 
172 177 65 0 131 82 0 88 67 259 0 27 30 19 23 567 426 254 572 0 0 86 0 118 0 62 60 
173 169 64 0 131 82 0 86 67 260 0 27 28 21 24 520 484 246 623 0 0 81 0 118 0 61 60 
175 165 61 0 130 79 0 80 68 262 0 28 29 23 22 537 342 269 592 0 0 78 0 118 0 62 60 
173 171 63 0 131 79 0 85 67 263 0 28 28 23 24 565 396 275 647 0 0 74 0 118 0 62 60 
172 175 67 0 130 82 0 86 68 260 0 28 30 23 23 500 355 233 526 0 0 75 0 118 0 62 60 
170 166 66 0 130 83 0 84 67 257 0 27 31 23 23 526 484 227 567 0 0 71 0 118 0 62 60 
167 170 63 0 129 80 0 88 66 255 0 29 31 25 24 512 466 277 603 0 0 75 0 118 0 61 60 
177 171 66 0 128 80 0 85 66 255 0 28 32 26 24 554 463 275 605 0 0 75 0 118 0 60 60 
174 174 66 0 126 86 0 85 66 255 0 29 31 24 23 540 417 260 493 0 0 76 0 118 0 60 60 
172 174 65 0 126 90 0 86 66 259 0 28 31 25 23 504 408 250 560 0 0 79 0 118 0 60 60 
173 174 65 0 126 94 0 91 67 261 0 30 31 23 23 552 407 288 537 0 0 84 0 118 0 60 60 
172 172 65 0 127 96 0 86 68 261 0 28 31 21 23 542 358 277 599 0 0 84 0 118 0 60 60 
174 174 66 0 127 98 0 81 67 257 0 31 29 20 22 540 338 257 568 0 0 84 0 118 0 62 60 
172 171 65 0 129 94 0 89 69 255 0 27 30 20 23 544 348 283 587 0 0 86 0 118 0 61 60 
179 172 66 0 131 82 0 84 68 258 0 29 30 23 22 585 436 280 539 0 0 85 0 118 0 62 60 
171 170 67 0 133 77 0 84 68 264 0 28 30 22 23 576 496 278 575 0 0 85 0 118 0 62 60 
171 175 65 0 134 80 0 90 68 265 0 29 29 21 25 523 420 278 574 0 0 83 0 118 0 63 60 
173 173 62 0 135 83 0 86 66 265 0 28 29 19 24 540 397 264 574 0 0 82 0 118 0 63 60 
174 187 64 0 135 82 0 88 66 263 0 27 28 19 23 528 407 294 548 0 0 83 0 118 0 63 60 
174 162 66 0 134 87 0 84 66 258 0 30 29 21 24 539 393 261 598 0 0 81 0 118 0 63 60 
175 177 67 0 133 86 0 88 66 261 0 27 28 19 24 522 409 261 558 0 0 79 0 118 0 62 60 
170 175 67 0 131 88 0 93 66 262 0 29 29 21 24 522 459 248 560 0 0 79 0 118 0 62 60 
173 181 66 0 130 87 0 83 65 259 0 29 30 21 24 512 451 266 581 0 0 75 0 118 0 61 60 
175 170 65 0 128 87 0 88 68 264 0 29 28 22 25 554 390 244 552 0 0 73 0 118 0 60 60 
169 178 67 0 127 89 0 86 67 258 0 30 30 21 24 526 453 259 560 0 0 76 0 118 0 61 60 
175 173 65 0 127 92 0 84 67 259 0 29 30 22 24 568 409 289 569 0 0 74 0 118 0 62 60 
169 168 65 0 127 93 0 92 67 261 0 29 29 20 24 540 388 269 636 0 0 79 0 118 0 62 60 
171 164 65 0 128 99 0 83 67 262 0 28 28 19 23 550 425 277 635 0 0 77 0 118 0 63 60 
171 174 65 0 128 103 0 86 68 259 0 29 30 22 22 552 418 279 595 0 0 75 0 118 0 62 60 
171 162 65 0 127 93 0 90 67 259 0 28 30 22 23 553 419 293 619 0 0 80 0 118 0 63 60 
174 171 66 0 127 85 0 84 68 260 0 28 29 21 22 507 387 247 605 0 0 90 0 118 0 63 60 
172 170 64 0 126 80 0 87 67 260 0 28 28 25 23 493 470 257 547 0 0 92 0 118 0 63 60 
171 175 64 0 127 78 0 86 69 254 0 30 28 23 24 543 387 238 595 0 0 87 0 118 0 63 60 
171 176 65 0 127 72 0 85 67 251 0 27 29 24 23 522 395 239 601 0 0 87 0 118 0 63 60 
174 175 66 0 127 73 0 88 66 248 0 29 28 21 22 574 462 248 520 0 0 86 0 118 0 63 60 
172 167 65 0 127 85 0 86 67 258 0 29 29 21 23 547 468 271 564 0 0 83 0 118 0 63 60 
176 174 67 0 127 98 0 92 66 262 0 27 29 18 23 584 417 273 675 0 0 81 0 118 0 64 60 
170 172 64 0 127 102 0 86 66 266 0 30 29 19 23 539 337 276 608 0 0 81 0 118 0 62 60 
170 173 67 0 127 99 0 82 66 259 0 29 28 22 23 529 396 274 518 0 0 80 0 118 0 61 60 
175 172 68 0 129 96 0 90 66 256 0 29 28 22 24 550 371 255 565 0 0 85 0 118 0 61 60 
168 181 65 0 129 93 0 89 66 255 0 34 29 26 23 580 419 275 467 0 0 84 0 118 0 62 60 
174 174 66 0 128 85 0 89 67 257 0 34 30 25 24 550 440 292 633 0 0 89 0 118 0 63 60 
174 185 65 0 127 77 0 93 67 259 0 36 28 26 25 569 297 273 524 0 0 93 0 118 0 63 60 
173 163 65 0 126 81 0 86 68 266 0 36 29 24 24 541 436 277 528 0 0 91 0 118 0 62 60 
173 175 67 0 124 75 0 94 67 260 0 36 30 25 24 570 355 276 608 0 0 91 0 118 0 61 60 
176 181 65 0 123 71 0 84 68 259 0 33 30 26 24 542 441 276 607 0 0 84 0 118 0 61 60 
173 180 66 0 124 71 0 86 66 257 0 30 31 27 24 568 422 277 580 0 0 82 0 118 0 60 60 
173 172 66 0 127 71 0 82 67 257 0 32 29 25 22 530 467 276 570 0 0 76 0 118 0 60 60 
174 177 68 0 129 72 0 80 67 255 0 29 28 24 23 540 394 274 563 0 0 77 0 118 0 61 60 
176 177 66 0 132 82 0 86 66 256 0 29 29 22 23 556 386 258 588 0 0 77 0 118 0 61 60 
173 167 65 0 135 81 0 83 68 260 0 29 29 20 24 539 433 263 582 0 0 74 0 118 0 61 60 
171 164 66 0 135 82 0 83 67 260 0 28 29 17 22 556 365 299 617 0 0 75 0 118 0 61 60 
174 172 63 0 135 80 0 92 66 259 0 28 29 14 23 559 342 268 611 0 0 72 0 118 0 61 60 
170 164 65 0 134 84 0 88 67 254 0 30 29 14 24 544 365 275 644 0 0 79 0 118 0 61 60 
172 167 64 0 132 87 0 90 68 255 0 29 28 15 23 545 367 300 508 0 0 79 0 118 0 61 60 
171 168 63 0 131 91 0 87 68 259 0 27 28 13 22 565 379 264 615 0 0 85 0 118 0 61 60 
173 172 67 0 129 93 0 82 67 266 0 27 29 13 23 547 454 260 607 0 0 88 0 118 0 61 60 
169 175 61 0 130 89 0 90 67 268 0 28 27 14 25 556 407 267 612 0 0 90 0 118 0 61 60 
173 174 64 0 129 85 0 80 67 266 0 29 27 17 24 513 419 277 546 0 0 92 0 118 0 60 60 
170 170 64 0 130 84 0 83 67 258 0 28 27 18 24 514 379 260 598 0 0 86 0 118 0 60 60 
177 171 61 0 132 83 0 92 68 257 0 27 27 22 24 516 483 278 552 0 0 84 0 118 0 60 60 
174 178 66 0 132 84 0 84 68 257 0 28 27 22 24 513 413 250 610 0 0 78 0 118 0 60 60 
172 171 65 0 133 90 0 83 68 259 0 28 28 24 23 530 370 230 551 0 0 75 0 118 0 60 60 
173 171 67 0 132 88 0 85 68 261 0 28 26 23 24 551 472 246 577 0 0 80 0 118 0 61 60 
175 171 68 0 131 90 0 87 68 263 0 29 27 24 24 549 409 270 610 0 0 89 0 118 0 62 60 
173 173 65 0 129 85 0 88 67 258 0 28 28 24 23 545 436 263 542 0 0 89 0 118 0 63 60 
174 178 66 0 129 91 0 89 65 260 0 30 29 22 24 551 357 266 563 0 0 88 0 118 0 64 60 
175 178 65 0 128 85 0 87 66 263 0 28 30 22 25 535 387 236 531 0 0 83 0 118 0 63 60 
173 165 66 0 129 77 0 84 66 260 0 27 29 21 23 583 409 264 506 0 0 77 0 118 0 64 60 
176 185 65 0 127 76 0 81 67 260 0 28 29 20 24 506 382 266 594 0 0 74 0 118 0 64 60 
178 177 65 0 129 82 0 84 68 262 0 28 29 19 24 547 377 236 587 0 0 74 0 118 0 64 60 
175 177 68 0 128 88 0 96 67 261 0 29 30 20 23 543 446 274 557 0 0 78 0 118 0 63 60 
174 170 68 0 127 96 0 88 67 259 0 27 30 22 23 524 445 258 563 0 0 76 0 118 0 61 60 
175 178 66 0 129 99 0 88 66 253 0 30 29 24 24 554 462 252 611 0 0 74 0 118 0 60 60 
177 170 64 0 128 99 0 87 66 251 0 31 29 22 25 536 335 256 584 0 0 74 0 118 0 61 60 
172 165 68 0 129 95 0 88 66 253 0 33 30 25 25 497 390 268 631 0 0 75 0 118 0 62 60 
175 168 64 0 128 88 0 90 67 262 0 34 30 24 23 513 367 230 526 0 0 81 0 118 0 62 60 
176 176 67 0 127 85 0 85 68 264 0 34 29 23 24 538 340 256 649 0 0 85 0 118 0 63 60 
168 164 66 0 127 84 0 86 68 265 0 34 29 21 24 542 395 253 575 0 0 85 0 118 0 62 60 
169 172 62 0 126 84 0 83 68 258 0 33 29 22 24 561 299 263 653 0 0 76 0 118 0 61 60 
174 171 67 0 127 81 0 82 66 257 0 31 28 21 23 551 409 262 586 0 0 69 0 118 0 60 60 
173 179 65 0 127 83 0 88 67 260 0 32 28 21 24 561 330 247 567 0 0 72 0 118 0 60 60 
170 171 66 0 128 83 0 83 67 259 0 33 29 23 22 565 436 219 600 0 0 74 0 118 0 60 60 
175 173 65 0 131 83 0 87 67 263 0 35 29 21 23 532 453 198 581 0 0 70 0 118 0 58 60 
171 169 65 0 133 79 0 85 67 263 0 28 29 21 23 530 424 237 563 0 0 71 0 118 0 60 60 
