168 137 73 0 101 58 0 84 77 206 0 31 29 56 52 480 279 221 443 0 0 14 0 125 0 62 60 
173 138 72 0 102 61 0 76 77 209 0 31 28 50 51 423 269 152 433 0 0 14 0 125 0 60 60 
174 133 71 0 103 66 0 70 78 210 0 32 28 37 51 386 267 184 416 0 0 13 0 125 0 60 60 
172 134 71 0 105 70 0 81 76 211 0 31 28 52 51 428 258 126 526 0 0 13 0 125 0 59 60 
165 135 74 0 107 64 0 73 76 212 0 32 28 60 50 442 279 227 525 0 0 14 0 125 0 60 60 
174 136 70 0 109 62 0 75 76 203 0 32 28 62 51 428 277 224 493 0 0 14 0 125 0 60 60 
170 137 73 0 110 60 0 78 76 206 0 32 26 63 52 466 269 146 489 0 0 14 0 125 0 60 60 
171 139 70 0 108 68 0 71 78 205 0 34 28 58 51 416 260 229 521 0 0 14 0 125 0 60 60 
172 140 73 0 107 63 0 80 77 205 0 37 26 44 51 441 268 147 502 0 0 14 0 125 0 60 60 
174 134 72 0 104 60 0 80 78 203 0 39 28 41 51 445 289 145 489 0 0 14 0 125 0 61 60 
168 138 71 0 103 62 0 74 77 207 0 38 28 53 51 451 254 183 510 0 0 14 0 125 0 63 60 
167 132 74 0 102 72 0 77 77 206 0 35 27 55 51 439 249 161 444 0 0 13 0 125 0 63 60 
172 137 74 0 102 73 0 80 77 202 0 33 27 59 52 411 264 145 499 0 0 13 0 125 0 64 60 
172 136 73 0 102 70 0 78 78 202 0 33 26 60 51 426 269 152 506 0 0 13 0 125 0 64 60 
167 136 71 0 103 71 0 77 78 207 0 30 28 54 51 406 227 36 471 0 0 13 0 125 0 64 60 
169 133 70 0 102 65 0 75 78 207 0 37 27 55 51 385 268 105 505 0 0 13 0 125 0 64 60 
168 138 72 0 103 60 0 75 78 207 0 37 27 52 51 435 261 196 467 0 0 14 0 125 0 64 60 
173 137 73 0 104 60 0 78 77 204 0 42 26 48 52 459 188 166 513 0 0 15 0 125 0 65 60 
169 135 71 0 105 66 0 75 75 209 0 49 27 49 54 418 279 112 518 0 0 14 0 125 0 65 60 
172 140 68 0 106 67 0 73 75 206 0 51 28 53 54 416 252 143 472 0 0 14 0 125 0 65 60 
171 138 74 0 106 73 0 79 76 206 0 52 27 54 53 418 251 113 411 0 0 14 0 125 0 64 60 
172 143 70 0 105 80 0 81 78 206 0 43 28 57 51 426 272 149 458 0 0 14 0 125 0 63 60 
173 147 73 0 102 85 0 80 78 202 0 39 28 61 51 423 241 141 503 0 0 14 0 125 0 64 60 
173 131 72 0 100 80 0 81 77 201 0 38 28 54 51 414 235 88 484 0 0 15 0 125 0 63 60 
168 133 72 0 100 65 0 75 76 197 0 38 29 49 51 476 262 57 412 0 0 14 0 125 0 63 60 
174 138 72 0 100 61 0 78 77 205 0 37 28 58 51 461 237 57 480 0 0 14 0 125 0 64 60 
170 147 72 0 101 66 0 76 76 208 0 34 26 65 51 450 258 149 502 0 0 13 0 125 0 64 60 
170 139 72 0 102 61 0 74 78 209 0 35 26 64 51 423 286 198 470 0 0 14 0 125 0 64 60 
168 144 74 0 104 60 0 73 78 211 0 34 26 64 51 430 289 197 437 0 0 14 0 125 0 64 60 
176 133 69 0 104 69 0 77 78 206 0 34 25 55 51 446 314 174 460 0 0 14 0 125 0 64 60 
170 136 69 0 103 82 0 75 76 200 0 35 25 41 51 457 234 122 476 0 0 14 0 125 0 64 60 
170 140 70 0 102 84 0 71 76 202 0 35 25 38 51 375 277 143 472 0 0 14 0 125 0 62 60 
173 141 73 0 103 74 0 78 77 203 0 32 26 38 52 411 243 55 502 0 0 14 0 125 0 62 60 
174 133 71 0 103 67 0 77 77 202 0 32 26 50 51 417 267 210 477 0 0 14 0 125 0 62 60 
172 138 73 0 103 67 0 74 79 204 0 31 26 58 52 422 267 198 448 0 0 14 0 125 0 62 60 
170 131 73 0 104 65 0 81 78 208 0 32 25 56 51 412 229 230 462 0 0 14 0 125 0 62 60 
173 136 73 0 103 64 0 79 77 207 0 32 25 55 52 394 239 190 488 0 0 14 0 125 0 63 60 
173 137 71 0 101 68 0 78 77 203 0 29 25 51 52 436 236 171 484 0 0 14 0 125 0 63 60 
167 135 72 0 101 69 0 83 77 201 0 33 24 55 52 411 321 181 464 0 0 13 0 125 0 64 60 
170 133 71 0 100 71 0 80 77 205 0 34 27 63 51 397 255 109 499 0 0 13 0 125 0 64 60 
169 136 70 0 99 64 0 74 77 202 0 30 25 57 51 452 283 142 534 0 0 14 0 125 0 64 60 
171 135 71 0 100 64 0 82 77 202 0 34 26 54 50 441 263 237 518 0 0 13 0 125 0 64 60 
170 135 73 0 100 66 0 82 77 202 0 33 25 58 49 425 293 236 493 0 0 13 0 125 0 65 60 
172 139 70 0 98 65 0 74 76 208 0 31 25 53 50 453 265 99 450 0 0 13 0 125 0 65 60 
169 142 74 0 101 66 0 74 78 209 0 31 25 57 52 451 288 170 474 0 0 13 0 125 0 65 60 
170 142 71 0 98 63 0 72 76 208 0 30 24 55 52 428 246 188 539 0 0 15 0 125 0 65 60 
169 138 73 0 98 65 0 77 77 207 0 30 26 55 53 424 241 217 541 0 0 14 0 125 0 65 60 
173 135 71 0 104 67 0 83 75 206 0 32 27 68 54 432 270 172 449 0 0 14 0 125 0 66 60 
171 131 71 0 106 67 0 73 77 202 0 33 27 66 53 419 278 98 451 0 0 14 0 125 0 65 60 
172 136 70 0 100 73 0 75 75 202 0 34 28 58 50 413 249 168 537 0 0 14 0 125 0 64 60 
168 142 71 0 108 81 0 78 76 203 0 33 29 54 50 452 311 65 547 0 0 14 0 125 0 64 60 
172 139 73 0 99 84 0 76 77 207 0 35 29 51 52 457 269 188 515 0 0 14 0 125 0 64 60 
175 139 72 0 108 83 0 71 78 210 0 36 30 53 50 396 214 64 431 0 0 14 0 125 0 65 60 
171 138 72 0 106 77 0 72 77 209 0 35 29 71 52 387 255 111 429 0 0 13 0 125 0 65 60 
175 133 72 0 104 69 0 76 80 207 0 39 29 71 51 412 207 44 501 0 0 14 0 125 0 65 60 
178 137 73 0 106 61 0 78 76 202 0 36 28 57 52 436 282 143 544 0 0 14 0 125 0 65 60 
168 137 74 0 107 64 0 78 75 207 0 36 28 51 54 446 242 130 426 0 0 14 0 125 0 65 60 
175 138 71 0 105 70 0 77 75 206 0 36 26 38 53 442 230 173 453 0 0 14 0 125 0 65 60 
174 143 72 0 104 74 0 83 77 208 0 35 25 52 51 481 253 168 474 0 0 14 0 125 0 65 60 
170 139 72 0 103 70 0 79 77 206 0 32 25 60 50 433 256 165 483 0 0 14 0 125 0 65 60 
167 130 71 0 103 65 0 78 78 210 0 32 24 63 51 420 229 109 490 0 0 14 0 125 0 65 60 
173 132 70 0 102 70 0 77 76 207 0 30 25 63 51 394 292 50 438 0 0 14 0 125 0 65 60 
172 150 72 0 104 67 0 82 76 205 0 32 25 61 52 452 324 177 421 0 0 14 0 125 0 65 60 
170 142 72 0 105 61 0 74 76 205 0 34 26 47 51 442 267 188 491 0 0 14 0 125 0 65 60 
168 137 72 0 105 55 0 75 78 207 0 33 26 39 52 425 265 212 477 0 0 14 0 125 0 65 60 
168 138 71 0 104 61 0 77 78 210 0 35 26 52 50 459 302 175 456 0 0 14 0 125 0 65 60 
169 131 74 0 103 61 0 72 79 208 0 33 26 55 50 427 276 165 516 0 0 13 0 125 0 65 60 
172 139 74 0 101 64 0 77 78 207 0 35 26 57 51 413 250 139 464 0 0 14 0 125 0 65 60 
169 138 73 0 100 68 0 78 77 207 0 35 27 61 51 452 269 171 443 0 0 14 0 125 0 65 60 
171 140 69 0 101 70 0 76 76 206 0 38 28 58 51 406 250 212 500 0 0 13 0 125 0 65 60 
170 131 73 0 101 66 0 81 77 203 0 39 30 54 52 417 233 217 543 0 0 14 0 125 0 65 60 
167 138 73 0 102 64 0 81 77 205 0 37 30 54 51 437 268 205 508 0 0 14 0 125 0 65 60 
168 132 70 0 102 68 0 76 76 199 0 36 29 48 53 410 283 108 544 0 0 14 0 125 0 65 60 
167 132 70 0 102 70 0 80 76 199 0 35 28 48 52 446 270 174 535 0 0 15 0 125 0 65 60 
174 140 74 0 101 69 0 79 76 196 0 32 27 51 51 416 167 210 474 0 0 14 0 125 0 65 60 
171 132 73 0 100 65 0 71 77 202 0 38 25 55 51 456 233 146 479 0 0 14 0 125 0 65 60 
168 134 69 0 101 71 0 76 78 203 0 40 25 55 51 486 232 160 498 0 0 14 0 125 0 65 60 
172 136 72 0 100 77 0 77 78 209 0 37 26 60 51 452 272 207 533 0 0 14 0 125 0 65 60 
178 136 73 0 102 74 0 78 78 209 0 36 26 58 52 411 289 141 521 0 0 14 0 125 0 65 60 
167 134 72 0 104 71 0 83 76 207 0 36 26 49 51 428 252 86 485 0 0 14 0 125 0 64 60 
170 135 75 0 103 69 0 74 76 202 0 35 28 53 50 412 257 136 474 0 0 14 0 125 0 64 60 
171 138 74 0 103 64 0 73 76 202 0 34 27 65 51 423 230 117 492 0 0 13 0 125 0 64 60 
175 136 74 0 102 65 0 77 77 204 0 34 28 60 51 440 229 116 545 0 0 14 0 125 0 64 60 
172 138 72 0 101 61 0 74 77 206 0 31 28 65 51 442 271 98 525 0 0 14 0 125 0 64 60 
172 133 70 0 100 68 0 76 78 205 0 32 30 60 51 421 322 121 456 0 0 14 0 125 0 64 60 
170 138 73 0 99 76 0 78 77 207 0 30 32 46 50 426 260 149 470 0 0 14 0 125 0 65 60 
172 139 74 0 99 79 0 72 77 207 0 32 34 37 51 438 212 134 474 0 0 14 0 125 0 65 60 
174 139 70 0 99 77 0 77 77 205 0 30 34 36 50 427 253 164 503 0 0 14 0 125 0 65 60 
174 134 72 0 100 74 0 79 76 205 0 31 36 44 51 440 254 117 455 0 0 14 0 125 0 65 60 
173 137 72 0 101 72 0 70 77 202 0 31 36 53 50 391 262 136 457 0 0 14 0 125 0 66 60 
172 141 72 0 103 64 0 76 79 202 0 31 35 60 51 440 272 43 473 0 0 14 0 125 0 66 60 
164 138 72 0 106 62 0 76 79 201 0 31 33 58 51 433 270 186 462 0 0 13 0 125 0 66 60 
173 136 72 0 107 65 0 74 78 201 0 31 33 55 51 461 258 176 458 0 0 14 0 125 0 66 60 
172 142 71 0 109 66 0 76 76 204 0 33 35 52 51 496 227 152 490 0 0 14 0 125 0 66 60 
176 133 73 0 109 63 0 83 76 205 0 33 36 58 51 421 285 202 461 0 0 14 0 125 0 67 60 
172 144 74 0 107 63 0 83 76 208 0 32 38 61 53 417 304 130 461 0 0 15 0 125 0 67 60 
172 132 72 0 106 67 0 82 77 206 0 31 35 56 53 426 246 108 473 0 0 15 0 125 0 67 60 
170 138 75 0 105 69 0 85 78 203 0 33 35 54 52 416 259 101 476 0 0 13 0 125 0 66 60 
168 137 73 0 103 69 0 76 78 202 0 34 32 56 51 394 228 231 492 0 0 14 0 125 0 66 60 
169 144 72 0 102 69 0 78 77 202 0 35 32 52 50 389 232 220 448 0 0 14 0 125 0 65 60 
173 139 70 0 102 66 0 79 76 205 0 32 32 57 51 446 237 261 421 0 0 14 0 125 0 64 60 
168 140 71 0 101 60 0 71 77 208 0 31 30 54 52 408 251 182 478 0 0 14 0 125 0 64 60 
171 134 70 0 102 62 0 73 78 213 0 33 29 55 52 398 233 238 495 0 0 14 0 125 0 64 60 
173 136 68 0 102 67 0 77 78 213 0 31 30 67 51 402 232 121 498 0 0 14 0 125 0 64 60 
175 136 71 0 103 71 0 74 78 211 0 33 30 65 52 442 259 192 533 0 0 14 0 125 0 62 60 
169 138 73 0 105 70 0 74 77 205 0 33 29 59 50 422 223 221 577 0 0 14 0 125 0 63 60 
172 134 74 0 106 66 0 74 76 206 0 32 29 51 51 455 258 198 485 0 0 14 0 125 0 63 60 
169 132 71 0 106 72 0 78 77 204 0 32 30 50 52 442 240 150 449 0 0 14 0 125 0 63 60 
173 137 72 0 107 68 0 78 78 205 0 32 32 56 54 471 257 67 537 0 0 14 0 125 0 64 60 
176 135 68 0 105 66 0 80 78 205 0 32 31 73 52 454 288 148 575 0 0 14 0 125 0 64 60 
170 137 68 0 104 60 0 78 78 208 0 32 32 70 52 457 245 213 521 0 0 14 0 125 0 64 60 
172 136 70 0 102 64 0 80 77 206 0 30 32 55 51 400 237 171 429 0 0 14 0 125 0 64 60 
174 129 69 0 101 68 0 78 77 206 0 33 32 50 51 401 258 141 465 0 0 14 0 125 0 64 60 
172 136 70 0 101 66 0 72 77 204 0 33 31 39 50 424 293 146 507 0 0 13 0 125 0 65 60 
168 131 71 0 102 62 0 75 78 206 0 34 29 52 51 426 291 134 465 0 0 14 0 125 0 65 60 
176 139 71 0 102 63 0 79 78 208 0 35 32 62 53 429 270 137 459 0 0 14 0 125 0 65 60 
168 135 72 0 103 66 0 77 76 206 0 32 32 62 51 405 278 139 527 0 0 14 0 125 0 65 60 
170 139 73 0 103 67 0 80 77 207 0 33 33 62 52 440 206 157 459 0 0 14 0 125 0 64 60 
169 139 71 0 102 66 0 78 77 206 0 31 36 61 51 416 266 69 426 0 0 14 0 125 0 64 60 
172 135 71 0 102 71 0 78 77 206 0 32 36 48 50 453 261 71 480 0 0 14 0 125 0 64 60 
168 138 68 0 102 72 0 77 78 206 0 33 34 40 50 418 282 213 503 0 0 14 0 125 0 64 60 
171 136 72 0 103 71 0 74 77 207 0 32 35 48 52 474 285 124 476 0 0 14 0 125 0 64 60 
171 136 71 0 104 71 0 75 76 199 0 31 36 54 52 403 238 163 445 0 0 14 0 125 0 64 60 
166 139 71 0 104 70 0 80 76 200 0 31 37 57 52 439 282 155 526 0 0 15 0 125 0 64 60 
167 139 71 0 103 66 0 74 76 199 0 30 37 62 53 411 270 99 538 0 0 14 0 125 0 65 60 
168 133 71 0 102 62 0 75 75 206 0 32 36 56 52 489 168 98 478 0 0 14 0 125 0 65 60 
171 141 69 0 102 62 0 77 76 205 0 33 37 53 52 478 230 32 503 0 0 14 0 125 0 65 60 
173 132 70 0 101 65 0 75 77 210 0 34 36 55 50 447 252 197 495 0 0 14 0 125 0 65 60 
171 135 71 0 101 68 0 79 79 209 0 35 36 49 50 417 260 212 492 0 0 14 0 125 0 65 60 
168 139 73 0 101 74 0 76 79 205 0 38 35 49 50 391 292 244 453 0 0 14 0 125 0 65 60 
168 140 73 0 101 82 0 75 77 201 0 40 34 51 50 400 222 213 443 0 0 14 0 125 0 65 60 
167 142 71 0 100 83 0 88 76 202 0 43 33 53 51 413 264 132 469 0 0 15 0 125 0 65 60 
169 137 70 0 100 77 0 83 76 206 0 45 31 53 51 404 310 177 477 0 0 14 0 125 0 65 60 
171 132 73 0 100 68 0 70 76 205 0 43 32 61 53 426 224 153 449 0 0 15 0 125 0 64 60 
172 137 73 0 101 63 0 75 78 207 0 43 33 61 55 423 270 159 468 0 0 14 0 125 0 64 60 
170 149 70 0 103 61 0 79 76 207 0 41 32 50 53 412 258 198 523 0 0 14 0 125 0 64 60 
173 139 71 0 105 59 0 76 77 205 0 44 35 51 50 390 234 257 485 0 0 14 0 125 0 65 60 
175 136 73 0 106 57 0 78 76 205 0 40 34 61 50 421 264 125 560 0 0 15 0 125 0 65 60 
169 139 73 0 107 63 0 77 76 204 0 41 34 63 49 439 292 170 551 0 0 14 0 125 0 65 60 
170 136 72 0 107 75 0 72 78 202 0 39 32 65 51 430 233 160 465 0 0 14 0 125 0 65 60 
174 138 72 0 107 79 0 72 79 199 0 41 31 58 52 423 263 171 466 0 0 13 0 125 0 65 60 
173 141 73 0 106 80 0 75 78 204 0 42 30 51 52 437 315 221 541 0 0 14 0 125 0 65 60 
172 135 72 0 106 78 0 73 78 202 0 44 28 38 51 470 251 183 542 0 0 14 0 125 0 65 60 
169 132 71 0 106 70 0 77 77 205 0 43 29 37 50 441 239 181 502 0 0 15 0 125 0 65 60 
170 133 74 0 105 64 0 80 78 206 0 47 31 41 50 461 275 113 441 0 0 14 0 125 0 65 60 
170 138 72 0 104 59 0 77 78 211 0 48 30 49 51 394 270 115 452 0 0 14 0 125 0 65 60 
172 136 71 0 102 63 0 81 78 208 0 47 30 59 52 464 239 129 501 0 0 14 0 125 0 65 60 
173 137 71 0 101 68 0 85 76 205 0 47 31 56 52 385 226 118 525 0 0 14 0 125 0 65 60 
174 134 70 0 101 67 0 82 76 205 0 49 31 55 51 407 244 84 522 0 0 14 0 125 0 65 60 
171 135 72 0 101 68 0 76 75 206 0 48 30 52 52 437 268 131 445 0 0 13 0 125 0 65 60 
172 136 69 0 102 72 0 78 75 203 0 47 31 53 51 396 255 157 400 0 0 13 0 125 0 65 60 
173 134 72 0 104 73 0 76 78 207 0 50 32 62 52 459 288 143 483 0 0 13 0 125 0 65 60 
175 137 75 0 103 64 0 76 78 210 0 50 31 56 52 411 270 200 522 0 0 13 0 125 0 65 60 
173 142 72 0 104 67 0 74 78 208 0 46 32 53 52 394 248 59 475 0 0 14 0 125 0 65 60 
169 139 76 0 103 69 0 72 77 206 0 42 33 54 51 410 266 94 427 0 0 14 0 125 0 65 60 
172 133 71 0 101 71 0 74 77 204 0 40 35 52 51 456 215 54 448 0 0 14 0 125 0 65 60 
172 137 72 0 101 69 0 79 76 202 0 33 35 55 50 409 271 154 467 0 0 14 0 125 0 65 60 
167 135 70 0 100 72 0 83 77 201 0 35 37 55 51 469 232 160 515 0 0 14 0 125 0 65 60 
169 140 71 0 101 76 0 77 77 203 0 32 37 54 50 459 288 276 440 0 0 14 0 125 0 65 60 
175 140 72 0 102 74 0 74 77 206 0 32 36 68 52 435 277 185 452 0 0 14 0 125 0 65 60 
168 139 70 0 102 63 0 75 78 206 0 33 36 67 50 410 277 139 525 0 0 14 0 125 0 65 60 
170 135 71 0 101 61 0 72 76 207 0 31 37 59 50 403 281 128 531 0 0 14 0 125 0 65 60 
177 137 71 0 101 63 0 70 76 206 0 33 38 55 51 429 248 174 500 0 0 14 0 125 0 64 60 
174 142 73 0 101 65 0 80 76 206 0 32 35 48 51 409 290 178 480 0 0 14 0 125 0 64 60 
170 130 73 0 101 69 0 81 77 207 0 34 37 53 50 412 260 193 460 0 0 13 0 125 0 64 60 
173 137 71 0 101 69 0 77 78 208 0 34 37 69 52 413 286 231 468 0 0 14 0 125 0 65 60 
172 138 74 0 102 80 0 80 78 208 0 34 37 74 52 416 229 152 488 0 0 13 0 125 0 65 60 
172 141 71 0 103 81 0 79 79 206 0 33 36 55 51 431 303 193 479 0 0 14 0 125 0 65 60 
175 142 72 0 103 73 0 77 78 205 0 38 37 50 52 463 279 166 473 0 0 14 0 125 0 65 60 
171 130 71 0 104 70 0 76 77 206 0 34 36 40 51 416 270 192 500 0 0 14 0 125 0 65 60 
171 131 70 0 102 73 0 83 77 208 0 37 39 49 50 397 239 218 582 0 0 14 0 125 0 65 60 
170 139 72 0 102 69 0 76 77 208 0 38 35 59 52 415 255 181 481 0 0 14 0 125 0 65 60 
170 143 71 0 101 68 0 77 77 198 0 41 34 62 52 452 185 148 431 0 0 14 0 125 0 64 60 
171 140 70 0 100 66 0 78 76 201 0 42 34 60 54 453 233 95 472 0 0 14 0 125 0 63 60 
175 142 71 0 98 67 0 74 77 197 0 38 34 63 52 434 240 118 555 0 0 14 0 125 0 63 60 
171 133 70 0 99 69 0 73 77 204 0 38 34 49 50 454 275 122 553 0 0 14 0 125 0 62 60 
169 133 70 0 99 68 0 79 76 205 0 39 34 40 49 425 268 254 502 0 0 15 0 125 0 63 60 
170 135 72 0 100 70 0 79 77 210 0 36 35 48 51 447 253 112 442 0 0 14 0 125 0 64 60 
171 139 72 0 101 64 0 77 78 209 0 37 34 54 52 440 235 213 484 0 0 14 0 125 0 64 60 
175 138 73 0 103 61 0 76 76 205 0 34 35 54 52 449 252 157 526 0 0 14 0 125 0 64 60 
174 131 68 0 105 61 0 76 77 202 0 36 35 62 50 417 262 130 550 0 0 15 0 125 0 64 60 
168 135 74 0 107 65 0 76 76 203 0 40 37 57 51 411 265 108 462 0 0 15 0 125 0 65 60 
173 137 67 0 109 66 0 79 77 205 0 38 35 54 51 390 222 114 430 0 0 15 0 125 0 65 60 
171 133 72 0 108 65 0 77 77 205 0 41 36 54 51 444 279 99 475 0 0 14 0 125 0 65 60 
167 136 72 0 107 70 0 77 78 206 0 37 37 49 51 411 282 26 489 0 0 14 0 125 0 65 60 
167 129 73 0 106 73 0 76 76 209 0 37 37 48 52 412 229 195 502 0 0 13 0 125 0 65 60 
171 135 72 0 104 73 0 74 77 205 0 40 38 52 51 459 214 158 443 0 0 13 0 125 0 65 60 
168 135 72 0 103 68 0 78 77 209 0 39 39 54 52 423 266 150 407 0 0 14 0 125 0 65 60 
167 137 73 0 102 68 0 77 78 207 0 38 40 55 51 430 250 196 505 0 0 14 0 125 0 65 60 
167 142 73 0 101 71 0 78 77 200 0 38 40 59 51 396 279 103 539 0 0 14 0 125 0 65 60 
172 142 70 0 101 77 0 79 78 201 0 36 40 58 52 423 243 184 448 0 0 14 0 125 0 65 60 
170 143 74 0 100 75 0 74 77 205 0 38 40 50 51 443 272 46 458 0 0 15 0 125 0 65 60 
172 135 71 0 100 70 0 76 76 206 0 36 40 52 52 459 223 146 471 0 0 14 0 125 0 65 60 
171 136 71 0 101 58 0 81 76 206 0 34 38 61 51 462 236 189 552 0 0 14 0 125 0 65 60 
173 140 74 0 104 43 0 76 77 205 0 35 37 62 50 430 292 228 499 0 0 14 0 125 0 65 60 
175 135 70 0 104 32 0 79 76 207 0 33 36 64 51 440 295 212 497 0 0 14 0 125 0 65 60 
171 139 73 0 106 30 0 79 77 203 0 32 36 61 50 410 261 139 511 0 0 14 0 125 0 65 60 
175 137 70 0 106 29 0 73 78 201 0 32 35 49 49 454 198 178 451 0 0 13 0 125 0 65 60 
173 135 74 0 104 25 0 73 76 201 0 32 38 37 51 425 209 158 490 0 0 14 0 125 0 65 60 
168 139 71 0 103 19 0 77 76 201 0 31 38 38 53 413 273 239 510 0 0 14 0 125 0 65 60 
174 135 71 0 101 18 0 77 75 205 0 33 38 41 52 408 259 247 503 0 0 14 0 125 0 65 60 
171 137 72 0 100 22 0 77 76 208 0 32 38 50 52 450 261 137 468 0 0 13 0 125 0 65 60 
173 139 71 0 101 21 0 75 77 213 0 33 39 59 54 461 269 149 465 0 0 14 0 125 0 65 60 
172 138 74 0 101 19 0 81 77 211 0 36 41 57 53 408 257 198 555 0 0 14 0 125 0 65 60 
173 149 72 0 102 23 0 86 77 211 0 35 42 55 51 442 292 140 459 0 0 14 0 125 0 65 60 
176 138 69 0 102 28 0 82 77 204 0 36 42 51 49 423 262 229 442 0 0 14 0 125 0 65 60 
171 134 72 0 102 27 0 79 78 206 0 35 40 54 49 446 260 148 511 0 0 14 0 125 0 66 60 
172 135 71 0 101 24 0 78 78 204 0 37 41 60 50 428 251 158 605 0 0 14 0 125 0 66 60 
171 143 72 0 102 25 0 82 77 206 0 38 39 56 51 435 245 137 537 0 0 14 0 125 0 67 60 
169 141 71 0 102 27 0 79 77 209 0 39 40 53 51 441 276 118 459 0 0 13 0 125 0 67 60 
169 135 73 0 103 21 0 78 77 208 0 37 39 55 56 462 276 123 463 0 0 14 0 125 0 67 60 
176 135 73 0 103 22 0 73 76 206 0 35 40 52 58 370 277 125 512 0 0 13 0 125 0 67 60 
170 134 73 0 103 25 0 70 76 202 0 36 37 0 50 375 252 153 528 0 0 13 0 125 0 67 60 
173 10 51 0 98 28 0 27 58 70 0 34 36 0 0 414 251 86 531 0 0 14 0 125 0 66 60 
168 0 0 0 88 25 0 0 0 0 0 33 36 0 0 414 222 154 476 0 0 13 0 125 0 66 60 
173 0 0 0 75 24 0 16 0 0 0 35 36 0 0 430 231 91 430 0 0 13 0 125 0 66 60 
175 0 0 0 53 28 0 0 0 0 0 33 36 0 0 408 239 165 446 0 0 14 0 125 0 65 60 
50 0 0 0 33 25 0 0 0 0 0 34 36 0 0 294 220 157 368 0 0 14 0 125 0 65 60 
0 0 0 0 17 23 0 0 0 0 0 35 36 0 0 290 228 157 364 0 0 14 0 125 0 64 60 
0 0 0 0 0 24 0 0 0 0 0 31 36 0 0 292 217 154 368 0 0 14 0 125 0 64 60 
0 0 0 0 0 26 0 0 0 0 0 34 36 0 0 293 212 156 368 0 0 14 0 125 0 64 60 
0 0 0 0 0 23 0 0 0 0 0 34 36 0 24 291 227 149 359 0 0 15 0 125 0 64 60 
0 0 0 0 0 20 0 0 0 0 0 34 37 0 0 283 214 150 357 0 0 14 0 125 0 64 60 
0 0 0 0 0 22 0 0 0 0 0 34 37 0 0 295 227 140 367 0 0 14 0 125 0 64 60 
0 0 0 0 0 22 0 0 0 0 0 31 37 0 0 287 212 139 358 0 0 13 0 125 0 64 60 
0 0 0 0 0 20 0 0 0 0 0 33 37 0 0 292 222 154 361 0 0 15 0 125 0 64 60 
0 0 0 0 0 16 0 0 0 0 0 33 37 0 0 282 224 147 359 0 0 14 0 125 0 64 60 
0 0 0 0 0 18 0 0 0 0 0 33 37 0 0 284 226 152 357 0 0 14 0 125 0 64 60 
0 0 0 0 0 18 0 0 0 0 0 34 37 0 14 299 212 145 365 0 0 14 0 125 0 64 60 
0 0 0 0 0 10 0 0 0 0 0 33 37 0 10 297 220 138 367 0 0 14 0 125 0 64 60 
0 0 0 0 0 11 0 0 0 0 0 33 37 0 0 297 212 152 365 0 0 14 0 125 0 65 60 
0 0 0 0 0 13 0 0 0 0 0 32 38 0 11 297 226 144 363 0 0 14 0 125 0 64 60 
0 12 0 0 0 15 0 0 0 0 0 33 38 0 0 296 215 138 363 0 0 14 0 125 0 65 60 
0 20 0 0 0 16 0 0 0 0 0 33 38 0 0 291 227 139 359 0 0 13 0 125 0 65 60 
0 64 0 0 0 16 0 0 0 0 0 34 38 0 0 286 211 140 358 0 0 13 0 125 0 65 60 
0 75 0 0 0 16 0 0 0 0 0 32 38 0 0 290 219 147 364 0 0 13 0 125 0 65 60 
0 25 0 0 0 19 0 0 0 0 0 34 38 0 0 288 227 146 356 0 0 14 0 125 0 65 60 
0 46 0 0 0 15 0 0 0 0 0 31 39 0 0 287 211 151 358 0 0 13 0 125 0 65 60 
0 64 0 0 0 15 0 0 0 0 0 35 38 0 30 285 219 143 358 0 0 13 0 125 0 65 60 
0 130 0 0 0 18 0 0 0 0 0 36 39 0 0 295 210 138 364 0 0 13 0 125 0 65 60 
0 104 0 0 0 18 0 0 0 0 0 33 39 0 0 285 216 155 355 0 0 14 0 125 0 65 60 
0 78 0 0 0 16 0 0 0 0 0 34 38 0 10 299 224 153 356 0 0 14 0 125 0 65 60 
0 147 0 0 0 14 0 0 0 0 0 33 39 0 0 292 217 153 360 0 0 14 0 125 0 65 60 
0 148 0 0 0 18 0 0 0 0 0 32 39 0 0 299 226 144 355 0 0 13 0 125 0 65 60 
0 212 0 0 0 17 0 0 0 0 0 35 39 0 0 284 220 154 360 0 0 14 0 125 0 65 60 
0 190 0 0 0 16 0 0 0 0 0 33 39 0 0 295 225 153 355 0 0 14 0 125 0 65 60 
0 136 0 0 0 16 0 0 0 0 0 34 39 0 0 299 215 148 364 0 0 14 0 125 0 65 60 
0 206 0 0 0 18 0 0 0 0 0 34 39 0 0 297 212 139 362 0 0 14 0 125 0 65 60 
0 196 0 0 0 19 0 0 0 0 0 34 39 0 0 290 212 142 355 0 0 14 0 125 0 65 60 
0 237 0 0 0 17 0 0 0 0 0 36 39 0 0 299 211 137 357 0 0 15 0 125 0 65 60 
0 316 0 0 0 17 0 0 0 0 0 31 39 0 0 290 213 152 364 0 0 14 0 125 0 65 60 
0 250 0 0 0 19 0 0 0 0 0 33 40 0 0 289 216 140 353 0 0 14 0 125 0 65 60 
0 301 0 0 0 19 0 0 0 0 0 35 39 0 0 287 209 139 357 0 0 14 0 125 0 65 60 
0 352 0 0 0 17 0 0 0 0 0 33 39 0 0 292 225 142 363 0 0 15 0 125 0 65 60 
0 424 0 0 0 18 0 0 0 0 0 35 39 0 0 298 221 149 354 0 0 14 0 125 0 65 60 
0 432 0 0 0 21 0 0 0 0 0 33 39 0 0 287 213 153 361 0 0 14 0 125 0 65 60 
0 353 0 0 0 19 0 0 0 0 0 34 39 0 0 289 221 150 359 0 0 15 0 125 0 65 60 
0 451 0 0 0 17 0 0 0 0 0 34 39 0 0 299 213 150 363 0 0 14 0 125 0 65 60 
0 404 0 0 0 15 0 0 0 0 0 35 39 0 0 288 211 154 364 0 0 15 0 125 0 65 60 
0 404 0 0 0 19 0 0 0 0 0 33 39 0 0 287 219 142 354 0 0 15 0 125 0 65 60 
0 444 0 0 0 18 0 0 0 0 0 35 39 0 0 283 225 156 356 0 0 14 0 125 0 65 60 
0 463 0 0 0 16 0 0 0 0 0 32 39 0 0 297 221 149 357 0 0 15 0 125 0 65 60 
0 437 0 0 0 18 0 0 0 0 0 32 40 0 0 291 215 143 361 0 0 15 0 125 0 65 60 
0 403 0 0 0 20 0 0 0 0 0 33 40 0 0 296 211 136 359 0 0 15 0 125 0 65 60 
0 353 0 0 0 18 0 0 0 0 0 33 40 0 0 300 222 137 363 0 0 14 0 125 0 65 60 
0 420 0 0 0 15 0 0 0 0 0 36 40 0 0 298 210 149 352 0 0 14 0 125 0 65 60 
0 600 0 0 0 18 0 0 0 0 0 33 40 0 0 299 210 139 359 0 0 14 0 125 0 65 60 
0 553 0 0 0 20 0 0 0 0 0 34 40 0 0 284 223 153 362 0 0 14 0 125 0 65 60 
0 417 0 0 0 17 0 0 0 0 0 35 40 0 0 299 225 137 362 0 0 14 0 125 0 65 60 
0 403 0 0 0 15 0 0 0 0 0 34 40 0 0 299 212 139 363 0 0 15 0 125 0 65 60 
0 388 0 0 0 16 0 0 0 0 0 35 40 0 0 295 214 154 363 0 0 15 0 125 0 65 60 
0 554 0 0 0 17 0 0 0 0 0 36 40 0 0 285 219 140 359 0 0 14 0 125 0 65 60 
0 437 0 0 0 16 0 0 0 0 0 35 40 0 0 291 215 155 362 0 0 14 0 125 0 65 60 
0 432 0 0 0 14 0 0 0 0 0 36 40 0 0 297 212 154 360 0 0 14 0 125 0 65 60 
0 426 0 0 0 17 0 0 0 0 0 32 40 0 0 296 211 152 363 0 0 14 0 125 0 65 60 
0 465 0 0 0 14 0 0 0 0 0 33 40 0 0 288 224 137 360 0 0 15 0 125 0 65 60 
0 402 0 0 0 15 0 0 0 0 0 35 40 0 0 299 224 140 361 0 0 14 0 125 0 65 60 
0 363 0 0 0 15 0 0 0 0 0 34 40 0 0 296 227 151 354 0 0 14 0 125 0 65 60 
0 366 0 0 0 15 0 0 0 0 0 33 40 0 0 296 211 146 362 0 0 15 0 125 0 65 60 
0 401 0 0 0 16 0 0 0 0 0 35 40 0 0 289 211 139 362 0 0 14 0 125 0 65 60 
0 350 0 0 0 15 0 0 0 0 0 33 40 0 0 292 216 145 352 0 0 13 0 125 0 65 60 
0 258 0 0 0 16 0 0 0 0 0 35 40 0 0 299 215 150 352 0 0 13 0 125 0 65 60 
0 278 0 0 0 17 0 0 0 0 0 34 40 0 0 284 224 152 360 0 0 13 0 125 0 65 60 
0 259 0 0 0 15 0 0 0 0 0 36 40 0 0 297 226 141 359 0 0 14 0 125 0 65 60 
0 302 0 0 0 15 0 0 0 0 0 37 40 0 0 285 216 149 351 0 0 14 0 125 0 65 60 
0 261 0 0 0 16 0 0 0 0 0 32 40 0 0 285 213 139 361 0 0 15 0 125 0 65 60 
0 208 0 0 0 17 0 0 0 0 0 35 41 0 0 289 210 137 352 0 0 14 0 125 0 65 60 
0 219 0 0 0 17 0 0 0 0 0 34 41 0 0 285 220 139 361 0 0 14 0 125 0 65 60 
0 79 0 0 0 17 0 0 0 0 0 35 40 0 0 299 212 154 356 0 0 14 0 125 0 65 60 
0 22 0 0 0 17 0 0 0 0 0 35 40 0 0 298 224 136 357 0 0 14 0 125 0 65 60 
0 30 0 0 0 18 0 0 0 0 0 32 40 0 0 299 210 143 354 0 0 15 0 125 0 64 60 
0 0 0 0 0 18 0 0 0 0 0 34 40 0 0 292 222 151 352 0 0 14 0 125 0 64 60 
0 0 0 0 0 16 0 0 0 0 0 35 40 0 0 298 219 137 355 0 0 14 0 125 0 64 60 
0 0 0 0 0 17 0 0 0 0 0 34 40 0 0 300 213 154 360 0 0 13 0 125 0 64 60 
0 0 0 0 0 19 0 0 0 0 0 37 40 0 0 288 213 153 352 0 0 14 0 125 0 63 60 
0 0 0 0 0 17 0 0 0 0 0 34 40 0 0 300 220 153 352 0 0 14 0 125 0 63 60 
0 0 0 0 0 15 0 0 0 0 0 35 40 0 0 299 214 151 354 0 0 14 0 125 0 63 60 
0 0 0 0 0 18 0 0 0 0 0 34 40 0 0 285 226 154 352 0 0 14 0 125 0 63 60 
0 0 0 0 0 20 0 0 0 0 0 33 40 0 0 286 217 153 356 0 0 14 0 125 0 62 60 
0 0 0 0 0 17 0 0 0 0 0 35 40 0 0 284 212 154 362 0 0 14 0 125 0 63 60 
0 0 0 0 0 15 0 0 0 0 0 35 40 0 0 288 225 155 355 0 0 14 0 125 0 61 60 
0 0 0 0 0 18 0 0 0 0 0 34 40 0 0 286 213 150 354 0 0 14 0 125 0 61 60 
0 0 0 0 0 20 0 0 0 0 0 34 40 0 0 286 210 138 356 0 0 14 0 125 0 62 60 
0 0 0 0 0 18 0 0 0 0 0 37 40 0 0 295 215 150 353 0 0 14 0 125 0 60 60 
0 0 0 0 0 17 0 0 0 0 0 35 40 0 0 289 218 135 358 0 0 15 0 125 0 59 60 
0 0 0 0 0 19 0 0 0 0 0 35 40 0 0 297 213 151 352 0 0 15 0 125 0 60 60 
0 0 0 0 0 18 0 0 0 0 0 33 40 0 0 286 224 139 354 0 0 14 0 125 0 61 60 
0 0 0 0 0 16 0 0 0 0 0 34 40 0 0 298 209 154 351 0 0 14 0 125 0 61 60 
0 0 0 0 0 15 0 0 0 0 0 33 40 0 0 299 217 137 351 0 0 14 0 125 0 62 60 
0 0 0 0 0 18 0 0 0 0 0 34 40 0 0 284 218 152 359 0 0 14 0 125 0 62 60 
0 0 0 0 0 18 0 0 0 0 0 36 39 0 0 296 214 138 361 0 0 14 0 125 0 62 60 
0 0 0 0 0 15 0 0 0 0 0 34 39 0 0 286 224 137 354 0 0 14 0 125 0 62 60 
0 0 0 0 0 16 0 0 0 0 0 34 39 0 0 285 225 139 356 0 0 14 0 125 0 61 60 
0 0 0 0 0 18 0 0 0 0 0 35 39 0 0 284 212 152 350 0 0 14 0 125 0 61 60 
0 0 0 0 0 18 0 0 0 0 0 34 39 0 0 299 210 146 358 0 0 14 0 125 0 61 60 
0 0 0 0 0 15 0 0 0 0 0 36 40 0 0 286 209 139 351 0 0 14 0 125 0 61 60 
0 0 0 0 0 16 0 0 0 0 0 33 39 0 0 297 213 135 357 0 0 14 0 125 0 61 60 
0 0 0 0 0 18 0 0 0 0 0 34 40 0 0 298 215 151 357 0 0 14 0 125 0 60 60 
0 0 0 0 0 18 0 0 0 0 0 35 39 0 0 295 226 153 360 0 0 14 0 125 0 60 60 
0 0 0 0 0 15 0 0 0 0 0 35 40 0 0 287 213 151 358 0 0 14 0 125 0 60 60 
0 0 0 0 0 15 0 0 0 0 0 34 39 0 0 283 214 138 360 0 0 14 0 125 0 60 60 
0 0 0 0 0 19 0 0 0 0 0 35 40 0 0 285 225 136 358 0 0 15 0 125 0 60 60 
0 0 0 0 0 19 0 0 0 0 0 36 40 0 0 295 212 142 356 0 0 15 0 125 0 59 60 
0 0 0 0 0 17 0 0 0 0 0 36 39 0 0 296 219 154 359 0 0 15 0 125 0 59 60 
0 0 0 0 0 19 0 0 0 0 0 34 40 0 0 295 211 145 360 0 0 14 0 125 0 58 60 
0 0 0 0 0 20 0 0 0 0 0 34 39 0 0 294 219 136 361 0 0 14 0 125 0 58 60 
0 0 0 0 0 18 0 0 0 0 0 35 39 0 0 302 210 154 361 0 0 14 0 125 0 58 60 
0 0 0 0 0 17 0 0 0 0 0 37 39 0 0 287 211 154 360 0 0 14 0 125 0 58 60 
0 0 0 0 0 19 0 0 0 0 0 34 39 0 0 287 225 154 361 0 0 14 0 125 0 58 60 
0 0 0 0 0 20 0 0 0 0 0 36 40 0 0 293 221 152 349 0 0 14 0 125 0 58 60 
0 0 0 0 0 18 0 0 0 0 0 34 39 0 0 296 218 140 352 0 0 14 0 125 0 58 60 
0 0 0 0 0 18 0 0 0 0 0 35 40 0 0 288 212 135 352 0 0 14 0 125 0 58 60 
0 0 0 0 0 19 0 0 0 0 0 35 40 0 0 299 210 151 351 0 0 14 0 125 0 57 60 
0 0 0 0 0 19 0 0 0 0 0 33 40 0 0 286 212 150 351 0 0 13 0 125 0 57 60 
0 0 0 0 0 17 0 0 0 0 0 37 39 0 0 290 213 135 358 0 0 14 0 125 0 57 60 
0 0 0 0 0 17 0 0 0 0 0 35 39 0 0 300 217 148 353 0 0 14 0 125 0 57 60 
0 0 0 0 0 20 0 0 0 0 0 36 39 0 0 287 215 148 352 0 0 14 0 125 0 57 60 
0 0 0 0 0 19 0 24 0 0 0 34 39 0 0 285 219 155 357 0 0 14 0 125 0 57 60 
0 0 0 0 0 16 0 67 0 0 0 35 39 0 0 286 211 137 357 0 0 14 0 125 0 58 60 
0 0 0 0 0 16 0 95 0 0 0 36 39 0 0 290 226 151 353 0 0 14 0 125 0 59 60 
0 0 0 0 0 17 0 73 0 0 0 34 39 0 0 299 210 138 361 0 0 14 0 125 0 60 60 
0 0 0 0 0 18 0 15 0 0 0 34 39 0 0 285 215 135 359 0 0 15 0 125 0 60 60 
0 0 0 0 0 15 0 51 0 0 0 36 39 0 0 284 210 137 352 0 0 15 0 125 0 60 60 
0 0 0 0 0 17 0 15 0 0 0 34 39 0 0 295 210 145 352 0 0 15 0 125 0 60 60 
0 0 0 0 0 18 0 11 0 0 0 36 39 0 0 287 212 139 351 0 0 15 0 125 0 60 60 
0 0 0 0 0 17 0 20 0 0 0 34 39 0 0 296 211 141 359 0 0 14 0 125 0 61 60 
0 0 0 0 0 16 0 0 0 0 0 35 39 0 0 298 224 151 360 0 0 14 0 125 0 59 60 
0 10 0 0 0 16 0 17 0 0 0 36 39 0 0 289 219 151 357 0 0 14 0 125 0 58 60 
0 0 0 0 0 18 0 0 0 0 0 35 39 0 0 289 227 143 353 0 0 14 0 125 0 58 60 
0 0 0 0 0 17 0 0 0 0 0 36 39 0 0 289 227 155 357 0 0 15 0 125 0 58 60 
0 0 0 0 0 16 0 0 0 0 0 34 39 0 0 296 224 151 358 0 0 14 0 125 0 59 60 
0 0 0 0 0 15 0 0 0 0 0 35 39 0 0 285 209 144 358 0 0 15 0 125 0 59 60 
0 0 0 0 0 19 0 0 0 0 0 36 39 0 0 298 215 145 357 0 0 15 0 125 0 60 60 
0 0 0 0 0 18 0 0 0 0 0 34 39 0 0 290 215 136 359 0 0 14 0 125 0 61 60 
0 0 0 0 0 16 0 0 0 0 0 34 39 0 0 297 220 154 358 0 0 14 0 125 0 60 60 
0 0 0 0 0 17 0 0 0 0 0 36 39 0 0 299 221 145 358 0 0 14 0 125 0 60 60 
0 0 0 0 0 20 0 0 0 0 0 35 39 0 0 296 212 150 359 0 0 14 0 125 0 59 60 
0 0 0 0 0 17 0 0 0 0 0 34 39 0 0 297 209 149 355 0 0 14 0 125 0 58 60 
0 0 0 0 0 16 0 0 0 0 0 35 39 0 0 299 226 145 357 0 0 14 0 125 0 57 60 
0 0 0 0 0 17 0 0 0 0 0 33 38 0 0 298 226 148 360 0 0 14 0 125 0 56 60 
0 0 0 0 0 18 0 0 0 0 0 36 38 0 0 286 213 137 361 0 0 14 0 125 0 57 60 
0 0 0 0 0 17 0 0 0 0 0 35 38 0 0 288 212 152 358 0 0 14 0 125 0 56 60 
0 0 0 0 0 16 0 0 0 0 0 35 38 0 0 285 226 137 358 0 0 14 0 125 0 56 60 
0 0 0 0 0 18 0 0 0 0 0 35 38 0 0 287 225 147 357 0 0 14 0 125 0 56 60 
0 0 0 0 0 19 0 0 0 0 0 35 38 0 0 296 215 147 361 0 0 14 0 125 0 56 60 
0 0 0 0 0 17 0 0 0 0 0 36 38 0 0 296 226 139 357 0 0 14 0 125 0 57 60 
0 0 0 0 0 17 0 0 0 0 0 34 38 0 0 296 211 149 353 0 0 15 0 125 0 57 60 
0 0 0 0 0 18 0 0 0 0 0 34 38 0 0 291 219 151 352 0 0 14 0 125 0 57 60 
0 0 0 0 0 19 0 0 0 0 0 36 38 0 0 297 213 154 353 0 0 13 0 125 0 57 60 
0 0 0 0 0 15 0 0 0 0 0 34 38 0 0 285 225 139 355 0 0 14 0 125 0 57 60 
0 0 0 0 0 15 0 0 0 0 0 35 38 0 0 297 219 155 356 0 0 14 0 125 0 58 60 
0 0 0 0 0 19 0 0 0 0 0 36 38 0 0 300 226 153 353 0 0 14 0 125 0 57 60 
0 0 0 0 0 24 0 0 0 0 0 36 38 0 0 290 215 136 358 0 0 14 0 125 0 57 60 
0 0 0 0 0 21 0 0 0 0 0 35 38 0 0 295 211 143 357 0 0 14 0 125 0 57 60 
0 0 0 0 0 21 0 0 0 0 0 36 38 0 0 292 224 152 361 0 0 14 0 125 0 57 60 
0 0 0 0 0 23 0 38 0 0 0 35 38 0 0 295 227 139 359 0 0 14 0 125 0 57 60 
0 0 0 0 0 23 0 92 0 0 0 35 37 0 0 286 213 153 362 0 0 14 0 125 0 57 60 
0 0 0 0 0 21 0 79 0 0 0 35 38 0 0 299 224 149 358 0 0 14 0 125 0 57 60 
0 0 0 0 0 21 0 11 0 0 0 33 38 0 0 300 215 155 361 0 0 14 0 125 0 57 60 
0 0 0 0 0 24 0 0 0 0 0 35 37 0 0 295 227 154 352 0 0 14 0 125 0 57 60 
0 0 0 0 0 22 0 0 0 0 0 34 38 0 0 295 222 141 351 0 0 14 0 125 0 57 60 
0 0 0 0 0 17 0 0 0 0 0 35 37 0 0 301 225 142 362 0 0 14 0 125 0 57 60 
0 0 0 0 0 18 0 0 0 0 0 36 38 0 0 290 215 151 352 0 0 14 0 125 0 57 60 
0 0 0 0 0 19 0 0 0 0 0 35 38 0 0 285 222 152 358 0 0 14 0 125 0 57 60 
0 0 0 0 0 17 0 0 0 0 0 34 37 0 0 287 222 140 361 0 0 14 0 125 0 56 60 
0 0 0 0 0 15 0 0 0 0 0 34 38 0 0 294 220 140 351 0 0 14 0 125 0 55 60 
0 0 0 0 0 17 0 0 0 0 0 35 38 0 0 288 222 141 355 0 0 14 0 125 0 55 60 
0 0 0 0 0 19 0 0 0 0 0 34 38 0 0 289 211 151 357 0 0 14 0 125 0 55 60 
0 0 0 0 0 17 0 0 0 0 0 34 38 0 0 298 216 139 354 0 0 14 0 125 0 56 60 
0 0 0 0 0 15 0 0 0 0 0 35 37 0 0 291 224 142 351 0 0 13 0 125 0 56 60 
0 0 0 0 0 15 0 0 0 0 0 35 37 0 0 292 213 149 351 0 0 14 0 125 0 57 60 
0 0 0 0 0 17 0 0 0 0 0 36 37 0 0 285 228 145 361 0 0 14 0 125 0 57 60 
0 0 0 0 0 13 0 0 0 0 0 35 38 0 0 285 225 135 360 0 0 14 0 125 0 57 60 
0 0 0 0 0 14 0 0 0 0 0 34 38 0 0 284 224 141 361 0 0 14 0 125 0 57 60 
0 0 0 0 0 17 0 0 0 0 0 35 37 0 0 299 210 138 352 0 0 15 0 125 0 57 60 
0 0 0 0 0 17 0 0 0 0 0 33 37 0 0 292 214 153 350 0 0 14 0 125 0 57 60 
0 0 0 0 0 16 0 0 0 0 0 34 38 0 0 299 227 137 360 0 0 13 0 125 0 57 60 
0 0 0 0 0 15 0 0 0 0 0 36 38 0 0 300 224 152 351 0 0 13 0 125 0 57 60 
0 0 0 0 0 17 0 0 0 0 0 35 38 0 0 302 222 152 355 0 0 14 0 125 0 57 60 
0 0 0 0 0 18 0 0 0 0 0 34 38 0 0 298 212 154 353 0 0 14 0 125 0 57 60 
0 0 0 0 0 16 0 0 0 11 0 34 37 0 0 285 224 154 353 0 0 14 0 125 0 57 60 
0 0 0 0 0 16 0 0 0 22 0 35 38 0 0 285 215 149 352 0 0 14 0 125 0 57 60 
0 0 0 0 0 17 0 0 0 11 0 36 38 0 0 295 215 151 361 0 0 14 0 125 0 57 60 
0 0 0 0 0 16 0 0 0 0 0 36 38 0 0 284 213 151 349 0 0 14 0 125 0 56 60 
0 0 0 0 0 13 0 0 0 16 0 33 37 0 0 287 225 154 359 0 0 15 0 125 0 55 60 
0 0 0 0 0 14 0 15 0 14 0 35 38 0 0 299 217 148 358 0 0 15 0 125 0 55 60 
0 0 0 0 0 17 0 43 0 19 0 33 37 0 0 293 223 153 361 0 0 15 0 125 0 54 60 
0 0 0 0 0 16 0 38 0 21 0 35 38 0 0 290 224 140 359 0 0 14 0 125 0 55 60 
0 0 0 0 0 15 0 64 0 13 0 35 38 0 0 287 217 140 358 0 0 14 0 125 0 55 60 
0 0 0 0 0 17 0 69 0 0 0 35 38 0 0 299 219 154 361 0 0 14 0 125 0 56 60 
0 0 0 0 0 19 0 87 0 0 0 35 38 0 0 294 211 152 360 0 0 14 0 125 0 56 60 
0 20 0 0 0 18 0 96 0 17 0 37 42 55 20 288 227 150 352 0 0 14 0 125 0 57 60 
0 135 54 0 0 48 0 76 39 164 0 35 48 51 50 299 225 149 350 0 0 14 0 125 0 57 60 
0 135 70 0 15 112 0 74 82 218 0 36 56 54 48 285 214 150 361 0 0 14 0 125 0 56 60 
0 137 69 0 32 182 0 74 77 207 0 32 61 65 48 286 226 138 356 0 0 14 0 125 0 57 60 
0 128 70 0 57 200 0 77 78 206 0 35 69 68 49 299 253 139 374 0 0 15 0 125 0 57 60 
154 130 72 0 81 200 0 83 76 203 0 35 77 57 49 0 0 0 60 0 0 15 0 125 0 58 60 
143 131 69 0 100 195 0 81 76 202 0 34 89 54 49 10 0 0 198 0 0 15 0 125 0 58 60 
152 136 68 0 113 176 0 80 78 207 0 36 96 52 49 357 280 275 702 0 0 14 0 125 0 59 60 
158 137 70 0 121 132 0 77 78 207 0 36 100 56 49 429 286 295 743 0 0 14 0 125 0 59 60 
163 131 73 0 123 99 0 76 78 205 0 37 100 75 50 453 364 339 536 0 0 14 0 125 0 59 60 
161 131 71 0 125 81 0 80 77 199 0 40 100 78 51 427 315 324 486 0 0 14 0 125 0 59 60 
163 131 71 0 126 71 0 75 76 201 0 39 100 62 51 434 317 265 520 0 0 14 0 125 0 59 60 
161 133 74 0 127 63 0 78 75 198 0 41 100 53 53 442 311 240 572 0 0 14 0 125 0 58 60 
165 139 74 0 128 62 0 81 76 205 0 46 100 39 60 414 321 225 557 0 0 14 0 125 0 57 60 
169 135 70 0 126 70 0 76 77 207 0 45 95 42 59 430 271 260 507 0 0 14 0 125 0 57 60 
169 136 71 0 126 68 0 76 78 210 0 46 91 58 56 455 290 158 468 0 0 15 0 125 0 57 60 
173 136 71 0 124 56 0 79 79 208 0 44 85 61 53 462 272 302 457 0 0 14 0 125 0 56 60 
170 137 71 0 123 55 0 77 77 207 0 49 79 61 60 444 238 274 476 0 0 13 0 125 0 56 60 
168 137 71 0 121 61 0 82 78 203 0 52 73 63 49 407 274 319 451 0 0 14 0 125 0 56 60 
171 134 72 0 118 64 0 79 76 201 0 51 67 55 49 442 274 362 513 0 0 14 0 125 0 57 60 
174 135 70 0 114 61 0 74 77 203 0 49 59 44 49 460 292 253 522 0 0 14 0 125 0 57 60 
173 136 75 0 111 58 0 82 78 204 0 44 51 42 49 427 279 280 474 0 0 14 0 125 0 56 60 
176 138 74 0 110 61 0 76 77 205 0 41 42 48 48 424 271 205 510 0 0 14 0 125 0 57 60 
171 132 71 0 108 63 0 74 77 209 0 41 38 52 49 436 232 321 548 0 0 14 0 125 0 57 60 
173 136 71 0 108 64 0 78 76 207 0 37 38 56 49 442 282 400 436 0 0 14 0 125 0 58 60 
169 139 75 0 108 72 0 79 77 207 0 38 37 58 49 399 288 428 447 0 0 14 0 125 0 57 60 
170 134 73 0 109 75 0 77 76 204 0 40 39 54 50 430 300 330 490 0 0 14 0 125 0 57 60 
169 141 74 0 107 67 0 76 77 200 0 37 39 55 49 431 280 315 520 0 0 13 0 125 0 58 60 
167 138 72 0 107 69 0 82 77 203 0 37 41 54 49 450 261 291 549 0 0 14 0 125 0 58 60 
173 143 78 0 106 71 0 82 76 201 0 36 40 48 50 414 274 312 444 0 0 14 0 125 0 58 60 
170 135 73 0 105 77 0 77 77 201 0 37 42 48 49 458 288 370 428 0 0 14 0 125 0 58 60 
167 133 73 0 104 75 0 77 77 201 0 37 43 52 50 479 266 374 515 0 0 14 0 125 0 58 60 
171 141 68 0 104 73 0 76 78 208 0 37 41 53 50 465 253 362 575 0 0 14 0 125 0 57 60 
171 145 71 0 102 74 0 79 78 209 0 34 39 52 48 442 230 280 505 0 0 14 0 125 0 57 60 
165 141 68 0 103 73 0 74 77 206 0 38 38 59 50 436 299 366 489 0 0 14 0 125 0 57 60 
169 138 71 0 102 66 0 74 76 206 0 34 37 58 50 411 312 338 441 0 0 14 0 125 0 57 60 
174 140 71 0 101 63 0 70 76 205 0 38 39 47 50 400 279 328 481 0 0 14 0 125 0 57 60 
169 134 72 0 100 63 0 77 76 203 0 35 39 52 50 431 256 323 503 0 0 13 0 125 0 57 60 
170 136 70 0 100 70 0 74 77 204 0 35 41 62 50 402 248 324 426 0 0 14 0 125 0 57 60 
170 139 72 0 101 69 0 74 77 208 0 36 44 60 52 423 261 319 419 0 0 14 0 125 0 57 60 
174 137 69 0 101 61 0 73 78 210 0 35 44 63 51 418 288 241 496 0 0 14 0 125 0 59 60 
167 130 72 0 102 58 0 75 77 209 0 33 45 59 51 408 253 228 472 0 0 14 0 125 0 60 60 
171 130 66 0 103 60 0 79 76 209 0 36 45 47 51 411 212 353 419 0 0 14 0 125 0 60 60 
175 132 71 0 103 59 0 78 76 204 0 37 44 36 50 421 261 323 464 0 0 14 0 125 0 59 60 
173 132 70 0 103 60 0 73 76 204 0 39 41 37 50 397 231 216 506 0 0 14 0 125 0 58 60 
170 135 72 0 102 67 0 81 77 203 0 38 43 42 52 423 229 287 530 0 0 14 0 125 0 60 60 
169 133 72 0 101 65 0 75 77 206 0 36 39 51 51 405 266 285 485 0 0 14 0 125 0 61 60 
175 134 70 0 100 62 0 78 77 205 0 39 39 58 50 399 258 229 503 0 0 14 0 125 0 61 60 
172 135 71 0 98 70 0 81 77 205 0 40 37 56 51 473 302 323 489 0 0 13 0 125 0 62 60 
172 135 74 0 97 71 0 81 76 207 0 40 39 54 50 470 274 255 483 0 0 13 0 125 0 63 60 
174 138 72 0 98 72 0 77 77 205 0 41 38 50 50 429 304 290 426 0 0 14 0 125 0 63 60 
177 136 70 0 99 70 0 75 78 205 0 41 37 53 50 440 279 223 474 0 0 14 0 125 0 63 60 
170 143 68 0 101 68 0 81 77 205 0 47 36 59 52 400 248 248 530 0 0 14 0 125 0 62 60 
169 141 73 0 104 61 0 82 77 208 0 44 36 56 51 414 277 396 491 0 0 14 0 125 0 62 60 
174 135 71 0 105 65 0 74 78 207 0 46 36 54 50 413 263 309 470 0 0 14 0 125 0 61 60 
175 133 71 0 108 61 0 74 77 206 0 46 35 57 50 441 288 365 548 0 0 14 0 125 0 61 60 
173 137 72 0 109 71 0 81 76 206 0 46 36 52 51 454 275 356 493 0 0 14 0 125 0 61 60 
170 132 74 0 108 75 0 74 76 208 0 39 36 56 50 449 195 307 450 0 0 14 0 125 0 60 60 
175 144 70 0 108 74 0 73 77 206 0 39 36 56 50 406 241 286 455 0 0 15 0 125 0 60 60 
171 137 73 0 106 72 0 76 77 208 0 35 36 54 52 427 251 387 528 0 0 15 0 125 0 60 60 
169 135 75 0 106 73 0 76 77 202 0 38 38 67 50 384 266 369 531 0 0 14 0 125 0 59 60 
170 137 75 0 105 72 0 81 77 202 0 33 36 66 50 426 285 396 493 0 0 15 0 125 0 59 60 
174 137 71 0 104 68 0 78 76 197 0 35 37 58 51 451 261 307 461 0 0 14 0 125 0 59 60 
166 132 70 0 103 72 0 80 76 201 0 34 36 53 51 468 254 341 490 0 0 14 0 125 0 59 60 
171 137 71 0 102 75 0 73 77 208 0 35 37 49 50 474 288 341 484 0 0 14 0 125 0 58 60 
176 141 72 0 101 78 0 77 76 206 0 36 38 51 51 440 223 372 453 0 0 14 0 125 0 58 60 
174 142 71 0 102 72 0 80 76 209 0 36 39 68 52 423 229 320 501 0 0 14 0 125 0 57 60 
167 133 70 0 103 69 0 81 77 206 0 36 40 73 53 414 242 333 441 0 0 14 0 125 0 57 60 
171 132 72 0 104 69 0 79 76 205 0 36 40 58 51 422 211 333 427 0 0 14 0 125 0 58 60 
171 132 71 0 107 69 0 71 78 200 0 39 42 49 54 442 270 226 490 0 0 14 0 125 0 56 60 
170 143 71 0 106 57 0 77 77 200 0 38 41 39 52 394 278 292 492 0 0 14 0 125 0 57 60 
172 141 68 0 106 54 0 76 79 205 0 38 43 48 52 372 304 291 466 0 0 14 0 125 0 56 60 
171 138 74 0 106 59 0 74 76 207 0 38 43 60 49 463 295 331 456 0 0 13 0 125 0 57 60 
171 135 71 0 104 66 0 77 76 209 0 41 41 65 50 421 260 299 489 0 0 13 0 125 0 57 60 
168 135 70 0 102 68 0 80 75 206 0 40 39 63 49 431 237 324 441 0 0 13 0 125 0 56 60 
174 132 71 0 102 70 0 75 76 209 0 49 38 65 51 416 269 313 447 0 0 14 0 125 0 53 60 
173 139 70 0 101 74 0 76 76 205 0 52 37 49 51 420 269 325 458 0 0 14 0 125 0 52 60 
171 142 71 0 101 71 0 81 77 204 0 52 36 41 52 421 274 260 478 0 0 14 0 125 0 51 60 
173 132 70 0 101 73 0 79 78 206 0 52 36 48 54 432 270 260 440 0 0 14 0 125 0 49 60 
170 129 71 0 101 71 0 74 76 205 0 50 37 53 54 423 281 217 484 0 0 14 0 125 0 50 60 
169 134 68 0 101 74 0 80 77 202 0 43 36 52 51 425 207 146 496 0 0 14 0 125 0 51 60 
170 134 71 0 100 67 0 71 77 205 0 44 36 61 51 474 233 291 460 0 0 14 0 125 0 52 60 
172 134 73 0 101 71 0 78 77 207 0 40 35 58 50 444 217 375 451 0 0 14 0 125 0 53 60 
172 135 75 0 102 75 0 78 79 206 0 39 36 54 52 428 251 275 460 0 0 14 0 125 0 53 60 
171 137 72 0 102 75 0 75 79 205 0 41 35 57 51 442 267 393 506 0 0 13 0 125 0 53 60 
170 133 69 0 103 73 0 75 78 205 0 38 35 49 52 417 279 244 550 0 0 14 0 125 0 53 60 
168 137 70 0 103 68 0 83 76 200 0 40 35 47 51 455 232 250 518 0 0 14 0 125 0 53 60 
168 136 70 0 102 63 0 74 76 200 0 37 37 52 50 414 288 287 514 0 0 14 0 125 0 54 60 
176 138 72 0 101 61 0 74 76 203 0 40 37 55 51 433 250 363 581 0 0 14 0 125 0 54 60 
167 140 71 0 101 61 0 82 77 206 0 40 37 54 51 432 267 345 522 0 0 14 0 125 0 54 60 
169 134 71 0 101 59 0 71 76 211 0 40 38 58 51 417 287 367 494 0 0 14 0 125 0 54 60 
170 139 73 0 101 68 0 77 78 210 0 43 39 60 52 434 205 406 439 0 0 14 0 125 0 56 60 
170 133 70 0 101 71 0 79 77 213 0 42 40 50 52 429 279 349 539 0 0 14 0 125 0 56 60 
170 135 74 0 100 69 0 74 77 208 0 42 39 51 52 417 207 316 562 0 0 14 0 125 0 57 60 
168 142 72 0 98 68 0 77 78 203 0 46 40 61 49 411 254 295 477 0 0 14 0 125 0 57 60 
167 143 72 0 99 70 0 79 77 205 0 46 38 63 52 418 252 401 466 0 0 14 0 125 0 57 60 
181 136 72 0 100 69 0 80 76 206 0 45 38 66 52 448 256 349 485 0 0 14 0 125 0 60 60 
167 137 71 0 101 64 0 77 77 206 0 48 40 61 50 442 249 363 500 0 0 14 0 125 0 62 60 
170 133 68 0 101 65 0 73 77 207 0 46 40 51 50 457 239 309 491 0 0 14 0 125 0 63 60 
175 138 72 0 104 73 0 73 76 206 0 46 42 37 51 410 262 386 470 0 0 14 0 125 0 64 60 
171 136 69 0 106 69 0 86 77 207 0 46 43 38 50 396 290 322 430 0 0 14 0 125 0 65 60 
174 143 72 0 107 68 0 77 77 206 0 49 44 41 51 406 287 350 415 0 0 13 0 125 0 65 60 
174 144 70 0 108 69 0 83 76 205 0 50 44 52 50 441 241 306 484 0 0 13 0 125 0 65 60 
171 134 70 0 108 72 0 82 77 206 0 48 42 58 51 412 243 302 486 0 0 14 0 125 0 65 60 
170 138 71 0 109 73 0 79 77 208 0 48 42 58 50 440 282 367 458 0 0 14 0 125 0 65 60 
169 135 71 0 109 63 0 76 76 206 0 49 43 56 51 409 239 215 451 0 0 14 0 125 0 65 60 
175 146 70 0 109 61 0 83 76 203 0 48 42 51 50 421 302 297 482 0 0 14 0 125 0 66 60 
169 140 73 0 107 71 0 77 78 208 0 50 41 55 50 414 251 243 457 0 0 14 0 125 0 68 60 
171 138 72 0 106 74 0 72 79 205 0 52 38 61 51 464 195 278 478 0 0 14 0 125 0 70 60 
171 131 70 0 104 72 0 77 79 207 0 47 38 56 52 427 258 243 481 0 0 14 0 125 0 71 60 
174 133 70 0 102 73 0 76 77 203 0 53 37 56 51 423 256 306 478 0 0 14 0 125 0 71 60 
172 133 72 0 102 74 0 81 76 199 0 55 37 57 52 407 234 300 459 0 0 14 0 125 0 72 60 
172 140 70 0 102 70 0 77 76 196 0 57 38 52 51 424 237 351 466 0 0 14 0 125 0 70 60 
171 140 73 0 102 63 0 74 76 202 0 65 38 55 51 445 302 332 475 0 0 14 0 125 0 69 60 
173 131 72 0 103 64 0 73 77 209 0 68 36 56 51 462 285 257 439 0 0 15 0 125 0 67 60 
169 130 72 0 103 66 0 74 78 208 0 67 36 54 52 464 262 232 432 0 0 14 0 125 0 66 60 
170 132 72 0 103 68 0 82 78 211 0 65 37 66 52 446 295 194 463 0 0 13 0 125 0 66 60 
170 134 70 0 102 71 0 82 76 209 0 64 36 66 53 434 251 331 518 0 0 13 0 125 0 65 60 
172 135 72 0 101 73 0 74 77 207 0 60 35 59 53 402 286 345 501 0 0 13 0 125 0 65 60 
175 132 74 0 101 70 0 78 77 201 0 59 36 56 53 399 248 344 521 0 0 13 0 125 0 65 60 
169 135 70 0 101 71 0 75 78 200 0 55 36 47 54 402 243 338 547 0 0 14 0 125 0 65 60 
170 135 72 0 100 68 0 73 78 204 0 56 37 53 56 366 246 362 552 0 0 14 0 125 0 65 60 
173 138 73 0 101 65 0 74 76 202 0 57 38 67 52 377 270 295 487 0 0 14 0 125 0 65 60 
168 141 70 0 100 64 0 76 76 207 0 59 38 73 52 412 284 338 506 0 0 14 0 125 0 65 60 
169 138 70 0 100 61 0 83 76 207 0 59 39 58 51 440 294 346 517 0 0 14 0 125 0 64 60 
165 138 70 0 100 70 0 78 77 207 0 53 38 51 49 391 275 345 560 0 0 14 0 125 0 61 60 
170 135 71 0 100 78 0 72 77 205 0 41 39 40 51 405 277 371 516 0 0 14 0 125 0 59 60 
166 136 73 0 100 80 0 82 78 205 0 36 39 44 51 449 232 339 464 0 0 14 0 125 0 55 60 
170 133 71 0 100 73 0 80 78 203 0 35 40 59 51 403 277 370 467 0 0 14 0 125 0 52 60 
171 138 75 0 100 67 0 74 77 204 0 34 38 63 51 426 197 352 468 0 0 14 0 125 0 50 60 
173 139 70 0 101 64 0 76 78 201 0 31 38 61 50 484 260 314 552 0 0 14 0 125 0 49 60 
169 135 72 0 102 62 0 83 77 204 0 32 37 65 50 447 253 358 466 0 0 13 0 125 0 50 60 
171 135 73 0 102 58 0 77 77 206 0 28 36 52 50 437 253 345 493 0 0 14 0 125 0 51 60 
173 137 73 0 103 63 0 75 76 206 0 33 37 40 51 408 250 332 451 0 0 15 0 125 0 54 60 
170 134 72 0 103 71 0 74 77 205 0 32 36 45 52 441 274 181 457 0 0 15 0 125 0 56 60 
170 135 72 0 103 73 0 72 78 207 0 31 37 54 51 421 288 292 469 0 0 15 0 125 0 58 60 
175 135 73 0 103 76 0 81 77 203 0 33 36 53 52 405 284 291 469 0 0 14 0 125 0 61 60 
170 139 72 0 101 75 0 79 77 202 0 35 37 61 51 447 281 286 460 0 0 14 0 125 0 62 60 
170 143 71 0 99 77 0 72 77 205 0 37 35 56 51 419 246 239 517 0 0 14 0 125 0 64 60 
168 145 74 0 98 74 0 82 77 208 0 35 36 50 51 443 239 333 475 0 0 14 0 125 0 65 60 
175 137 73 0 98 64 0 76 76 213 0 35 35 55 52 408 251 291 453 0 0 14 0 125 0 65 60 
173 135 72 0 99 65 0 72 76 212 0 36 34 50 50 438 251 288 445 0 0 14 0 125 0 66 60 
172 141 72 0 101 65 0 78 76 209 0 40 36 47 49 432 216 279 476 0 0 14 0 125 0 65 60 
170 139 70 0 104 66 0 77 76 207 0 39 35 49 51 423 274 265 492 0 0 14 0 125 0 66 60 
172 141 73 0 105 66 0 79 77 204 0 47 36 52 51 455 272 250 464 0 0 14 0 125 0 66 60 
171 139 71 0 106 69 0 75 78 201 0 43 37 55 51 416 264 174 459 0 0 14 0 125 0 67 60 
171 135 75 0 106 73 0 74 79 201 0 47 38 56 53 474 243 233 484 0 0 14 0 125 0 67 60 
169 137 69 0 106 74 0 74 79 206 0 49 39 61 54 450 202 283 488 0 0 14 0 125 0 67 60 
168 135 70 0 106 69 0 73 78 205 0 52 40 54 52 451 226 287 428 0 0 14 0 125 0 67 60 
169 140 73 0 105 67 0 72 76 207 0 54 42 50 49 446 256 335 475 0 0 14 0 125 0 67 60 
175 136 70 0 104 66 0 74 75 206 0 53 43 59 48 397 288 249 504 0 0 14 0 125 0 67 60 
170 129 73 0 103 64 0 77 76 202 0 53 41 65 50 397 267 290 538 0 0 14 0 125 0 69 60 
171 132 74 0 102 64 0 75 78 204 0 55 41 63 50 425 275 225 496 0 0 14 0 125 0 70 60 
171 135 74 0 102 68 0 81 77 208 0 45 42 65 51 414 246 309 547 0 0 14 0 125 0 70 60 
169 133 75 0 101 65 0 87 76 208 0 38 43 54 54 376 278 284 482 0 0 15 0 125 0 71 60 
170 133 72 0 101 69 0 79 77 207 0 36 43 41 52 425 263 415 458 0 0 14 0 125 0 72 60 
171 133 71 0 101 63 0 76 76 208 0 31 42 38 53 451 243 330 531 0 0 14 0 125 0 72 60 
172 135 70 0 102 68 0 82 77 205 0 34 44 37 52 451 201 282 587 0 0 14 0 125 0 72 60 
173 133 73 0 104 69 0 83 79 205 0 32 41 50 52 408 265 276 547 0 0 14 0 125 0 73 60 
170 137 72 0 106 67 0 70 78 207 0 32 41 55 49 394 263 304 478 0 0 14 0 125 0 74 60 
170 138 73 0 106 72 0 74 78 206 0 35 41 57 51 443 268 299 461 0 0 14 0 125 0 74 60 
173 138 71 0 105 77 0 76 77 202 0 33 41 55 51 422 253 343 517 0 0 14 0 125 0 75 60 
175 137 73 0 105 79 0 76 76 199 0 32 40 52 51 454 210 275 497 0 0 14 0 125 0 75 60 
171 132 74 0 104 72 0 79 77 198 0 35 41 52 51 411 231 234 481 0 0 14 0 125 0 76 60 
174 132 75 0 103 69 0 81 76 204 0 32 41 62 51 438 235 299 455 0 0 14 0 125 0 75 60 
174 142 72 0 102 68 0 73 76 205 0 36 41 58 51 409 235 346 450 0 0 15 0 125 0 74 60 
175 141 71 0 101 68 0 76 75 208 0 35 40 53 52 450 274 331 460 0 0 15 0 125 0 73 60 
168 137 73 0 101 60 0 77 76 209 0 35 41 57 52 413 270 178 421 0 0 14 0 125 0 73 60 
173 138 74 0 101 62 0 71 77 206 0 39 42 55 51 436 278 292 507 0 0 14 0 125 0 73 60 
169 137 76 0 101 67 0 75 78 201 0 35 44 52 52 424 277 280 448 0 0 15 0 125 0 72 60 
170 140 70 0 101 73 0 74 78 200 0 38 40 56 52 411 290 228 468 0 0 15 0 125 0 72 60 
173 142 76 0 101 71 0 72 78 203 0 37 41 52 52 449 256 250 502 0 0 15 0 125 0 73 60 
168 139 76 0 102 67 0 81 78 206 0 37 41 59 52 422 264 211 471 0 0 14 0 125 0 73 60 
166 138 75 0 103 64 0 80 75 205 0 38 42 65 51 434 245 212 460 0 0 14 0 125 0 74 60 
167 143 72 0 103 62 0 70 77 208 0 38 46 63 51 417 273 132 476 0 0 14 0 125 0 75 60 
171 139 73 0 103 65 0 83 76 206 0 41 43 58 50 432 270 278 500 0 0 14 0 125 0 76 60 
169 140 71 0 102 67 0 75 77 206 0 42 44 48 52 404 240 236 515 0 0 14 0 125 0 76 60 
172 134 70 0 102 69 0 76 77 204 0 45 43 52 51 419 269 259 451 0 0 14 0 125 0 76 60 
168 140 71 0 102 66 0 86 77 205 0 47 46 66 51 427 236 271 471 0 0 14 0 125 0 76 60 
168 140 75 0 102 80 0 76 77 205 0 47 44 72 51 429 291 201 499 0 0 14 0 125 0 74 60 
172 139 73 0 102 84 0 73 77 202 0 40 43 60 50 497 265 200 467 0 0 14 0 125 0 73 60 
172 141 72 0 102 81 0 76 76 204 0 37 42 53 51 440 212 178 456 0 0 14 0 125 0 74 60 
169 134 70 0 101 67 0 77 76 206 0 37 42 45 49 429 283 312 503 0 0 14 0 125 0 73 60 
172 137 72 0 100 64 0 75 78 209 0 36 42 39 51 426 277 284 476 0 0 14 0 125 0 72 60 
171 137 74 0 100 63 0 77 79 208 0 35 42 58 51 405 273 327 489 0 0 14 0 125 0 72 60 
170 137 68 0 100 65 0 75 79 206 0 34 41 61 51 416 244 276 595 0 0 14 0 125 0 72 60 
168 134 71 0 100 67 0 81 78 202 0 32 42 63 49 457 270 267 545 0 0 14 0 125 0 72 60 
169 129 73 0 101 71 0 85 76 201 0 33 42 64 51 401 334 239 425 0 0 14 0 125 0 71 60 
171 132 71 0 103 74 0 76 75 202 0 33 41 55 50 426 268 170 480 0 0 13 0 125 0 70 60 
170 134 71 0 104 74 0 77 77 207 0 34 41 43 51 438 258 305 560 0 0 13 0 125 0 70 60 
170 136 71 0 106 73 0 78 78 206 0 35 38 42 51 445 259 273 560 0 0 14 0 125 0 69 60 
170 132 74 0 106 73 0 76 77 212 0 38 37 51 50 452 248 310 529 0 0 14 0 125 0 68 60 
171 135 71 0 107 77 0 77 77 211 0 38 36 54 53 435 246 295 463 0 0 14 0 125 0 67 60 
173 135 69 0 108 73 0 76 75 210 0 36 37 58 52 426 260 295 493 0 0 13 0 125 0 66 60 
174 133 72 0 109 63 0 80 77 204 0 38 37 61 46 436 250 296 507 0 0 13 0 125 0 65 60 
171 138 72 0 109 60 0 75 77 205 0 40 39 52 52 445 236 264 520 0 0 13 0 125 0 64 60 
172 137 68 0 108 61 0 78 78 203 0 37 38 56 51 458 243 249 478 0 0 14 0 125 0 63 60 
173 141 71 0 107 57 0 77 78 203 0 39 37 54 51 454 246 280 461 0 0 15 0 125 0 62 60 
177 136 70 0 105 55 0 77 78 202 0 34 38 48 51 428 234 237 420 0 0 15 0 125 0 61 60 
170 135 75 0 103 58 0 75 76 206 0 35 37 48 53 424 249 168 450 0 0 14 0 125 0 60 60 
169 135 70 0 102 65 0 75 76 207 0 32 37 51 52 405 269 213 508 0 0 14 0 125 0 59 60 
171 139 72 0 102 71 0 71 78 205 0 30 37 55 53 431 257 202 489 0 0 14 0 125 0 59 60 
171 137 70 0 103 80 0 77 78 203 0 34 38 55 52 409 275 318 415 0 0 14 0 125 0 59 60 
167 143 73 0 103 73 0 75 77 205 0 31 38 60 52 398 257 185 436 0 0 14 0 125 0 58 60 
171 135 71 0 104 70 0 75 78 207 0 34 37 56 53 402 317 242 517 0 0 14 0 125 0 58 60 
171 138 71 0 104 71 0 80 78 205 0 34 38 50 52 449 265 257 471 0 0 14 0 125 0 57 60 
170 138 73 0 103 69 0 75 77 207 0 35 39 54 52 430 275 237 470 0 0 14 0 125 0 57 60 
169 136 72 0 103 76 0 76 77 205 0 37 39 64 52 407 259 187 473 0 0 14 0 125 0 57 60 
169 133 70 0 103 77 0 81 78 205 0 39 40 63 50 440 251 245 468 0 0 14 0 125 0 57 60 
171 136 70 0 102 67 0 73 76 205 0 38 39 65 52 426 263 151 512 0 0 14 0 125 0 57 60 
172 145 73 0 103 61 0 72 77 206 0 39 41 57 52 408 254 144 497 0 0 14 0 125 0 57 60 
171 140 73 0 102 65 0 81 76 198 0 40 40 45 51 429 273 241 458 0 0 14 0 125 0 57 60 
170 135 71 0 101 67 0 87 77 198 0 39 41 37 51 429 248 259 448 0 0 14 0 125 0 57 60 
171 135 75 0 101 68 0 81 77 197 0 38 40 35 51 470 260 273 481 0 0 14 0 125 0 57 60 
169 141 73 0 100 61 0 87 77 204 0 35 40 46 51 440 233 210 577 0 0 14 0 125 0 57 60 
172 141 72 0 101 63 0 77 78 204 0 36 39 54 52 443 235 194 488 0 0 14 0 125 0 57 60 
172 142 70 0 101 66 0 81 77 209 0 36 40 60 51 423 230 230 496 0 0 15 0 125 0 57 60 
173 136 73 0 101 64 0 79 76 211 0 36 42 57 51 421 262 227 573 0 0 14 0 125 0 57 60 
170 133 71 0 101 61 0 71 75 208 0 36 43 54 51 427 276 228 575 0 0 14 0 125 0 57 60 
174 138 70 0 101 67 0 74 75 203 0 35 43 52 50 377 224 287 522 0 0 14 0 125 0 57 60 
177 140 70 0 100 69 0 77 76 204 0 35 42 58 52 429 230 307 495 0 0 13 0 125 0 57 60 
174 135 71 0 102 73 0 74 77 202 0 36 42 59 52 439 251 327 503 0 0 13 0 125 0 57 60 
173 133 74 0 102 73 0 73 78 205 0 34 42 54 52 414 296 226 536 0 0 13 0 125 0 57 60 
169 128 72 0 103 71 0 78 77 205 0 35 39 55 55 443 208 324 528 0 0 14 0 125 0 57 60 
172 133 73 0 103 75 0 74 77 209 0 33 40 55 54 435 288 261 488 0 0 15 0 125 0 57 60 
175 135 72 0 104 74 0 69 76 207 0 31 40 51 52 402 267 232 430 0 0 15 0 125 0 57 60 
171 137 73 0 102 76 0 79 75 205 0 33 39 57 50 423 245 256 443 0 0 15 0 125 0 57 60 
170 131 72 0 100 77 0 79 77 204 0 31 38 51 49 427 267 262 567 0 0 15 0 125 0 57 60 
172 133 70 0 98 73 0 81 77 204 0 34 39 57 48 445 232 144 536 0 0 15 0 125 0 57 60 
171 134 69 0 97 66 0 80 77 202 0 32 39 69 49 444 246 224 519 0 0 14 0 125 0 59 60 
172 139 74 0 97 64 0 72 76 202 0 32 40 65 51 428 274 275 455 0 0 14 0 125 0 60 60 
170 140 72 0 98 62 0 75 75 203 0 32 40 57 53 414 272 221 416 0 0 14 0 125 0 60 60 
171 139 73 0 101 61 0 79 77 203 0 34 39 49 53 440 274 198 499 0 0 14 0 125 0 60 60 
166 139 72 0 103 61 0 79 78 205 0 34 39 52 54 415 321 215 524 0 0 15 0 125 0 60 60 
170 138 72 0 104 61 0 71 78 207 0 38 38 58 52 396 253 200 480 0 0 14 0 125 0 60 60 
165 138 72 0 105 68 0 77 77 208 0 35 38 70 52 418 248 111 465 0 0 14 0 125 0 61 60 
167 132 72 0 106 71 0 82 77 204 0 36 39 67 51 405 240 243 497 0 0 14 0 125 0 61 60 
170 139 72 0 107 71 0 75 77 205 0 37 39 55 51 438 261 202 452 0 0 14 0 125 0 61 60 
171 136 70 0 106 82 0 76 78 202 0 33 38 48 51 412 264 176 478 0 0 14 0 125 0 61 60 
171 135 72 0 106 75 0 77 78 205 0 36 38 38 52 432 267 130 447 0 0 14 0 125 0 61 60 
169 141 71 0 105 64 0 74 77 208 0 33 42 55 52 452 246 217 453 0 0 14 0 125 0 62 60 
167 136 73 0 104 61 0 78 76 212 0 37 40 62 51 411 285 244 473 0 0 14 0 125 0 61 60 
172 136 73 0 102 69 0 77 75 213 0 33 42 61 51 431 276 197 450 0 0 15 0 125 0 62 60 
168 138 73 0 101 73 0 72 76 208 0 36 44 66 51 421 264 143 454 0 0 14 0 125 0 62 60 
171 137 71 0 100 80 0 80 76 206 0 36 42 60 51 425 260 205 462 0 0 14 0 125 0 61 60 
167 139 72 0 100 71 0 81 77 203 0 40 43 46 51 466 271 134 454 0 0 14 0 125 0 61 60 
168 145 73 0 100 67 0 71 78 201 0 37 42 41 50 489 226 105 485 0 0 14 0 125 0 61 60 
173 140 70 0 102 72 0 77 78 203 0 39 44 50 52 420 220 219 443 0 0 14 0 125 0 61 60 
172 131 71 0 103 67 0 78 78 205 0 37 43 57 52 408 232 237 511 0 0 14 0 125 0 61 60 
169 137 70 0 104 65 0 75 77 206 0 37 43 56 52 443 291 273 494 0 0 13 0 125 0 62 60 
173 140 74 0 105 63 0 80 75 207 0 36 41 60 51 404 282 229 546 0 0 14 0 125 0 63 60 
174 138 70 0 104 58 0 78 76 205 0 34 41 54 51 413 251 208 531 0 0 14 0 125 0 63 60 
175 143 73 0 104 60 0 78 78 204 0 35 41 54 50 430 241 259 490 0 0 14 0 125 0 63 60 
171 139 73 0 103 62 0 80 78 205 0 36 42 55 52 447 285 203 506 0 0 14 0 125 0 63 60 
170 133 73 0 103 67 0 78 78 208 0 35 43 49 50 401 236 253 505 0 0 14 0 125 0 63 60 
176 138 74 0 102 69 0 76 77 205 0 39 42 47 52 450 295 299 488 0 0 14 0 125 0 63 60 
171 140 70 0 101 67 0 81 77 208 0 39 42 52 51 414 267 205 560 0 0 14 0 125 0 63 60 
167 136 73 0 101 68 0 72 76 206 0 40 42 54 51 437 264 188 510 0 0 13 0 125 0 63 60 
167 130 72 0 100 75 0 73 76 206 0 42 43 56 50 429 254 226 456 0 0 13 0 125 0 62 60 
176 131 72 0 101 74 0 72 78 207 0 42 42 59 50 391 238 241 523 0 0 14 0 125 0 62 60 
174 132 72 0 101 67 0 73 78 209 0 42 41 56 50 451 257 205 543 0 0 13 0 125 0 62 60 
167 139 74 0 102 74 0 76 79 202 0 38 42 48 51 404 187 235 495 0 0 13 0 125 0 62 60 
172 136 70 0 103 77 0 76 77 200 0 37 42 54 51 449 237 229 513 0 0 14 0 125 0 62 60 
176 137 73 0 103 80 0 77 76 199 0 38 42 65 51 447 241 226 459 0 0 14 0 125 0 61 60 
172 135 72 0 101 68 0 79 77 200 0 35 42 60 51 424 251 134 420 0 0 15 0 125 0 60 60 
172 133 73 0 101 60 0 78 77 205 0 35 41 66 52 392 235 169 483 0 0 15 0 125 0 60 60 
171 138 71 0 101 62 0 76 77 208 0 36 41 59 51 423 259 173 504 0 0 15 0 125 0 60 60 
168 139 72 0 101 63 0 77 77 210 0 35 40 47 51 439 265 184 455 0 0 14 0 125 0 59 60 
167 137 70 0 102 60 0 77 76 205 0 38 40 37 52 439 247 105 494 0 0 14 0 125 0 59 60 
170 139 73 0 102 65 0 78 77 201 0 37 40 36 51 417 262 142 477 0 0 13 0 125 0 59 60 
169 139 71 0 102 62 0 77 77 202 0 38 41 45 51 414 240 174 449 0 0 14 0 125 0 59 60 
168 135 72 0 102 61 0 75 76 202 0 40 40 52 52 434 270 198 490 0 0 14 0 125 0 59 60 
171 133 73 0 99 62 0 75 78 204 0 37 39 60 53 390 287 182 458 0 0 14 0 125 0 59 60 
174 138 74 0 100 66 0 79 77 204 0 37 40 57 53 435 258 154 443 0 0 15 0 125 0 59 60 
170 141 72 0 99 65 0 83 76 209 0 38 39 55 52 458 228 145 521 0 0 14 0 125 0 60 60 
174 141 71 0 100 63 0 82 76 207 0 37 39 51 51 398 257 47 466 0 0 14 0 125 0 60 60 
172 136 70 0 101 65 0 81 77 204 0 35 40 58 51 410 258 210 455 0 0 14 0 125 0 61 60 
174 138 73 0 102 74 0 79 77 206 0 33 39 60 51 429 272 212 545 0 0 14 0 125 0 61 60 
174 135 71 0 102 73 0 76 77 204 0 37 38 55 52 450 233 180 523 0 0 14 0 125 0 62 60 
174 136 70 0 104 69 0 76 78 204 0 37 39 55 51 483 222 250 472 0 0 14 0 125 0 63 60 
171 135 71 0 104 72 0 70 76 205 0 36 38 56 52 457 219 207 485 0 0 14 0 125 0 64 60 
171 139 71 0 106 72 0 69 77 204 0 36 38 51 51 426 261 196 485 0 0 14 0 125 0 64 60 
168 141 74 0 107 72 0 74 78 206 0 38 38 57 53 422 251 91 557 0 0 14 0 125 0 64 60 
170 140 74 0 108 70 0 77 77 207 0 37 37 54 50 409 243 226 577 0 0 14 0 125 0 64 60 
167 129 73 0 110 71 0 78 78 210 0 35 38 57 53 413 250 235 543 0 0 14 0 125 0 65 60 
171 135 73 0 109 73 0 84 77 206 0 33 37 67 51 422 269 218 472 0 0 14 0 125 0 64 60 
175 143 71 0 108 69 0 79 76 205 0 35 39 66 51 432 257 252 506 0 0 14 0 125 0 65 60 
173 138 71 0 107 67 0 75 76 203 0 35 41 57 51 408 271 237 548 0 0 14 0 125 0 64 60 
169 140 71 0 105 69 0 79 77 203 0 36 42 50 52 394 268 229 572 0 0 13 0 125 0 64 60 
170 137 73 0 103 77 0 77 77 203 0 36 40 49 49 426 211 207 526 0 0 14 0 125 0 64 60 
168 131 73 0 101 78 0 74 77 205 0 33 40 56 51 384 321 164 476 0 0 14 0 125 0 65 60 
170 138 72 0 102 77 0 77 78 210 0 35 42 70 50 437 276 205 503 0 0 14 0 125 0 64 60 
169 139 70 0 102 77 0 77 78 212 0 32 43 70 52 408 285 176 497 0 0 14 0 125 0 64 60 
173 135 73 0 103 75 0 74 76 207 0 33 40 54 50 468 248 116 478 0 0 14 0 125 0 64 60 
171 132 72 0 103 65 0 79 75 206 0 35 40 50 51 420 254 151 471 0 0 14 0 125 0 65 60 
168 132 72 0 103 60 0 78 76 202 0 35 40 39 51 448 307 287 467 0 0 14 0 125 0 63 60 
171 137 73 0 102 59 0 78 76 205 0 33 39 53 50 416 307 137 445 0 0 14 0 125 0 63 60 
169 138 73 0 102 69 0 85 77 203 0 38 39 60 49 435 244 130 405 0 0 14 0 125 0 63 60 
170 135 71 0 102 76 0 75 77 206 0 37 39 61 53 415 236 178 456 0 0 14 0 125 0 64 60 
170 129 70 0 102 85 0 74 78 206 0 37 40 63 52 422 250 190 498 0 0 14 0 125 0 64 60 
169 136 72 0 102 84 0 78 78 209 0 35 39 59 53 439 273 185 449 0 0 14 0 125 0 65 60 
168 134 73 0 102 76 0 75 78 205 0 35 39 47 54 384 264 110 519 0 0 14 0 125 0 64 60 
172 136 73 0 101 67 0 79 77 206 0 37 40 39 54 428 295 174 473 0 0 14 0 125 0 64 60 
170 139 74 0 100 60 0 78 76 203 0 34 40 47 53 412 280 125 455 0 0 14 0 125 0 64 60 
173 138 74 0 100 59 0 74 76 205 0 34 41 54 50 423 251 64 547 0 0 14 0 125 0 63 60 
170 142 73 0 101 59 0 77 76 205 0 39 40 57 49 442 293 150 532 0 0 14 0 125 0 62 60 
175 138 71 0 101 58 0 80 76 206 0 36 41 63 50 420 266 158 532 0 0 14 0 125 0 61 60 
170 135 76 0 102 60 0 77 76 207 0 41 41 55 50 442 192 151 467 0 0 14 0 125 0 61 60 
177 133 72 0 101 68 0 74 77 206 0 41 40 53 52 448 215 218 472 0 0 14 0 125 0 61 60 
179 140 71 0 100 74 0 74 77 207 0 43 43 54 52 453 272 182 502 0 0 14 0 125 0 62 60 
168 143 72 0 100 76 0 83 77 208 0 46 42 51 54 455 233 61 519 0 0 15 0 125 0 62 60 
169 139 77 0 101 78 0 78 77 202 0 42 41 48 54 489 238 97 500 0 0 14 0 125 0 62 60 
172 138 76 0 103 78 0 79 78 196 0 41 41 50 52 486 185 165 459 0 0 14 0 125 0 62 60 
171 136 73 0 104 71 0 76 78 199 0 38 40 53 51 430 292 247 443 0 0 14 0 125 0 62 60 
173 139 70 0 105 64 0 76 78 198 0 39 40 55 50 406 272 243 501 0 0 14 0 125 0 63 60 
174 135 74 0 104 66 0 77 79 203 0 41 40 60 49 435 282 239 534 0 0 14 0 125 0 63 60 
166 135 74 0 103 68 0 76 77 207 0 43 38 58 52 413 246 102 517 0 0 14 0 125 0 63 60 
168 139 72 0 100 66 0 72 76 211 0 42 39 48 50 423 261 192 509 0 0 14 0 125 0 62 60 
173 146 70 0 98 65 0 76 76 209 0 48 39 51 52 431 302 149 482 0 0 14 0 125 0 62 60 
171 131 69 0 98 63 0 78 75 205 0 48 38 65 50 422 245 258 509 0 0 15 0 125 0 63 60 
166 135 71 0 99 62 0 78 76 205 0 48 38 62 51 430 260 209 512 0 0 14 0 125 0 63 60 
170 139 69 0 100 68 0 73 77 203 0 48 40 64 52 396 247 212 561 0 0 13 0 125 0 64 60 
171 144 71 0 103 71 0 77 78 203 0 44 40 60 52 421 278 142 470 0 0 14 0 125 0 64 60 
166 140 73 0 104 71 0 90 78 204 0 44 38 48 51 432 256 173 459 0 0 15 0 125 0 64 60 
170 138 71 0 105 67 0 78 78 206 0 43 39 37 52 427 249 224 509 0 0 15 0 125 0 64 60 
173 130 71 0 106 65 0 79 78 207 0 41 38 36 51 401 232 145 541 0 0 15 0 125 0 65 60 
172 136 69 0 106 60 0 78 77 204 0 42 39 42 52 442 282 173 476 0 0 15 0 125 0 65 60 
163 139 72 0 106 60 0 86 77 206 0 42 38 52 52 462 265 132 480 0 0 15 0 125 0 65 60 
177 138 71 0 106 62 0 79 77 204 0 42 38 58 51 448 258 147 501 0 0 14 0 125 0 65 60 
172 132 71 0 105 58 0 68 78 202 0 40 39 57 50 448 264 51 441 0 0 14 0 125 0 65 60 
171 131 74 0 104 57 0 81 77 203 0 35 38 54 50 435 246 131 436 0 0 15 0 125 0 65 60 
176 132 72 0 102 57 0 72 76 201 0 36 37 51 51 431 295 174 464 0 0 15 0 125 0 65 60 
180 136 73 0 101 64 0 71 76 203 0 39 37 55 52 428 209 178 481 0 0 15 0 125 0 65 60 
165 139 71 0 100 63 0 77 77 205 0 39 39 61 51 422 247 108 444 0 0 14 0 125 0 65 60 
175 133 73 0 100 66 0 72 77 209 0 38 37 56 51 420 232 124 462 0 0 13 0 125 0 65 60 
177 131 71 0 101 70 0 70 77 208 0 39 37 54 51 413 251 146 469 0 0 14 0 125 0 64 60 
175 137 71 0 102 76 0 81 77 207 0 40 38 56 50 445 244 204 517 0 0 15 0 125 0 65 60 
171 134 70 0 104 80 0 75 77 204 0 39 38 51 51 433 242 113 480 0 0 14 0 125 0 64 60 
175 137 71 0 105 78 0 74 78 204 0 34 37 57 50 443 269 170 458 0 0 15 0 125 0 64 60 
178 139 70 0 105 82 0 84 78 205 0 38 37 54 51 425 261 86 485 0 0 15 0 125 0 63 60 
177 138 72 0 104 81 0 75 78 207 0 38 37 56 52 445 312 102 463 0 0 15 0 125 0 63 60 
173 139 72 0 104 73 0 78 77 210 0 39 37 68 50 395 207 179 471 0 0 16 0 125 0 64 60 
173 139 73 0 103 67 0 78 76 212 0 38 36 66 51 433 268 165 492 0 0 15 0 125 0 64 60 
174 132 71 0 103 65 0 74 76 210 0 37 37 56 50 432 251 232 509 0 0 15 0 125 0 65 60 
169 132 71 0 102 60 0 80 75 210 0 38 38 49 51 453 258 123 507 0 0 14 0 125 0 64 60 
168 135 71 0 101 61 0 79 78 205 0 37 37 50 51 462 278 116 444 0 0 14 0 125 0 65 60 
170 139 71 0 100 66 0 76 77 207 0 39 35 56 53 437 231 115 433 0 0 13 0 125 0 65 60 
168 136 71 0 100 68 0 75 77 202 0 40 36 71 51 412 276 205 513 0 0 13 0 125 0 63 60 
172 138 72 0 100 71 0 80 76 205 0 40 36 70 51 411 233 219 507 0 0 14 0 125 0 63 60 
171 133 71 0 101 68 0 78 77 205 0 39 35 54 51 422 278 157 515 0 0 14 0 125 0 62 60 
165 135 73 0 102 64 0 77 77 206 0 37 35 46 53 379 256 261 507 0 0 13 0 125 0 62 60 
167 138 72 0 103 67 0 75 76 204 0 36 36 37 51 403 249 190 472 0 0 13 0 125 0 61 60 
175 131 73 0 103 65 0 79 77 205 0 38 36 54 53 417 233 192 524 0 0 13 0 125 0 61 60 
170 139 70 0 103 68 0 80 77 201 0 36 36 62 51 420 225 148 532 0 0 13 0 125 0 61 60 
170 143 71 0 102 71 0 79 77 203 0 34 38 60 51 411 261 154 474 0 0 14 0 125 0 62 60 
173 129 71 0 102 72 0 76 76 207 0 35 38 64 51 432 265 228 504 0 0 14 0 125 0 62 60 
172 136 75 0 102 66 0 79 76 208 0 34 39 57 52 433 211 209 507 0 0 14 0 125 0 63 60 
171 143 69 0 103 61 0 79 78 205 0 36 40 45 51 411 294 241 446 0 0 15 0 125 0 64 60 
167 139 72 0 103 66 0 77 78 206 0 38 39 40 52 437 210 46 513 0 0 14 0 125 0 63 60 
174 137 69 0 103 70 0 70 79 208 0 44 41 52 51 432 197 147 531 0 0 14 0 125 0 62 60 
168 142 73 0 103 69 0 80 77 210 0 47 41 55 52 464 243 242 525 0 0 14 0 125 0 60 60 
171 136 69 0 101 67 0 83 78 208 0 46 40 58 51 472 306 123 480 0 0 14 0 125 0 60 60 
176 137 74 0 100 69 0 83 76 200 0 48 39 61 52 431 250 176 458 0 0 15 0 125 0 59 60 
172 144 72 0 99 71 0 78 77 201 0 49 39 54 52 434 261 122 437 0 0 15 0 125 0 60 60 
168 138 73 0 100 71 0 77 77 198 0 43 37 55 52 398 288 157 431 0 0 14 0 125 0 60 60 
172 134 73 0 102 72 0 78 77 204 0 42 38 52 52 403 280 156 496 0 0 14 0 125 0 60 60 
179 130 70 0 102 73 0 76 78 207 0 40 38 49 51 416 272 121 432 0 0 14 0 125 0 62 60 
172 133 72 0 104 69 0 74 78 207 0 43 39 48 51 418 233 107 481 0 0 15 0 125 0 62 60 
173 141 74 0 104 64 0 73 77 207 0 40 37 51 51 397 197 109 494 0 0 15 0 125 0 64 60 
170 137 68 0 104 65 0 82 77 204 0 40 37 54 51 429 246 30 439 0 0 15 0 125 0 64 60 
175 130 73 0 106 67 0 71 77 203 0 41 39 57 52 407 285 131 453 0 0 14 0 125 0 65 60 
169 136 71 0 108 68 0 69 76 199 0 42 39 60 51 404 286 180 518 0 0 15 0 125 0 64 60 
174 135 71 0 109 66 0 74 76 203 0 42 38 55 51 454 289 168 459 0 0 14 0 125 0 65 60 
174 138 72 0 110 61 0 73 77 206 0 45 38 48 51 415 293 149 493 0 0 14 0 125 0 65 60 
174 144 72 0 110 67 0 73 76 206 0 40 38 55 50 449 229 152 505 0 0 14 0 125 0 65 60 
171 142 70 0 110 72 0 77 76 208 0 41 38 66 49 427 222 105 498 0 0 14 0 125 0 64 60 
172 138 71 0 108 66 0 74 77 205 0 40 39 63 52 415 287 51 486 0 0 14 0 125 0 64 60 
174 121 72 0 106 63 0 80 78 207 0 39 38 65 53 467 251 226 503 0 0 14 0 125 0 65 60 
170 133 74 0 104 68 0 81 79 206 0 39 39 56 52 450 208 196 509 0 0 15 0 125 0 65 60 
173 137 70 0 103 76 0 76 77 202 0 41 38 43 53 432 249 241 450 0 0 15 0 125 0 65 60 
172 140 73 0 103 76 0 74 76 203 0 45 37 39 53 410 238 209 459 0 0 14 0 125 0 65 60 
169 140 72 0 103 75 0 79 75 203 0 48 39 37 51 407 264 175 516 0 0 14 0 125 0 65 60 
171 136 72 0 102 72 0 79 76 202 0 51 39 47 49 446 317 171 546 0 0 14 0 125 0 65 60 
172 140 71 0 103 66 0 76 76 205 0 54 38 56 50 414 270 166 514 0 0 14 0 125 0 65 60 
171 135 71 0 102 64 0 76 76 207 0 56 38 60 50 397 286 211 482 0 0 15 0 125 0 65 60 
170 143 73 0 102 63 0 76 76 208 0 55 38 57 51 427 215 227 428 0 0 14 0 125 0 65 60 
167 147 71 0 101 63 0 77 77 207 0 53 37 54 52 392 230 166 454 0 0 14 0 125 0 65 60 
174 135 70 0 102 66 0 77 76 204 0 47 37 53 53 412 250 153 501 0 0 14 0 125 0 65 60 
169 148 73 0 102 69 0 77 77 201 0 42 38 62 53 430 227 170 522 0 0 14 0 125 0 65 60 
167 139 70 0 102 73 0 80 77 200 0 41 38 59 53 449 249 289 473 0 0 14 0 125 0 65 60 
171 134 69 0 100 85 0 79 78 204 0 39 38 55 52 451 254 202 498 0 0 14 0 125 0 65 60 
172 138 70 0 100 77 0 72 78 208 0 43 37 57 51 444 307 132 493 0 0 14 0 125 0 65 60 
168 147 72 0 99 76 0 71 78 211 0 43 37 54 50 452 248 135 505 0 0 14 0 125 0 65 60 
171 138 71 0 100 69 0 74 77 208 0 38 38 52 51 452 259 187 504 0 0 14 0 125 0 65 60 
172 141 71 0 100 73 0 76 77 208 0 39 37 56 51 471 283 41 457 0 0 15 0 125 0 64 60 
169 137 72 0 101 69 0 79 76 207 0 39 38 53 52 411 273 167 472 0 0 14 0 125 0 65 60 
171 132 71 0 101 68 0 77 76 204 0 36 37 58 51 459 255 165 460 0 0 14 0 125 0 64 60 
171 139 73 0 101 62 0 78 76 202 0 35 35 66 51 398 237 122 492 0 0 14 0 125 0 64 60 
170 136 71 0 100 61 0 84 77 205 0 33 36 63 51 403 213 126 464 0 0 14 0 125 0 64 60 
172 139 71 0 100 59 0 86 77 208 0 35 36 58 50 406 247 93 455 0 0 14 0 125 0 65 60 
171 133 73 0 100 61 0 77 78 208 0 35 35 47 51 438 214 188 486 0 0 14 0 125 0 65 60 
171 132 72 0 101 70 0 79 78 208 0 30 35 52 52 419 259 136 473 0 0 14 0 125 0 65 60 
171 137 74 0 103 72 0 79 78 207 0 35 35 63 52 411 237 183 439 0 0 14 0 125 0 65 60 
172 138 73 0 104 71 0 77 77 207 0 33 36 72 53 422 245 170 450 0 0 14 0 125 0 66 60 
167 132 71 0 104 69 0 76 77 203 0 36 39 64 52 428 229 89 469 0 0 14 0 125 0 66 60 
167 132 72 0 102 74 0 80 76 207 0 35 39 52 51 415 234 65 516 0 0 14 0 125 0 66 60 
172 136 73 0 100 75 0 77 77 206 0 34 38 46 52 418 290 186 473 0 0 13 0 125 0 66 60 
174 132 72 0 98 73 0 79 76 206 0 35 40 39 51 455 268 232 465 0 0 14 0 125 0 67 60 
170 135 72 0 97 68 0 84 76 207 0 33 41 57 52 409 229 205 473 0 0 14 0 125 0 65 60 
172 138 72 0 98 67 0 72 77 206 0 32 40 63 52 459 247 180 474 0 0 14 0 125 0 65 60 
173 141 73 0 100 68 0 79 78 205 0 37 43 61 50 470 279 137 556 0 0 14 0 130 0 65 60 
173 138 70 0 102 67 0 81 78 207 0 34 42 62 51 446 274 137 535 0 0 14 0 130 0 65 60 
167 136 76 0 103 65 0 74 77 202 0 36 43 56 52 427 280 146 444 0 0 13 0 130 0 65 60 
170 132 72 0 105 66 0 77 76 200 0 38 42 44 51 428 232 251 517 0 0 14 0 130 0 65 60 
171 139 74 0 105 65 0 80 77 197 0 37 41 42 52 425 227 153 529 0 0 14 0 130 0 65 60 
172 138 75 0 107 67 0 68 78 197 0 40 42 50 50 411 260 280 554 0 0 14 0 130 0 65 60 
172 138 73 0 108 73 0 77 79 206 0 37 41 55 52 413 305 164 541 0 0 14 0 130 0 65 60 
169 141 71 0 108 78 0 78 79 208 0 37 42 60 52 418 287 154 447 0 0 14 0 130 0 65 60 
167 141 71 0 108 71 0 75 76 210 0 41 41 60 51 418 237 197 460 0 0 14 0 130 0 65 60 
169 136 72 0 107 71 0 78 76 208 0 38 42 54 51 432 255 200 530 0 0 14 0 130 0 65 60 
177 135 73 0 105 70 0 72 76 206 0 38 41 54 51 425 254 177 490 0 0 15 0 130 0 65 60 
173 141 73 0 103 67 0 76 77 204 0 38 42 52 50 452 253 196 530 0 0 15 0 130 0 65 60 
173 137 71 0 101 64 0 76 78 201 0 37 43 49 52 433 272 198 453 0 0 14 0 130 0 65 60 
171 139 71 0 101 62 0 74 78 205 0 38 44 48 52 420 278 93 408 0 0 14 0 130 0 65 60 
171 143 74 0 102 66 0 78 77 205 0 37 41 52 52 427 299 189 492 0 0 14 0 130 0 65 60 
175 131 74 0 103 69 0 76 76 209 0 36 43 51 51 459 282 143 522 0 0 14 0 130 0 65 60 
168 137 72 0 105 70 0 74 77 206 0 39 43 55 52 443 223 160 505 0 0 14 0 130 0 65 60 
175 146 73 0 106 72 0 75 77 206 0 34 44 60 52 453 222 141 467 0 0 14 0 130 0 64 60 
176 140 67 0 105 77 0 76 78 204 0 37 43 56 53 444 265 163 434 0 0 14 0 130 0 64 60 
167 137 70 0 106 76 0 75 78 204 0 38 43 46 53 422 264 125 472 0 0 14 0 130 0 65 60 
165 135 73 0 105 63 0 80 77 203 0 38 45 55 52 404 252 177 484 0 0 14 0 130 0 65 60 
170 138 66 0 105 56 0 83 76 202 0 36 45 64 51 415 259 84 443 0 0 14 0 130 0 65 60 
172 137 74 0 105 58 0 80 77 201 0 37 45 64 50 374 241 136 479 0 0 14 0 130 0 65 60 
167 141 69 0 103 66 0 74 77 202 0 39 43 66 52 425 236 96 498 0 0 14 0 130 0 65 60 
175 135 71 0 102 64 0 77 77 206 0 36 45 56 52 403 265 80 516 0 0 14 0 130 0 65 60 
168 139 74 0 101 72 0 83 78 208 0 36 43 43 51 395 286 120 459 0 0 14 0 130 0 65 60 
172 132 71 0 100 80 0 81 77 205 0 39 45 37 51 434 262 124 470 0 0 13 0 130 0 65 60 
173 128 70 0 100 86 0 77 77 207 0 36 44 37 52 443 270 182 451 0 0 13 0 130 0 65 60 
170 136 71 0 101 77 0 80 77 203 0 35 44 48 53 421 258 161 485 0 0 13 0 130 0 66 60 
168 137 73 0 101 63 0 77 77 204 0 36 44 55 53 427 313 145 469 0 0 13 0 130 0 67 60 
172 129 73 0 103 69 0 79 77 203 0 34 46 60 55 445 277 142 469 0 0 14 0 130 0 67 60 
171 137 71 0 103 70 0 77 76 210 0 36 46 58 54 422 258 138 435 0 0 14 0 130 0 69 60 
171 136 74 0 102 67 0 71 76 211 0 37 47 55 54 442 272 139 438 0 0 15 0 130 0 69 60 
170 138 72 0 102 67 0 70 77 210 0 36 43 55 54 453 283 195 535 0 0 14 0 130 0 69 60 
169 135 73 0 101 70 0 78 77 213 0 40 44 64 55 405 240 282 503 0 0 14 0 130 0 71 60 
172 141 73 0 101 66 0 75 76 219 0 39 45 61 55 438 253 181 468 0 0 14 0 130 0 70 60 
171 139 72 0 103 69 0 72 77 220 0 38 44 57 56 428 250 167 407 0 0 14 0 130 0 70 60 
173 136 73 0 104 73 0 79 79 223 0 41 42 61 55 458 229 149 511 0 0 14 0 130 0 69 60 
173 133 71 0 104 79 0 80 80 224 0 37 42 56 56 407 246 149 547 0 0 14 0 130 0 69 60 
169 135 71 0 104 74 0 85 80 228 0 39 42 58 57 422 256 279 576 0 0 15 0 130 0 68 60 
172 137 71 0 102 75 0 83 80 229 0 39 44 58 56 419 273 215 489 0 0 15 0 130 0 66 60 
167 139 71 0 100 73 0 81 82 230 0 38 44 61 57 422 262 164 459 0 0 15 0 130 0 66 60 
172 136 71 0 99 74 0 85 83 231 0 38 42 73 60 389 215 177 456 0 0 15 0 130 0 65 60 
172 141 69 0 99 68 0 82 85 230 0 36 42 70 62 454 285 223 550 0 0 14 0 130 0 64 60 
171 135 73 0 101 67 0 81 86 236 0 36 43 63 59 442 261 165 559 0 0 14 0 130 0 64 60 
176 135 77 0 102 71 0 87 86 238 0 37 43 53 59 392 257 109 463 0 0 14 0 130 0 63 60 
176 139 74 0 103 77 0 82 85 237 0 35 42 55 57 419 249 198 425 0 0 14 0 130 0 62 60 
169 138 73 0 105 81 0 91 83 237 0 36 43 75 56 412 269 192 445 0 0 14 0 130 0 61 60 
171 144 77 0 106 78 0 87 86 237 0 35 41 82 56 462 262 138 533 0 0 14 0 130 0 61 60 
172 151 80 0 108 72 0 87 87 236 0 36 42 62 57 444 227 60 511 0 0 14 0 130 0 61 60 
172 136 76 0 111 67 0 90 86 237 0 37 43 53 55 437 241 147 459 0 0 14 0 130 0 61 60 
170 145 74 0 114 66 0 83 87 229 0 35 41 42 56 419 246 137 433 0 0 14 0 130 0 61 60 
171 156 79 0 116 69 0 89 87 230 0 37 40 62 58 435 265 157 428 0 0 14 0 130 0 60 60 
181 149 74 0 117 77 0 88 88 230 0 37 41 71 60 367 263 67 464 0 0 14 0 130 0 59 60 
182 153 76 0 117 83 0 81 89 237 0 40 41 68 61 416 259 125 512 0 0 14 0 130 0 60 60 
186 147 79 0 116 83 0 86 89 239 0 39 40 70 59 445 246 201 443 0 0 14 0 130 0 60 60 
185 149 80 0 114 81 0 89 89 242 0 39 42 56 58 396 267 98 468 0 0 14 0 130 0 60 60 
188 153 80 0 114 80 0 89 89 238 0 38 44 46 57 411 274 157 516 0 0 14 0 130 0 59 60 
189 151 82 0 114 78 0 90 88 234 0 37 42 57 58 421 286 134 493 0 0 14 0 130 0 60 60 
193 147 78 0 114 78 0 92 88 232 0 33 42 61 59 434 243 85 456 0 0 14 0 130 0 60 60 
196 144 80 0 114 78 0 96 88 237 0 34 42 65 59 411 280 21 479 0 0 14 0 130 0 60 60 
193 150 78 0 114 79 0 86 87 236 0 35 42 68 59 449 293 136 475 0 0 14 0 130 0 61 60 
190 158 79 0 115 76 0 87 88 242 0 31 42 60 59 431 290 219 491 0 0 14 0 130 0 61 60 
195 149 82 0 116 80 0 92 88 240 0 30 42 62 61 403 268 176 561 0 0 14 0 130 0 61 60 
192 149 80 0 116 83 0 86 89 239 0 25 43 55 59 435 217 230 525 0 0 14 0 130 0 61 60 
203 154 83 0 117 79 0 89 89 237 0 24 43 54 61 425 240 185 474 0 0 14 0 130 0 61 60 
198 153 82 0 117 75 0 84 91 235 0 24 42 61 60 449 333 168 494 0 0 14 0 130 0 61 60 
195 159 81 0 116 70 0 84 89 235 0 24 41 59 57 447 312 143 551 0 0 14 0 130 0 61 60 
199 161 79 0 115 71 0 86 89 232 0 24 43 64 59 471 233 168 479 0 0 14 0 130 0 61 60 
202 154 81 0 114 73 0 86 88 237 0 23 42 68 58 422 310 233 450 0 0 14 0 130 0 61 60 
201 156 83 0 114 82 0 92 88 240 0 23 41 58 58 437 235 190 484 0 0 14 0 130 0 62 60 
199 158 80 0 114 81 0 86 89 240 0 25 40 61 60 438 271 227 577 0 0 14 0 130 0 63 60 
199 156 82 0 115 83 0 90 90 239 0 23 42 74 59 460 316 142 565 0 0 14 0 130 0 63 60 
202 158 84 0 115 83 0 93 89 237 0 22 41 74 58 417 271 220 499 0 0 14 0 130 0 64 60 
194 157 81 0 114 79 0 92 88 235 0 23 40 73 59 448 257 267 477 0 0 13 0 130 0 65 60 
200 161 82 0 114 77 0 91 88 238 0 21 41 60 59 444 267 186 560 0 0 14 0 130 0 64 60 
200 154 82 0 114 74 0 87 90 241 0 24 43 43 58 435 249 224 599 0 0 15 0 130 0 65 60 
203 161 84 0 115 74 0 93 90 244 0 23 43 42 58 423 266 158 560 0 0 14 0 130 0 65 60 
200 159 83 0 117 78 0 86 91 243 0 19 41 53 60 447 312 90 461 0 0 14 0 130 0 65 60 
197 168 84 0 117 86 0 82 90 241 0 20 40 63 58 436 319 136 483 0 0 15 0 130 0 65 60 
196 162 86 0 118 93 0 97 88 235 0 23 40 67 59 450 302 196 579 0 0 14 0 130 0 65 60 
200 152 83 0 116 95 0 89 89 237 0 22 40 65 59 489 261 140 567 0 0 14 0 130 0 65 60 
198 163 81 0 114 83 0 88 89 237 0 22 39 60 60 451 249 222 472 0 0 14 0 130 0 65 60 
200 164 85 0 113 73 0 91 89 238 0 19 39 64 59 453 278 159 471 0 0 13 0 130 0 65 60 
198 161 85 0 113 75 0 88 89 238 0 24 39 69 59 467 319 244 452 0 0 14 0 130 0 65 60 
198 155 81 0 115 84 0 85 88 239 0 23 38 65 60 462 323 104 489 0 0 14 0 130 0 65 60 
197 156 84 0 117 88 0 85 89 236 0 20 38 65 59 444 325 132 568 0 0 15 0 130 0 65 60 
198 159 84 0 119 86 0 90 89 239 0 22 39 60 60 435 276 174 516 0 0 14 0 130 0 65 60 
196 161 81 0 120 88 0 93 91 240 0 20 39 61 61 447 285 91 491 0 0 14 0 130 0 65 60 
201 151 83 0 122 84 0 91 89 241 0 22 40 65 61 459 301 89 493 0 0 14 0 130 0 65 60 
195 159 84 0 124 75 0 91 89 240 0 22 40 63 59 455 298 189 508 0 0 14 0 130 0 65 60 
196 152 82 0 124 77 0 90 89 240 0 20 39 78 59 480 355 155 478 0 0 14 0 130 0 64 60 
202 158 81 0 125 76 0 93 88 237 0 21 39 74 59 471 299 174 501 0 0 14 0 130 0 64 60 
196 154 84 0 123 77 0 87 90 242 0 19 39 65 60 481 276 198 508 0 0 14 0 130 0 64 60 
198 150 82 0 122 73 0 86 90 236 0 20 39 54 59 496 312 183 566 0 0 14 0 130 0 64 60 
198 158 82 0 120 81 0 86 90 229 0 20 38 61 60 497 297 123 496 0 0 15 0 130 0 64 60 
201 156 83 0 120 90 0 80 89 228 0 18 37 78 58 496 277 154 507 0 0 15 0 130 0 64 60 
195 163 82 0 119 86 0 89 89 238 0 19 37 80 58 502 310 189 586 0 0 15 0 130 0 64 60 
196 163 82 0 121 80 0 89 89 238 0 17 38 63 59 450 305 225 526 0 0 14 0 130 0 63 60 
200 160 82 0 121 69 0 87 89 243 0 21 39 52 59 475 294 315 498 0 0 14 0 130 0 64 60 
199 160 86 0 121 67 0 93 89 239 0 18 38 48 61 491 297 290 516 0 0 14 0 130 0 64 60 
199 156 84 0 121 67 0 85 88 236 0 19 38 69 60 455 324 179 503 0 0 14 0 130 0 64 60 
196 159 82 0 121 66 0 96 89 233 0 18 38 73 59 469 314 125 494 0 0 14 0 130 0 65 60 
198 160 81 0 122 72 0 87 89 234 0 19 39 74 59 492 341 167 563 0 0 14 0 130 0 65 60 
198 156 83 0 121 75 0 89 90 235 0 16 40 69 59 460 310 253 458 0 0 15 0 130 0 65 60 
197 160 82 0 120 76 0 90 90 240 0 19 38 50 58 450 311 199 499 0 0 14 0 130 0 65 60 
200 156 85 0 117 74 0 84 88 239 0 13 40 52 59 507 288 181 571 0 0 14 0 130 0 65 60 
199 159 83 0 116 77 0 89 88 237 0 14 39 63 60 503 299 137 549 0 0 14 0 130 0 65 60 
197 157 82 0 115 78 0 86 87 236 0 14 39 61 58 508 281 223 572 0 0 14 0 130 0 65 60 
199 163 84 0 116 83 0 90 88 236 0 12 39 68 57 455 300 210 493 0 0 14 0 130 0 65 60 
196 158 84 0 118 86 0 89 89 236 0 14 40 63 60 458 267 309 420 0 0 15 0 130 0 65 60 
199 150 81 0 120 94 0 88 91 233 0 17 38 63 60 507 293 221 557 0 0 14 0 130 0 65 60 
198 158 85 0 118 94 0 94 90 237 0 14 37 60 61 474 307 129 600 0 0 14 0 130 0 65 60 
198 168 81 0 117 90 0 86 89 240 0 14 38 55 61 488 271 205 544 0 0 14 0 130 0 65 60 
200 161 82 0 117 84 0 89 88 242 0 16 38 59 59 491 278 160 508 0 0 14 0 130 0 65 60 
198 158 82 0 117 78 0 85 88 241 0 12 40 60 58 508 303 163 494 0 0 13 0 130 0 65 60 
198 155 82 0 119 73 0 88 89 238 0 15 40 62 58 479 319 194 465 0 0 14 0 130 0 64 60 
195 161 83 0 117 71 0 90 88 233 0 12 39 69 59 468 310 166 574 0 0 14 0 130 0 62 60 
195 159 83 0 117 72 0 89 88 236 0 14 39 62 58 479 249 62 501 0 0 14 0 130 0 63 60 
195 151 83 0 115 81 0 94 88 240 0 13 40 58 60 488 277 226 485 0 0 14 0 130 0 63 60 
202 151 85 0 113 85 0 93 89 244 0 13 40 70 62 509 274 197 518 0 0 15 0 130 0 61 60 
196 154 83 0 110 84 0 97 90 245 0 15 43 71 62 447 256 220 474 0 0 14 0 130 0 61 60 
195 156 82 0 116 81 0 95 91 244 0 11 39 75 61 529 263 213 498 0 0 14 0 130 0 62 60 
202 150 81 0 116 72 0 88 89 238 0 14 38 68 57 494 292 114 494 0 0 14 0 130 0 63 60 
200 149 85 0 117 67 0 92 89 236 0 14 38 49 59 491 280 151 490 0 0 14 0 130 0 63 60 
199 156 83 0 117 65 0 89 90 234 0 13 40 44 60 483 338 96 505 0 0 14 0 130 0 64 60 
200 158 85 0 117 65 0 86 89 236 0 13 39 47 61 544 285 194 504 0 0 14 0 130 0 64 60 
198 160 85 0 120 74 0 84 89 238 0 11 39 61 59 531 298 241 478 0 0 13 0 130 0 63 60 
197 162 83 0 123 76 0 86 89 240 0 12 38 68 58 494 283 232 558 0 0 14 0 130 0 65 60 
201 158 87 0 126 75 0 89 87 236 0 13 38 66 59 473 285 224 539 0 0 14 0 130 0 64 60 
201 161 85 0 128 80 0 83 88 239 0 13 39 61 58 496 286 229 508 0 0 14 0 130 0 64 60 
197 158 84 0 128 82 0 88 89 239 0 12 39 62 61 443 271 241 495 0 0 14 0 130 0 64 60 
198 161 83 0 127 80 0 93 89 241 0 13 38 71 60 454 338 177 479 0 0 14 0 130 0 64 60 
198 160 84 0 125 81 0 91 91 241 0 12 37 65 60 481 295 259 527 0 0 15 0 130 0 64 60 
202 156 85 0 123 81 0 89 91 242 0 13 38 63 59 474 277 218 601 0 0 14 0 130 0 65 60 
202 161 83 0 123 80 0 87 88 240 0 13 38 64 60 501 376 271 572 0 0 14 0 130 0 64 60 
197 156 81 0 122 76 0 90 88 240 0 12 38 59 60 455 282 175 451 0 0 14 0 130 0 65 60 
196 164 83 0 121 74 0 84 89 240 0 14 39 65 57 487 283 200 515 0 0 14 0 130 0 64 60 
196 156 82 0 119 75 0 88 89 232 0 11 37 62 59 465 266 230 552 0 0 14 0 130 0 64 60 
202 167 86 0 119 79 0 92 89 227 0 10 36 75 59 489 300 261 562 0 0 14 0 130 0 64 60 
194 156 84 0 118 78 0 87 89 230 0 14 36 76 59 512 290 212 501 0 0 14 0 130 0 64 60 
200 154 82 0 120 77 0 90 89 237 0 14 36 66 59 501 315 245 451 0 0 15 0 130 0 64 60 
199 165 83 0 121 82 0 88 88 240 0 13 35 57 59 529 284 166 504 0 0 14 0 130 0 64 60 
198 164 83 0 120 86 0 89 89 242 0 13 37 61 60 473 304 121 553 0 0 14 0 130 0 64 60 
190 158 83 0 119 89 0 91 89 239 0 11 37 77 59 483 273 185 542 0 0 14 0 130 0 64 60 
195 155 81 0 118 90 0 90 90 233 0 13 36 85 60 492 303 144 504 0 0 14 0 130 0 64 60 
195 157 86 0 117 92 0 89 90 235 0 14 35 65 60 493 280 212 486 0 0 14 0 130 0 64 60 
196 166 82 0 117 91 0 87 89 238 0 15 35 57 58 464 303 240 457 0 0 14 0 130 0 62 60 
199 158 83 0 117 86 0 88 89 239 0 13 35 45 61 517 312 137 499 0 0 14 0 130 0 63 60 
198 155 85 0 117 82 0 88 89 244 0 14 34 64 60 505 290 143 564 0 0 14 0 130 0 63 60 
198 156 86 0 117 84 0 90 89 240 0 15 33 73 59 497 302 130 502 0 0 14 0 130 0 63 60 
199 155 83 0 116 83 0 92 88 240 0 10 34 73 60 492 333 224 514 0 0 15 0 130 0 63 60 
199 160 83 0 115 80 0 94 89 241 0 12 36 71 60 494 305 173 496 0 0 14 0 130 0 63 60 
198 154 81 0 115 77 0 88 88 237 0 13 38 53 60 535 319 139 471 0 0 14 0 130 0 63 60 
200 155 84 0 116 75 0 94 90 235 0 12 39 48 62 545 279 40 481 0 0 14 0 130 0 63 60 
196 156 82 0 118 73 0 93 90 236 0 14 39 62 61 510 310 193 497 0 0 14 0 130 0 64 60 
197 158 85 0 120 75 0 88 89 240 0 12 39 63 59 479 254 163 514 0 0 13 0 130 0 64 60 
196 161 84 0 120 80 0 87 89 239 0 10 41 71 60 460 297 233 493 0 0 13 0 130 0 64 60 
204 161 85 0 119 92 0 85 89 241 0 12 38 65 59 469 322 195 463 0 0 14 0 130 0 64 60 
201 157 85 0 118 92 0 84 89 240 0 14 38 63 59 464 289 133 490 0 0 14 0 130 0 64 60 
199 154 82 0 116 86 0 86 89 233 0 14 36 63 59 481 332 155 553 0 0 14 0 130 0 64 60 
201 158 86 0 115 82 0 90 89 234 0 15 37 55 58 479 223 145 561 0 0 14 0 130 0 65 60 
203 168 83 0 115 82 0 93 90 238 0 13 41 55 59 487 264 177 512 0 0 13 0 130 0 65 60 
200 157 85 0 117 83 0 94 90 240 0 13 38 62 60 493 306 255 443 0 0 14 0 130 0 65 60 
199 158 85 0 119 80 0 91 90 240 0 14 38 63 60 508 296 203 476 0 0 13 0 130 0 65 60 
198 163 85 0 120 76 0 92 89 240 0 13 38 68 60 503 307 225 602 0 0 14 0 130 0 64 60 
197 156 84 0 121 77 0 90 90 240 0 12 39 65 58 458 280 200 610 0 0 14 0 130 0 64 60 
198 164 86 0 123 78 0 89 90 238 0 10 37 57 60 477 329 159 460 0 0 14 0 130 0 64 60 
197 161 85 0 125 77 0 90 89 235 0 16 37 68 60 507 261 159 535 0 0 13 0 130 0 64 60 
200 168 90 0 126 79 0 89 87 233 0 12 38 74 59 513 312 271 614 0 0 14 0 130 0 64 60 
204 154 85 0 125 79 0 86 89 237 0 11 37 75 60 508 268 170 621 0 0 13 0 130 0 65 60 
203 155 83 0 123 73 0 87 90 240 0 11 35 67 59 503 307 216 526 0 0 13 0 130 0 64 60 
199 168 90 0 121 71 0 93 89 239 0 0 35 52 60 474 295 101 451 0 0 14 0 130 0 65 60 
198 166 85 0 119 77 0 95 89 235 0 14 37 43 59 496 267 130 501 0 0 13 0 130 0 64 60 
198 159 81 0 118 80 0 88 89 240 0 14 35 44 59 473 313 191 568 0 0 13 0 130 0 64 60 
197 159 81 0 117 83 0 87 86 241 0 13 34 58 59 513 269 207 585 0 0 13 0 130 0 64 60 
199 156 79 0 119 79 0 82 88 240 0 14 36 69 60 526 283 113 437 0 0 14 0 130 0 64 60 
199 163 81 0 119 78 0 84 88 240 0 11 36 66 61 505 286 205 492 0 0 14 0 130 0 64 60 
200 157 83 0 119 75 0 87 90 241 0 12 36 62 59 505 277 143 501 0 0 14 0 130 0 64 60 
195 155 81 0 120 73 0 92 89 238 0 13 37 62 63 486 311 86 528 0 0 14 0 130 0 64 60 
190 152 82 0 121 74 0 92 89 239 0 11 36 72 61 491 337 188 514 0 0 14 0 130 0 65 60 
204 154 81 0 121 77 0 90 91 239 0 13 37 67 59 502 289 129 524 0 0 14 0 130 0 64 60 
199 162 82 0 121 81 0 91 90 231 0 13 36 62 57 524 295 104 587 0 0 14 0 130 0 63 60 
197 153 81 0 120 79 0 93 88 231 0 11 36 65 57 508 275 135 506 0 0 14 0 130 0 63 60 
195 156 83 0 117 81 0 88 88 230 0 13 36 61 59 502 246 148 482 0 0 14 0 130 0 64 60 
200 155 81 0 116 87 0 87 88 240 0 12 34 65 59 478 315 156 523 0 0 14 0 130 0 64 60 
198 159 84 0 115 87 0 89 89 242 0 12 33 60 60 506 288 198 526 0 0 14 0 130 0 64 60 
200 161 81 0 116 81 0 85 89 241 0 14 36 74 65 486 274 207 502 0 0 14 0 130 0 63 60 
198 166 81 0 118 75 0 88 89 238 0 11 35 78 61 482 287 115 522 0 0 14 0 130 0 64 60 
201 153 85 0 119 74 0 85 89 237 0 12 37 66 60 504 321 83 485 0 0 14 0 130 0 64 60 
201 156 82 0 118 77 0 91 89 237 0 11 36 58 59 478 300 37 516 0 0 14 0 130 0 65 60 
195 157 81 0 117 83 0 92 89 236 0 13 36 61 59 476 295 219 514 0 0 14 0 130 0 65 60 
200 161 85 0 116 85 0 84 90 239 0 12 35 74 61 468 302 188 522 0 0 13 0 130 0 64 60 
196 158 83 0 117 85 0 91 91 243 0 12 35 84 59 473 232 252 487 0 0 14 0 130 0 64 60 
195 159 83 0 118 84 0 90 90 236 0 11 36 67 59 453 276 151 487 0 0 14 0 130 0 64 60 
193 162 84 0 118 80 0 91 89 240 0 11 37 59 58 523 326 194 461 0 0 14 0 130 0 64 60 
199 156 83 0 118 74 0 89 88 235 0 12 40 44 59 507 325 148 591 0 0 14 0 130 0 64 60 
199 162 82 0 117 75 0 89 88 232 0 12 38 65 60 503 281 177 557 0 0 14 0 130 0 64 60 
198 161 82 0 115 75 0 93 88 234 0 12 38 71 59 525 317 149 475 0 0 14 0 130 0 64 60 
198 167 85 0 114 79 0 84 89 233 0 13 37 71 59 470 316 268 486 0 0 14 0 130 0 65 60 
200 156 83 0 113 82 0 89 89 236 0 12 37 74 58 482 299 179 489 0 0 14 0 130 0 65 60 
200 156 83 0 113 89 0 87 90 241 0 0 38 56 59 480 309 147 638 0 0 14 0 130 0 65 60 
198 167 85 0 115 88 0 89 90 240 0 10 36 46 60 476 337 161 568 0 0 14 0 130 0 65 60 
191 164 83 0 117 82 0 90 88 237 0 11 37 59 59 488 309 142 449 0 0 14 0 130 0 65 60 
197 156 81 0 117 78 0 89 89 234 0 13 38 63 59 540 332 214 504 0 0 14 0 130 0 65 60 
201 158 82 0 118 74 0 89 89 235 0 13 36 69 60 510 301 227 544 0 0 14 0 130 0 65 60 
201 159 84 0 119 71 0 85 90 235 0 0 36 66 58 498 305 186 599 0 0 14 0 130 0 65 60 
197 158 83 0 122 72 0 89 88 242 0 12 37 63 58 479 287 109 524 0 0 14 0 130 0 65 60 
201 160 83 0 124 77 0 86 88 248 0 11 35 63 59 484 285 86 444 0 0 14 0 130 0 65 60 
200 156 85 0 125 82 0 88 88 243 0 11 33 56 60 481 312 175 429 0 0 14 0 130 0 65 60 
194 157 85 0 125 86 0 88 89 241 0 13 34 56 58 514 336 149 562 0 0 14 0 130 0 65 60 
199 156 83 0 123 84 0 92 90 236 0 12 36 61 59 549 313 148 549 0 0 14 0 130 0 65 60 
199 158 85 0 122 87 0 95 89 236 0 0 35 63 59 516 279 56 548 0 0 14 0 130 0 65 60 
195 154 81 0 120 83 0 93 89 237 0 11 34 68 59 512 286 174 466 0 0 14 0 130 0 65 60 
196 154 83 0 119 76 0 95 91 239 0 10 35 67 60 480 302 217 423 0 0 14 0 130 0 65 60 
200 156 82 0 118 70 0 94 91 239 0 13 34 56 58 477 299 98 534 0 0 14 0 130 0 65 60 
200 154 83 0 117 72 0 89 89 240 0 11 34 64 60 467 279 195 515 0 0 14 0 130 0 65 60 
201 158 82 0 116 80 0 89 88 238 0 0 35 75 60 489 302 81 499 0 0 14 0 130 0 65 60 
201 162 85 0 116 82 0 87 88 238 0 12 37 72 60 499 325 163 498 0 0 13 0 130 0 65 60 
196 155 83 0 116 80 0 86 89 239 0 11 36 73 61 483 283 99 526 0 0 14 0 130 0 64 60 
199 162 85 0 117 79 0 94 89 241 0 11 34 58 61 449 261 174 549 0 0 14 0 130 0 64 60 
200 154 82 0 118 81 0 88 90 240 0 12 34 43 60 482 297 195 518 0 0 14 0 130 0 64 60 
195 160 83 0 118 78 0 83 89 238 0 0 34 42 60 527 230 190 509 0 0 14 0 130 0 64 60 
198 161 83 0 117 78 0 87 88 239 0 11 34 53 59 469 306 222 540 0 0 14 0 130 0 64 60 
198 155 84 0 117 80 0 93 88 240 0 0 33 65 59 526 307 134 452 0 0 14 0 130 0 64 60 
199 158 84 0 116 80 0 93 90 237 0 0 33 69 61 518 292 131 471 0 0 14 0 130 0 64 60 
200 159 83 0 117 78 0 85 89 229 0 13 33 65 61 530 321 141 490 0 0 14 0 130 0 64 60 
195 160 84 0 117 86 0 91 89 231 0 11 33 60 59 508 310 203 579 0 0 15 0 130 0 65 60 
196 160 83 0 118 91 0 88 89 230 0 10 32 68 60 489 278 241 550 0 0 14 0 130 0 65 60 
199 163 83 0 117 92 0 84 89 238 0 11 37 69 62 504 288 190 462 0 0 15 0 130 0 65 60 
196 167 82 0 116 80 0 88 88 241 0 11 35 61 75 477 282 221 501 0 0 15 0 130 0 65 60 
195 154 80 0 116 71 0 90 90 241 0 11 34 66 64 496 287 167 556 0 0 14 0 130 0 65 60 
196 153 83 0 116 70 0 90 91 236 0 12 36 62 60 507 307 153 596 0 0 15 0 130 0 65 60 
195 174 85 0 118 71 0 84 89 235 0 11 37 62 59 522 324 207 495 0 0 14 0 130 0 65 60 
195 161 82 0 120 74 0 92 89 234 0 13 37 63 58 504 331 219 476 0 0 14 0 130 0 65 60 
198 157 82 0 122 74 0 90 90 237 0 10 36 66 58 495 290 193 533 0 0 14 0 130 0 65 60 
199 153 81 0 120 78 0 88 88 239 0 12 35 79 58 503 285 161 599 0 0 14 0 130 0 65 60 
198 155 82 0 118 77 0 95 88 244 0 11 36 73 60 479 314 59 576 0 0 13 0 130 0 65 60 
198 162 83 0 117 79 0 84 90 237 0 0 35 65 59 490 287 227 485 0 0 14 0 130 0 65 60 
199 158 83 0 115 79 0 88 90 236 0 13 36 55 57 538 237 233 386 0 0 14 0 130 0 65 60 
199 150 84 0 115 76 0 89 89 236 0 10 37 65 59 537 286 170 551 0 0 14 0 130 0 64 60 
199 155 85 0 116 71 0 90 89 234 0 10 37 83 57 493 293 204 596 0 0 14 0 130 0 64 60 
194 157 84 0 118 70 0 91 89 233 0 12 35 77 58 506 316 248 509 0 0 14 0 130 0 63 60 
195 159 84 0 118 74 0 89 88 234 0 0 38 59 59 491 304 133 509 0 0 13 0 130 0 63 60 
199 154 82 0 119 78 0 91 88 236 0 12 36 50 59 509 321 67 447 0 0 14 0 130 0 63 60 
202 157 83 0 122 80 0 91 88 238 0 13 37 52 60 515 296 123 493 0 0 15 0 130 0 63 60 
199 156 82 0 123 85 0 92 89 241 0 10 36 69 60 480 270 122 518 0 0 15 0 130 0 63 60 
197 161 82 0 124 93 0 87 90 237 0 12 38 73 60 478 292 189 472 0 0 15 0 130 0 63 60 
201 159 85 0 124 87 0 87 90 238 0 15 38 74 58 473 312 0 473 0 0 14 0 130 0 63 60 
199 161 86 0 123 78 0 87 92 235 0 12 37 69 57 511 290 160 521 0 0 13 0 130 0 63 60 
200 156 82 0 121 71 0 84 89 236 0 12 39 48 56 487 280 182 518 0 0 14 0 130 0 64 60 
201 158 81 0 120 71 0 86 86 243 0 10 40 53 57 514 330 149 486 0 0 14 0 130 0 64 60 
200 160 83 0 119 70 0 88 87 247 0 12 40 62 59 488 289 176 520 0 0 14 0 130 0 64 60 
197 160 81 0 119 74 0 90 89 241 0 11 38 66 60 483 304 111 535 0 0 15 0 130 0 65 60 
196 161 81 0 119 74 0 91 90 241 0 10 39 72 62 548 274 102 495 0 0 14 0 130 0 64 60 
201 158 85 0 120 79 0 93 88 237 0 12 38 61 62 549 343 120 485 0 0 14 0 130 0 65 60 
198 159 80 0 120 76 0 90 89 234 0 11 39 63 60 503 309 168 482 0 0 14 0 130 0 65 60 
195 162 82 0 120 70 0 89 89 235 0 10 37 61 58 487 305 276 524 0 0 14 0 130 0 65 60 
196 157 83 0 122 69 0 91 89 239 0 0 37 55 58 502 299 206 589 0 0 14 0 130 0 63 60 
195 162 86 0 122 76 0 89 91 240 0 0 38 58 60 465 279 224 540 0 0 15 0 130 0 63 60 
197 168 84 0 122 83 0 86 91 237 0 12 38 61 59 493 301 164 433 0 0 15 0 130 0 62 60 
205 154 82 0 120 89 0 90 90 240 0 11 40 63 60 517 291 215 476 0 0 15 0 130 0 61 60 
196 155 81 0 118 96 0 88 88 239 0 11 38 70 58 493 331 193 522 0 0 15 0 130 0 62 60 
198 161 83 0 116 91 0 87 89 237 0 12 39 62 59 491 260 200 619 0 0 15 0 130 0 62 60 
199 164 82 0 115 84 0 92 88 240 0 10 38 55 60 497 282 239 483 0 0 15 0 130 0 61 60 
197 161 84 0 117 80 0 87 88 238 0 0 38 72 59 474 335 205 420 0 0 15 0 130 0 62 60 
196 156 83 0 118 89 0 91 88 239 0 12 38 72 61 500 301 102 486 0 0 14 0 130 0 62 60 
200 158 82 0 119 89 0 89 88 240 0 0 41 74 59 496 310 199 579 0 0 14 0 130 0 62 60 
196 162 86 0 118 87 0 86 89 239 0 11 39 67 58 520 317 286 565 0 0 14 0 130 0 63 60 
195 160 84 0 118 78 0 88 90 236 0 13 39 51 59 525 298 186 463 0 0 14 0 130 0 63 60 
198 154 83 0 117 77 0 88 90 232 0 12 42 44 58 510 310 155 393 0 0 13 0 130 0 64 60 
199 151 84 0 117 78 0 95 89 231 0 12 41 45 58 487 305 179 508 0 0 13 0 130 0 63 60 
203 158 83 0 118 78 0 84 89 228 0 10 40 58 58 485 282 139 579 0 0 13 0 130 0 64 60 
196 154 81 0 118 74 0 88 89 242 0 11 41 69 59 490 304 36 588 0 0 13 0 130 0 63 60 
198 153 82 0 118 74 0 85 89 243 0 11 43 66 58 455 309 138 563 0 0 14 0 130 0 62 60 
199 153 81 0 117 77 0 87 89 241 0 10 41 63 59 479 286 153 465 0 0 14 0 130 0 62 60 
200 158 84 0 117 71 0 90 89 239 0 11 42 60 59 467 324 145 456 0 0 14 0 130 0 62 60 
199 160 83 0 115 70 0 85 89 237 0 11 40 72 60 448 335 80 508 0 0 13 0 130 0 62 60 
196 157 84 0 115 73 0 90 89 234 0 12 42 67 58 480 300 184 512 0 0 14 0 130 0 63 60 
200 163 83 0 115 79 0 87 89 234 0 12 42 63 59 473 300 120 486 0 0 14 0 130 0 63 60 
198 164 84 0 116 84 0 86 89 237 0 0 42 64 61 491 287 119 473 0 0 14 0 130 0 63 60 
196 160 83 0 117 83 0 90 90 241 0 12 41 60 59 528 270 193 530 0 0 14 0 130 0 63 60 
199 157 81 0 118 77 0 91 90 238 0 10 42 66 59 511 291 125 533 0 0 14 0 130 0 63 60 
196 156 83 0 118 79 0 92 90 236 0 0 41 58 61 527 279 130 508 0 0 14 0 130 0 62 60 
196 163 80 0 121 79 0 88 88 236 0 12 42 71 61 496 298 34 513 0 0 14 0 130 0 62 60 
199 158 85 0 122 79 0 91 88 235 0 10 44 77 59 464 324 191 476 0 0 14 0 130 0 61 60 
196 155 86 0 125 79 0 92 88 234 0 11 42 66 61 473 278 196 471 0 0 14 0 130 0 60 60 
200 160 81 0 124 81 0 83 89 233 0 0 41 60 60 529 297 177 502 0 0 14 0 130 0 60 60 
192 158 87 0 124 81 0 91 89 235 0 10 41 59 61 489 320 114 502 0 0 14 0 130 0 60 60 
196 162 84 0 123 78 0 88 90 241 0 13 43 72 61 479 276 185 568 0 0 14 0 130 0 61 60 
195 162 82 0 123 76 0 88 89 239 0 0 42 85 57 478 305 154 514 0 0 14 0 130 0 62 60 
199 175 86 0 122 75 0 89 89 240 0 10 41 69 59 482 334 214 403 0 0 14 0 130 0 63 60 
195 152 86 0 121 75 0 89 90 236 0 12 41 59 59 493 286 187 549 0 0 14 0 130 0 63 60 
200 156 83 0 119 84 0 93 89 233 0 0 42 46 59 478 305 201 581 0 0 14 0 130 0 64 60 
199 168 81 0 119 90 0 87 90 236 0 0 40 62 59 509 295 291 534 0 0 14 0 130 0 64 60 
200 167 88 0 118 88 0 93 89 242 0 11 41 72 59 510 293 179 462 0 0 14 0 130 0 63 60 
200 158 83 0 118 80 0 89 88 245 0 0 40 69 60 506 295 179 440 0 0 15 0 130 0 64 60 
202 156 80 0 118 80 0 84 89 242 0 0 41 76 60 526 288 185 500 0 0 14 0 130 0 63 60 
198 158 79 0 120 78 0 91 90 240 0 10 41 59 60 532 286 223 623 0 0 14 0 130 0 63 60 
198 160 80 0 119 74 0 87 90 237 0 0 41 45 60 469 290 170 514 0 0 15 0 130 0 63 60 
197 160 81 0 118 69 0 91 89 235 0 10 41 57 60 504 302 208 456 0 0 14 0 130 0 63 60 
200 153 84 0 117 72 0 85 90 237 0 0 42 63 59 510 279 185 489 0 0 14 0 130 0 63 60 
198 151 83 0 116 80 0 92 90 238 0 11 41 68 58 483 249 70 519 0 0 14 0 130 0 63 60 
199 159 83 0 115 74 0 94 88 239 0 11 41 68 59 492 278 181 548 0 0 14 0 130 0 63 60 
195 154 82 0 115 72 0 95 89 237 0 0 44 60 59 477 275 142 494 0 0 14 0 130 0 63 60 
199 154 80 0 117 75 0 95 89 238 0 10 42 62 58 486 290 169 490 0 0 14 0 130 0 62 60 
201 154 82 0 117 74 0 89 89 235 0 0 42 57 59 520 323 103 488 0 0 14 0 130 0 61 60 
200 154 81 0 115 72 0 96 88 238 0 12 44 54 59 457 304 166 452 0 0 14 0 130 0 62 60 
198 164 80 0 115 79 0 91 88 240 0 0 44 59 60 469 273 135 525 0 0 14 0 130 0 61 60 
198 157 83 0 115 99 0 84 90 237 0 10 41 59 58 499 299 113 563 0 0 14 0 130 0 62 60 
199 164 84 0 116 109 0 89 89 240 0 11 41 66 60 517 289 193 472 0 0 13 0 130 0 62 60 
204 163 83 0 117 97 0 86 89 240 0 0 43 67 59 535 332 96 523 0 0 14 0 130 0 61 60 
199 158 82 0 118 88 0 87 88 240 0 0 42 56 61 504 323 117 482 0 0 15 0 130 0 61 60 
198 159 82 0 119 81 0 86 86 236 0 10 39 61 62 499 287 13 529 0 0 14 0 130 0 60 60 
200 158 81 0 119 71 0 87 90 232 0 10 40 75 60 477 322 137 512 0 0 14 0 130 0 60 60 
202 162 83 0 116 65 0 94 90 230 0 10 40 74 58 476 304 171 547 0 0 15 0 130 0 61 60 
199 157 83 0 115 64 0 92 91 232 0 10 41 74 57 493 311 156 506 0 0 15 0 130 0 61 60 
198 159 80 0 115 71 0 91 91 242 0 10 40 60 57 479 299 127 444 0 0 14 0 130 0 61 60 
200 160 84 0 115 78 0 88 89 242 0 10 41 46 59 488 322 166 440 0 0 14 0 130 0 61 60 
197 157 81 0 115 78 0 86 87 240 0 0 41 45 59 501 291 139 503 0 0 14 0 130 0 61 60 
201 155 85 0 116 77 0 87 89 238 0 10 43 52 61 533 314 128 562 0 0 15 0 130 0 61 60 
196 165 83 0 118 77 0 85 89 237 0 0 40 62 62 479 310 210 481 0 0 14 0 130 0 62 60 
194 169 82 0 120 80 0 91 89 236 0 11 40 68 59 488 305 188 439 0 0 13 0 130 0 61 60 
195 153 81 0 122 74 0 92 88 236 0 13 42 65 59 465 282 232 468 0 0 13 0 130 0 61 60 
196 161 84 0 123 75 0 88 89 236 0 10 40 61 58 489 277 273 520 0 0 13 0 130 0 61 60 
197 161 84 0 125 75 0 90 89 240 0 0 39 65 59 508 257 149 609 0 0 13 0 130 0 61 60 
199 167 84 0 123 77 0 87 88 238 0 11 40 71 59 513 280 183 497 0 0 13 0 130 0 62 60 
200 160 83 0 122 75 0 89 88 235 0 0 39 64 60 545 262 179 448 0 0 14 0 130 0 63 60 
197 153 84 0 120 80 0 86 89 234 0 0 38 66 58 467 329 237 517 0 0 14 0 130 0 64 60 
198 158 81 0 119 83 0 89 88 233 0 0 39 61 58 475 304 197 608 0 0 15 0 130 0 64 60 
204 159 83 0 119 83 0 88 89 235 0 0 40 61 59 442 264 196 558 0 0 14 0 130 0 64 60 
198 161 84 0 118 73 0 93 89 232 0 13 41 66 61 490 311 150 492 0 0 13 0 130 0 64 60 
199 153 82 0 119 71 0 90 89 238 0 10 39 62 59 478 260 196 431 0 0 13 0 130 0 65 60 
192 151 82 0 118 78 0 91 88 241 0 0 39 76 59 473 250 223 497 0 0 13 0 130 0 64 60 
199 160 84 0 121 82 0 99 89 237 0 12 39 75 59 475 266 172 626 0 0 13 0 130 0 64 60 
199 159 82 0 121 86 0 87 89 240 0 0 40 65 60 529 312 183 537 0 0 13 0 130 0 64 60 
197 153 85 0 123 86 0 90 91 238 0 11 38 54 58 474 316 159 456 0 0 14 0 130 0 64 60 
201 156 87 0 123 88 0 92 90 233 0 10 40 59 59 486 308 209 450 0 0 14 0 130 0 63 60 
201 153 83 0 122 82 0 88 91 237 0 0 40 82 58 508 279 146 465 0 0 14 0 130 0 64 60 
201 155 83 0 121 74 0 88 89 241 0 10 38 81 60 500 312 156 572 0 0 15 0 130 0 63 60 
196 160 83 0 119 76 0 86 89 244 0 0 39 61 59 538 324 176 564 0 0 14 0 130 0 64 60 
197 159 84 0 118 80 0 86 88 240 0 0 39 51 61 477 293 158 472 0 0 15 0 130 0 64 60 
198 161 81 0 118 82 0 84 90 240 0 10 39 49 59 509 278 73 470 0 0 14 0 130 0 64 60 
197 158 82 0 119 79 0 87 90 237 0 10 40 70 59 512 318 177 533 0 0 14 0 130 0 65 60 
199 154 83 0 120 76 0 90 89 235 0 0 40 71 59 489 336 187 545 0 0 14 0 130 0 65 60 
195 158 82 0 120 75 0 90 89 236 0 0 39 71 60 467 292 172 489 0 0 14 0 130 0 65 60 
199 157 84 0 119 69 0 90 89 236 0 0 39 67 62 471 307 156 507 0 0 15 0 130 0 63 60 
194 164 84 0 119 67 0 94 88 240 0 10 39 51 59 485 281 256 465 0 0 15 0 130 0 63 60 
198 156 82 0 118 75 0 90 90 238 0 10 38 51 58 501 304 155 488 0 0 15 0 130 0 61 60 
201 159 83 0 119 82 0 90 90 237 0 10 40 60 60 518 316 63 492 0 0 15 0 130 0 61 60 
198 162 82 0 119 86 0 89 91 238 0 11 40 63 59 459 307 249 564 0 0 15 0 130 0 62 60 
197 160 82 0 119 88 0 92 90 240 0 12 40 70 60 491 322 229 586 0 0 15 0 130 0 63 60 
193 162 81 0 119 80 0 91 89 240 0 11 39 62 58 469 304 280 453 0 0 14 0 130 0 63 60 
200 169 83 0 118 78 0 87 89 240 0 0 39 63 60 488 274 205 459 0 0 14 0 130 0 63 60 
204 159 84 0 117 72 0 93 89 239 0 0 39 58 61 523 264 209 515 0 0 15 0 130 0 63 60 
200 156 82 0 116 66 0 88 88 240 0 0 38 56 61 508 303 189 603 0 0 15 0 130 0 63 60 
199 159 85 0 116 66 0 87 89 239 0 0 39 59 60 498 267 198 515 0 0 14 0 130 0 63 60 
196 166 83 0 116 71 0 93 89 239 0 0 39 60 58 505 315 276 447 0 0 14 0 130 0 63 60 
199 163 83 0 116 73 0 85 89 232 0 11 39 63 60 486 307 214 457 0 0 13 0 130 0 63 60 
199 158 79 0 117 74 0 85 90 228 0 0 40 71 58 475 257 287 566 0 0 14 0 130 0 62 60 
203 156 80 0 118 76 0 82 90 231 0 10 40 61 59 489 314 228 573 0 0 14 0 130 0 62 60 
202 161 82 0 120 78 0 87 88 239 0 0 39 57 58 454 313 182 459 0 0 14 0 130 0 62 60 
196 160 82 0 123 76 0 91 89 240 0 0 38 70 58 480 312 216 433 0 0 14 0 130 0 61 60 
197 158 85 0 123 81 0 87 89 238 0 0 40 72 59 499 346 221 483 0 0 14 0 130 0 60 60 
200 151 83 0 125 82 0 94 89 236 0 0 40 75 60 481 290 155 502 0 0 14 0 130 0 60 60 
201 155 84 0 126 88 0 85 89 233 0 0 41 65 59 428 279 189 540 0 0 14 0 130 0 60 60 
199 161 82 0 124 89 0 94 89 235 0 0 40 48 60 452 306 195 540 0 0 14 0 130 0 59 60 
199 156 81 0 123 92 0 91 89 237 0 0 41 45 59 498 314 11 519 0 0 15 0 130 0 60 60 
195 155 84 0 122 90 0 93 90 237 0 10 42 47 60 524 305 144 455 0 0 14 0 130 0 60 60 
199 155 83 0 121 81 0 88 89 242 0 10 42 61 58 529 321 210 498 0 0 15 0 130 0 61 60 
198 158 83 0 120 74 0 81 90 240 0 13 42 69 60 492 277 138 549 0 0 14 0 130 0 62 60 
194 160 84 0 119 73 0 88 88 235 0 0 42 68 60 487 285 186 531 0 0 14 0 130 0 62 60 
196 160 83 0 117 75 0 87 89 239 0 0 42 63 59 528 328 141 479 0 0 14 0 130 0 62 60 
199 162 83 0 117 79 0 92 89 236 0 10 42 62 60 509 266 204 460 0 0 15 0 130 0 63 60 
200 160 84 0 117 82 0 91 89 234 0 0 43 72 61 473 277 164 491 0 0 14 0 130 0 63 60 
195 161 85 0 119 87 0 86 89 236 0 0 44 67 58 492 297 154 557 0 0 14 0 130 0 63 60 
193 156 84 0 119 96 0 91 90 241 0 0 41 64 58 507 250 127 504 0 0 14 0 130 0 63 60 
199 156 83 0 118 96 0 90 89 239 0 0 42 62 62 506 302 72 476 0 0 15 0 130 0 63 60 
198 160 82 0 117 94 0 91 87 239 0 10 42 60 62 500 290 100 500 0 0 14 0 130 0 63 60 
