211 213 79 0 125 85 61 91 94 333 0 29 35 88 62 523 287 234 596 0 0 13 0 145 0 65 60 
206 207 76 0 126 83 61 90 93 334 0 33 34 87 62 516 331 101 551 0 0 14 0 145 0 65 60 
209 205 76 0 127 80 61 89 93 328 0 37 34 83 62 486 331 215 468 0 0 14 0 145 0 65 60 
210 208 77 0 127 82 60 94 94 324 0 35 34 58 64 521 337 271 468 0 0 13 0 145 0 65 60 
206 211 76 0 126 83 60 94 93 334 0 39 34 74 63 489 322 118 495 0 0 13 0 145 0 65 60 
207 202 73 0 127 85 60 93 93 341 0 42 34 80 62 516 349 188 518 0 0 13 0 145 0 65 60 
208 207 78 0 124 84 60 95 93 337 0 41 34 82 62 498 300 177 574 0 0 13 0 145 0 65 60 
205 220 74 0 125 90 60 96 94 334 0 42 32 73 62 537 323 166 477 0 0 13 0 145 0 65 60 
213 197 74 0 123 89 60 92 94 330 0 38 31 70 62 540 335 112 488 0 0 13 0 145 0 64 60 
207 215 77 0 123 85 60 91 94 331 0 38 31 66 62 511 282 214 547 0 0 14 0 145 0 64 60 
208 210 78 0 122 81 60 96 93 335 0 40 32 73 62 510 317 213 535 0 0 14 0 145 0 64 60 
206 204 77 0 123 84 60 90 93 331 0 39 31 79 61 507 259 178 571 0 0 14 0 145 0 64 60 
210 210 73 0 124 83 60 90 93 329 0 36 32 82 62 508 323 209 526 0 0 13 0 145 0 64 60 
210 203 76 0 124 82 61 95 93 334 0 31 33 67 62 523 274 185 510 0 0 14 0 145 0 65 60 
206 200 76 0 124 78 60 102 93 333 0 34 35 88 61 527 350 155 569 0 0 14 0 145 0 66 60 
207 207 76 0 123 80 60 92 94 334 0 31 35 91 61 517 263 172 572 0 0 13 0 145 0 66 60 
208 201 75 0 124 79 61 91 93 331 0 35 36 81 61 505 359 171 497 0 0 13 0 145 0 66 60 
204 205 78 0 124 78 60 90 94 330 0 35 36 52 61 518 333 208 511 0 0 14 0 145 0 66 60 
210 207 75 0 123 77 60 84 93 323 0 34 36 49 62 511 330 341 508 0 0 14 0 145 0 66 60 
209 212 76 0 123 80 61 93 92 321 0 36 37 68 63 544 290 195 472 0 0 13 0 145 0 66 60 
207 208 76 0 122 83 60 93 92 333 0 30 37 83 62 520 288 218 559 0 0 14 0 145 0 66 60 
207 203 79 0 122 82 61 93 93 339 0 32 35 78 63 518 304 179 551 0 0 14 0 145 0 65 60 
207 211 74 0 120 84 61 93 95 332 0 29 33 74 60 539 251 302 516 0 0 14 0 145 0 65 60 
207 207 77 0 120 87 60 92 94 328 0 30 34 87 63 538 284 284 441 0 0 14 0 145 0 65 60 
207 207 77 0 121 87 61 96 92 327 0 30 32 75 63 512 258 227 527 0 0 14 0 145 0 65 60 
211 215 76 0 120 81 60 92 91 332 0 27 31 75 63 502 299 225 522 0 0 13 0 145 0 65 60 
206 211 76 0 123 80 61 96 92 339 0 28 32 73 62 547 326 193 546 0 0 13 0 145 0 65 60 
207 210 75 0 124 81 61 87 93 330 0 32 30 75 61 513 317 232 488 0 0 13 0 145 0 65 60 
203 206 75 0 125 86 60 90 94 328 0 30 30 90 63 501 324 151 453 0 0 13 0 145 0 65 60 
206 221 76 0 127 93 61 93 94 327 0 32 30 92 63 500 302 225 469 0 0 13 0 145 0 65 60 
209 211 74 0 128 93 61 97 95 324 0 31 30 75 62 507 289 233 586 0 0 14 0 145 0 65 60 
212 209 77 0 129 91 60 92 94 331 0 32 30 72 62 513 308 240 567 0 0 13 0 145 0 65 60 
208 216 76 0 130 81 60 98 92 334 0 30 32 100 62 517 329 169 532 0 0 13 0 145 0 65 60 
205 199 77 0 129 74 61 96 93 333 0 31 32 89 62 527 297 187 490 0 0 14 0 145 0 65 60 
206 202 77 0 127 73 60 92 93 329 0 30 34 67 63 519 343 231 521 0 0 14 0 145 0 65 60 
208 206 77 0 125 79 60 96 93 328 0 30 35 64 62 549 326 242 543 0 0 15 0 145 0 65 60 
206 202 77 0 125 84 61 96 93 338 0 26 38 90 62 557 294 140 552 0 0 14 0 145 0 65 60 
211 206 76 0 124 87 61 90 93 340 0 28 38 88 61 520 300 113 551 0 0 14 0 145 0 65 60 
205 211 76 0 124 87 60 95 94 335 0 29 39 82 62 496 290 224 473 0 0 14 0 145 0 65 60 
205 213 75 0 124 87 61 92 94 333 0 29 38 57 64 510 287 224 507 0 0 15 0 145 0 64 60 
204 206 75 0 124 82 60 90 94 330 0 30 38 76 63 512 301 161 517 0 0 14 0 145 0 64 60 
205 209 75 0 124 81 61 94 94 334 0 31 36 80 64 518 349 204 515 0 0 14 0 145 0 64 60 
206 212 75 0 125 83 61 95 94 333 0 32 35 81 62 503 309 187 523 0 0 14 0 145 0 64 60 
208 207 76 0 125 85 61 92 93 333 0 31 35 74 59 522 338 91 515 0 0 14 0 145 0 64 60 
209 204 79 0 125 84 60 94 92 334 0 35 38 68 60 485 309 129 486 0 0 14 0 145 0 64 60 
203 212 76 0 124 82 60 93 90 338 0 29 39 67 63 526 312 202 533 0 0 13 0 145 0 64 60 
204 220 76 0 124 82 60 90 92 335 0 30 39 73 62 502 257 251 537 0 0 13 0 145 0 64 60 
207 201 74 0 122 75 61 92 93 335 0 30 39 78 64 501 261 193 530 0 0 14 0 145 0 64 60 
203 215 76 0 121 71 61 93 94 334 0 32 39 83 64 546 263 219 524 0 0 13 0 145 0 65 60 
211 212 75 0 122 73 60 92 94 328 0 32 37 66 62 541 277 216 513 0 0 14 0 145 0 65 60 
207 206 78 0 123 82 60 93 94 323 0 36 36 91 60 533 318 188 541 0 0 14 0 145 0 65 60 
204 208 78 0 123 82 60 104 92 324 0 31 36 90 60 514 330 148 554 0 0 14 0 145 0 65 60 
204 209 75 0 123 84 61 98 93 334 0 29 34 81 60 529 355 262 541 0 0 14 0 145 0 65 60 
208 198 76 0 123 84 60 97 93 332 0 30 34 51 60 482 311 184 487 0 0 14 0 145 0 65 60 
208 201 79 0 123 84 61 99 93 326 0 30 36 49 62 518 314 258 429 0 0 14 0 145 0 65 60 
207 205 77 0 124 82 61 92 92 326 0 32 38 69 66 488 319 171 468 0 0 14 0 145 0 65 60 
207 201 76 0 125 79 60 93 94 328 0 35 36 81 63 493 291 173 568 0 0 13 0 145 0 65 60 
210 205 77 0 125 85 60 85 93 333 0 32 34 78 62 496 342 282 577 0 0 13 0 145 0 65 60 
207 208 76 0 125 94 60 94 94 332 0 36 33 73 61 519 345 202 527 0 0 13 0 145 0 65 60 
208 208 76 0 122 101 60 92 93 329 0 32 33 86 60 498 298 154 438 0 0 13 0 145 0 64 60 
206 207 74 0 120 98 60 90 94 327 0 29 33 75 63 528 295 240 484 0 0 13 0 145 0 64 60 
206 209 77 0 120 95 60 94 95 324 0 31 35 75 61 498 335 173 548 0 0 13 0 145 0 63 60 
212 209 76 0 120 87 60 95 95 327 0 30 35 73 61 525 313 91 602 0 0 13 0 145 0 63 60 
209 211 76 0 120 78 60 95 92 334 0 29 34 74 62 559 303 179 515 0 0 13 0 145 0 63 60 
212 206 76 0 124 71 60 95 92 336 0 30 32 90 62 556 349 256 469 0 0 14 0 145 0 64 60 
211 214 78 0 126 73 60 94 93 333 0 25 32 89 63 535 322 178 483 0 0 13 0 145 0 64 60 
208 222 76 0 126 78 61 93 93 328 0 27 32 76 64 502 305 106 531 0 0 14 0 145 0 64 60 
208 196 79 0 128 78 61 96 94 332 0 30 34 70 62 502 317 198 537 0 0 14 0 145 0 64 60 
208 218 77 0 129 77 60 91 93 343 0 31 34 100 62 508 300 214 587 0 0 14 0 145 0 65 60 
208 213 78 0 129 84 60 93 94 338 0 32 34 89 62 508 277 168 499 0 0 14 0 145 0 65 60 
208 204 75 0 127 86 60 93 94 334 0 32 35 67 61 530 270 188 517 0 0 14 0 145 0 65 60 
209 207 76 0 125 79 61 93 93 330 0 31 33 63 63 558 306 162 552 0 0 15 0 145 0 65 60 
208 205 78 0 122 81 60 93 93 330 0 31 33 88 63 533 310 146 559 0 0 14 0 145 0 65 60 
206 198 75 0 121 82 61 93 94 335 0 27 34 89 63 510 314 150 541 0 0 13 0 145 0 65 60 
205 203 75 0 122 80 60 94 93 333 0 31 33 79 62 529 328 187 525 0 0 13 0 145 0 65 60 
209 202 75 0 122 78 61 92 93 331 0 31 35 58 62 490 341 204 509 0 0 13 0 145 0 65 60 
204 200 80 0 123 81 60 92 93 333 0 29 34 76 62 525 330 209 527 0 0 13 0 145 0 65 60 
204 205 76 0 125 85 60 94 95 335 0 33 37 79 62 551 318 225 539 0 0 13 0 145 0 65 60 
205 211 78 0 126 87 60 91 95 332 0 33 36 80 61 563 271 192 503 0 0 14 0 145 0 65 60 
204 208 76 0 127 85 61 95 95 334 0 31 36 74 61 496 316 257 491 0 0 13 0 145 0 65 60 
202 206 79 0 128 86 60 95 93 334 0 29 33 66 61 491 326 143 454 0 0 13 0 145 0 66 60 
209 205 75 0 127 91 60 95 92 324 0 31 34 66 62 520 308 275 554 0 0 13 0 145 0 66 60 
202 206 76 0 127 98 60 93 94 319 0 31 32 73 61 492 275 255 534 0 0 14 0 145 0 66 60 
207 209 79 0 125 97 60 95 95 327 0 28 30 77 62 548 338 232 528 0 0 13 0 145 0 66 60 
204 206 76 0 123 87 60 99 94 337 0 28 32 78 63 525 272 326 469 0 0 14 0 145 0 65 60 
202 210 74 0 123 85 61 91 93 334 0 30 33 68 63 496 326 184 504 0 0 14 0 145 0 65 60 
204 220 79 0 123 76 61 93 92 330 0 28 32 91 63 493 285 205 505 0 0 14 0 145 0 64 60 
206 196 78 0 123 81 60 88 93 330 0 31 31 90 64 477 321 279 558 0 0 14 0 145 0 64 60 
207 221 79 0 124 90 61 89 92 331 0 30 31 76 63 530 304 249 565 0 0 13 0 145 0 64 60 
212 215 76 0 123 96 60 92 92 334 0 33 32 48 60 518 335 276 509 0 0 13 0 145 0 64 60 
208 202 81 0 123 90 61 93 93 333 0 29 32 53 60 537 280 209 447 0 0 14 0 145 0 64 60 
208 211 79 0 123 82 61 97 94 329 0 30 31 73 62 535 337 156 528 0 0 14 0 145 0 65 60 
206 202 77 0 123 75 61 93 96 327 0 30 34 79 62 518 296 180 540 0 0 14 0 145 0 65 60 
209 198 75 0 122 77 61 99 95 326 0 28 32 74 62 527 316 253 534 0 0 14 0 145 0 65 60 
210 205 80 0 123 80 60 91 92 324 0 30 35 77 60 550 308 154 536 0 0 14 0 145 0 65 60 
208 200 78 0 124 84 60 93 92 333 0 28 35 81 61 529 293 203 467 0 0 14 0 145 0 65 60 
205 202 79 0 122 87 60 92 94 332 0 30 33 76 62 470 348 210 490 0 0 14 0 145 0 64 60 
205 204 76 0 121 85 60 93 93 328 0 28 33 74 61 510 327 156 492 0 0 14 0 145 0 64 60 
207 211 79 0 120 80 61 95 93 324 0 31 35 80 62 512 267 202 537 0 0 13 0 145 0 65 60 
206 205 77 0 120 76 60 91 93 331 0 31 36 76 61 525 292 146 532 0 0 14 0 145 0 64 60 
208 199 74 0 121 76 60 94 93 340 0 30 38 96 61 499 333 205 531 0 0 14 0 145 0 65 60 
207 212 75 0 121 78 61 94 94 337 0 32 37 83 63 499 327 159 503 0 0 14 0 145 0 65 60 
208 204 76 0 123 76 60 95 93 332 0 35 35 68 63 533 320 86 526 0 0 14 0 145 0 65 60 
206 207 76 0 123 75 60 97 94 330 0 31 37 79 63 526 315 192 553 0 0 15 0 145 0 65 60 
206 207 74 0 125 77 60 89 95 334 0 36 36 107 61 538 327 187 580 0 0 14 0 145 0 65 60 
205 209 73 0 127 78 61 88 93 334 0 31 36 79 61 530 306 196 513 0 0 15 0 145 0 65 60 
207 213 76 0 129 80 60 89 92 335 0 34 34 57 62 523 303 177 520 0 0 15 0 145 0 65 60 
207 202 71 0 129 76 61 96 92 330 0 33 35 79 63 477 294 205 536 0 0 14 0 145 0 65 60 
205 219 74 0 130 82 60 95 92 336 0 37 33 89 64 488 345 163 554 0 0 14 0 145 0 65 60 
206 211 75 0 129 80 60 94 94 335 0 38 34 90 65 501 307 154 570 0 0 13 0 145 0 65 60 
207 208 75 0 127 81 60 93 93 332 0 35 33 66 65 518 296 230 509 0 0 13 0 145 0 65 60 
206 210 76 0 125 80 60 94 93 334 0 34 35 62 63 488 324 282 493 0 0 13 0 145 0 65 60 
208 201 75 0 123 85 60 94 94 331 0 33 32 75 61 522 266 285 530 0 0 13 0 145 0 65 60 
205 201 78 0 124 83 60 90 93 325 0 33 33 83 60 518 334 239 558 0 0 14 0 145 0 65 60 
205 205 75 0 123 84 60 94 93 317 0 32 33 75 60 553 312 199 520 0 0 14 0 145 0 65 60 
207 199 77 0 123 83 61 89 92 330 0 29 34 76 62 486 282 192 517 0 0 13 0 145 0 65 60 
206 204 75 0 124 83 60 91 92 337 0 29 34 64 62 484 312 222 441 0 0 13 0 145 0 65 60 
209 205 77 0 122 79 61 97 93 331 0 32 32 74 66 543 257 221 552 0 0 14 0 145 0 65 60 
210 213 77 0 124 77 61 91 94 329 0 30 34 74 64 557 340 195 550 0 0 14 0 145 0 65 60 
203 202 75 0 124 80 61 98 93 328 0 31 33 84 63 528 348 260 530 0 0 13 0 145 0 65 60 
205 210 77 0 124 83 60 97 92 332 0 35 34 71 61 528 329 86 458 0 0 13 0 145 0 65 60 
206 214 77 0 123 83 60 94 93 337 0 36 33 78 61 510 263 173 442 0 0 14 0 145 0 65 60 
212 203 75 0 121 81 60 91 94 333 0 43 33 89 63 524 289 238 523 0 0 13 0 145 0 65 60 
208 212 76 0 121 84 61 95 95 328 0 46 32 88 63 524 316 140 604 0 0 14 0 145 0 65 60 
206 210 79 0 121 86 61 94 95 327 0 52 33 64 60 523 280 149 577 0 0 13 0 145 0 65 60 
200 213 77 0 122 88 60 91 93 324 0 53 33 48 61 505 319 193 534 0 0 14 0 145 0 65 60 
209 201 75 0 121 87 60 93 92 329 0 46 33 61 61 489 353 183 464 0 0 14 0 145 0 65 60 
205 207 74 0 121 90 60 91 93 336 0 41 31 79 63 530 295 148 483 0 0 14 0 145 0 65 60 
203 216 79 0 121 92 61 93 93 334 0 31 32 79 61 508 319 180 520 0 0 13 0 145 0 65 60 
203 208 76 0 123 86 61 93 94 332 0 30 30 73 62 534 308 126 536 0 0 14 0 145 0 65 60 
209 207 77 0 123 87 61 95 93 328 0 32 29 86 62 513 307 129 540 0 0 14 0 145 0 65 60 
205 213 76 0 125 83 60 91 94 337 0 29 29 78 62 505 303 70 438 0 0 13 0 145 0 65 60 
205 197 78 0 125 84 60 93 94 341 0 30 30 78 62 529 304 163 499 0 0 13 0 145 0 65 60 
206 203 77 0 125 81 61 94 94 336 0 34 31 74 63 543 316 147 585 0 0 14 0 145 0 66 60 
204 204 76 0 124 85 60 90 94 330 0 38 30 78 63 501 311 215 551 0 0 14 0 145 0 67 60 
206 200 80 0 122 84 60 94 94 331 0 41 31 84 62 512 290 186 540 0 0 14 0 145 0 68 60 
210 205 78 0 120 78 61 95 92 329 0 38 31 93 63 493 284 173 517 0 0 14 0 145 0 71 60 
208 206 76 0 120 72 60 91 93 335 0 35 31 81 62 469 303 87 472 0 0 14 0 145 0 73 60 
209 212 77 0 120 73 60 97 93 336 0 33 32 68 62 517 316 89 568 0 0 14 0 145 0 74 60 
207 204 78 0 122 82 60 96 95 338 0 34 32 93 61 541 268 206 594 0 0 14 0 145 0 75 60 
208 202 76 0 126 88 60 99 94 343 0 34 32 99 62 503 333 246 524 0 0 14 0 145 0 75 60 
206 210 76 0 126 88 60 90 92 334 0 34 33 71 63 498 291 273 470 0 0 13 0 145 0 76 60 
208 203 75 0 129 86 60 98 93 331 0 32 31 56 63 496 306 164 505 0 0 14 0 145 0 75 60 
205 207 76 0 129 82 60 94 93 333 0 34 31 86 63 484 283 207 573 0 0 14 0 145 0 76 60 
212 209 78 0 130 74 61 90 93 330 0 29 31 89 63 528 310 178 580 0 0 14 0 145 0 76 60 
208 217 75 0 129 76 60 89 93 322 0 30 30 88 61 469 305 227 548 0 0 14 0 145 0 76 60 
206 201 76 0 127 79 61 89 93 320 0 30 31 57 63 547 313 229 491 0 0 14 0 145 0 75 60 
206 218 76 0 125 87 60 91 93 333 0 33 31 74 63 529 346 220 499 0 0 14 0 145 0 75 60 
205 212 77 0 124 86 61 86 93 340 0 32 33 77 64 522 313 197 537 0 0 14 0 145 0 75 60 
215 205 77 0 123 85 60 99 93 331 0 32 32 84 64 501 278 119 572 0 0 14 0 145 0 75 60 
207 208 76 0 122 84 61 103 92 326 0 31 34 73 62 548 283 206 542 0 0 13 0 145 0 75 60 
208 207 75 0 124 81 60 93 91 330 0 34 32 71 60 516 320 175 453 0 0 14 0 145 0 75 60 
210 199 74 0 125 75 60 93 93 327 0 31 30 64 62 533 338 220 414 0 0 14 0 145 0 74 60 
203 207 77 0 126 69 61 94 94 333 0 29 30 74 63 518 304 211 574 0 0 14 0 145 0 74 60 
210 201 76 0 126 70 60 92 95 329 0 30 30 77 62 507 287 149 567 0 0 14 0 145 0 74 60 
208 203 77 0 126 79 60 88 95 325 0 29 32 82 61 515 325 219 518 0 0 13 0 145 0 74 60 
207 204 78 0 126 85 61 94 93 323 0 32 32 67 61 489 305 102 474 0 0 13 0 145 0 74 60 
206 210 78 0 125 89 60 93 91 322 0 29 33 89 61 549 286 125 505 0 0 14 0 145 0 74 60 
206 208 76 0 125 91 60 93 92 331 0 32 33 90 62 531 316 187 529 0 0 14 0 145 0 74 60 
207 203 76 0 123 91 60 94 93 337 0 31 35 81 61 543 292 150 552 0 0 13 0 145 0 74 60 
205 209 76 0 122 89 60 94 94 333 0 31 35 53 61 538 318 76 537 0 0 14 0 145 0 74 60 
208 207 75 0 123 88 60 90 93 326 0 29 34 48 61 544 345 204 513 0 0 14 0 145 0 73 60 
204 209 77 0 123 87 60 92 93 328 0 30 34 68 60 498 295 213 480 0 0 14 0 145 0 73 60 
208 211 78 0 124 82 60 92 94 335 0 28 34 83 61 530 286 154 541 0 0 14 0 145 0 74 60 
207 209 78 0 124 78 61 90 94 340 0 31 34 76 63 516 318 220 556 0 0 14 0 145 0 74 60 
205 218 77 0 124 76 60 95 95 333 0 29 34 75 61 512 301 140 556 0 0 14 0 145 0 73 60 
207 202 75 0 124 73 60 95 94 328 0 31 35 86 62 498 323 193 521 0 0 14 0 145 0 73 60 
210 218 75 0 124 65 60 96 92 330 0 27 36 75 27 492 309 102 495 0 0 15 0 145 0 73 60 
206 215 78 0 124 63 61 103 92 331 0 28 35 38 0 514 304 210 532 0 0 14 0 145 0 73 60 
205 204 77 0 125 63 60 94 92 334 0 29 35 0 0 520 296 274 560 0 0 14 0 145 0 73 60 
203 212 74 0 125 66 60 91 92 328 0 26 33 0 0 499 323 267 505 0 0 14 0 145 0 73 60 
204 208 77 0 122 65 60 98 91 333 0 28 33 0 0 522 323 234 528 0 0 14 0 145 0 72 60 
208 200 78 0 122 62 60 93 91 337 0 28 33 0 0 511 336 193 501 0 0 13 0 145 0 72 60 
205 206 76 0 120 63 60 90 93 335 0 27 33 0 0 542 295 177 492 0 0 13 0 145 0 72 60 
207 201 75 0 120 66 60 86 95 334 0 27 34 0 0 557 311 227 524 0 0 13 0 145 0 72 60 
207 201 77 0 121 65 60 92 94 284 0 27 34 0 0 542 352 285 532 0 0 13 0 145 0 72 60 
204 209 77 0 122 62 61 91 92 48 0 26 34 0 0 508 295 234 562 0 0 13 0 145 0 72 60 
209 213 77 0 123 63 60 90 77 0 0 27 34 0 0 488 302 248 426 0 0 13 0 145 0 72 60 
207 207 78 0 124 63 61 89 0 0 0 27 34 0 0 525 314 200 539 0 0 13 0 145 0 72 60 
205 204 78 0 126 62 60 27 0 0 0 27 34 0 0 525 348 185 558 0 0 13 0 145 0 72 60 
210 207 76 0 126 60 61 0 0 0 0 28 34 0 0 530 369 282 551 0 0 13 0 145 0 72 60 
206 207 78 0 130 62 60 0 0 0 0 26 34 0 0 530 324 239 532 0 0 13 0 145 0 72 60 
206 208 78 0 131 63 60 0 0 0 0 27 34 0 0 489 278 190 494 0 0 14 0 145 0 72 60 
211 211 76 0 130 62 61 0 0 0 0 26 33 0 0 516 345 134 480 0 0 14 0 145 0 72 60 
209 217 74 0 121 62 60 0 0 0 0 27 34 0 0 483 326 241 525 0 0 14 0 145 0 72 60 
208 207 80 0 106 64 60 0 0 0 0 27 34 0 0 536 314 100 557 0 0 14 0 145 0 72 60 
205 208 77 0 84 63 60 0 0 0 0 28 34 0 0 533 287 184 528 0 0 14 0 145 0 72 60 
204 86 39 0 55 61 60 0 0 0 0 25 34 0 0 530 345 137 494 0 0 14 0 145 0 72 60 
205 0 0 0 30 59 60 0 0 0 0 28 34 0 0 511 299 248 504 0 0 14 0 145 0 72 60 
206 0 0 0 12 63 60 0 0 0 0 26 34 0 0 513 319 57 510 0 0 14 0 145 0 72 60 
207 0 0 0 0 63 60 0 0 0 0 26 34 0 0 525 335 196 468 0 0 14 0 145 0 72 60 
182 0 0 0 0 61 60 0 0 33 0 28 34 0 0 370 286 129 395 0 0 14 0 145 0 72 60 
0 0 0 0 0 62 60 0 0 82 0 26 34 0 0 342 276 115 383 0 0 14 0 145 0 72 60 
0 0 0 0 0 63 60 0 0 106 0 26 34 0 0 353 280 112 381 0 0 14 0 145 0 72 60 
0 0 0 0 0 65 61 0 0 118 0 27 35 0 0 353 277 105 383 0 0 13 0 145 0 72 60 
0 0 0 0 0 62 61 0 0 60 0 26 34 0 0 345 282 115 385 0 0 13 0 145 0 72 60 
0 0 0 0 0 62 60 0 0 0 0 22 34 0 0 355 287 120 380 0 0 13 0 145 0 73 60 
0 0 0 0 0 64 60 0 0 0 0 27 34 0 0 356 276 108 381 0 0 13 0 145 0 72 60 
0 0 0 0 0 64 60 0 0 0 0 27 34 0 0 355 287 115 385 0 0 13 0 145 0 72 60 
0 0 0 0 0 62 61 0 0 0 0 28 35 0 0 341 287 121 384 0 0 13 0 145 0 72 60 
0 0 0 0 0 63 60 0 0 0 0 27 35 0 0 351 286 116 377 0 0 14 0 145 0 72 60 
0 0 0 0 0 65 60 0 0 0 0 24 35 0 0 345 286 115 381 0 0 14 0 145 0 72 60 
0 0 0 0 0 65 60 0 0 0 0 27 35 0 0 355 288 105 383 0 0 14 0 145 0 72 60 
0 0 0 0 0 63 60 0 0 0 0 27 35 0 0 354 288 108 383 0 0 14 0 145 0 72 60 
0 0 0 0 0 62 60 0 0 0 0 28 35 0 0 341 288 120 382 0 0 13 0 145 0 72 60 
0 0 0 0 0 65 60 0 0 0 0 26 35 0 0 350 287 108 383 0 0 13 0 145 0 72 60 
0 0 0 0 0 62 60 0 0 0 0 28 35 0 0 347 278 104 379 0 0 13 0 145 0 72 60 
0 0 0 0 0 62 60 0 0 0 0 25 35 0 0 356 276 105 381 0 0 14 0 145 0 72 60 
0 0 0 0 0 63 61 0 0 0 0 26 35 0 0 355 286 106 382 0 0 14 0 145 0 72 60 
0 0 0 0 0 65 61 0 0 0 0 27 35 0 0 355 285 120 375 0 0 13 0 145 0 72 60 
0 0 0 0 0 64 61 0 0 0 0 24 35 0 0 353 284 120 380 0 0 13 0 145 0 72 60 
0 0 0 0 0 63 60 0 0 0 0 27 36 0 0 350 275 113 383 0 0 14 0 145 0 72 60 
0 0 0 0 0 63 60 0 0 0 0 27 35 0 0 356 288 106 374 0 0 14 0 145 0 72 60 
0 0 0 0 0 65 60 0 0 0 0 26 35 0 0 350 288 120 383 0 0 14 0 145 0 72 60 
0 0 0 0 0 63 60 0 0 0 0 26 35 0 0 355 273 116 383 0 0 14 0 145 0 72 60 
0 0 0 0 0 60 61 0 0 0 0 26 36 0 0 357 273 115 381 0 0 14 0 145 0 72 60 
0 0 0 0 0 62 60 0 0 0 0 27 36 0 0 340 282 103 383 0 0 14 0 145 0 72 60 
0 0 0 0 0 65 60 0 0 0 0 25 36 0 0 341 273 102 376 0 0 13 0 145 0 72 60 
0 0 0 0 0 62 61 0 0 0 0 26 36 0 0 341 287 120 383 0 0 14 0 145 0 72 60 
0 0 0 0 0 61 60 0 0 0 0 27 36 0 0 341 273 120 378 0 0 14 0 145 0 72 60 
0 0 0 0 0 62 60 0 0 0 0 28 36 0 0 342 287 117 375 0 0 14 0 145 0 72 60 
0 0 0 0 0 64 60 0 0 0 0 28 36 0 0 345 274 104 382 0 0 14 0 145 0 72 60 
0 0 0 0 0 63 60 0 0 0 0 28 36 0 0 357 287 120 378 0 0 14 0 145 0 72 60 
0 0 0 0 0 62 61 0 0 0 0 27 36 0 0 341 283 108 372 0 0 14 0 145 0 72 60 
0 0 0 0 0 63 61 0 0 0 0 27 36 0 0 358 273 120 376 0 0 13 0 145 0 71 60 
0 0 0 0 0 65 60 0 0 0 0 26 36 0 0 342 284 101 382 0 0 13 0 145 0 71 60 
0 0 0 0 0 62 60 0 0 0 0 27 36 0 0 356 283 101 380 0 0 14 0 145 0 71 60 
0 0 0 0 0 61 60 0 0 0 0 27 36 0 0 354 275 104 373 0 0 14 0 145 0 72 60 
0 0 0 0 0 64 60 0 0 0 0 27 36 0 0 342 273 115 381 0 0 14 0 145 0 71 60 
0 0 0 0 0 65 60 0 0 0 0 25 36 0 0 339 275 120 380 0 0 14 0 145 0 71 60 
0 0 0 0 0 61 60 0 0 0 0 27 36 0 0 344 279 106 376 0 0 14 0 145 0 71 60 
0 0 0 0 0 61 60 0 0 0 0 25 36 0 0 353 286 109 370 0 0 14 0 145 0 71 60 
0 0 0 0 0 64 61 0 0 0 0 28 36 0 0 352 284 113 372 0 0 13 0 145 0 71 60 
0 0 0 0 0 64 61 0 0 0 0 27 36 0 0 356 287 111 381 0 0 13 0 145 0 71 60 
0 0 0 0 0 62 60 0 0 0 0 25 36 0 0 348 277 109 373 0 0 14 0 145 0 71 60 
0 0 0 0 0 61 60 0 0 0 0 26 36 0 0 349 287 111 380 0 0 14 0 145 0 71 60 
0 0 0 0 0 63 60 0 0 0 0 27 36 0 0 346 285 118 375 0 0 14 0 145 0 71 60 
0 0 0 0 0 63 60 0 0 0 0 25 36 0 0 354 284 108 372 0 0 14 0 145 0 71 60 
0 0 0 0 0 60 60 0 0 0 0 28 36 0 0 350 277 118 373 0 0 14 0 145 0 71 60 
0 0 0 0 0 60 60 0 0 0 0 26 36 0 0 357 280 103 374 0 0 14 0 145 0 71 60 
0 0 0 0 0 63 60 0 0 0 0 28 36 0 0 344 271 105 377 0 0 14 0 145 0 71 60 
0 0 0 0 0 64 60 0 0 0 0 26 36 0 0 341 286 117 378 0 0 15 0 145 0 71 60 
0 0 0 0 0 60 60 0 0 0 0 27 36 0 0 352 286 114 374 0 0 14 0 145 0 71 60 
0 0 0 0 0 61 60 0 0 0 0 26 36 0 0 358 279 108 378 0 0 15 0 145 0 71 60 
0 0 0 0 0 65 61 0 0 0 0 27 36 0 0 352 273 107 378 0 0 15 0 145 0 71 60 
0 0 0 0 0 63 60 0 0 0 0 26 36 0 0 342 286 115 376 0 0 14 0 145 0 71 60 
0 0 0 0 0 61 61 0 0 0 0 26 36 0 0 351 285 115 376 0 0 14 0 145 0 71 60 
0 0 0 0 0 60 61 0 0 0 0 27 36 0 0 355 283 102 381 0 0 14 0 145 0 71 60 
0 0 0 0 0 64 61 0 0 0 0 27 36 0 0 354 286 119 370 0 0 14 0 145 0 70 60 
0 0 0 0 0 62 60 0 0 0 0 27 36 0 0 350 274 101 380 0 0 14 0 145 0 70 60 
0 0 0 0 0 61 60 0 0 0 0 26 36 0 0 355 273 115 380 0 0 14 0 145 0 70 60 
0 0 0 0 0 62 60 0 0 0 0 27 36 0 0 342 278 103 372 0 0 14 0 145 0 70 60 
0 0 0 0 0 63 60 0 0 0 0 26 36 0 0 340 280 103 375 0 0 13 0 145 0 70 60 
0 0 0 0 0 62 61 0 0 0 0 27 36 0 0 343 273 115 379 0 0 14 0 145 0 70 60 
0 0 0 0 0 61 60 0 0 0 0 27 36 0 0 350 285 115 376 0 0 13 0 145 0 70 60 
0 0 0 0 0 63 61 0 0 0 0 27 36 0 0 343 285 119 374 0 0 13 0 145 0 70 60 
0 0 0 0 0 65 60 0 0 0 0 26 36 0 0 342 283 110 380 0 0 14 0 145 0 70 60 
0 0 0 0 0 62 60 0 0 0 0 27 36 0 0 343 286 119 374 0 0 14 0 145 0 70 60 
0 0 0 0 0 62 60 0 0 0 0 26 36 0 0 349 284 117 370 0 0 14 0 145 0 70 60 
0 0 0 0 0 61 60 0 0 0 0 27 36 0 0 343 285 119 380 0 0 14 0 145 0 70 60 
0 0 0 0 0 63 60 0 0 0 0 26 36 0 0 349 278 109 370 0 0 14 0 145 0 69 60 
0 0 0 0 0 62 60 0 0 0 0 27 36 0 0 357 274 101 378 0 0 14 0 145 0 69 60 
0 0 0 0 0 59 61 0 0 0 0 28 36 0 0 343 280 105 379 0 0 14 0 145 0 69 60 
0 0 0 0 0 62 61 0 0 0 0 27 36 0 0 349 279 114 377 0 0 13 0 145 0 69 60 
0 0 0 0 0 65 60 0 0 0 0 27 36 0 0 350 277 106 380 0 0 13 0 145 0 69 60 
0 0 0 0 0 62 61 0 0 0 0 26 36 0 0 355 275 104 376 0 0 13 0 145 0 69 60 
0 0 0 0 0 62 61 0 0 0 0 27 36 0 0 347 273 118 371 0 0 14 0 145 0 69 60 
0 0 0 0 0 64 61 0 0 0 0 28 36 0 0 348 273 115 369 0 0 14 0 145 0 69 60 
0 0 0 0 0 65 61 0 0 0 0 27 36 0 0 346 275 109 378 0 0 13 0 145 0 69 60 
0 0 0 0 0 61 60 0 0 0 0 26 36 0 0 351 286 102 372 0 0 14 0 145 0 68 60 
0 0 0 0 0 62 60 0 0 0 0 27 36 0 0 349 273 114 374 0 0 14 0 145 0 69 60 
0 0 0 0 0 65 60 0 0 0 0 26 36 0 0 343 284 114 372 0 0 14 0 145 0 69 60 
0 0 0 0 0 66 60 0 0 0 0 27 36 0 0 357 275 115 372 0 0 13 0 145 0 69 60 
0 0 0 0 0 63 60 0 0 0 0 26 36 0 0 343 275 115 372 0 0 13 0 145 0 69 60 
0 0 0 0 0 63 60 0 0 0 0 26 36 0 0 358 284 113 370 0 0 13 0 145 0 68 60 
0 0 0 0 0 64 61 0 0 0 0 27 36 0 0 348 278 103 380 0 0 14 0 145 0 69 60 
0 0 0 0 0 64 60 0 0 0 0 25 36 0 0 345 276 117 377 0 0 13 0 145 0 69 60 
0 0 0 0 0 62 60 0 0 0 0 27 36 0 0 342 274 113 375 0 0 13 0 145 0 68 60 
0 0 0 0 0 63 61 0 0 0 0 25 36 0 0 355 280 105 371 0 0 13 0 145 0 69 60 
0 0 0 0 0 65 60 0 0 0 0 25 36 0 0 344 280 109 378 0 0 14 0 145 0 69 60 
0 0 0 0 0 65 61 0 0 0 0 27 36 0 0 341 279 118 369 0 0 13 0 145 0 69 60 
0 0 0 0 0 62 60 0 0 0 0 26 36 0 0 355 285 106 378 0 0 13 0 145 0 69 60 
0 0 0 0 0 63 60 0 0 0 0 27 36 0 0 355 281 110 370 0 0 14 0 145 0 68 60 
0 0 0 0 0 64 60 0 0 0 0 27 36 0 0 343 271 113 377 0 0 13 0 145 0 68 60 
0 0 0 0 0 63 61 0 0 0 0 26 36 0 0 342 271 118 379 0 0 13 0 145 0 68 60 
0 0 0 0 0 60 60 0 0 0 0 26 36 0 0 342 284 120 375 0 0 14 0 145 0 68 60 
0 0 0 0 0 62 61 0 0 0 0 26 36 0 0 350 286 106 370 0 0 14 0 145 0 68 60 
0 0 0 0 0 64 60 0 0 0 0 26 36 0 0 341 273 102 379 0 0 14 0 145 0 68 60 
0 0 0 0 0 63 60 0 0 0 0 25 36 0 0 352 288 120 368 0 0 14 0 145 0 68 60 
0 0 0 0 0 61 60 0 0 0 0 27 36 0 0 345 286 117 374 0 0 14 0 145 0 68 60 
0 0 0 0 0 62 60 0 0 0 0 27 36 0 0 341 271 105 379 0 0 14 0 145 0 68 60 
0 0 0 0 0 62 60 0 0 0 0 27 36 0 0 358 273 101 368 0 0 14 0 145 0 68 60 
0 0 0 0 0 62 61 0 0 0 0 26 36 0 0 351 287 103 378 0 0 13 0 145 0 67 60 
0 0 0 0 0 61 60 0 0 0 0 24 36 0 0 349 274 101 369 0 0 14 0 145 0 67 60 
0 0 0 0 0 62 60 0 0 0 0 27 36 0 0 358 277 111 370 0 0 13 0 145 0 67 60 
0 0 0 0 0 63 61 0 0 0 0 26 36 0 0 341 273 100 378 0 0 13 0 145 0 67 60 
0 0 0 0 0 60 61 0 0 0 0 26 36 0 0 345 279 104 380 0 0 13 0 145 0 67 60 
0 0 0 0 0 60 60 0 0 0 0 26 36 0 0 356 272 105 376 0 0 14 0 145 0 67 60 
0 0 0 0 0 63 60 0 0 0 0 29 36 0 0 349 274 118 375 0 0 14 0 145 0 67 60 
0 0 0 0 0 63 60 0 0 0 0 28 36 0 0 347 280 117 376 0 0 14 0 145 0 67 60 
0 0 0 0 0 58 61 0 0 0 0 27 36 0 0 353 273 104 375 0 0 14 0 145 0 67 60 
0 0 0 0 0 58 60 0 0 0 0 26 36 0 0 343 282 111 369 0 0 14 0 145 0 67 60 
0 0 0 0 0 62 61 0 0 0 0 27 36 0 0 344 272 110 368 0 0 13 0 145 0 67 60 
0 0 0 0 0 62 60 0 0 0 0 27 36 0 0 356 280 117 368 0 0 14 0 145 0 67 60 
0 0 0 0 0 59 60 0 0 0 0 27 35 0 0 342 276 109 377 0 0 14 0 145 0 67 60 
0 0 0 0 0 60 61 0 0 0 0 26 35 0 0 342 287 116 375 0 0 14 0 145 0 67 60 
0 0 0 0 0 64 60 0 0 0 0 26 36 0 0 349 282 113 379 0 0 13 0 145 0 66 60 
0 0 0 0 0 63 60 0 0 0 0 26 35 0 0 349 273 102 369 0 0 14 0 145 0 66 60 
0 0 0 0 0 61 60 0 0 0 0 25 34 0 0 358 283 110 370 0 0 13 0 145 0 66 60 
0 0 0 0 0 61 60 0 0 0 0 23 34 0 0 352 287 112 374 0 0 14 0 145 0 66 60 
0 0 0 0 0 64 61 0 0 0 0 25 34 0 0 347 285 110 373 0 0 14 0 145 0 66 60 
0 0 0 0 0 63 60 0 0 0 0 26 34 0 0 346 283 118 369 0 0 14 0 145 0 66 60 
0 0 0 0 0 60 61 0 0 0 0 27 34 0 0 355 287 113 375 0 0 14 0 145 0 67 60 
0 0 0 0 0 61 60 0 0 0 0 25 35 0 0 344 285 110 369 0 0 14 0 145 0 67 60 
0 0 0 0 0 64 60 0 0 0 0 27 35 0 0 343 287 115 368 0 0 14 0 145 0 67 60 
0 0 0 0 0 61 60 0 0 0 0 26 35 0 0 357 287 98 374 0 0 14 0 145 0 67 60 
0 0 0 0 0 60 61 0 0 0 0 28 35 0 0 345 278 118 372 0 0 13 0 145 0 67 60 
0 0 0 0 0 62 61 0 0 0 0 27 35 0 0 345 275 101 369 0 0 13 0 145 0 67 60 
0 0 0 0 0 66 60 0 0 0 0 26 35 0 0 355 286 115 368 0 0 13 0 145 0 66 60 
0 0 0 0 0 63 60 0 0 0 0 27 34 0 0 348 277 100 368 0 0 13 0 145 0 67 60 
0 0 0 0 0 62 61 0 0 0 0 26 34 0 0 352 277 102 368 0 0 13 0 145 0 67 60 
0 0 0 0 0 63 60 0 0 0 0 24 35 0 0 351 276 104 367 0 0 13 0 145 0 66 60 
0 0 0 0 0 65 60 0 0 0 0 26 34 0 0 352 287 112 370 0 0 14 0 145 0 66 60 
0 0 0 0 0 63 60 0 0 0 0 26 34 0 0 355 273 101 368 0 0 14 0 145 0 66 60 
0 0 0 0 0 62 61 0 0 0 0 27 34 0 0 353 285 115 376 0 0 13 0 145 0 66 60 
0 0 0 0 0 62 61 0 0 0 0 27 34 0 0 357 278 102 374 0 0 14 0 145 0 66 60 
0 0 0 0 0 65 61 0 0 0 0 26 34 0 0 357 285 100 367 0 0 14 0 145 0 66 60 
0 0 0 0 0 61 61 0 0 0 0 26 34 0 0 345 273 100 376 0 0 13 0 145 0 66 60 
0 0 0 0 0 61 60 0 0 0 0 27 34 0 0 357 273 111 375 0 0 14 0 145 0 66 60 
0 0 0 0 0 63 60 0 0 0 0 25 34 0 0 349 278 117 367 0 0 14 0 145 0 66 60 
0 0 0 0 0 65 60 0 0 0 0 27 34 0 0 342 270 108 368 0 0 14 0 145 0 66 60 
0 0 0 0 0 62 60 0 0 0 0 26 34 0 0 343 276 115 372 0 0 14 0 145 0 66 60 
0 0 0 0 0 61 60 0 0 0 0 26 34 0 0 349 273 108 370 0 0 14 0 145 0 65 60 
0 0 0 0 0 63 61 0 0 0 0 26 34 0 0 347 275 99 371 0 0 13 0 145 0 65 60 
0 0 0 0 0 63 61 0 0 0 0 25 34 0 0 341 280 111 378 0 0 14 0 145 0 65 60 
0 0 0 0 0 60 60 0 0 0 0 27 34 0 0 341 275 115 377 0 0 14 0 145 0 65 60 
0 0 0 0 0 59 60 0 0 0 0 26 34 0 0 354 282 115 374 0 0 14 0 145 0 65 60 
0 0 0 0 0 63 61 0 0 0 0 25 34 0 0 340 274 101 368 0 0 14 0 145 0 65 60 
0 0 0 0 0 62 61 0 0 0 0 27 34 0 0 350 285 101 378 0 0 13 0 145 0 65 60 
0 0 0 0 0 61 60 0 0 0 0 27 34 0 0 356 286 101 367 0 0 14 0 145 0 65 60 
0 0 0 0 0 61 60 0 0 0 0 28 34 0 0 355 279 115 371 0 0 14 0 145 0 65 60 
0 0 0 0 0 64 60 0 0 0 0 26 34 0 0 350 281 114 369 0 0 13 0 145 0 65 60 
0 0 0 0 0 63 61 0 0 0 0 25 34 0 0 358 273 115 371 0 0 14 0 145 0 65 60 
0 0 0 0 0 61 60 0 0 0 0 26 34 0 0 346 287 115 375 0 0 14 0 145 0 65 60 
0 0 0 0 0 61 60 0 0 0 0 26 34 0 0 343 269 113 373 0 0 13 0 145 0 65 60 
0 17 0 0 0 64 60 0 0 0 0 27 34 0 0 342 286 108 377 0 0 13 0 145 0 65 60 
0 21 0 0 0 62 61 0 0 0 0 26 34 0 0 345 272 99 378 0 0 13 0 145 0 65 60 
0 14 0 0 0 59 60 0 0 0 0 26 34 0 0 342 273 103 378 0 0 14 0 145 0 65 60 
0 36 0 0 0 59 60 0 0 0 0 27 34 0 0 355 275 118 373 0 0 13 0 145 0 65 60 
0 51 0 0 0 62 60 0 0 0 0 28 34 0 0 357 280 118 375 0 0 13 0 145 0 65 60 
0 59 0 0 0 62 61 0 0 0 0 23 33 0 0 355 287 102 375 0 0 13 0 145 0 65 60 
0 95 0 0 0 60 61 0 0 0 0 25 34 0 0 349 280 111 367 0 0 12 0 145 0 65 60 
0 113 0 0 0 60 60 0 0 0 0 26 34 0 0 350 285 100 368 0 0 13 0 145 0 65 60 
0 162 0 0 0 64 60 0 0 0 0 25 34 0 0 342 284 107 368 0 0 13 0 145 0 65 60 
0 193 0 0 0 62 60 0 0 0 0 28 34 0 0 357 285 104 375 0 0 13 0 145 0 65 60 
0 234 0 0 0 60 60 0 0 0 0 27 34 0 0 342 285 105 369 0 0 13 0 145 0 65 60 
0 221 0 0 0 61 61 0 0 0 0 27 34 0 0 358 282 100 366 0 0 13 0 145 0 65 60 
0 253 0 0 0 64 60 0 0 0 0 26 33 0 0 357 282 110 378 0 0 14 0 145 0 65 60 
0 253 0 0 0 61 60 0 0 0 0 27 34 0 0 343 286 117 367 0 0 14 0 145 0 65 60 
0 318 0 0 0 58 61 0 0 0 0 28 34 0 0 356 285 116 377 0 0 13 0 145 0 65 60 
0 335 0 0 0 62 61 0 0 0 0 25 33 0 0 350 273 110 368 0 0 13 0 145 0 65 60 
0 366 0 0 0 64 61 0 0 0 0 27 33 0 0 351 270 103 372 0 0 13 0 145 0 65 60 
0 400 0 0 0 62 61 0 0 0 0 25 33 0 0 349 285 116 375 0 0 14 0 145 0 65 60 
0 421 0 0 0 60 60 0 0 0 0 25 33 0 0 355 286 101 368 0 0 14 0 145 0 65 60 
0 409 0 0 0 60 60 0 0 0 0 25 33 0 0 355 282 104 372 0 0 14 0 145 0 65 60 
0 402 0 0 0 63 61 0 0 0 0 27 33 0 0 342 271 113 376 0 0 14 0 145 0 65 60 
0 324 0 0 0 60 60 0 0 0 0 27 34 0 0 349 284 118 372 0 0 13 0 145 0 65 60 
0 338 0 0 0 60 61 0 0 0 0 26 34 0 0 351 282 100 377 0 0 13 0 145 0 65 60 
0 322 0 0 0 63 61 0 0 0 0 24 33 0 0 347 275 112 370 0 0 14 0 145 0 65 60 
0 252 0 0 0 64 60 0 0 0 0 27 34 0 0 358 287 107 371 0 0 14 0 145 0 65 60 
0 184 0 0 0 61 60 0 0 0 0 25 33 0 0 355 282 101 376 0 0 14 0 145 0 65 60 
0 75 0 0 0 60 60 0 0 0 0 26 33 0 0 353 284 116 372 0 0 15 0 145 0 65 60 
0 74 0 0 0 62 60 0 0 0 0 26 32 0 0 351 286 100 374 0 0 14 0 145 0 65 60 
0 47 0 0 0 62 60 0 0 0 0 25 33 0 0 346 272 117 370 0 0 14 0 145 0 65 60 
0 45 0 0 0 59 61 0 0 0 0 26 33 0 0 351 286 111 372 0 0 14 0 145 0 65 60 
0 45 0 0 0 59 60 0 0 0 0 26 33 0 0 357 284 101 369 0 0 14 0 145 0 65 60 
0 14 0 0 0 61 61 0 0 0 0 26 33 0 0 356 274 116 366 0 0 13 0 145 0 65 60 
0 0 0 0 0 62 60 0 0 0 0 25 34 0 0 344 283 99 376 0 0 13 0 145 0 65 60 
0 0 0 0 0 59 61 0 0 0 0 27 33 0 0 355 271 107 375 0 0 14 0 145 0 65 60 
0 10 0 0 0 60 60 0 0 0 0 25 33 0 0 351 273 105 375 0 0 14 0 145 0 65 60 
0 0 0 0 0 61 60 0 0 0 0 27 33 0 0 345 278 107 374 0 0 13 0 145 0 65 60 
0 0 0 0 0 61 61 0 0 0 0 25 33 0 0 355 269 112 368 0 0 13 0 145 0 65 60 
0 0 0 0 0 59 61 0 0 0 0 27 33 0 0 357 282 100 366 0 0 14 0 145 0 65 60 
0 0 0 0 0 60 60 0 0 0 0 25 33 0 0 356 284 101 374 0 0 13 0 145 0 65 60 
0 0 0 0 0 63 60 0 0 0 0 26 33 0 0 345 283 114 376 0 0 14 0 145 0 65 60 
0 0 0 0 0 59 61 0 0 0 0 25 33 0 0 341 273 113 373 0 0 13 0 145 0 65 60 
0 0 0 0 0 61 60 0 0 0 0 26 33 0 0 355 285 102 376 0 0 12 0 145 0 65 60 
0 0 0 0 0 61 61 0 0 0 0 26 32 0 0 355 273 117 368 0 0 12 0 145 0 65 60 
0 0 0 0 0 63 60 0 0 0 0 26 33 0 0 341 278 116 374 0 0 13 0 145 0 65 60 
0 0 0 0 0 59 60 0 0 0 0 26 33 0 0 357 276 115 366 0 0 13 0 145 0 65 60 
0 0 0 0 0 57 60 0 0 0 0 27 33 0 0 356 285 99 375 0 0 13 0 145 0 65 60 
0 0 0 0 0 60 60 0 0 0 0 26 32 0 0 342 275 108 375 0 0 13 0 145 0 65 60 
0 0 0 0 0 62 61 0 0 0 0 25 32 0 0 343 271 113 366 0 0 13 0 145 0 65 60 
0 0 0 0 0 58 60 0 0 0 0 25 33 0 0 341 273 101 375 0 0 13 0 145 0 65 60 
0 0 0 0 0 58 60 0 0 0 0 26 33 0 0 347 275 104 368 0 0 14 0 145 0 65 60 
0 0 0 0 0 60 60 0 0 0 0 26 32 0 0 344 280 100 374 0 0 14 0 145 0 65 60 
0 0 0 0 0 61 61 0 0 0 0 26 34 0 0 340 284 117 367 0 0 13 0 145 0 65 60 
0 0 0 0 0 61 60 0 0 0 0 26 33 0 0 347 280 104 367 0 0 14 0 145 0 65 60 
0 0 0 0 0 59 61 0 0 0 0 27 31 0 0 347 282 115 367 0 0 13 0 145 0 65 60 
0 0 0 0 0 61 60 0 0 0 0 27 33 0 0 358 286 113 368 0 0 13 0 145 0 65 60 
0 0 0 0 0 63 61 0 0 0 0 24 33 0 0 355 271 105 372 0 0 13 0 145 0 65 60 
0 0 0 0 0 59 60 0 0 0 0 26 33 0 0 342 283 105 376 0 0 13 0 145 0 65 60 
0 0 0 0 0 58 61 0 0 0 0 26 32 0 0 357 271 115 366 0 0 13 0 145 0 65 60 
0 0 0 0 0 61 61 0 0 0 0 27 32 0 0 358 284 119 366 0 0 13 0 145 0 65 60 
0 0 0 0 0 63 60 0 0 0 0 30 33 0 0 346 274 115 369 0 0 12 0 145 0 65 60 
0 0 0 0 0 61 60 0 0 0 0 25 33 0 0 355 287 98 375 0 0 12 0 145 0 65 60 
0 0 0 0 0 59 60 0 0 0 0 27 32 0 0 354 271 116 367 0 0 13 0 145 0 65 60 
0 0 0 0 0 63 60 0 0 0 0 26 32 0 0 345 274 111 376 0 0 13 0 145 0 65 60 
0 0 0 0 0 63 60 0 0 0 0 25 32 0 0 357 269 112 375 0 0 14 0 145 0 65 60 
0 0 0 0 0 63 60 0 0 0 0 27 32 0 0 355 283 101 376 0 0 13 0 145 0 65 60 
0 0 0 0 0 62 61 0 0 0 0 26 32 0 0 354 270 100 374 0 0 13 0 145 0 65 60 
0 0 0 0 0 62 61 0 0 0 0 27 32 0 0 342 274 118 374 0 0 13 0 145 0 65 60 
0 0 0 0 0 61 60 0 0 0 0 24 33 0 0 355 283 100 368 0 0 14 0 145 0 65 60 
0 0 0 0 0 59 60 0 0 0 0 25 32 0 0 352 278 103 375 0 0 13 0 145 0 65 60 
0 0 0 0 0 60 60 0 0 0 0 27 32 0 0 345 280 103 368 0 0 13 0 145 0 65 60 
0 0 0 0 0 63 61 0 0 0 0 27 33 0 0 343 275 105 376 0 0 13 0 145 0 65 60 
0 0 0 0 0 62 61 0 0 0 0 28 33 0 0 344 280 104 370 0 0 14 0 145 0 65 60 
0 0 0 0 0 58 61 0 0 0 0 26 32 0 0 341 278 115 369 0 0 13 0 145 0 65 60 
0 0 0 0 0 59 61 0 0 0 0 24 32 0 0 346 284 116 369 0 0 14 0 145 0 65 60 
0 0 0 0 0 61 60 0 0 0 0 25 33 0 0 341 279 113 372 0 0 13 0 145 0 65 60 
0 0 0 0 0 60 60 0 0 0 0 26 33 0 0 341 278 103 367 0 0 14 0 145 0 65 60 
0 0 0 0 0 59 61 0 0 0 0 25 33 0 0 350 273 101 366 0 0 14 0 145 0 65 60 
0 0 0 0 0 61 61 0 0 0 0 26 32 0 0 344 280 101 376 0 0 14 0 145 0 65 60 
0 0 0 0 0 61 60 0 0 0 0 26 32 0 0 357 278 109 367 0 0 15 0 145 0 65 60 
0 0 0 0 0 60 60 0 0 0 0 26 32 0 0 343 272 102 369 0 0 14 0 145 0 65 60 
0 0 0 0 0 59 60 0 0 0 0 27 32 0 0 354 284 100 372 0 0 14 0 145 0 65 60 
0 0 0 0 0 61 60 0 0 0 0 26 32 0 0 356 282 101 376 0 0 14 0 145 0 65 60 
0 0 0 0 0 63 60 0 0 0 0 24 33 0 0 357 285 114 376 0 0 14 0 145 0 65 60 
0 0 0 0 0 61 61 0 0 0 0 27 33 0 0 350 285 105 366 0 0 13 0 145 0 65 60 
0 0 0 0 0 60 60 0 0 0 0 24 32 0 0 355 274 110 370 0 0 13 0 145 0 65 60 
0 0 0 0 0 62 61 0 0 0 0 27 32 0 0 355 284 113 375 0 0 13 0 145 0 65 60 
0 0 0 0 0 62 60 0 0 0 0 26 33 0 0 353 273 101 375 0 0 13 0 145 0 65 60 
0 0 0 0 0 58 60 0 0 0 0 27 34 0 0 346 275 106 369 0 0 13 0 145 0 65 60 
0 0 0 0 0 57 60 0 0 0 0 26 32 0 0 350 285 102 370 0 0 13 0 145 0 65 60 
0 0 0 0 0 59 60 0 0 0 0 24 32 0 0 354 275 107 365 0 0 13 0 145 0 65 60 
0 0 0 0 0 61 60 0 0 0 0 24 32 0 0 344 280 116 375 0 0 13 0 145 0 65 60 
0 0 0 0 0 58 60 0 0 0 0 25 32 0 0 348 280 101 369 0 0 13 0 145 0 65 60 
0 0 0 0 0 57 61 0 0 0 0 27 32 0 0 346 285 107 368 0 0 13 0 145 0 65 60 
0 0 0 0 0 60 61 0 0 0 0 27 33 0 0 341 274 108 365 0 0 13 0 145 0 65 60 
0 0 0 0 0 60 60 0 0 0 0 26 34 0 0 351 285 117 371 0 0 14 0 145 0 65 60 
0 0 0 0 0 58 60 0 0 0 0 27 33 0 0 347 283 103 367 0 0 14 0 145 0 65 60 
0 0 0 0 0 57 60 0 0 0 0 26 32 0 0 353 280 110 375 0 0 13 0 145 0 65 60 
0 0 0 0 0 60 60 0 0 0 0 25 32 0 0 357 274 113 366 0 0 13 0 145 0 65 60 
0 0 0 0 0 60 60 0 0 0 0 26 33 0 0 348 278 98 368 0 0 14 0 145 0 65 60 
0 0 0 0 0 58 60 0 0 0 0 26 33 0 0 348 271 117 375 0 0 14 0 145 0 65 60 
0 0 0 0 0 56 60 0 0 0 0 26 32 0 0 355 273 105 366 0 0 13 0 145 0 65 60 
0 0 0 0 0 61 60 0 0 0 0 26 33 0 0 345 286 110 363 0 0 13 0 145 0 65 60 
0 0 0 0 0 63 60 0 0 0 0 25 33 0 0 343 278 114 371 0 0 13 0 145 0 65 60 
0 0 0 0 0 60 60 0 0 0 0 24 32 0 0 345 272 101 369 0 0 13 0 145 0 65 60 
0 0 0 0 0 60 60 0 0 0 0 26 32 0 0 341 280 104 375 0 0 13 0 145 0 65 60 
0 0 0 0 0 63 61 0 0 0 0 26 33 0 0 347 282 107 364 0 0 13 0 145 0 65 60 
0 0 0 0 0 61 61 0 0 0 0 27 33 0 0 341 285 117 374 0 0 13 0 145 0 65 60 
0 0 0 0 0 59 61 0 0 0 0 24 32 0 0 346 283 112 375 0 0 14 0 145 0 65 60 
0 0 0 0 0 60 61 0 0 0 0 27 32 0 0 355 271 102 375 0 0 13 0 145 0 65 60 
0 0 0 0 0 63 61 0 0 0 0 27 33 0 0 355 285 115 365 0 0 13 0 145 0 65 60 
0 0 0 0 0 62 61 0 0 0 0 26 33 0 0 355 273 105 366 0 0 14 0 145 0 65 60 
0 0 0 0 0 59 60 0 0 0 0 26 31 0 0 352 275 100 373 0 0 13 0 145 0 65 60 
0 0 0 0 0 60 61 0 0 0 0 27 32 0 0 354 276 118 366 0 0 14 0 145 0 65 60 
0 0 0 0 0 63 61 0 0 0 0 28 33 0 0 352 286 101 365 0 0 13 0 145 0 65 60 
0 0 0 0 0 61 60 0 0 0 0 28 33 0 0 351 281 117 366 0 0 13 0 145 0 65 60 
0 0 0 0 0 60 60 0 0 0 0 25 32 0 0 347 278 104 375 0 0 13 0 145 0 65 60 
0 0 0 0 0 61 60 0 0 0 0 26 33 0 0 355 282 114 370 0 0 14 0 145 0 65 60 
0 0 0 0 0 63 60 0 0 0 0 26 33 0 0 341 285 116 370 0 0 13 0 145 0 65 60 
0 0 0 0 0 62 60 0 0 0 0 26 33 0 0 342 269 115 372 0 0 13 0 145 0 66 60 
0 0 0 0 0 59 60 0 0 0 0 26 32 0 0 345 271 117 375 0 0 12 0 145 0 65 60 
0 0 0 0 0 62 60 0 0 0 0 26 33 0 0 339 280 100 375 0 0 14 0 145 0 65 60 
0 0 0 0 0 63 60 0 0 0 0 27 34 0 0 347 270 99 367 0 0 14 0 145 0 65 60 
0 0 0 0 0 61 60 0 0 0 0 29 32 0 0 357 285 103 366 0 0 13 0 145 0 65 60 
0 0 0 0 0 60 60 0 0 0 0 25 31 0 0 343 269 105 366 0 0 14 0 145 0 65 60 
0 0 0 0 0 61 60 0 0 0 0 27 33 0 0 343 273 117 374 0 0 13 0 145 0 65 60 
0 0 0 0 0 63 61 0 0 0 0 26 33 0 0 339 280 117 366 0 0 13 0 145 0 65 60 
0 0 0 0 0 61 60 0 0 0 0 25 32 0 0 343 283 110 366 0 0 13 0 145 0 65 60 
0 0 0 0 0 59 61 0 0 0 0 28 32 0 0 350 271 101 374 0 0 13 0 145 0 64 60 
0 0 0 0 0 62 60 0 0 0 0 25 33 0 0 357 272 115 365 0 0 13 0 145 0 64 60 
0 0 0 0 0 63 60 0 0 0 0 28 33 0 0 349 275 98 374 0 0 13 0 145 0 64 60 
0 0 0 0 0 60 61 0 0 0 0 26 32 0 0 340 270 99 372 0 0 14 0 145 0 64 60 
0 0 0 0 0 59 61 0 0 0 0 26 32 0 0 356 280 101 367 0 0 13 0 145 0 64 60 
0 0 0 0 0 62 60 0 0 0 0 27 32 0 0 352 284 107 368 0 0 14 0 145 0 64 60 
0 0 0 0 0 63 61 0 0 0 0 26 33 0 0 343 279 108 364 0 0 13 0 145 0 64 60 
0 0 0 0 0 61 60 0 0 0 0 27 32 0 0 348 278 114 366 0 0 13 0 145 0 64 60 
0 0 0 0 0 60 60 0 0 0 0 26 32 0 0 351 283 100 370 0 0 13 0 145 0 64 60 
0 0 0 0 0 62 60 0 0 0 0 26 32 0 0 352 275 104 374 0 0 13 0 145 0 64 60 
0 0 0 0 0 62 60 0 0 0 0 26 32 0 0 355 279 100 375 0 0 13 0 145 0 64 60 
0 0 0 0 0 60 61 0 0 0 0 26 32 0 0 342 285 111 366 0 0 14 0 145 0 64 60 
0 0 0 0 0 60 61 0 0 0 0 25 33 0 0 341 280 101 375 0 0 13 0 145 0 64 60 
0 0 0 0 0 63 60 0 0 0 0 26 33 0 0 353 285 111 366 0 0 13 0 145 0 64 60 
0 0 0 0 0 62 60 0 0 0 0 25 33 0 0 341 282 103 373 0 0 13 0 145 0 64 60 
0 0 0 0 0 59 60 0 0 0 0 27 32 0 0 348 276 102 374 0 0 13 0 145 0 64 60 
0 0 0 0 0 60 61 0 0 0 0 26 33 0 0 356 270 115 371 0 0 14 0 145 0 65 60 
0 0 0 0 0 62 61 0 0 0 0 26 32 0 0 356 274 110 368 0 0 14 0 145 0 64 60 
0 0 0 0 0 62 61 0 0 0 0 27 32 0 0 353 273 96 365 0 0 13 0 145 0 64 60 
0 0 0 0 0 59 60 0 0 0 0 25 32 0 0 355 275 113 366 0 0 14 0 145 0 64 60 
0 0 0 0 0 59 61 0 0 0 0 26 33 0 0 346 271 104 363 0 0 13 0 145 0 64 60 
0 0 0 0 0 63 61 0 0 0 0 26 32 0 0 353 274 101 370 0 0 13 0 145 0 64 60 
0 0 0 0 0 61 60 0 0 0 0 25 32 0 0 349 280 117 366 0 0 13 0 145 0 64 60 
0 0 0 0 0 59 60 0 0 0 0 27 32 0 0 341 278 112 372 0 0 13 0 145 0 64 60 
0 0 0 0 0 60 61 0 0 0 0 27 33 0 0 354 286 109 375 0 0 13 0 145 0 64 60 
0 0 0 0 0 63 61 0 0 0 0 25 33 0 0 343 285 100 375 0 0 13 0 145 0 64 60 
0 0 0 0 0 61 61 0 0 0 0 25 31 0 0 345 285 100 366 0 0 13 0 145 0 64 60 
0 0 0 0 0 59 61 0 0 0 0 26 33 0 0 351 282 117 374 0 0 14 0 145 0 64 60 
0 0 0 0 0 60 61 0 0 0 0 27 32 0 0 342 283 104 370 0 0 13 0 145 0 63 60 
0 0 0 0 0 62 60 0 0 0 0 26 33 0 0 357 278 105 370 0 0 14 0 145 0 64 60 
0 0 0 0 0 61 60 0 0 0 0 25 32 0 0 346 278 116 370 0 0 13 0 145 0 64 60 
0 0 0 0 0 58 60 0 0 0 0 28 32 0 0 351 283 106 364 0 0 14 0 145 0 64 60 
0 0 0 0 0 60 60 0 0 0 0 26 32 0 0 357 287 102 373 0 0 13 0 145 0 64 60 
0 0 0 0 0 62 60 0 0 0 0 24 31 0 0 352 266 111 372 0 0 13 0 145 0 64 60 
0 0 0 0 0 60 60 0 0 0 0 25 31 0 0 343 285 109 371 0 0 13 0 145 0 64 60 
0 0 0 0 0 58 60 0 0 0 0 26 32 0 0 350 269 105 375 0 0 13 0 145 0 64 60 
0 0 0 0 0 60 61 0 0 0 0 26 32 0 0 343 282 103 373 0 0 13 0 145 0 64 60 
0 0 0 0 0 61 61 0 0 0 0 26 32 0 0 344 285 114 367 0 0 14 0 145 0 64 60 
0 0 0 0 0 60 60 0 0 0 0 25 32 0 0 357 285 111 372 0 0 13 0 145 0 64 60 
0 0 0 0 0 58 60 0 0 0 0 26 32 0 0 358 282 99 374 0 0 13 0 145 0 63 60 
0 0 0 0 0 61 61 0 0 0 0 26 32 0 0 343 281 101 371 0 0 14 0 145 0 64 60 
0 0 0 0 0 62 60 0 0 0 0 23 32 0 0 341 285 110 373 0 0 14 0 145 0 63 60 
0 0 0 0 0 59 61 0 0 0 0 26 32 0 0 345 273 99 374 0 0 13 0 145 0 64 60 
0 0 0 0 0 59 60 0 0 0 0 26 32 0 0 342 285 115 373 0 0 13 0 145 0 64 60 
0 0 0 0 0 60 60 0 0 0 0 27 33 0 0 353 282 102 369 0 0 14 0 145 0 64 60 
0 0 0 0 0 62 60 0 0 0 0 28 31 0 0 357 273 117 371 0 0 13 0 145 0 63 60 
0 0 0 0 0 59 60 0 0 0 0 27 31 0 0 345 282 98 373 0 0 14 0 145 0 64 60 
0 0 0 0 0 59 61 0 0 0 0 25 32 0 0 342 285 107 375 0 0 14 0 145 0 64 60 
0 0 0 0 0 62 60 0 0 0 0 26 32 0 0 343 285 114 364 0 0 13 0 145 0 63 60 
0 0 0 0 0 62 60 0 0 0 0 25 32 0 0 342 280 116 365 0 0 13 0 145 0 63 60 
0 0 0 0 0 59 60 0 0 0 0 25 32 0 0 342 272 113 371 0 0 13 0 145 0 63 60 
0 0 0 0 0 60 60 0 0 0 0 25 32 0 0 357 276 100 363 0 0 14 0 145 0 63 60 
0 0 0 0 0 62 61 0 0 0 0 27 32 0 0 348 269 108 369 0 0 13 0 145 0 63 60 
0 0 0 0 0 62 60 0 0 0 0 26 31 0 0 343 278 98 374 0 0 14 0 145 0 63 60 
0 0 0 0 0 59 61 0 0 0 0 27 32 0 0 350 269 108 372 0 0 14 0 145 0 63 60 
0 0 0 0 0 60 61 0 0 0 0 26 32 0 0 355 285 99 365 0 0 14 0 145 0 62 60 
0 0 0 0 0 62 60 0 0 0 0 25 31 0 0 350 271 116 369 0 0 14 0 145 0 63 60 
0 0 0 0 0 61 61 0 0 0 0 27 31 0 0 355 276 100 372 0 0 14 0 145 0 63 60 
0 0 0 0 0 59 61 0 0 0 0 25 32 0 0 355 271 108 368 0 0 13 0 145 0 63 60 
0 0 0 0 0 60 60 0 0 0 0 24 31 0 0 355 273 116 368 0 0 13 0 145 0 63 60 
0 0 0 0 0 63 61 0 0 0 0 26 32 0 0 344 282 110 369 0 0 14 0 145 0 63 60 
0 0 0 0 0 61 61 0 0 0 0 27 31 0 0 355 285 116 367 0 0 13 0 145 0 63 60 
0 0 0 0 0 59 61 0 0 0 0 26 31 0 0 356 273 110 374 0 0 13 0 145 0 63 60 
0 0 0 0 0 61 60 0 0 0 0 26 32 0 0 342 279 115 370 0 0 13 0 145 0 63 60 
0 0 0 0 0 62 61 0 0 0 0 26 31 0 0 353 271 114 374 0 0 13 0 145 0 63 60 
0 0 0 0 0 61 60 0 0 0 0 26 31 0 0 355 285 103 363 0 0 13 0 145 0 63 60 
0 0 0 0 0 59 60 0 0 0 0 26 32 0 0 341 278 103 370 0 0 14 0 145 0 63 60 
0 0 0 0 0 61 60 0 0 0 0 26 33 0 0 358 271 101 374 0 0 13 0 145 0 63 60 
0 18 0 0 0 63 61 0 0 0 0 24 32 0 0 357 281 109 365 0 0 13 0 145 0 63 60 
0 0 0 0 0 60 61 0 0 0 0 26 32 0 0 348 283 118 373 0 0 13 0 145 0 63 60 
0 0 0 0 0 59 61 0 0 0 0 25 31 0 0 353 285 109 374 0 0 13 0 145 0 63 60 
0 0 0 0 0 62 61 0 0 0 0 27 32 0 0 347 283 114 371 0 0 13 0 145 0 63 60 
0 0 0 0 0 62 60 0 0 0 0 25 31 0 0 343 280 117 368 0 0 13 0 145 0 63 60 
0 23 0 0 0 60 60 0 0 0 0 27 32 0 0 355 284 98 374 0 0 13 0 145 0 63 60 
0 0 0 0 0 59 60 0 0 0 0 26 32 0 0 346 285 115 363 0 0 13 0 145 0 63 60 
0 0 0 0 0 61 60 0 0 0 0 24 32 0 0 357 285 103 365 0 0 14 0 145 0 63 60 
0 0 0 0 0 63 60 0 0 0 0 24 31 0 0 348 285 111 364 0 0 13 0 145 0 63 60 
0 0 0 0 0 59 61 0 0 0 0 26 31 0 0 353 285 116 367 0 0 14 0 145 0 63 60 
0 27 0 0 0 60 60 0 0 0 0 26 31 0 0 341 285 103 362 0 0 14 0 145 0 63 60 
0 16 0 0 0 62 60 0 0 0 0 27 31 0 0 357 276 108 371 0 0 15 0 145 0 63 60 
0 0 0 0 0 62 61 0 0 0 0 25 31 0 0 356 282 111 373 0 0 14 0 145 0 63 60 
0 46 0 0 0 60 61 0 0 0 0 26 32 0 0 355 275 100 364 0 0 14 0 145 0 63 60 
0 24 0 0 0 60 61 0 0 0 0 26 31 0 0 355 284 102 366 0 0 13 0 145 0 63 60 
0 46 0 0 0 62 61 0 0 0 0 26 32 0 0 351 282 98 366 0 0 13 0 145 0 63 60 
0 20 0 0 0 62 60 0 0 0 0 25 31 0 0 349 278 105 372 0 0 13 0 145 0 63 60 
0 14 0 0 0 59 61 0 0 0 0 26 32 0 0 357 270 98 365 0 0 13 0 145 0 63 60 
0 17 0 0 0 59 60 0 0 0 0 26 31 0 0 356 280 116 375 0 0 13 0 145 0 63 60 
0 52 0 0 0 62 60 0 0 0 0 25 31 0 0 355 284 102 365 0 0 14 0 145 0 62 60 
0 108 0 0 0 61 60 0 0 0 0 24 31 0 0 342 278 98 367 0 0 14 0 145 0 62 60 
0 81 0 0 0 59 60 0 0 0 0 25 32 0 0 357 273 95 370 0 0 14 0 145 0 62 60 
0 67 0 0 0 60 60 0 0 0 0 27 31 0 0 350 282 105 364 0 0 14 0 145 0 62 60 
0 93 0 0 0 62 61 0 0 0 0 25 32 0 0 341 281 101 364 0 0 14 0 145 0 62 60 
0 164 0 0 0 60 60 0 0 0 0 25 31 0 0 357 268 100 370 0 0 14 0 145 0 63 60 
0 168 0 0 0 59 60 0 0 0 0 26 31 0 0 345 273 113 364 0 0 13 0 145 0 62 60 
0 184 0 0 0 61 60 0 0 0 0 26 31 0 0 352 273 100 367 0 0 14 0 145 0 62 60 
0 215 0 0 0 63 60 0 0 0 0 26 32 0 0 347 275 99 375 0 0 13 0 145 0 62 60 
0 230 0 0 0 61 61 0 0 0 0 25 32 0 0 344 280 107 370 0 0 14 0 145 0 62 60 
0 243 0 0 0 60 61 0 0 0 0 27 32 0 0 356 279 118 364 0 0 15 0 145 0 62 60 
0 272 0 0 0 62 60 0 0 0 0 25 32 0 0 352 285 99 364 0 0 14 0 145 0 62 60 
0 311 0 0 0 64 60 0 0 0 0 25 31 0 0 353 269 109 371 0 0 15 0 145 0 62 60 
0 287 0 0 0 62 61 0 0 0 0 26 31 0 0 357 270 102 364 0 0 15 0 145 0 62 60 
0 343 0 0 0 60 60 0 0 0 0 24 32 0 0 352 278 102 362 0 0 15 0 145 0 63 60 
0 385 0 0 0 62 60 0 0 0 0 27 32 0 0 357 282 115 371 0 0 14 0 145 0 62 60 
0 308 0 0 0 63 60 0 0 0 0 25 32 0 0 355 271 110 368 0 0 14 0 145 0 62 60 
0 433 0 0 0 61 61 0 0 0 0 24 32 0 0 357 270 109 370 0 0 14 0 145 0 62 60 
0 297 0 0 0 60 60 0 0 0 0 25 32 0 0 346 270 98 369 0 0 13 0 145 0 62 60 
0 351 0 0 0 62 60 0 0 0 0 26 32 0 0 341 278 103 364 0 0 13 0 145 0 62 60 
0 351 0 0 0 63 61 0 0 0 0 26 31 0 0 343 284 100 374 0 0 13 0 145 0 62 60 
0 281 0 0 0 60 61 0 0 0 0 26 32 0 0 342 284 111 374 0 0 13 0 145 0 62 60 
0 312 0 0 0 59 61 0 0 0 0 26 32 0 0 343 274 104 365 0 0 13 0 145 0 62 60 
0 312 0 0 0 62 60 0 0 0 0 26 31 0 0 357 279 114 374 0 0 14 0 145 0 62 60 
0 271 0 0 0 62 61 0 0 0 0 27 31 0 0 346 285 105 365 0 0 13 0 145 0 62 60 
0 259 0 0 0 60 61 0 0 0 0 27 32 0 0 353 283 111 371 0 0 13 0 145 0 62 60 
0 273 0 0 0 59 61 0 0 0 0 27 32 0 0 351 277 116 363 0 0 13 0 145 0 62 60 
0 222 0 0 0 62 60 0 0 0 0 26 32 0 0 348 282 115 363 0 0 13 0 145 0 61 60 
0 232 0 0 0 62 60 0 0 0 0 26 31 0 0 353 274 111 366 0 0 14 0 145 0 61 60 
0 183 0 0 0 60 61 0 0 0 0 26 32 0 0 341 283 100 365 0 0 14 0 145 0 62 60 
0 202 0 0 0 59 60 0 0 0 0 26 32 0 0 355 277 108 373 0 0 13 0 145 0 61 60 
0 153 0 0 0 62 60 0 0 0 0 26 31 0 0 354 276 103 366 0 0 13 0 145 0 62 60 
0 165 0 0 0 62 60 0 0 0 0 25 32 0 0 355 283 103 366 0 0 14 0 145 0 61 60 
0 182 0 0 0 59 60 0 0 0 0 27 32 0 0 343 276 116 363 0 0 13 0 145 0 61 60 
0 101 0 0 0 61 61 0 0 0 0 26 32 0 0 354 270 110 367 0 0 13 0 145 0 60 60 
0 135 0 0 0 63 61 0 0 0 0 25 31 0 0 356 282 100 367 0 0 14 0 145 0 56 60 
0 169 0 0 0 62 60 0 0 0 0 26 31 0 0 355 284 114 366 0 0 14 0 145 0 53 60 
0 143 0 0 0 59 61 0 0 0 0 26 31 0 0 343 270 113 367 0 0 13 0 145 0 40 60 
0 139 0 0 0 60 60 0 0 0 0 25 31 0 0 345 273 110 373 0 0 14 0 145 0 29 60 
0 63 0 0 0 63 61 0 0 0 0 27 30 0 0 340 278 107 370 0 0 13 0 145 0 20 60 
0 41 0 0 0 62 61 0 0 0 0 27 31 0 0 353 279 113 364 0 0 13 0 145 0 14 60 
0 26 0 0 0 59 60 0 0 0 0 26 31 0 0 357 282 115 364 0 0 13 0 145 0 0 60 
0 18 0 0 0 61 60 0 0 0 0 26 31 0 0 346 285 104 364 0 0 13 0 145 0 0 60 
0 0 0 0 0 62 61 0 0 0 0 25 31 0 0 355 282 101 374 0 0 13 0 145 0 0 60 
0 0 0 0 0 60 60 0 0 0 0 25 31 0 0 355 279 110 370 0 0 13 0 145 0 0 60 
0 0 0 0 0 57 61 0 0 0 0 25 31 0 0 342 284 107 363 0 0 13 0 145 0 0 60 
0 12 0 0 0 60 61 0 0 0 0 25 31 0 0 357 286 102 369 0 0 14 0 145 0 0 60 
0 10 0 0 0 63 60 0 0 0 0 25 31 0 0 341 270 99 372 0 0 14 0 145 0 0 60 
0 0 0 0 0 62 61 0 0 0 0 26 31 0 0 343 274 113 367 0 0 13 0 145 0 0 60 
0 0 0 0 0 60 60 0 0 0 0 27 31 0 0 353 270 96 374 0 0 14 0 145 0 0 60 
0 0 0 0 0 62 61 0 0 0 0 25 31 0 0 342 270 112 374 0 0 14 0 145 0 0 60 
0 0 0 0 0 63 61 0 0 0 0 25 32 0 0 355 283 98 363 0 0 13 0 145 0 0 60 
0 0 0 0 0 60 60 0 0 0 0 27 32 0 0 346 271 116 364 0 0 14 0 145 0 0 60 
0 0 0 0 0 59 61 0 0 0 0 26 30 0 0 340 279 115 367 0 0 13 0 145 0 0 60 
0 0 0 0 0 61 60 0 0 0 0 26 31 0 0 343 273 100 371 0 0 13 0 145 0 0 60 
0 0 0 0 0 63 61 0 0 0 0 26 31 0 0 348 278 101 369 0 0 13 0 145 0 0 60 
0 0 0 0 0 60 61 0 0 0 0 25 32 0 0 356 278 99 374 0 0 13 0 145 0 0 60 
0 0 0 0 0 59 61 0 0 0 0 26 31 0 0 356 271 108 364 0 0 13 0 145 0 0 60 
0 0 0 0 0 62 60 0 0 0 0 26 31 0 0 347 270 100 364 0 0 13 0 145 0 0 60 
0 0 0 0 0 63 60 0 0 0 0 24 31 0 0 342 271 117 364 0 0 13 0 145 0 0 60 
0 0 0 0 0 60 60 0 0 0 0 27 31 0 0 350 271 99 365 0 0 13 0 145 0 0 60 
0 0 0 0 0 59 61 0 0 0 0 25 31 0 0 342 283 104 375 0 0 13 0 145 0 0 60 
0 0 0 0 0 63 61 0 0 0 0 25 31 0 0 345 270 100 369 0 0 13 0 145 0 0 60 
0 0 0 0 0 62 61 0 0 0 0 25 31 0 0 350 280 104 366 0 0 13 0 145 0 0 60 
0 0 0 0 0 58 61 0 0 0 0 25 31 0 0 357 271 115 367 0 0 13 0 145 0 0 60 
0 0 0 0 0 55 60 0 0 0 0 27 31 0 0 353 279 108 361 0 0 14 0 145 0 0 60 
0 0 0 0 0 61 60 0 0 0 0 26 31 0 0 340 285 111 366 0 0 14 0 145 0 0 60 
0 0 0 0 0 63 60 0 0 0 0 25 32 0 0 342 283 108 364 0 0 14 0 145 0 0 60 
0 0 0 0 0 60 61 0 0 0 0 26 31 0 0 351 268 115 369 0 0 15 0 145 0 0 60 
0 0 0 0 0 60 61 0 0 0 0 25 31 0 0 351 270 115 363 0 0 15 0 145 0 0 60 
0 0 0 0 0 61 60 0 0 0 0 27 32 0 0 345 282 108 369 0 0 14 0 145 0 0 60 
0 0 0 0 0 63 61 0 0 0 0 25 32 0 0 345 278 98 373 0 0 14 0 145 0 0 60 
0 0 0 0 0 60 61 0 0 0 0 24 31 0 0 352 271 99 367 0 0 14 0 145 0 0 60 
0 0 0 0 0 62 60 0 0 0 0 26 31 0 0 342 277 110 374 0 0 13 0 145 0 0 60 
0 0 0 0 0 65 60 0 0 0 0 25 31 0 0 355 277 111 375 0 0 13 0 145 0 0 60 
0 0 0 0 0 62 60 0 0 0 0 25 32 0 0 351 271 115 364 0 0 13 0 145 0 0 60 
0 0 0 0 0 61 61 0 0 0 0 25 31 0 0 341 278 117 364 0 0 13 0 145 0 0 60 
0 0 0 0 0 62 60 0 0 0 0 27 32 0 0 344 279 98 373 0 0 14 0 145 0 0 60 
0 0 0 0 0 64 60 0 0 0 0 27 32 0 0 358 273 113 367 0 0 14 0 145 0 0 60 
0 0 0 0 0 63 61 0 0 0 0 27 32 0 0 355 279 115 364 0 0 14 0 145 0 0 60 
0 0 0 0 0 61 60 0 0 0 0 23 32 0 0 342 284 111 372 0 0 14 0 145 0 0 60 
0 0 0 0 0 63 61 0 0 0 0 26 33 0 0 349 270 113 364 0 0 14 0 145 0 0 60 
0 0 0 0 0 64 60 0 0 0 0 26 33 0 0 348 268 111 372 0 0 14 0 145 0 0 60 
0 0 0 0 0 63 60 0 0 0 0 25 30 0 0 340 273 104 374 0 0 13 0 145 0 0 60 
0 0 0 0 0 61 61 0 0 0 0 26 31 0 0 354 285 113 375 0 0 13 0 145 0 0 60 
0 0 0 0 0 64 61 0 0 0 0 25 31 0 0 356 283 114 361 0 0 13 0 145 0 0 60 
0 0 0 0 0 65 60 0 0 0 0 27 32 0 0 348 270 110 364 0 0 13 0 145 0 0 60 
0 0 0 0 0 62 60 0 0 0 0 26 31 0 0 349 282 113 364 0 0 13 0 145 0 0 60 
0 0 0 0 0 61 60 0 0 0 0 22 32 0 0 352 280 102 365 0 0 13 0 145 0 0 60 
0 0 0 0 0 64 60 0 0 0 0 24 32 0 0 343 284 108 371 0 0 14 0 145 0 0 60 
0 0 0 0 0 64 61 0 0 0 0 26 31 0 0 354 286 101 364 0 0 14 0 145 0 0 60 
0 10 0 0 0 62 60 0 0 0 0 27 31 0 0 342 273 106 366 0 0 13 0 145 0 0 60 
0 0 0 0 0 61 60 0 0 0 0 27 32 0 0 345 270 101 363 0 0 13 0 145 0 0 60 
0 0 0 0 0 64 60 0 0 0 0 24 32 0 0 350 271 114 367 0 0 13 0 145 0 0 60 
0 0 0 0 0 64 60 0 0 0 0 25 31 0 0 342 277 103 369 0 0 13 0 145 0 0 60 
0 0 0 0 0 61 61 0 0 0 0 25 31 0 0 355 282 96 365 0 0 13 0 145 0 0 60 
0 0 0 0 0 61 61 0 0 0 0 24 32 0 0 355 276 103 365 0 0 13 0 145 0 0 60 
0 0 0 0 0 65 60 0 0 0 0 27 32 0 0 356 277 102 364 0 0 13 0 145 0 0 60 
0 0 0 0 0 64 60 0 0 0 0 24 31 0 0 342 276 96 366 0 0 14 0 145 0 0 60 
0 0 0 0 0 61 61 0 0 0 0 27 31 0 0 349 267 98 365 0 0 13 0 145 0 0 60 
0 0 0 0 0 61 60 0 0 0 0 25 32 0 0 355 282 99 372 0 0 13 0 145 0 0 60 
0 0 0 0 0 64 60 0 0 0 0 25 32 0 0 349 283 109 375 0 0 13 0 145 0 0 60 
0 0 0 0 0 63 60 0 0 0 0 26 31 0 0 345 272 103 364 0 0 13 0 145 0 0 60 
0 0 0 0 0 61 60 0 0 0 0 27 32 0 0 348 279 116 373 0 0 13 0 145 0 0 60 
0 0 0 0 0 61 61 0 0 0 0 26 32 0 0 347 274 116 362 0 0 14 0 145 0 0 60 
0 0 0 0 0 64 60 0 0 0 0 26 31 0 0 344 284 112 363 0 0 14 0 145 0 0 60 
0 0 0 0 0 63 60 0 0 0 0 25 30 0 0 350 270 104 363 0 0 14 0 145 0 0 60 
0 0 0 0 0 61 60 0 0 0 0 27 31 0 0 357 271 103 363 0 0 14 0 145 0 0 60 
0 0 0 0 0 61 60 0 0 0 0 30 31 0 0 356 275 114 370 0 0 13 0 145 0 0 60 
0 0 0 0 0 63 60 0 0 0 0 24 31 0 0 353 282 101 372 0 0 13 0 145 0 0 60 
0 0 0 0 0 59 60 0 0 0 0 26 31 0 0 351 278 101 371 0 0 13 0 145 0 0 60 
0 0 0 0 0 59 60 0 0 0 0 26 31 0 0 354 283 115 366 0 0 13 0 145 0 0 60 
0 0 0 0 0 62 60 0 0 0 0 25 31 0 0 354 283 99 371 0 0 13 0 145 0 0 60 
0 0 0 0 0 63 60 0 0 0 0 25 31 0 0 343 284 101 361 0 0 13 0 145 0 0 60 
0 0 0 0 0 61 60 0 0 0 0 27 31 0 0 355 284 112 371 0 0 13 0 145 0 0 60 
0 0 0 0 0 59 61 0 0 0 0 25 32 0 0 353 281 98 363 0 0 13 0 145 0 0 60 
0 0 0 0 0 61 61 0 0 0 0 26 31 0 0 344 281 96 367 0 0 13 0 145 0 0 60 
0 0 0 0 0 63 61 0 0 0 0 26 31 0 0 353 282 111 366 0 0 14 0 145 0 0 60 
0 0 0 0 0 61 61 0 0 0 0 27 31 0 0 345 282 101 372 0 0 13 0 145 0 0 60 
0 0 0 0 0 59 61 0 0 0 0 26 32 0 0 352 280 110 370 0 0 13 0 145 0 0 60 
0 0 0 0 0 62 60 0 0 0 0 27 31 0 0 356 275 99 362 0 0 13 0 145 0 16 60 
0 0 0 0 0 63 60 0 0 0 0 25 32 0 0 350 274 115 372 0 0 13 0 145 0 30 60 
0 0 0 0 0 60 60 0 0 0 0 25 32 0 0 357 272 98 362 0 0 13 0 145 0 40 60 
0 0 0 0 0 60 60 0 0 0 0 26 32 0 0 340 270 115 365 0 0 13 0 145 0 47 60 
0 0 0 0 0 62 60 0 0 0 0 25 31 0 0 354 268 93 372 0 0 13 0 145 0 52 60 
0 0 0 0 0 59 60 0 0 0 0 22 32 0 0 350 269 104 367 0 0 14 0 145 0 55 60 
0 0 0 0 0 59 61 0 0 0 0 26 31 0 0 355 278 99 369 0 0 14 0 145 0 57 60 
0 0 0 0 0 57 61 0 0 0 0 25 31 0 0 341 274 114 368 0 0 14 0 145 0 59 60 
0 0 0 0 0 61 61 0 0 0 0 26 31 0 0 357 282 112 361 0 0 13 0 145 0 60 60 
0 0 0 0 0 61 60 0 0 0 0 26 32 0 0 346 285 109 372 0 0 13 0 145 0 60 60 
0 0 0 0 0 59 60 0 0 0 0 24 32 0 0 355 271 101 371 0 0 13 0 145 0 59 60 
0 0 0 0 0 59 60 0 0 0 0 25 31 0 0 340 273 98 363 0 0 13 0 145 0 59 60 
0 0 0 0 0 61 60 0 0 0 0 26 31 0 0 348 283 111 364 0 0 13 0 145 0 59 60 
0 0 0 0 0 61 60 0 0 0 0 26 31 0 0 347 282 115 364 0 0 14 0 145 0 59 60 
0 0 0 0 0 57 60 0 0 0 0 25 32 0 0 349 275 98 367 0 0 14 0 145 0 59 60 
0 0 0 0 0 58 60 0 0 0 0 25 31 0 0 355 273 101 375 0 0 14 0 145 0 59 60 
0 0 0 0 0 61 60 0 0 0 0 27 31 0 0 342 276 97 367 0 0 14 0 145 0 59 60 
0 0 0 0 0 62 60 0 0 0 0 26 32 0 0 357 280 106 364 0 0 13 0 145 0 58 60 
0 0 0 0 0 60 60 0 0 0 0 24 32 0 0 354 280 114 372 0 0 14 0 145 0 59 60 
0 0 0 0 0 60 61 0 0 0 0 25 31 0 0 343 284 102 364 0 0 14 0 145 0 61 60 
0 0 0 0 0 63 60 0 0 0 0 26 31 0 0 355 276 105 364 0 0 13 0 145 0 61 60 
0 0 0 0 0 61 60 0 0 0 0 27 32 0 0 350 272 114 365 0 0 14 0 145 0 62 60 
0 0 0 0 0 59 60 0 0 0 0 22 32 0 0 341 285 115 370 0 0 14 0 145 0 63 60 
0 0 0 0 0 60 60 0 0 0 0 25 31 0 0 344 273 104 370 0 0 14 0 145 0 63 60 
0 0 0 0 0 63 61 0 0 0 0 26 31 0 0 341 283 115 362 0 0 14 0 145 0 63 60 
0 0 0 0 0 62 60 0 0 0 0 26 31 0 0 355 276 109 366 0 0 14 0 145 0 63 60 
0 0 0 0 0 59 61 0 0 0 0 25 30 0 0 342 277 98 365 0 0 13 0 145 0 62 60 
0 0 0 0 0 61 60 0 0 0 0 27 31 0 0 355 275 113 363 0 0 14 0 145 0 61 60 
0 0 0 0 0 63 60 0 0 0 0 25 31 0 0 341 282 100 364 0 0 13 0 145 0 60 60 
0 0 0 0 0 61 60 0 0 0 0 26 32 0 0 345 283 107 371 0 0 13 0 145 0 59 60 
0 0 0 0 0 59 61 0 0 0 0 26 31 0 0 356 273 105 370 0 0 13 0 145 0 58 60 
0 0 0 0 0 61 60 0 0 0 0 25 30 0 0 345 270 98 365 0 0 13 0 145 0 59 60 
0 0 0 0 0 63 61 0 0 0 0 26 31 0 0 351 274 101 363 0 0 13 0 145 0 59 60 
0 0 0 0 0 61 61 0 0 0 0 25 31 0 0 354 284 110 373 0 0 13 0 145 0 60 60 
0 0 0 0 0 60 60 0 0 0 0 26 31 0 0 349 283 102 373 0 0 13 0 145 0 61 60 
0 0 0 0 0 62 60 0 0 0 0 26 30 0 0 353 274 103 374 0 0 13 0 145 0 61 60 
0 0 0 0 0 62 60 0 0 0 0 26 31 0 0 352 271 103 365 0 0 14 0 145 0 62 60 
0 0 0 0 0 59 61 0 0 0 0 26 30 0 0 357 270 110 370 0 0 14 0 145 0 62 60 
0 0 0 0 0 59 60 0 0 0 0 28 31 0 0 352 285 103 364 0 0 13 0 145 0 62 60 
0 0 0 0 0 61 60 0 0 0 0 25 31 0 0 351 269 112 370 0 0 13 0 145 0 63 60 
0 0 0 0 0 62 60 0 0 0 0 26 31 0 0 355 285 99 367 0 0 13 0 145 0 63 60 
0 0 0 0 0 59 61 0 0 0 0 26 31 0 0 350 281 105 365 0 0 13 0 145 0 63 60 
0 0 0 0 0 58 60 0 0 0 0 28 31 0 0 343 285 105 364 0 0 14 0 145 0 63 60 
0 0 0 0 0 59 60 0 0 0 0 28 31 0 0 345 281 102 373 0 0 13 0 145 0 63 60 
0 0 0 0 0 59 60 0 0 0 0 25 30 0 0 346 268 99 373 0 0 13 0 145 0 64 60 
0 0 0 0 0 58 61 0 0 0 0 26 31 0 0 357 284 105 373 0 0 13 0 145 0 63 60 
0 0 0 0 0 59 61 0 0 0 0 24 31 0 0 350 270 108 367 0 0 12 0 145 0 63 60 
0 0 0 0 0 61 60 0 0 0 0 27 31 0 0 356 271 107 367 0 0 13 0 145 0 64 60 
0 0 0 0 0 61 60 0 0 0 0 26 30 0 0 356 273 115 366 0 0 14 0 145 0 64 60 
0 0 0 0 0 58 61 0 0 0 0 25 31 0 0 353 270 114 361 0 0 14 0 145 0 64 60 
0 0 0 0 0 58 60 0 0 0 0 26 31 0 0 345 282 116 373 0 0 14 0 145 0 64 60 
0 0 0 0 0 61 60 0 0 0 0 25 30 0 0 344 271 106 369 0 0 14 0 145 0 63 60 
0 0 0 0 0 60 60 0 0 0 0 25 30 0 0 356 282 105 367 0 0 13 0 145 0 63 60 
0 0 0 0 0 57 61 0 0 0 0 26 31 0 0 342 280 115 368 0 0 13 0 145 0 63 60 
0 0 0 0 0 58 60 0 0 0 0 26 30 0 0 344 276 115 363 0 0 13 0 145 0 63 60 
0 0 0 0 0 62 60 0 0 0 0 25 29 0 0 346 280 112 370 0 0 13 0 145 0 63 60 
0 0 0 0 0 59 61 0 0 0 0 25 30 0 0 341 271 115 362 0 0 14 0 145 0 62 60 
0 0 0 0 0 57 61 0 0 0 0 23 31 0 0 355 278 103 368 0 0 13 0 145 0 63 60 
0 0 0 0 0 59 61 0 0 0 0 24 31 0 0 342 282 98 367 0 0 13 0 145 0 63 60 
0 0 0 0 0 62 60 0 0 0 0 26 30 0 0 349 280 100 372 0 0 13 0 145 0 64 60 
0 0 0 0 0 60 60 0 0 0 0 25 30 0 0 342 269 109 362 0 0 13 0 145 0 64 60 
0 0 0 0 0 58 61 0 0 0 0 25 30 0 0 341 271 115 364 0 0 13 0 145 0 64 60 
0 0 0 0 0 60 60 0 0 0 0 24 30 0 0 353 277 108 362 0 0 14 0 145 0 64 60 
0 0 0 0 0 62 60 0 0 0 0 25 30 0 0 350 269 104 366 0 0 13 0 145 0 65 60 
0 0 0 0 0 59 61 0 0 0 0 24 31 0 0 345 281 113 371 0 0 13 0 145 0 65 60 
0 0 0 0 0 58 61 0 0 0 0 24 30 0 0 355 282 106 371 0 0 13 0 145 0 65 60 
0 0 0 0 0 60 60 0 0 0 0 24 30 0 0 346 276 100 371 0 0 14 0 145 0 64 60 
0 0 0 0 0 62 61 0 0 0 0 23 30 0 0 346 268 99 361 0 0 13 0 145 0 63 60 
0 0 0 0 0 60 60 0 0 0 0 23 30 0 0 343 273 107 372 0 0 12 0 145 0 63 60 
0 0 0 0 0 59 60 0 0 0 0 24 30 0 0 341 279 111 362 0 0 12 0 145 0 63 60 
0 0 0 0 0 61 61 0 0 0 0 22 30 0 0 357 276 98 371 0 0 12 0 145 0 64 60 
0 0 0 0 0 62 60 0 0 0 0 24 30 0 0 347 274 115 369 0 0 13 0 145 0 64 60 
0 0 0 0 0 59 60 0 0 0 0 23 30 0 0 351 274 98 362 0 0 14 0 145 0 64 60 
0 0 0 0 0 58 61 0 0 0 0 20 30 0 0 345 273 111 362 0 0 13 0 145 0 64 60 
0 0 0 0 0 61 60 0 0 0 0 21 31 0 0 350 277 106 362 0 0 14 0 145 0 64 60 
0 0 0 0 0 61 60 0 0 0 0 24 30 0 0 358 272 101 373 0 0 13 0 145 0 64 60 
0 0 0 0 0 59 60 0 0 0 0 24 30 0 0 358 281 102 370 0 0 13 0 145 0 64 60 
0 0 0 0 0 59 60 0 0 0 0 24 30 0 0 355 283 104 372 0 0 13 0 145 0 64 60 
0 0 0 0 0 61 60 0 0 0 0 22 30 0 0 346 284 99 362 0 0 13 0 145 0 65 60 
0 0 0 0 0 62 60 0 0 0 0 22 30 0 0 346 278 113 372 0 0 13 0 145 0 65 60 
0 0 0 0 0 58 61 0 0 0 0 24 32 0 0 353 268 99 373 0 0 13 0 145 0 65 60 
0 10 0 0 0 58 60 0 0 12 0 22 37 55 13 356 276 98 372 0 0 14 0 145 0 65 60 
0 194 49 0 0 52 60 73 29 167 0 28 41 76 60 355 282 108 367 0 0 13 0 145 0 65 60 
0 202 75 0 17 35 60 89 96 347 0 29 47 74 59 342 270 110 362 0 0 13 0 145 0 65 60 
0 204 77 0 38 36 60 74 94 333 0 28 53 95 62 357 278 117 363 0 0 13 0 145 0 64 60 
0 212 78 0 66 65 60 88 92 336 0 28 61 91 62 345 299 101 373 0 0 14 0 145 0 65 60 
158 202 80 0 97 85 60 84 92 342 0 27 68 83 62 41 0 76 97 0 0 13 0 145 0 64 60 
182 202 81 0 123 96 61 80 92 333 0 27 77 97 64 0 0 0 97 0 0 13 0 145 0 64 60 
189 202 86 0 140 95 61 86 93 329 0 28 83 118 62 371 233 206 602 0 0 13 0 145 0 64 60 
193 198 81 0 150 95 60 79 94 334 0 30 91 90 61 546 406 340 798 0 0 14 0 145 0 65 60 
195 191 89 0 154 98 60 83 94 339 0 27 97 69 63 488 396 269 593 0 0 13 0 145 0 65 60 
201 211 90 0 154 99 61 86 93 341 0 28 100 61 72 538 387 392 497 0 0 13 0 145 0 65 60 
199 207 89 0 153 98 60 91 92 333 0 28 100 88 74 523 348 286 557 0 0 13 0 145 0 65 60 
201 205 92 0 151 92 60 89 93 329 0 26 100 88 79 546 391 432 662 0 0 13 0 145 0 65 60 
198 206 91 0 149 91 60 90 92 324 0 28 100 87 75 525 334 307 623 0 0 14 0 145 0 64 60 
206 208 90 0 146 85 60 89 93 328 0 28 99 50 71 519 303 325 568 0 0 13 0 145 0 63 60 
206 205 94 0 144 85 61 85 93 333 0 27 96 63 59 535 352 382 513 0 0 14 0 145 0 63 60 
208 208 92 0 141 84 61 86 93 336 0 29 93 73 58 577 308 357 566 0 0 13 0 145 0 64 60 
207 206 92 0 139 88 61 92 93 331 0 30 88 83 58 516 327 292 540 0 0 12 0 145 0 64 60 
208 218 95 0 137 85 61 98 94 329 0 29 83 74 57 512 339 296 501 0 0 13 0 145 0 64 60 
206 197 88 0 135 85 61 96 94 332 0 27 79 72 58 476 372 311 522 0 0 13 0 145 0 64 60 
209 212 93 0 134 85 60 94 93 339 0 27 73 63 58 518 299 192 516 0 0 13 0 145 0 65 60 
206 208 96 0 134 84 61 93 92 341 0 27 68 68 58 525 309 355 532 0 0 14 0 145 0 65 60 
206 209 94 0 133 83 61 97 93 333 0 28 60 71 59 516 290 345 461 0 0 14 0 145 0 65 60 
207 207 96 0 133 81 60 91 93 332 0 26 54 81 61 502 310 235 473 0 0 14 0 145 0 65 60 
204 209 95 0 130 85 60 85 93 331 0 25 47 69 59 483 329 292 536 0 0 13 0 145 0 66 60 
206 198 95 0 128 83 61 91 92 332 0 29 38 72 57 495 309 269 548 0 0 13 0 145 0 67 60 
208 196 98 0 126 79 60 89 92 336 0 25 35 89 60 484 328 377 471 0 0 14 0 145 0 67 60 
204 199 97 0 125 75 61 90 93 331 0 27 33 85 58 495 313 301 497 0 0 14 0 145 0 68 60 
203 198 96 0 125 77 61 93 94 335 0 26 32 69 59 508 315 278 484 0 0 14 0 145 0 68 60 
204 193 99 0 125 77 60 96 93 337 0 31 33 46 61 548 288 320 552 0 0 14 0 145 0 68 60 
203 210 100 0 126 78 60 91 93 331 0 30 32 54 59 525 371 237 559 0 0 13 0 145 0 69 60 
205 210 99 0 128 79 61 91 92 335 0 32 33 74 61 531 326 212 535 0 0 14 0 145 0 70 60 
204 205 98 0 129 87 61 95 94 333 0 36 33 76 59 532 324 334 480 0 0 13 0 145 0 70 60 
210 210 101 0 130 86 60 87 94 321 0 32 34 66 59 511 325 335 512 0 0 13 0 145 0 71 60 
208 208 97 0 131 84 60 91 93 318 0 31 36 75 61 529 267 420 517 0 0 14 0 145 0 72 60 
208 207 97 0 129 83 61 89 91 325 0 33 34 81 60 521 322 357 501 0 0 14 0 145 0 73 60 
209 207 103 0 128 81 60 91 91 330 0 34 34 74 60 499 293 336 576 0 0 14 0 145 0 74 60 
201 207 96 0 126 75 60 91 92 333 0 34 33 72 60 544 300 283 543 0 0 14 0 145 0 74 60 
205 218 95 0 124 78 60 94 93 325 0 33 33 76 61 541 343 323 514 0 0 14 0 145 0 73 60 
207 195 95 0 123 82 61 96 94 331 0 30 32 72 62 515 287 373 492 0 0 14 0 145 0 73 60 
205 213 92 0 123 87 61 90 94 330 0 28 31 94 61 528 294 396 519 0 0 13 0 145 0 73 60 
210 212 95 0 124 89 60 96 93 335 0 26 30 82 61 500 322 456 554 0 0 13 0 145 0 73 60 
206 204 96 0 125 81 60 91 92 334 0 27 32 64 60 534 354 373 536 0 0 13 0 145 0 73 60 
208 209 95 0 126 85 60 90 92 331 0 27 31 78 61 524 295 330 493 0 0 14 0 145 0 73 60 
208 211 95 0 128 86 60 91 93 326 0 29 31 104 62 566 288 345 533 0 0 13 0 145 0 73 60 
204 197 95 0 128 91 61 95 93 324 0 28 30 75 63 567 293 408 511 0 0 13 0 145 0 74 60 
203 204 94 0 128 92 60 93 93 328 0 28 29 57 64 536 342 374 503 0 0 13 0 145 0 74 60 
207 200 95 0 127 93 61 92 93 336 0 27 29 80 62 538 321 338 528 0 0 13 0 145 0 75 60 
210 197 96 0 126 91 61 91 94 339 0 26 29 90 60 511 305 390 488 0 0 14 0 145 0 74 60 
208 205 93 0 124 87 60 93 94 331 0 23 30 91 63 514 340 234 517 0 0 13 0 145 0 73 60 
208 212 102 0 125 85 60 96 94 330 0 27 30 64 62 530 296 365 535 0 0 14 0 145 0 73 60 
203 210 98 0 125 86 60 103 93 336 0 24 29 59 62 544 302 349 555 0 0 13 0 145 0 74 60 
208 204 95 0 126 88 60 99 94 340 0 23 29 76 61 473 323 362 571 0 0 14 0 145 0 75 60 
209 212 98 0 125 84 60 93 94 341 0 27 29 87 61 510 236 322 516 0 0 14 0 145 0 75 60 
211 208 99 0 125 81 60 91 93 331 0 26 30 73 61 536 290 363 453 0 0 14 0 145 0 76 60 
209 206 94 0 124 77 60 92 91 331 0 25 31 76 62 513 318 391 489 0 0 14 0 145 0 75 60 
206 210 97 0 125 76 60 86 91 331 0 25 29 65 61 538 313 324 563 0 0 14 0 145 0 76 60 
210 206 95 0 125 74 60 89 94 332 0 27 30 71 62 519 305 353 576 0 0 13 0 145 0 75 60 
206 220 96 0 125 76 60 97 94 333 0 24 30 74 61 554 304 321 453 0 0 13 0 145 0 74 60 
208 203 96 0 125 82 60 89 94 332 0 28 29 84 61 501 332 224 442 0 0 14 0 145 0 72 60 
211 216 95 0 124 89 60 93 93 331 0 26 31 67 63 515 318 194 505 0 0 13 0 145 0 70 60 
208 213 97 0 123 86 60 95 91 334 0 28 30 80 62 531 263 298 597 0 0 14 0 145 0 68 60 
211 198 97 0 121 84 60 99 92 333 0 27 30 91 61 529 335 351 566 0 0 13 0 145 0 67 60 
206 212 94 0 122 83 60 90 93 336 0 25 30 86 61 530 359 375 494 0 0 14 0 145 0 66 60 
206 206 96 0 122 79 60 91 92 331 0 27 32 61 61 510 303 369 461 0 0 13 0 145 0 66 60 
208 192 98 0 122 73 61 92 91 321 0 25 32 49 61 503 303 282 517 0 0 14 0 145 0 65 60 
207 203 98 0 122 80 60 89 92 322 0 26 33 64 60 531 298 325 536 0 0 13 0 145 0 63 60 
207 194 99 0 122 85 61 94 93 329 0 25 33 82 62 507 226 275 578 0 0 13 0 145 0 60 60 
206 200 97 0 123 84 60 94 93 336 0 28 33 73 63 517 328 426 486 0 0 14 0 145 0 58 60 
205 211 97 0 125 81 60 95 93 332 0 27 34 69 64 534 295 426 470 0 0 14 0 145 0 56 60 
206 208 97 0 127 79 60 92 94 326 0 27 36 87 66 545 345 390 562 0 0 14 0 145 0 55 60 
209 207 94 0 129 83 60 98 95 328 0 25 36 80 63 575 357 398 580 0 0 13 0 145 0 52 60 
207 204 96 0 131 84 60 94 94 331 0 29 37 78 60 555 329 352 571 0 0 13 0 145 0 48 60 
206 211 98 0 131 90 61 90 93 336 0 25 38 71 61 493 257 367 494 0 0 13 0 145 0 48 60 
207 211 97 0 130 99 60 94 93 333 0 27 37 76 61 523 299 321 487 0 0 13 0 145 0 46 60 
203 207 100 0 129 109 60 92 94 329 0 28 38 87 62 523 338 391 564 0 0 13 0 145 0 43 60 
205 211 97 0 127 107 60 95 93 324 0 29 36 94 63 491 342 351 583 0 0 13 0 145 0 39 60 
206 215 95 0 126 94 60 94 94 323 0 30 33 77 65 519 328 358 537 0 0 13 0 145 0 37 60 
206 202 94 0 124 84 60 96 94 328 0 27 32 72 61 515 287 215 468 0 0 14 0 145 0 35 60 
210 211 98 0 123 75 60 95 94 336 0 30 31 100 60 533 309 330 450 0 0 14 0 145 0 34 60 
207 211 95 0 123 69 60 95 93 333 0 31 29 92 61 485 316 370 535 0 0 14 0 145 0 33 60 
211 209 97 0 123 69 60 93 92 329 0 26 31 69 61 498 351 345 560 0 0 14 0 145 0 33 60 
208 212 98 0 124 76 60 92 93 329 0 27 31 62 61 484 307 299 505 0 0 14 0 145 0 32 60 
205 208 99 0 125 78 60 94 94 336 0 27 32 89 61 533 278 309 432 0 0 13 0 145 0 32 60 
208 198 98 0 123 82 60 97 93 343 0 26 32 91 62 536 284 425 458 0 0 13 0 145 0 33 60 
208 201 96 0 123 79 60 90 93 339 0 26 31 82 61 528 340 246 540 0 0 13 0 145 0 33 60 
213 198 94 0 122 80 61 91 93 332 0 25 30 53 62 522 293 324 574 0 0 13 0 145 0 33 60 
205 201 97 0 122 81 60 90 93 334 0 28 31 73 61 509 286 273 570 0 0 14 0 145 0 33 60 
207 204 97 0 122 82 61 94 94 335 0 26 32 80 62 520 288 280 516 0 0 13 0 145 0 32 60 
205 211 96 0 121 84 60 89 94 334 0 28 32 82 61 518 326 223 461 0 0 13 0 145 0 36 60 
210 207 97 0 122 83 61 96 92 331 0 28 33 74 62 507 263 278 497 0 0 13 0 145 0 39 60 
205 200 94 0 122 81 60 97 93 331 0 26 33 68 63 491 339 330 585 0 0 13 0 145 0 42 60 
205 210 93 0 121 79 60 94 94 335 0 26 35 67 62 512 330 336 573 0 0 13 0 145 0 45 60 
206 206 94 0 121 77 60 95 94 334 0 27 34 72 62 497 345 306 506 0 0 14 0 145 0 46 60 
208 205 94 0 121 83 60 92 94 334 0 24 35 81 62 502 325 302 455 0 0 14 0 145 0 49 60 
206 211 98 0 123 86 60 93 91 334 0 26 35 80 62 541 330 258 520 0 0 14 0 145 0 49 60 
208 206 95 0 124 85 61 92 92 328 0 27 35 69 61 530 328 213 508 0 0 13 0 145 0 51 60 
210 214 93 0 125 84 60 93 92 319 0 26 35 94 62 531 345 353 540 0 0 14 0 145 0 52 60 
209 202 95 0 124 85 60 90 92 318 0 28 34 92 62 533 314 346 514 0 0 14 0 145 0 53 60 
209 215 97 0 123 88 60 94 93 330 0 26 35 75 62 553 307 373 465 0 0 15 0 145 0 54 60 
205 213 93 0 121 85 60 96 94 332 0 29 35 48 63 530 299 375 496 0 0 14 0 145 0 56 60 
205 204 99 0 119 85 60 93 94 329 0 28 32 53 63 532 299 303 529 0 0 13 0 145 0 57 60 
209 210 96 0 119 82 60 91 94 328 0 29 33 74 63 486 329 309 541 0 0 14 0 145 0 57 60 
207 201 97 0 119 77 60 87 92 330 0 27 33 76 62 521 313 314 576 0 0 14 0 145 0 58 60 
207 198 98 0 121 74 60 92 92 332 0 27 32 69 61 497 362 344 517 0 0 14 0 145 0 60 60 
206 205 98 0 123 77 60 91 93 334 0 26 32 76 62 505 294 340 485 0 0 14 0 145 0 60 60 
206 196 97 0 125 80 60 94 92 331 0 27 31 83 62 521 320 334 548 0 0 14 0 145 0 61 60 
211 195 96 0 127 78 60 96 94 328 0 27 34 75 63 489 282 340 553 0 0 13 0 145 0 61 60 
205 207 100 0 129 77 59 91 93 326 0 26 33 72 63 513 301 292 548 0 0 13 0 145 0 62 60 
208 209 101 0 130 81 60 93 93 327 0 25 32 80 64 512 295 377 542 0 0 13 0 145 0 62 60 
209 202 96 0 130 83 60 98 94 334 0 25 32 76 62 545 308 322 484 0 0 14 0 145 0 63 60 
206 204 95 0 129 84 60 93 94 336 0 27 33 94 61 542 298 307 487 0 0 13 0 145 0 64 60 
208 204 100 0 127 88 57 87 94 333 0 24 33 83 63 576 281 308 574 0 0 14 0 145 0 64 60 
208 203 98 0 125 89 57 92 95 328 0 27 36 66 62 523 317 304 559 0 0 14 0 145 0 63 60 
208 209 99 0 124 84 60 94 93 329 0 26 33 83 62 512 324 205 488 0 0 14 0 145 0 64 60 
203 206 101 0 123 75 60 90 91 335 0 28 33 107 62 517 343 333 434 0 0 14 0 145 0 63 60 
209 216 100 0 123 75 59 96 91 340 0 26 34 76 62 500 299 296 511 0 0 14 0 145 0 62 60 
206 203 101 0 123 80 58 94 92 334 0 25 34 54 63 533 303 309 517 0 0 13 0 145 0 60 60 
210 219 99 0 124 85 60 99 93 329 0 28 34 83 62 514 282 251 567 0 0 14 0 145 0 59 60 
207 214 101 0 125 78 60 94 93 329 0 27 34 88 61 516 253 262 498 0 0 13 0 145 0 59 60 
207 204 98 0 126 76 60 91 94 330 0 25 35 91 62 514 309 324 462 0 0 13 0 145 0 57 60 
207 214 97 0 125 79 60 99 93 333 0 27 34 62 62 539 376 263 518 0 0 13 0 145 0 55 60 
205 200 99 0 125 80 60 87 93 330 0 27 35 65 63 522 323 258 551 0 0 13 0 145 0 52 60 
206 196 97 0 124 82 60 96 93 331 0 25 35 76 62 518 283 253 585 0 0 13 0 145 0 50 60 
207 204 97 0 122 87 61 92 92 336 0 29 35 86 63 557 321 215 514 0 0 13 0 145 0 44 60 
207 199 97 0 122 92 60 91 92 333 0 28 34 73 62 563 338 155 474 0 0 13 0 145 0 40 60 
206 202 98 0 122 86 60 91 92 336 0 28 33 73 62 511 303 304 529 0 0 13 0 145 0 38 60 
207 214 99 0 123 82 60 96 94 334 0 29 33 65 62 527 312 255 534 0 0 13 0 145 0 35 60 
201 208 98 0 123 81 60 96 94 329 0 26 33 73 61 481 290 359 535 0 0 14 0 145 0 35 60 
205 197 98 0 124 85 60 91 92 325 0 29 33 73 64 524 269 327 569 0 0 14 0 145 0 34 60 
204 212 99 0 123 91 60 96 94 324 0 30 33 84 64 542 324 287 488 0 0 14 0 145 0 34 60 
208 207 99 0 124 100 60 88 94 332 0 30 33 66 65 496 296 280 452 0 0 14 0 145 0 36 60 
208 207 98 0 124 101 60 94 95 335 0 33 33 84 66 500 284 245 557 0 0 13 0 145 0 39 60 
207 210 98 0 125 96 60 91 93 327 0 31 33 90 65 519 321 337 574 0 0 14 0 145 0 42 60 
207 207 102 0 125 89 61 94 92 326 0 32 33 82 61 539 319 300 516 0 0 14 0 145 0 46 60 
206 221 100 0 125 81 60 88 92 328 0 29 33 53 60 493 300 370 499 0 0 13 0 145 0 49 60 
208 208 93 0 123 76 60 94 93 331 0 31 32 49 61 516 331 302 485 0 0 13 0 145 0 53 60 
204 215 103 0 123 76 60 100 94 333 0 27 33 69 62 513 325 291 558 0 0 13 0 145 0 56 60 
210 214 100 0 122 76 60 94 94 328 0 27 33 80 64 573 354 307 523 0 0 13 0 145 0 59 60 
207 207 97 0 122 78 61 99 94 324 0 26 33 73 66 532 306 312 495 0 0 14 0 145 0 61 60 
211 213 100 0 122 83 61 95 94 323 0 28 32 70 63 516 305 325 501 0 0 13 0 145 0 63 60 
209 202 94 0 122 83 61 93 93 325 0 26 33 84 63 537 304 298 496 0 0 13 0 145 0 66 60 
207 199 91 0 123 83 60 93 94 334 0 25 32 74 60 519 365 266 531 0 0 13 0 145 0 69 60 
206 206 94 0 124 80 61 89 94 335 0 28 35 74 64 508 314 199 561 0 0 14 0 145 0 72 60 
207 200 93 0 125 80 60 91 93 333 0 25 34 77 63 513 308 278 561 0 0 14 0 145 0 75 60 
211 199 95 0 126 81 60 90 92 327 0 28 33 74 62 502 355 246 503 0 0 14 0 145 0 77 60 
208 216 101 0 129 79 60 92 93 333 0 25 33 93 63 522 329 323 478 0 0 14 0 145 0 81 60 
208 208 97 0 130 77 61 92 94 343 0 27 32 87 63 510 267 197 521 0 0 14 0 145 0 86 60 
208 205 96 0 132 82 60 91 94 343 0 25 34 72 62 546 320 282 569 0 0 14 0 145 0 90 60 
208 209 97 0 130 86 60 100 94 335 0 27 33 74 63 513 311 249 495 0 0 14 0 145 0 92 60 
208 207 96 0 130 85 60 90 93 331 0 27 34 104 61 555 326 282 473 0 0 13 0 145 0 94 60 
207 211 94 0 128 81 60 95 92 332 0 26 34 83 62 552 331 280 437 0 0 13 0 145 0 95 60 
205 208 99 0 127 82 61 89 94 332 0 26 34 62 61 561 330 196 511 0 0 13 0 145 0 95 60 
208 208 98 0 125 83 60 92 94 332 0 27 32 74 62 562 322 225 569 0 0 13 0 145 0 95 60 
207 215 98 0 123 85 61 93 93 329 0 27 33 90 63 566 283 148 535 0 0 13 0 145 0 92 60 
207 202 97 0 124 86 60 97 93 331 0 27 31 91 63 522 266 260 459 0 0 13 0 145 0 90 60 
206 221 97 0 124 85 60 95 92 335 0 28 33 68 61 509 298 215 506 0 0 13 0 145 0 87 60 
207 214 99 0 124 80 60 92 93 332 0 26 33 60 62 498 314 239 519 0 0 13 0 145 0 84 60 
205 206 95 0 125 74 61 94 92 334 0 30 34 77 61 520 330 282 519 0 0 14 0 145 0 84 60 
207 214 98 0 125 75 60 93 91 333 0 28 33 85 62 502 312 261 522 0 0 14 0 145 0 83 60 
206 204 97 0 124 80 60 94 93 324 0 29 33 79 61 532 304 181 536 0 0 13 0 145 0 83 60 
208 197 97 0 123 83 60 91 95 318 0 28 34 77 60 522 246 244 524 0 0 13 0 145 0 83 60 
213 208 95 0 122 86 60 94 95 326 0 27 34 67 62 516 290 269 535 0 0 13 0 145 0 82 60 
208 196 96 0 122 86 60 94 94 334 0 26 35 71 61 518 334 314 516 0 0 13 0 145 0 83 60 
208 203 97 0 122 85 60 90 91 334 0 28 34 74 61 490 341 397 522 0 0 14 0 145 0 83 60 
204 217 97 0 120 84 60 95 91 330 0 28 34 84 61 517 322 335 581 0 0 13 0 145 0 83 60 
206 211 95 0 121 79 60 95 93 331 0 29 34 69 61 508 305 285 522 0 0 13 0 145 0 82 60 
205 204 99 0 121 76 60 95 93 332 0 31 35 80 61 557 300 240 518 0 0 14 0 145 0 80 60 
207 213 100 0 121 79 60 92 93 335 0 29 35 90 61 530 314 245 534 0 0 14 0 145 0 79 60 
207 211 100 0 120 79 60 97 93 334 0 32 35 88 62 509 296 336 517 0 0 13 0 145 0 78 60 
210 214 97 0 121 80 60 94 93 328 0 30 33 61 63 514 302 263 500 0 0 13 0 145 0 78 60 
209 206 97 0 124 77 60 92 93 325 0 31 34 49 63 528 322 292 498 0 0 14 0 145 0 77 60 
208 208 98 0 124 79 60 94 94 323 0 29 35 63 62 502 336 238 475 0 0 14 0 145 0 77 60 
206 226 95 0 124 75 60 86 95 329 0 30 35 80 61 501 272 305 521 0 0 13 0 145 0 76 60 
204 198 99 0 124 73 60 88 93 334 0 30 36 78 61 529 297 328 543 0 0 13 0 145 0 75 60 
205 224 96 0 123 76 61 92 92 334 0 29 35 71 62 497 317 261 559 0 0 14 0 145 0 74 60 
209 216 97 0 120 77 60 93 91 329 0 26 35 87 62 526 348 273 466 0 0 13 0 145 0 74 60 
207 206 97 0 120 77 60 97 92 326 0 29 34 77 61 533 321 226 461 0 0 14 0 145 0 73 60 
205 213 98 0 119 75 60 93 93 334 0 27 34 79 62 532 339 260 517 0 0 14 0 145 0 73 60 
206 201 96 0 120 78 60 95 93 342 0 26 34 72 63 544 302 214 618 0 0 14 0 145 0 73 60 
207 197 94 0 122 77 60 90 93 341 0 25 35 77 62 562 339 277 544 0 0 14 0 145 0 71 60 
208 204 96 0 123 75 60 96 95 332 0 24 34 89 62 561 282 229 469 0 0 15 0 145 0 70 60 
205 192 96 0 126 73 60 97 94 330 0 27 36 94 61 516 326 199 469 0 0 13 0 145 0 70 60 
208 201 95 0 127 79 61 93 92 332 0 26 35 79 62 528 330 162 545 0 0 14 0 145 0 69 60 
207 210 97 0 129 77 61 96 92 333 0 27 35 71 62 499 275 239 598 0 0 13 0 145 0 69 60 
207 214 99 0 129 77 60 91 92 333 0 27 35 102 61 494 300 217 501 0 0 13 0 145 0 68 60 
207 210 97 0 128 77 60 96 93 333 0 25 35 92 62 523 315 244 517 0 0 13 0 145 0 68 60 
205 201 96 0 127 85 61 93 94 337 0 25 36 69 61 529 306 255 503 0 0 13 0 145 0 68 60 
207 211 96 0 126 90 61 92 93 334 0 25 35 61 61 526 289 185 507 0 0 13 0 145 0 67 60 
210 205 97 0 125 95 60 93 92 334 0 24 36 90 62 484 314 192 484 0 0 13 0 145 0 66 60 
207 206 97 0 124 103 60 86 93 333 0 28 35 89 60 499 261 172 524 0 0 13 0 145 0 66 60 
208 213 101 0 124 103 60 89 94 333 0 24 36 81 61 495 298 210 531 0 0 13 0 145 0 65 60 
205 212 95 0 125 100 60 91 96 324 0 25 35 55 63 521 317 304 495 0 0 13 0 145 0 65 60 
205 200 98 0 126 89 60 96 94 320 0 26 37 75 63 486 277 262 487 0 0 13 0 145 0 65 60 
206 213 96 0 127 84 60 94 92 330 0 29 36 80 66 549 339 248 543 0 0 13 0 145 0 65 60 
209 213 92 0 128 87 60 95 92 335 0 26 36 83 64 567 309 321 557 0 0 13 0 145 0 65 60 
212 211 97 0 128 89 60 90 93 331 0 26 35 76 61 525 339 261 540 0 0 13 0 145 0 65 60 
208 206 96 0 127 90 61 99 93 323 0 25 36 68 60 474 330 163 531 0 0 13 0 145 0 65 60 
208 211 98 0 126 93 60 95 94 324 0 27 36 67 60 522 281 315 560 0 0 13 0 145 0 65 60 
211 198 99 0 125 90 60 91 93 330 0 26 36 75 63 503 307 267 545 0 0 13 0 145 0 65 60 
208 204 95 0 124 88 60 93 93 337 0 24 34 78 64 505 322 317 554 0 0 13 0 145 0 65 60 
207 201 95 0 124 80 60 93 94 332 0 26 36 80 65 537 312 237 544 0 0 13 0 145 0 65 60 
209 201 96 0 124 80 60 90 94 328 0 25 37 69 65 524 310 241 489 0 0 13 0 145 0 65 60 
208 205 99 0 124 82 60 97 94 324 0 26 36 91 63 525 286 290 485 0 0 13 0 145 0 65 60 
207 211 99 0 124 83 60 94 93 323 0 24 37 91 61 522 263 267 522 0 0 13 0 145 0 65 60 
206 204 97 0 124 77 60 94 93 332 0 27 39 78 62 506 335 278 578 0 0 13 0 145 0 65 60 
207 200 96 0 124 79 60 93 94 336 0 27 39 48 61 540 318 209 502 0 0 13 0 145 0 65 60 
210 208 100 0 124 78 60 96 95 335 0 27 37 52 62 545 322 217 446 0 0 13 0 145 0 65 60 
210 205 97 0 124 83 60 95 95 327 0 27 36 75 62 569 301 140 472 0 0 14 0 145 0 65 60 
205 210 95 0 125 88 61 89 93 329 0 27 34 79 61 580 320 168 536 0 0 14 0 145 0 65 60 
202 209 99 0 125 88 60 90 92 336 0 27 34 73 62 564 287 242 560 0 0 14 0 145 0 65 60 
205 208 95 0 125 88 60 95 94 341 0 27 34 78 61 509 316 221 551 0 0 14 0 145 0 65 60 
203 218 95 0 124 80 60 93 94 336 0 26 33 84 62 524 344 223 470 0 0 14 0 145 0 65 60 
207 201 98 0 123 79 60 89 93 331 0 25 34 77 63 491 290 229 446 0 0 14 0 145 0 65 60 
207 219 97 0 123 82 60 96 93 329 0 27 32 74 63 498 362 268 506 0 0 14 0 145 0 65 60 
205 212 99 0 122 89 60 93 94 330 0 24 33 78 64 500 311 169 597 0 0 14 0 145 0 65 60 
207 201 98 0 122 91 61 93 94 335 0 26 33 74 62 498 301 179 544 0 0 14 0 145 0 65 60 
203 214 97 0 122 94 60 92 93 328 0 26 33 95 60 523 322 240 516 0 0 14 0 145 0 65 60 
209 198 98 0 124 93 60 93 92 331 0 27 32 84 60 533 319 158 484 0 0 14 0 145 0 65 60 
205 198 100 0 125 87 60 91 91 333 0 26 33 69 63 468 322 113 520 0 0 13 0 145 0 65 60 
207 207 98 0 127 81 60 95 92 333 0 25 34 78 63 485 299 191 535 0 0 14 0 145 0 65 60 
208 199 99 0 127 78 60 95 93 334 0 24 36 105 62 544 304 221 556 0 0 13 0 145 0 65 60 
208 201 99 0 129 78 60 86 94 333 0 27 36 81 61 535 311 228 483 0 0 13 0 145 0 65 60 
207 210 98 0 130 78 60 99 95 326 0 28 38 58 61 536 314 210 466 0 0 13 0 145 0 65 60 
206 207 100 0 130 80 60 97 92 323 0 29 37 77 62 530 377 212 565 0 0 13 0 145 0 65 60 
204 209 96 0 130 75 60 97 91 327 0 27 37 89 61 504 294 187 519 0 0 13 0 145 0 65 60 
208 203 99 0 128 80 60 95 92 337 0 26 36 93 62 520 286 145 527 0 0 13 0 145 0 65 60 
206 209 99 0 127 80 60 99 93 339 0 27 36 67 62 505 285 249 510 0 0 14 0 145 0 65 60 
208 211 97 0 125 83 60 98 92 334 0 26 36 61 61 513 309 298 561 0 0 13 0 145 0 66 60 
211 206 99 0 124 86 60 90 91 329 0 26 37 78 63 495 338 341 536 0 0 14 0 145 0 66 60 
210 209 102 0 123 97 61 91 92 329 0 26 36 84 62 501 333 265 479 0 0 13 0 145 0 66 60 
211 223 96 0 123 93 60 91 93 333 0 25 35 76 61 513 351 238 468 0 0 13 0 145 0 66 60 
205 199 100 0 123 89 61 90 95 334 0 28 36 77 62 517 334 207 536 0 0 13 0 145 0 67 60 
208 224 99 0 124 87 60 91 94 330 0 27 34 65 63 498 313 246 529 0 0 14 0 145 0 67 60 
209 211 98 0 124 86 60 90 93 324 0 27 36 71 63 516 265 225 520 0 0 14 0 145 0 66 60 
210 204 97 0 124 80 60 93 93 323 0 30 36 75 62 519 317 213 527 0 0 14 0 145 0 66 60 
206 212 101 0 123 74 60 99 93 325 0 33 36 82 61 514 325 270 525 0 0 13 0 145 0 65 60 
210 204 97 0 122 76 60 96 93 330 0 32 35 70 62 541 310 122 510 0 0 13 0 145 0 65 60 
204 201 99 0 123 82 60 92 92 334 0 29 36 78 62 548 291 215 491 0 0 13 0 145 0 65 60 
209 204 101 0 122 85 60 90 90 331 0 29 34 90 61 525 318 262 506 0 0 13 0 145 0 65 60 
210 199 96 0 122 82 60 93 92 326 0 30 35 91 62 526 309 257 523 0 0 13 0 145 0 65 60 
208 203 103 0 121 81 60 92 95 332 0 30 34 66 62 508 335 207 560 0 0 13 0 145 0 65 60 
206 210 101 0 121 78 60 97 96 338 0 29 35 47 62 484 310 183 531 0 0 13 0 145 0 65 60 
206 213 94 0 120 74 60 95 93 340 0 30 35 61 62 504 290 230 472 0 0 13 0 145 0 65 60 
207 207 107 0 120 74 60 99 92 334 0 27 37 82 61 522 305 142 472 0 0 13 0 145 0 65 60 
205 206 97 0 120 86 60 88 92 330 0 29 38 79 62 502 299 174 516 0 0 13 0 145 0 65 60 
207 215 93 0 120 91 60 96 93 329 0 29 37 71 63 493 306 231 524 0 0 13 0 145 0 65 60 
208 205 98 0 122 92 60 94 93 334 0 27 39 87 61 512 320 148 555 0 0 14 0 145 0 65 60 
208 207 93 0 122 85 60 93 92 333 0 29 37 81 62 508 275 81 512 0 0 13 0 145 0 65 60 
206 215 99 0 123 81 60 92 93 331 0 25 37 79 62 508 354 161 524 0 0 13 0 145 0 65 60 
205 214 100 0 122 77 60 91 92 332 0 26 37 71 62 516 304 211 487 0 0 13 0 145 0 65 60 
206 203 98 0 120 77 60 94 94 333 0 26 36 77 63 558 330 172 485 0 0 14 0 145 0 65 60 
210 207 95 0 118 80 60 92 95 333 0 28 35 80 60 563 319 233 573 0 0 13 0 145 0 65 60 
208 214 94 0 117 83 60 100 96 333 0 26 36 92 60 541 383 196 558 0 0 13 0 145 0 65 60 
210 209 97 0 118 82 60 94 92 333 0 24 37 81 63 519 340 93 509 0 0 13 0 145 0 65 60 
206 205 94 0 119 79 60 89 92 320 0 27 37 69 63 505 323 113 508 0 0 13 0 145 0 65 60 
206 208 96 0 121 79 60 96 93 319 0 25 35 93 65 496 322 232 566 0 0 13 0 145 0 65 60 
206 200 99 0 124 80 60 93 93 329 0 25 35 102 65 525 301 201 570 0 0 13 0 145 0 65 60 
206 198 100 0 126 82 61 96 94 334 0 27 36 74 61 530 293 283 561 0 0 13 0 145 0 65 60 
212 202 98 0 128 80 60 93 93 333 0 25 35 56 61 533 342 253 514 0 0 12 0 145 0 65 60 
202 199 97 0 128 83 60 89 91 329 0 25 35 87 60 525 339 230 498 0 0 13 0 145 0 65 60 
208 204 94 0 128 86 60 91 92 327 0 27 34 89 61 496 253 183 519 0 0 13 0 145 0 65 60 
204 209 97 0 127 86 60 89 93 329 0 27 35 89 63 530 302 230 539 0 0 13 0 145 0 65 60 
203 204 96 0 126 80 60 92 94 335 0 28 36 58 63 513 328 246 490 0 0 13 0 145 0 65 60 
204 204 98 0 125 78 60 92 92 333 0 26 37 68 65 532 327 207 449 0 0 13 0 145 0 65 60 
207 206 98 0 123 79 60 93 93 333 0 25 37 79 63 545 350 273 494 0 0 13 0 145 0 65 60 
205 203 95 0 122 78 60 96 95 327 0 26 36 83 60 521 327 170 525 0 0 13 0 145 0 65 60 
210 206 101 0 122 79 60 98 95 328 0 28 38 74 62 556 307 208 533 0 0 13 0 145 0 65 60 
203 204 97 0 124 80 60 93 95 331 0 27 36 73 62 538 335 191 520 0 0 13 0 145 0 65 60 
206 205 100 0 125 82 60 92 94 336 0 28 37 64 62 480 303 195 468 0 0 12 0 145 0 66 60 
205 213 100 0 125 79 60 94 93 335 0 29 36 74 62 520 319 205 516 0 0 13 0 145 0 66 60 
203 198 99 0 126 77 61 91 95 327 0 29 35 75 62 504 285 217 539 0 0 13 0 145 0 66 60 
208 218 96 0 127 78 60 94 95 327 0 27 37 84 63 529 321 227 565 0 0 13 0 145 0 66 60 
202 211 101 0 125 83 60 93 92 335 0 27 36 64 62 512 304 45 513 0 0 14 0 145 0 66 60 
206 206 96 0 124 82 61 94 93 342 0 28 35 87 62 495 290 140 494 0 0 14 0 145 0 66 60 
211 214 97 0 122 83 60 94 94 337 0 28 35 88 63 489 309 177 495 0 0 13 0 145 0 67 60 
205 198 99 0 123 90 60 91 94 333 0 28 35 82 63 501 327 195 518 0 0 13 0 145 0 67 60 
209 200 100 0 123 94 60 91 94 327 0 26 35 55 61 475 342 98 573 0 0 13 0 145 0 67 60 
203 203 95 0 123 86 60 84 91 333 0 28 36 49 62 499 336 183 592 0 0 13 0 145 0 67 60 
206 200 97 0 123 81 60 93 91 332 0 28 38 67 60 546 330 144 460 0 0 13 0 145 0 67 60 
210 204 96 0 123 81 60 94 93 329 0 28 37 82 62 532 292 130 418 0 0 13 0 145 0 66 60 
210 207 96 0 123 87 60 96 93 329 0 27 38 75 62 520 307 195 533 0 0 14 0 145 0 66 60 
205 210 101 0 123 80 60 94 94 334 0 30 37 73 63 498 311 151 557 0 0 14 0 145 0 66 60 
209 204 95 0 123 81 60 91 94 338 0 28 38 87 61 523 299 139 506 0 0 13 0 145 0 65 60 
206 205 99 0 123 84 60 97 93 334 0 28 40 76 62 490 297 21 476 0 0 14 0 145 0 64 60 
208 205 98 0 123 82 60 94 93 333 0 30 40 78 62 509 290 160 511 0 0 14 0 145 0 65 60 
207 208 95 0 123 78 60 92 93 333 0 29 40 73 62 522 345 157 549 0 0 13 0 145 0 64 60 
210 208 98 0 121 78 60 86 93 322 0 31 38 74 63 519 357 238 555 0 0 14 0 145 0 64 60 
212 206 98 0 121 83 60 91 93 321 0 28 40 92 61 505 287 149 585 0 0 13 0 145 0 63 60 
210 212 97 0 120 83 60 93 92 333 0 32 39 91 61 510 263 178 543 0 0 13 0 145 0 63 60 
208 206 96 0 120 82 60 96 93 340 0 32 39 75 62 519 333 189 489 0 0 14 0 145 0 63 60 
207 220 97 0 120 81 61 96 93 330 0 30 39 71 63 539 264 132 548 0 0 13 0 145 0 64 60 
209 209 96 0 121 84 61 93 95 329 0 27 38 102 63 547 275 193 527 0 0 13 0 145 0 64 60 
207 206 97 0 122 84 61 95 94 331 0 27 38 87 62 516 322 240 516 0 0 14 0 145 0 65 60 
205 213 97 0 124 84 61 94 93 334 0 26 37 66 62 522 278 237 510 0 0 13 0 145 0 64 60 
205 196 97 0 126 81 60 97 94 334 0 28 37 66 63 539 298 242 476 0 0 13 0 145 0 64 60 
205 201 96 0 126 79 60 88 94 329 0 26 38 89 63 522 305 179 471 0 0 13 0 145 0 65 60 
206 204 98 0 129 79 60 93 94 327 0 27 36 90 62 521 290 224 553 0 0 13 0 145 0 65 60 
211 203 97 0 130 78 60 94 91 322 0 26 37 79 62 505 326 166 530 0 0 13 0 145 0 65 60 
204 207 97 0 131 81 60 92 91 324 0 26 38 56 63 523 312 202 459 0 0 13 0 145 0 65 60 
204 210 95 0 130 81 60 94 93 329 0 27 37 75 61 518 324 223 487 0 0 13 0 145 0 65 60 
203 206 96 0 129 83 60 92 95 335 0 24 38 82 62 544 292 168 476 0 0 13 0 145 0 65 60 
204 202 99 0 127 84 60 96 94 334 0 25 37 81 62 495 284 74 536 0 0 13 0 145 0 65 60 
207 210 98 0 126 88 60 96 93 330 0 25 38 75 63 508 307 196 579 0 0 13 0 145 0 65 60 
204 213 99 0 125 91 61 88 92 330 0 24 37 68 63 510 277 212 523 0 0 13 0 145 0 65 60 
205 208 98 0 124 89 60 97 94 339 0 24 38 67 61 510 313 181 433 0 0 13 0 145 0 65 60 
207 205 99 0 124 83 61 91 94 342 0 25 37 74 63 495 299 188 523 0 0 13 0 145 0 65 60 
206 214 95 0 125 85 60 92 93 339 0 25 37 80 63 530 270 119 541 0 0 14 0 145 0 65 60 
207 210 99 0 125 86 60 93 93 332 0 26 37 78 63 577 325 159 558 0 0 13 0 145 0 65 60 
207 204 99 0 125 85 60 91 92 328 0 24 38 69 62 566 308 126 526 0 0 13 0 145 0 65 60 
205 220 98 0 125 85 61 88 93 332 0 26 38 92 62 512 270 152 508 0 0 14 0 145 0 65 60 
205 211 100 0 123 84 60 97 94 334 0 25 37 91 63 512 312 166 506 0 0 13 0 145 0 64 60 
209 210 97 0 123 82 60 100 94 332 0 24 37 75 61 514 312 91 493 0 0 13 0 145 0 64 60 
211 217 97 0 123 77 60 98 94 332 0 24 37 49 61 497 325 68 510 0 0 12 0 145 0 64 60 
210 197 100 0 123 78 60 104 95 335 0 27 38 52 60 497 341 156 539 0 0 12 0 145 0 64 60 
207 205 99 0 124 80 60 90 94 334 0 25 41 73 60 528 363 202 510 0 0 13 0 145 0 64 60 
211 203 98 0 124 81 60 93 94 331 0 24 38 81 63 495 290 181 488 0 0 13 0 145 0 63 60 
208 201 98 0 123 75 61 88 94 331 0 27 39 71 64 505 304 206 485 0 0 12 0 145 0 63 60 
207 207 96 0 123 76 60 90 92 325 0 25 38 76 64 511 338 137 511 0 0 12 0 145 0 62 60 
207 207 100 0 123 77 61 94 92 321 0 27 39 84 65 538 333 150 593 0 0 13 0 145 0 61 60 
211 210 97 0 124 82 60 84 94 320 0 26 38 75 61 518 323 101 550 0 0 13 0 145 0 61 60 
209 208 99 0 125 83 60 91 94 332 0 25 38 73 60 534 322 220 507 0 0 13 0 145 0 62 60 
209 207 97 0 125 87 60 93 94 336 0 25 40 78 61 543 317 233 497 0 0 13 0 145 0 63 60 
208 210 97 0 126 89 60 96 93 325 0 25 38 74 61 559 316 256 548 0 0 13 0 145 0 63 60 
207 210 98 0 124 85 60 96 94 327 0 24 40 92 63 532 287 220 560 0 0 13 0 145 0 64 60 
204 209 97 0 123 80 60 92 93 331 0 23 39 85 65 531 341 197 536 0 0 13 0 145 0 64 60 
204 213 100 0 121 81 61 92 94 332 0 23 38 68 64 500 338 188 511 0 0 13 0 145 0 64 60 
209 213 97 0 119 87 60 88 94 334 0 27 38 76 63 486 329 195 506 0 0 13 0 145 0 65 60 
210 204 101 0 120 85 60 96 93 329 0 23 37 106 61 518 335 221 557 0 0 13 0 145 0 65 60 
205 220 99 0 122 86 60 93 93 326 0 25 37 79 60 494 299 213 597 0 0 14 0 145 0 66 60 
208 210 99 0 123 85 60 95 94 324 0 23 36 57 63 514 339 227 513 0 0 13 0 145 0 65 60 
210 211 100 0 125 89 60 96 95 325 0 25 36 77 62 495 315 164 423 0 0 13 0 145 0 65 60 
205 212 97 0 127 87 60 91 94 331 0 26 37 89 61 491 355 172 509 0 0 14 0 145 0 65 60 
205 198 97 0 129 84 60 93 92 333 0 23 38 92 63 530 341 286 549 0 0 13 0 145 0 65 60 
205 202 97 0 130 82 60 92 93 331 0 24 35 72 61 510 299 205 559 0 0 14 0 145 0 63 60 
206 203 97 0 130 81 60 94 94 326 0 27 37 60 61 503 281 202 478 0 0 14 0 145 0 63 60 
206 202 100 0 130 79 60 88 94 329 0 24 36 78 62 502 245 204 436 0 0 14 0 145 0 63 60 
206 204 99 0 128 80 60 96 94 343 0 26 37 86 61 564 326 175 515 0 0 14 0 145 0 62 60 
204 208 97 0 125 87 60 96 92 342 0 26 36 77 63 539 284 78 597 0 0 15 0 145 0 62 60 
205 211 97 0 123 85 60 92 92 337 0 26 37 77 63 540 321 165 576 0 0 14 0 145 0 61 60 
208 199 98 0 122 86 61 98 92 332 0 27 36 67 62 530 299 228 528 0 0 13 0 145 0 61 60 
205 205 97 0 122 94 60 95 92 334 0 26 38 72 62 496 282 187 476 0 0 13 0 145 0 62 60 
208 207 98 0 123 112 60 92 93 335 0 25 36 74 62 537 308 112 522 0 0 14 0 145 0 63 60 
210 203 96 0 125 111 60 93 94 334 0 26 36 84 61 533 302 191 538 0 0 13 0 145 0 63 60 
208 204 100 0 126 106 60 98 94 333 0 24 35 73 61 514 316 176 563 0 0 13 0 145 0 63 60 
206 205 102 0 126 98 60 91 95 336 0 28 35 74 61 509 326 164 491 0 0 13 0 145 0 63 60 
208 218 99 0 126 93 60 90 93 336 0 27 34 94 62 476 325 227 442 0 0 13 0 145 0 62 60 
206 200 97 0 125 86 60 89 92 334 0 26 33 90 62 501 330 210 533 0 0 13 0 145 0 62 60 
207 218 104 0 124 72 60 89 92 333 0 26 34 70 61 525 322 100 573 0 0 13 0 145 0 62 60 
203 211 99 0 122 64 60 90 92 332 0 25 34 50 63 533 332 129 568 0 0 13 0 145 0 61 60 
206 205 96 0 122 69 60 94 92 326 0 24 34 58 61 542 354 169 516 0 0 13 0 145 0 60 60 
206 211 102 0 122 76 60 97 93 317 0 26 34 77 61 546 291 180 480 0 0 13 0 145 0 60 60 
203 201 97 0 122 85 60 95 94 329 0 23 34 77 61 519 299 218 536 0 0 13 0 145 0 59 60 
206 201 97 0 123 93 60 97 94 336 0 27 36 71 62 493 286 229 559 0 0 13 0 145 0 58 60 
202 204 94 0 123 92 60 97 93 332 0 24 39 78 62 537 317 177 509 0 0 13 0 145 0 58 60 
204 202 95 0 124 84 60 94 95 327 0 26 38 82 61 550 308 263 489 0 0 13 0 145 0 58 60 
209 200 97 0 124 73 60 92 95 326 0 26 37 75 62 518 295 135 484 0 0 13 0 145 0 57 60 
206 208 97 0 124 70 60 93 94 329 0 25 37 73 65 493 283 248 550 0 0 13 0 145 0 58 60 
208 216 96 0 124 70 60 92 92 335 0 25 37 79 63 554 297 293 552 0 0 13 0 145 0 58 60 
211 201 97 0 124 71 60 90 91 330 0 26 37 76 62 513 316 228 553 0 0 13 0 145 0 58 60 
208 211 95 0 124 73 61 95 92 330 0 25 38 94 61 500 305 173 503 0 0 13 0 145 0 58 60 
208 211 98 0 123 79 60 98 93 328 0 26 37 84 62 503 302 258 476 0 0 13 0 145 0 58 60 
205 208 96 0 122 83 60 89 94 328 0 23 35 68 63 520 316 203 517 0 0 13 0 145 0 58 60 
206 210 95 0 122 81 60 93 93 332 0 25 35 80 64 517 315 253 565 0 0 13 0 145 0 59 60 
205 205 97 0 121 78 60 87 93 338 0 25 37 107 62 522 334 195 540 0 0 13 0 145 0 60 60 
208 221 97 0 121 80 60 90 93 333 0 24 37 76 62 509 293 151 529 0 0 13 0 145 0 60 60 
214 198 97 0 121 83 60 92 94 330 0 26 36 56 63 546 306 241 472 0 0 13 0 145 0 61 60 
206 216 98 0 122 81 61 99 93 328 0 23 36 82 62 528 280 52 431 0 0 13 0 145 0 61 60 
212 214 97 0 124 84 60 96 92 337 0 24 35 90 63 545 328 202 509 0 0 13 0 145 0 62 60 
213 201 99 0 125 84 60 95 93 338 0 25 35 92 60 532 331 192 539 0 0 13 0 145 0 63 60 
206 210 97 0 126 84 60 96 93 339 0 25 35 68 61 523 351 188 501 0 0 13 0 145 0 62 60 
207 205 96 0 128 78 60 92 93 330 0 25 35 62 62 510 289 159 513 0 0 13 0 145 0 62 60 
206 193 94 0 130 79 60 95 93 328 0 24 36 76 62 539 309 183 521 0 0 13 0 145 0 63 60 
206 209 96 0 130 82 60 91 93 333 0 26 36 87 61 529 300 168 529 0 0 13 0 145 0 63 60 
207 201 96 0 131 84 60 92 94 335 0 27 35 77 62 497 330 92 482 0 0 13 0 145 0 63 60 
205 201 98 0 130 78 60 91 95 334 0 26 34 76 61 504 293 161 497 0 0 13 0 145 0 63 60 
209 211 97 0 128 77 60 92 95 330 0 27 35 68 61 526 296 169 544 0 0 14 0 145 0 63 60 
207 214 98 0 126 79 60 95 93 336 0 27 35 71 61 543 303 136 505 0 0 13 0 145 0 63 60 
205 210 99 0 124 79 60 93 91 335 0 27 36 73 63 501 313 0 517 0 0 13 0 145 0 63 60 
205 209 97 0 124 74 60 93 93 336 0 28 38 83 65 566 354 175 558 0 0 14 0 145 0 63 60 
207 212 99 0 124 74 60 91 94 334 0 27 40 74 66 561 275 214 551 0 0 14 0 145 0 63 60 
208 207 96 0 124 81 60 95 95 331 0 27 38 72 64 526 287 167 566 0 0 14 0 145 0 64 60 
204 208 100 0 123 82 60 91 93 323 0 26 39 93 61 522 326 232 506 0 0 15 0 145 0 63 60 
203 207 97 0 123 83 61 92 93 322 0 25 38 91 60 501 295 200 545 0 0 13 0 145 0 63 60 
206 215 97 0 124 82 60 94 93 334 0 24 39 71 61 509 293 163 534 0 0 14 0 145 0 62 60 
204 200 96 0 125 86 59 92 94 339 0 26 37 49 63 508 302 145 526 0 0 13 0 145 0 63 60 
208 212 96 0 124 82 60 95 95 333 0 23 36 56 61 512 278 139 514 0 0 13 0 145 0 63 60 
209 215 96 0 123 81 60 93 93 326 0 26 37 76 65 509 298 246 473 0 0 13 0 145 0 63 60 
211 207 96 0 123 81 60 93 92 328 0 25 39 81 64 522 297 273 474 0 0 13 0 145 0 63 60 
207 211 99 0 123 85 60 95 92 331 0 26 38 72 63 526 311 187 528 0 0 13 0 145 0 63 60 
204 211 96 0 124 84 60 92 94 332 0 26 37 78 61 498 316 205 568 0 0 13 0 145 0 63 60 
207 196 98 0 123 83 60 92 94 326 0 24 37 82 61 498 328 153 530 0 0 13 0 145 0 63 60 
208 203 100 0 122 83 60 93 93 327 0 27 33 77 63 532 364 174 417 0 0 13 0 145 0 64 60 
204 201 97 0 121 87 60 92 93 327 0 24 33 73 63 526 333 188 511 0 0 13 0 145 0 63 60 
209 200 97 0 122 83 60 90 93 323 0 27 33 79 61 543 298 225 563 0 0 13 0 145 0 61 60 
209 207 99 0 122 77 60 94 93 331 0 25 33 74 61 576 295 222 577 0 0 13 0 145 0 61 60 
207 211 95 0 123 77 60 91 93 332 0 27 33 94 63 529 341 74 479 0 0 13 0 145 0 60 60 
207 210 101 0 124 79 60 91 94 332 0 26 33 85 62 524 322 202 485 0 0 13 0 145 0 60 60 
207 201 97 0 124 77 60 100 92 327 0 26 34 69 63 504 304 190 500 0 0 13 0 145 0 60 60 
206 205 97 0 123 74 60 97 92 331 0 25 35 76 63 522 312 193 559 0 0 13 0 145 0 60 60 
204 210 100 0 121 79 60 97 93 338 0 27 35 107 61 525 308 189 572 0 0 13 0 145 0 60 60 
206 202 97 0 119 87 61 91 93 340 0 26 34 82 62 527 260 125 533 0 0 13 0 145 0 60 60 
205 210 96 0 118 88 60 97 92 336 0 26 34 60 61 532 318 158 473 0 0 12 0 145 0 61 60 
209 210 97 0 119 85 60 94 91 328 0 26 33 74 62 526 290 66 533 0 0 12 0 145 0 61 60 
205 219 100 0 121 81 60 90 93 330 0 25 34 91 62 530 303 178 511 0 0 12 0 145 0 61 60 
208 199 98 0 123 88 60 90 94 332 0 25 35 89 61 532 305 177 564 0 0 13 0 145 0 61 60 
208 216 97 0 124 85 60 92 95 335 0 24 36 76 62 551 310 148 574 0 0 14 0 145 0 62 60 
205 213 97 0 126 86 60 88 93 331 0 24 34 58 63 536 332 91 451 0 0 14 0 145 0 63 60 
206 208 92 0 128 91 60 89 91 334 0 25 35 76 61 550 329 155 465 0 0 13 0 145 0 63 60 
205 209 97 0 129 93 60 99 92 336 0 25 34 81 62 546 290 210 538 0 0 13 0 145 0 63 60 
208 203 98 0 128 90 60 94 92 334 0 23 37 80 63 544 316 136 524 0 0 13 0 145 0 63 60 
208 196 95 0 128 92 60 94 93 333 0 26 37 76 61 497 358 148 542 0 0 13 0 145 0 64 60 
209 205 97 0 125 94 60 92 93 331 0 24 35 67 61 505 336 107 494 0 0 13 0 145 0 62 60 
204 200 97 0 124 97 60 92 92 327 0 26 35 69 62 496 342 148 508 0 0 13 0 145 0 63 60 
209 200 94 0 122 93 60 91 93 320 0 24 36 74 61 493 348 57 555 0 0 13 0 145 0 62 60 
206 208 97 0 123 91 60 93 93 325 0 28 37 79 62 482 304 198 520 0 0 13 0 145 0 62 60 
208 211 96 0 124 89 61 95 95 334 0 26 37 80 62 512 330 267 554 0 0 13 0 145 0 61 60 
211 207 96 0 125 84 60 92 95 333 0 24 40 68 63 518 324 206 525 0 0 13 0 145 0 61 60 
208 206 96 0 127 75 60 95 93 332 0 24 36 89 64 495 310 223 498 0 0 13 0 145 0 62 60 
206 211 97 0 128 73 60 95 91 326 0 25 37 90 65 511 320 163 535 0 0 13 0 145 0 63 60 
210 207 97 0 127 73 60 96 93 330 0 25 36 79 63 512 290 205 557 0 0 14 0 145 0 63 60 
207 207 96 0 127 75 60 94 93 336 0 24 37 50 61 544 271 165 571 0 0 13 0 145 0 64 60 
210 203 98 0 127 79 60 92 93 334 0 25 36 51 61 523 309 249 494 0 0 12 0 145 0 65 60 
208 221 93 0 126 84 60 93 92 327 0 26 36 71 63 550 308 224 443 0 0 12 0 145 0 64 60 
208 196 100 0 125 86 60 90 94 327 0 26 36 81 63 581 330 271 471 0 0 13 0 145 0 65 60 
208 214 96 0 123 82 60 94 93 326 0 24 36 76 63 531 345 224 548 0 0 13 0 145 0 65 60 
207 215 94 0 124 80 61 95 94 325 0 25 36 74 62 512 339 216 558 0 0 13 0 145 0 64 60 
205 206 99 0 124 81 60 94 93 331 0 27 35 87 61 493 322 176 488 0 0 13 0 145 0 63 60 
206 212 97 0 125 85 60 102 91 334 0 25 34 76 62 499 292 232 435 0 0 13 0 145 0 63 60 
208 209 96 0 125 88 60 91 93 331 0 26 35 76 63 518 282 242 508 0 0 13 0 145 0 63 60 
208 196 100 0 125 90 60 93 94 326 0 26 35 73 61 510 322 172 536 0 0 13 0 145 0 62 60 
207 206 94 0 125 93 60 93 94 336 0 26 35 75 62 521 319 258 587 0 0 13 0 145 0 62 60 
207 196 95 0 126 91 60 92 93 339 0 26 35 89 60 491 295 46 534 0 0 13 0 145 0 63 60 
208 205 100 0 125 83 60 93 93 340 0 24 37 89 61 505 302 197 450 0 0 13 0 145 0 61 60 
205 208 95 0 126 82 60 88 94 332 0 25 37 77 64 511 323 235 494 0 0 13 0 145 0 61 60 
206 210 99 0 126 87 60 92 95 330 0 25 37 71 61 526 302 154 565 0 0 13 0 145 0 62 60 
206 211 99 0 126 87 60 89 96 328 0 24 35 98 61 497 358 208 581 0 0 13 0 145 0 62 60 
204 200 97 0 124 82 60 94 95 331 0 24 36 94 60 525 285 216 494 0 0 13 0 145 0 62 60 
207 207 95 0 124 76 60 94 92 328 0 24 39 70 60 535 283 187 467 0 0 13 0 145 0 61 60 
208 207 97 0 123 77 60 94 93 328 0 25 38 58 63 536 299 175 502 0 0 13 0 145 0 61 60 
