0 0 0 0 0 56 0 0 0 0 0 26 16 0 0 0 0 0 25 0 0 10 0 127 0 0 60 
0 0 0 0 0 56 0 0 0 0 0 28 16 0 0 0 0 0 20 0 0 0 0 127 0 0 60 
0 0 0 0 0 56 0 0 0 0 0 26 16 0 0 0 0 0 21 0 0 10 0 127 0 0 60 
0 0 0 0 0 54 0 0 0 0 0 27 16 0 0 0 0 0 16 0 0 10 0 127 0 0 60 
0 0 0 0 0 56 0 0 0 0 0 29 16 0 0 0 0 0 22 0 0 10 0 127 0 0 60 
0 0 0 0 0 56 0 0 0 0 0 29 16 0 0 0 0 0 17 0 0 11 0 127 0 0 60 
0 0 0 0 0 57 0 0 0 0 0 27 16 0 0 0 0 0 17 0 0 10 0 127 0 0 60 
0 0 0 0 0 57 0 0 0 0 0 28 16 0 0 0 0 0 27 0 0 10 0 127 0 0 60 
0 0 0 0 0 56 0 0 0 0 0 27 16 0 0 0 0 0 23 0 0 0 0 127 0 0 60 
0 0 0 0 0 57 0 0 0 0 0 26 16 0 0 0 0 0 19 0 0 10 0 127 0 0 60 
0 0 0 0 0 57 0 0 0 0 0 28 16 0 0 0 0 0 19 0 0 10 0 127 0 0 60 
0 0 0 0 0 57 0 0 0 0 0 27 16 0 0 0 0 0 18 0 0 10 0 127 0 0 60 
0 0 0 0 0 57 0 0 0 0 0 29 16 0 0 0 0 0 17 0 0 0 0 127 0 0 60 
0 0 0 0 0 57 0 0 0 0 0 28 16 0 0 0 0 0 18 0 0 10 0 127 0 0 60 
0 0 0 0 0 56 0 0 0 0 0 28 16 0 0 0 0 0 17 0 0 10 0 127 0 0 60 
0 0 0 0 0 57 0 0 0 0 0 29 16 0 0 0 0 0 22 0 0 11 0 127 0 0 60 
0 0 0 0 0 56 0 0 0 0 0 28 16 0 0 0 0 0 18 0 0 11 0 127 0 0 60 
0 0 0 0 0 56 0 0 0 0 0 28 16 0 0 0 0 0 18 0 0 10 0 127 0 0 60 
0 0 0 0 0 56 0 0 0 0 0 28 16 0 0 0 0 0 22 0 0 10 0 127 0 0 60 
0 0 0 0 0 56 0 0 0 0 0 27 16 0 0 0 0 0 26 0 0 10 0 127 0 0 60 
0 0 0 0 0 57 0 0 0 0 0 29 16 0 0 0 0 0 17 0 0 10 0 127 0 0 60 
0 0 0 0 0 56 0 0 0 0 0 29 16 0 0 0 0 0 17 0 0 10 0 127 0 0 60 
0 0 0 0 0 57 0 0 0 0 0 26 16 0 0 0 0 0 18 0 0 10 0 127 0 0 60 
0 0 0 0 0 57 0 0 0 0 0 27 16 0 0 0 0 0 26 0 0 10 0 127 0 0 60 
0 0 0 0 0 56 0 0 0 0 0 28 16 0 0 0 0 0 17 0 0 10 0 127 0 0 60 
0 0 0 0 0 57 0 0 0 0 0 27 16 0 0 0 0 0 25 0 0 10 0 127 0 0 60 
0 0 0 0 0 57 0 0 0 0 0 28 16 0 0 0 0 0 18 0 0 11 0 127 0 0 60 
0 0 0 0 0 56 0 0 0 0 0 28 16 0 0 0 0 0 26 0 0 11 0 127 0 0 60 
0 0 0 0 0 56 0 0 0 0 0 29 16 0 0 0 0 0 25 0 0 11 0 127 0 0 60 
0 0 0 0 0 55 0 0 0 0 0 29 16 0 0 0 0 0 26 0 0 11 0 127 0 0 60 
0 0 0 0 0 54 0 0 0 0 0 28 16 0 0 0 0 0 18 0 0 11 0 127 0 0 60 
0 0 0 0 0 56 0 0 0 0 0 29 16 0 0 0 0 0 21 0 0 11 0 127 0 0 60 
0 0 0 0 0 56 0 0 0 0 0 28 16 0 0 0 0 0 26 0 0 10 0 127 0 0 60 
0 0 0 0 0 57 0 0 0 0 0 29 16 0 0 0 0 0 26 0 0 10 0 127 0 0 60 
0 0 0 0 0 57 0 0 0 0 0 28 16 0 0 0 0 0 18 0 0 0 0 127 0 0 60 
0 0 0 0 0 57 0 0 0 0 0 27 16 0 0 0 0 0 19 0 0 10 0 127 0 0 60 
0 0 0 0 0 57 0 0 0 0 0 30 16 0 0 0 0 0 16 0 0 10 0 127 0 0 60 
0 0 0 0 0 57 0 0 0 0 0 28 16 0 0 0 0 0 21 0 0 10 0 127 0 0 60 
0 0 0 0 0 57 0 0 0 0 0 28 16 0 0 0 0 0 21 0 0 10 0 127 0 0 60 
0 0 0 0 0 57 0 0 0 0 0 26 16 0 0 0 0 0 23 0 0 11 0 127 0 0 60 
0 0 0 0 0 57 0 0 0 0 0 26 16 0 0 0 0 0 16 0 0 11 0 127 0 0 60 
0 0 0 0 0 57 0 0 0 0 0 29 16 0 0 0 0 0 23 0 0 10 0 127 0 0 60 
0 0 0 0 0 57 0 0 0 0 0 28 16 0 0 0 0 0 25 0 0 0 0 127 0 0 60 
0 0 0 0 0 57 0 0 0 0 0 25 16 0 0 0 0 0 18 0 0 10 0 127 0 0 60 
0 0 0 0 0 57 0 0 0 0 0 27 16 0 0 0 0 0 17 0 0 0 0 127 0 0 60 
0 0 0 0 0 57 0 0 0 0 0 28 16 0 0 0 0 0 25 0 0 0 0 127 0 0 60 
0 0 0 0 0 57 0 0 0 0 0 27 16 0 0 0 0 0 28 0 0 10 0 127 0 0 60 
0 0 0 0 0 57 0 0 0 0 0 28 16 0 0 0 0 0 27 0 0 10 0 127 0 0 60 
0 0 0 0 0 56 0 0 0 0 0 28 16 0 0 0 0 0 29 0 0 10 0 127 0 0 60 
0 0 0 0 0 55 0 0 0 0 0 29 16 0 0 0 0 0 19 0 0 10 0 127 0 0 60 
0 0 0 0 0 55 0 0 0 0 0 28 16 0 0 0 0 0 28 0 0 10 0 127 0 0 60 
0 0 0 0 0 56 0 0 0 0 0 30 16 0 0 0 0 0 18 0 0 11 0 127 0 0 60 
0 0 0 0 0 57 0 0 0 0 0 27 16 0 0 0 0 0 23 0 0 10 0 127 0 0 60 
0 0 0 0 0 56 0 0 0 0 0 27 16 0 0 0 0 0 28 0 0 10 0 127 0 0 60 
0 0 0 0 0 56 0 0 0 0 0 28 16 0 0 0 0 0 20 0 0 10 0 127 0 0 60 
0 0 0 0 0 56 0 0 0 0 0 27 16 0 0 0 0 0 17 0 0 10 0 127 0 0 60 
0 0 0 0 0 56 0 0 0 0 0 27 16 0 0 0 0 0 19 0 0 10 0 127 0 0 60 
0 0 0 0 0 56 0 0 0 0 0 28 16 0 0 0 0 0 28 0 0 11 0 127 0 0 60 
0 0 0 0 0 57 0 0 0 0 0 28 16 0 0 0 0 0 28 0 0 10 0 127 0 0 60 
0 0 0 0 0 56 0 0 0 0 0 28 16 0 0 0 0 0 27 0 0 10 0 127 0 0 60 
0 0 0 0 0 56 0 0 0 0 0 28 16 0 0 0 0 0 20 0 0 10 0 127 0 0 60 
0 0 0 0 0 57 0 0 0 0 0 27 16 0 0 0 0 0 22 0 0 0 0 127 0 0 60 
0 0 0 0 0 57 0 0 0 0 0 28 16 0 0 0 0 0 25 0 0 0 0 127 0 0 60 
0 0 0 0 0 57 0 0 0 0 0 28 16 0 0 0 0 0 20 0 0 0 0 127 0 0 60 
0 0 0 0 0 56 0 0 0 0 0 28 16 0 0 0 0 0 18 0 0 0 0 127 0 0 60 
0 0 0 0 0 56 0 0 0 0 0 28 16 0 0 0 0 0 17 0 0 10 0 127 0 0 60 
0 0 0 0 0 56 0 0 0 0 0 28 16 0 0 0 0 0 20 0 0 10 0 127 0 0 60 
0 0 0 0 0 56 0 0 0 0 0 26 16 0 0 0 0 0 23 0 0 11 0 127 0 0 60 
0 0 0 0 0 56 0 0 0 0 0 29 16 0 0 0 0 0 16 0 0 11 0 127 0 0 60 
0 0 0 0 0 55 0 0 0 0 0 28 16 0 0 0 0 0 18 0 0 10 0 127 0 0 60 
0 0 0 0 0 55 0 0 0 0 0 28 16 0 0 0 0 0 26 0 0 10 0 127 0 0 60 
0 0 0 0 0 55 0 0 0 0 0 28 16 0 0 0 0 0 27 0 0 0 0 127 0 0 60 
0 0 0 0 0 55 0 0 0 0 0 27 16 0 0 0 0 0 16 0 0 10 0 127 0 0 60 
0 0 0 0 0 56 0 0 0 0 0 29 16 0 0 0 0 0 23 0 0 0 0 127 0 0 60 
0 0 0 0 0 57 0 0 0 0 0 27 16 0 0 0 0 0 26 0 0 10 0 127 0 0 60 
0 0 0 0 0 56 0 0 0 0 0 28 16 0 0 0 0 0 24 0 0 0 0 127 0 0 60 
0 0 0 0 0 56 0 0 0 0 0 28 17 0 0 0 0 0 27 0 0 0 0 127 0 0 60 
0 0 0 0 0 56 0 0 0 0 0 27 16 0 0 0 0 0 25 0 0 10 0 127 0 0 60 
0 0 0 0 0 57 0 0 0 0 0 29 16 0 0 0 0 0 18 0 0 11 0 127 0 0 60 
0 0 0 0 0 57 0 0 0 0 0 28 16 0 0 0 0 0 16 0 0 10 0 127 0 0 60 
0 0 0 0 0 56 0 0 0 0 0 29 16 0 0 0 0 0 21 0 0 10 0 127 0 0 60 
0 0 0 0 0 56 0 0 0 0 0 30 16 0 0 0 0 0 19 0 0 10 0 127 0 0 60 
0 0 0 0 0 56 0 0 0 0 0 28 16 0 0 0 0 0 26 0 0 10 0 127 0 0 60 
0 0 0 0 0 57 0 0 0 0 0 29 16 0 0 0 0 0 20 0 0 10 0 127 0 0 60 
0 0 0 0 0 55 0 0 0 0 0 28 16 0 0 0 0 0 24 0 0 10 0 127 0 0 60 
0 0 0 0 0 54 0 0 0 0 0 26 16 0 0 0 0 0 15 0 0 10 0 127 0 0 60 
0 0 0 0 0 54 0 0 0 0 0 27 16 0 0 0 0 0 16 0 0 10 0 127 0 0 60 
0 0 0 0 0 56 0 0 0 0 0 28 16 0 0 0 0 0 24 0 0 10 0 127 0 0 60 
0 0 0 0 0 56 0 0 0 0 0 28 16 0 0 0 0 0 18 0 0 0 0 127 0 0 60 
0 0 0 0 0 57 0 0 0 0 0 29 16 0 0 0 0 0 25 0 0 10 0 127 0 0 60 
0 0 0 0 0 57 0 0 0 0 0 28 16 0 0 0 0 0 23 0 0 10 0 127 0 0 60 
0 0 0 0 0 57 0 0 0 0 0 29 16 0 0 0 0 0 16 0 0 10 0 127 0 0 60 
0 0 0 0 0 57 0 0 0 0 0 27 16 0 0 0 0 0 19 0 0 10 0 127 0 0 60 
0 0 0 0 0 55 0 0 0 0 0 29 16 0 0 0 0 0 18 0 0 10 0 127 0 0 60 
0 0 0 0 0 54 0 0 0 0 0 29 16 0 0 0 0 0 22 0 0 10 0 127 0 0 60 
0 0 0 0 0 54 0 0 0 0 0 27 16 0 0 0 0 0 19 0 0 10 0 127 0 0 60 
0 0 0 0 0 54 0 0 0 0 0 28 16 0 0 0 0 0 20 0 0 10 0 127 0 0 60 
0 0 0 0 0 54 0 0 0 0 0 28 16 0 0 0 0 0 18 0 0 10 0 127 0 0 60 
0 0 0 0 0 53 0 0 0 0 0 28 16 0 0 0 0 0 26 0 0 10 0 127 0 0 60 
0 0 0 0 0 56 0 0 0 0 0 29 16 0 0 0 0 0 23 0 0 10 0 127 0 0 60 
0 0 0 0 0 56 0 0 0 0 0 28 17 0 0 0 0 0 27 0 0 10 0 127 0 0 60 
0 0 0 0 0 55 0 0 0 0 0 27 16 0 0 0 0 0 17 0 0 10 0 127 0 0 60 
0 0 0 0 0 54 0 0 0 0 0 29 16 0 0 0 0 0 27 0 0 10 0 127 0 0 60 
0 0 0 0 0 54 0 0 0 0 0 27 16 0 0 0 0 0 16 0 0 10 0 127 0 0 60 
0 0 0 0 0 55 0 0 0 0 0 29 16 0 0 0 0 0 17 0 0 11 0 127 0 0 60 
0 0 0 0 0 55 0 0 0 0 0 28 16 0 0 0 0 0 18 0 0 11 0 127 0 0 60 
0 0 0 0 0 55 0 0 0 0 0 28 16 0 0 0 0 0 16 0 0 11 0 127 0 0 60 
0 0 0 0 0 55 0 0 0 0 0 28 16 0 0 0 0 0 21 0 0 11 0 127 0 0 60 
0 0 0 0 0 55 0 0 0 0 0 28 16 0 0 0 0 0 17 0 0 11 0 127 0 0 60 
0 0 0 0 0 55 0 0 0 0 0 27 16 0 0 0 0 0 18 0 0 10 0 127 0 0 60 
0 0 0 0 0 55 0 0 0 0 0 28 16 0 0 0 0 0 26 0 0 10 0 127 0 0 60 
0 0 0 0 0 55 0 0 0 0 0 26 16 0 0 0 0 0 26 0 0 10 0 127 0 0 60 
0 0 0 0 0 56 0 0 0 0 0 29 16 0 0 0 0 0 22 0 0 11 0 127 0 0 60 
0 0 0 0 0 56 0 0 0 0 0 28 16 0 0 0 0 0 20 0 0 11 0 127 0 0 60 
0 0 0 0 0 56 0 0 0 0 0 28 16 0 0 0 0 0 26 0 0 10 0 127 0 0 60 
0 0 0 0 0 56 0 0 0 0 0 27 16 0 0 0 0 0 26 0 0 11 0 127 0 0 60 
0 0 0 0 0 56 0 0 0 0 0 27 16 0 0 0 0 0 17 0 0 10 0 127 0 0 60 
0 0 0 0 0 55 0 0 0 0 0 28 16 0 0 0 0 0 21 0 0 10 0 127 0 0 60 
0 0 0 0 0 55 0 0 0 0 0 28 16 0 0 0 0 0 26 0 0 10 0 127 0 0 60 
0 0 0 0 0 55 0 0 0 0 0 27 16 0 0 0 0 0 23 0 0 10 0 127 0 0 60 
0 0 0 0 0 55 0 0 0 0 0 28 16 0 0 0 0 0 19 0 0 11 0 127 0 0 60 
0 0 0 0 0 55 0 0 0 0 0 27 16 0 0 0 0 0 21 0 0 10 0 127 0 0 60 
0 0 0 0 0 53 0 0 0 0 0 27 16 0 0 0 0 0 27 0 0 11 0 127 0 0 60 
0 0 0 0 0 54 0 0 0 0 0 28 16 0 0 0 0 0 28 0 0 11 0 127 0 0 60 
0 0 0 0 0 54 0 0 0 0 0 29 16 0 0 0 0 0 28 0 0 11 0 127 0 0 60 
0 0 0 0 0 55 0 0 0 0 0 29 16 0 0 0 0 0 18 0 0 11 0 127 0 0 60 
0 0 0 0 0 54 0 0 0 0 0 28 16 0 0 0 0 0 26 0 0 10 0 127 0 0 60 
0 0 0 0 0 54 0 0 0 0 0 28 16 0 0 0 0 0 27 0 0 10 0 127 0 0 60 
0 0 0 0 0 55 0 0 0 0 0 29 16 0 0 0 0 0 26 0 0 11 0 127 0 0 60 
0 0 0 0 0 54 0 0 0 0 0 28 16 0 0 0 0 0 20 0 0 10 0 127 0 0 60 
0 0 0 0 0 54 0 0 0 0 0 27 16 0 0 0 0 0 19 0 0 10 0 127 0 0 60 
0 0 0 0 0 54 0 0 0 0 0 29 16 0 0 0 0 0 23 0 0 0 0 127 0 0 60 
0 0 0 0 0 54 0 0 0 0 0 28 16 0 0 0 0 0 20 0 0 10 0 127 0 0 60 
0 0 0 0 0 54 0 0 0 0 0 28 16 0 0 0 0 0 23 0 0 11 0 127 0 0 60 
0 0 0 0 0 54 0 0 0 0 0 27 16 0 0 0 0 0 20 0 0 11 0 127 0 0 60 
0 0 0 0 0 55 0 0 0 0 0 26 16 0 0 0 0 0 25 0 0 10 0 127 0 0 60 
0 0 0 0 0 54 0 0 0 0 0 28 16 0 0 0 0 0 20 0 0 10 0 127 0 0 60 
0 0 0 0 0 54 0 0 0 0 0 28 16 0 0 0 0 0 18 0 0 10 0 127 0 0 60 
0 0 0 0 0 55 0 0 0 0 0 27 16 0 0 0 0 0 26 0 0 10 0 127 0 0 60 
0 0 0 0 0 55 0 0 0 0 0 28 17 0 0 0 0 0 24 0 0 10 0 127 0 0 60 
0 0 0 0 0 55 0 0 0 0 0 28 16 0 0 0 0 0 27 0 0 10 0 127 0 0 60 
0 0 0 0 0 55 0 0 0 0 0 29 16 0 0 0 0 0 28 0 0 10 0 127 0 0 60 
0 0 0 0 0 55 0 0 0 0 0 28 16 0 0 0 0 0 27 0 0 10 0 127 0 0 60 
0 0 0 0 0 55 0 0 0 0 0 26 16 0 0 0 0 0 18 0 0 10 0 127 0 0 60 
0 0 0 0 0 56 0 0 0 0 0 29 16 0 0 0 0 0 27 0 0 0 0 127 0 0 60 
0 0 0 0 0 55 0 0 0 0 0 27 16 0 0 0 0 0 18 0 0 0 0 127 0 0 60 
0 0 0 0 0 55 0 0 0 0 0 28 16 0 0 0 0 0 24 0 0 10 0 127 0 0 60 
0 0 0 0 0 56 0 0 0 0 0 29 16 0 0 0 0 0 20 0 0 10 0 127 0 0 60 
0 0 0 0 0 56 0 0 0 0 0 26 16 0 0 0 0 0 26 0 0 10 0 127 0 0 60 
0 0 0 0 0 57 0 0 0 0 0 29 16 0 0 0 0 0 22 0 0 11 0 127 0 0 60 
0 0 0 0 0 55 0 0 0 0 0 28 16 0 0 0 0 0 20 0 0 10 0 127 0 0 60 
0 0 0 0 0 53 0 0 0 0 0 28 16 0 0 0 0 0 18 0 0 10 0 127 0 0 60 
0 0 0 0 0 55 0 0 0 0 0 29 16 0 0 0 0 0 23 0 0 11 0 127 0 0 60 
0 0 0 0 0 57 0 0 0 0 0 28 16 0 0 0 0 0 24 0 0 11 0 127 0 0 60 
0 0 0 0 0 57 0 0 0 0 0 29 16 0 0 0 0 0 18 0 0 11 0 127 0 0 60 
0 0 0 0 0 56 0 0 0 0 0 29 16 0 0 0 0 0 25 0 0 10 0 127 0 0 60 
0 0 0 0 0 58 0 0 0 0 0 26 16 0 0 0 0 0 24 0 0 10 0 127 0 0 60 
0 0 0 0 0 59 0 0 0 0 0 28 16 0 0 0 0 0 25 0 0 10 0 127 0 0 60 
0 0 0 0 0 59 0 0 0 0 0 28 16 0 0 0 0 0 19 0 0 10 0 127 0 0 60 
0 0 0 0 0 51 0 0 0 0 0 28 17 0 0 0 0 0 25 0 0 11 0 127 0 0 60 
0 0 0 0 0 54 0 0 0 0 0 27 17 0 0 0 0 0 26 0 0 10 0 127 0 0 60 
0 0 0 0 0 51 0 0 0 0 0 28 16 0 0 0 0 0 29 0 0 11 0 127 0 0 60 
0 0 0 0 0 52 0 0 0 0 0 27 16 0 0 0 0 0 24 0 0 10 0 127 0 0 60 
0 0 0 0 0 52 0 0 0 0 0 28 16 0 0 0 0 0 26 0 0 10 0 127 0 0 60 
0 0 0 0 0 53 0 0 0 0 0 27 16 0 0 0 0 0 26 0 0 10 0 127 0 0 60 
0 0 0 0 0 57 0 0 0 0 0 28 16 0 0 0 0 0 15 0 0 11 0 127 0 0 60 
0 0 0 0 0 58 0 0 0 0 0 28 16 0 0 0 0 0 23 0 0 11 0 127 0 0 60 
0 0 0 0 0 59 0 0 0 0 0 27 16 0 0 0 0 0 22 0 0 11 0 127 0 0 60 
0 0 0 0 0 57 0 0 0 0 0 28 16 0 0 0 0 0 26 0 0 11 0 127 0 0 60 
0 0 0 0 0 55 0 0 0 0 0 27 16 0 0 0 0 0 18 0 0 11 0 127 0 0 60 
0 0 0 0 0 55 0 0 0 0 0 28 16 0 0 0 0 0 18 0 0 10 0 127 0 0 60 
0 0 0 0 0 56 0 0 0 0 0 26 16 0 0 0 0 0 28 0 0 10 0 127 0 0 60 
0 0 0 0 0 56 0 0 0 0 0 27 16 0 0 0 0 0 19 0 0 10 0 127 0 0 60 
0 0 0 0 0 54 0 0 0 0 0 27 16 0 0 0 0 0 19 0 0 10 0 127 0 0 60 
0 0 0 0 0 57 0 0 0 0 0 28 16 0 0 0 0 0 23 0 0 10 0 127 0 0 60 
0 0 0 0 0 58 0 0 0 0 0 27 16 0 0 0 0 0 28 0 0 10 0 127 0 0 60 
0 0 0 0 0 57 0 0 0 0 0 28 16 0 0 0 0 0 27 0 0 10 0 127 0 0 60 
0 0 0 0 0 56 0 0 0 0 0 28 16 0 0 0 0 0 22 0 0 10 0 127 0 0 60 
0 0 0 0 0 57 0 0 0 0 0 28 16 0 0 0 0 0 25 0 0 10 0 127 0 0 60 
0 0 0 0 0 57 0 0 0 0 0 28 16 0 0 0 0 0 18 0 0 10 0 127 0 0 60 
0 0 0 0 0 57 0 0 0 0 0 26 16 0 0 0 0 0 23 0 0 10 0 127 0 0 60 
0 0 0 0 0 56 0 0 0 0 0 27 16 0 0 0 0 0 22 0 0 10 0 127 0 0 60 
0 0 0 0 0 57 0 0 0 0 0 27 16 0 0 0 0 0 22 0 0 10 0 127 0 0 60 
0 0 0 0 0 57 0 0 0 0 0 28 16 0 0 0 0 0 19 0 0 10 0 127 0 0 60 
0 0 0 0 0 57 0 0 0 0 0 27 16 0 0 0 0 0 19 0 0 10 0 127 0 0 60 
0 0 0 0 0 57 0 0 0 0 0 27 16 0 0 0 0 0 19 0 0 10 0 127 0 0 60 
0 0 0 0 0 56 0 0 0 0 0 28 16 0 0 0 0 0 17 0 0 10 0 127 0 0 60 
0 0 0 0 0 55 0 0 0 0 0 28 16 0 0 0 0 0 20 0 0 10 0 127 0 0 60 
0 0 0 0 0 55 0 0 0 0 0 27 16 0 0 0 0 0 17 0 0 10 0 127 0 0 60 
0 0 0 0 0 56 0 0 0 0 0 27 16 0 0 0 0 0 17 0 0 10 0 127 0 0 60 
0 0 0 0 0 56 0 0 0 0 0 27 16 0 0 0 0 0 19 0 0 10 0 127 0 0 60 
0 0 0 0 0 56 0 0 0 0 0 28 16 0 0 0 0 0 17 0 0 10 0 127 0 0 60 
0 0 0 0 0 53 0 0 0 0 0 29 16 0 0 0 0 0 20 0 0 10 0 127 0 0 60 
0 0 0 0 0 54 0 0 0 0 0 27 16 0 0 0 0 0 17 0 0 10 0 127 0 0 60 
0 0 0 0 0 58 0 0 0 0 0 28 16 0 0 0 0 0 20 0 0 10 0 127 0 0 60 
0 0 0 0 0 55 0 0 0 0 0 28 16 0 0 0 0 0 28 0 0 10 0 127 0 0 60 
0 0 0 0 0 57 0 0 0 0 0 27 16 0 0 0 0 0 20 0 0 10 0 127 0 0 60 
0 0 0 0 0 56 0 0 0 0 0 28 16 0 0 0 0 0 18 0 0 10 0 127 0 0 60 
0 0 0 0 0 56 0 0 0 0 0 25 16 0 0 0 0 0 20 0 0 0 0 127 0 0 60 
0 0 0 0 0 57 0 0 0 0 0 28 16 0 0 0 0 0 21 0 0 10 0 127 0 0 60 
0 0 0 0 0 59 0 0 0 0 0 27 16 0 0 0 0 0 19 0 0 10 0 127 0 0 60 
0 0 0 0 0 58 0 0 0 0 0 28 16 0 0 0 0 0 20 0 0 10 0 127 0 0 60 
0 0 0 0 0 58 0 0 0 0 0 28 16 0 0 0 0 0 24 0 0 10 0 127 0 0 60 
0 0 0 0 0 57 0 0 0 0 0 27 16 0 0 0 0 0 28 0 0 10 0 127 0 0 60 
0 0 0 0 0 59 0 0 0 0 0 29 16 0 0 0 0 0 18 0 0 10 0 127 0 0 60 
0 0 0 0 0 59 0 0 0 0 0 28 16 0 0 0 0 0 19 0 0 10 0 127 0 0 60 
0 0 0 0 0 59 0 0 0 0 0 28 16 0 0 0 0 0 19 0 0 10 0 127 0 0 60 
0 0 0 0 0 59 0 0 0 0 0 29 16 0 0 0 0 0 27 0 0 10 0 127 0 0 60 
0 0 0 0 0 56 0 0 0 0 0 28 16 0 0 0 0 0 24 0 0 10 0 127 0 0 60 
0 0 0 0 0 57 0 0 0 0 0 28 16 0 0 0 0 0 18 0 0 10 0 127 0 0 60 
0 0 0 0 0 57 0 0 0 0 0 29 16 0 0 0 0 0 17 0 0 10 0 127 0 0 60 
0 0 0 0 0 59 0 0 0 0 0 28 16 0 0 0 0 0 19 0 0 10 0 127 0 0 60 
0 0 0 0 0 59 0 0 0 0 0 28 16 0 0 0 0 0 23 0 0 10 0 127 0 0 60 
0 0 0 0 0 58 0 0 0 0 0 29 16 0 0 0 0 0 22 0 0 10 0 127 0 0 60 
0 0 0 0 0 57 0 0 0 0 0 28 16 0 0 0 0 0 16 0 0 10 0 127 0 0 60 
0 0 0 0 0 56 0 0 0 0 0 28 16 0 0 0 0 0 18 0 0 10 0 127 0 0 60 
0 0 0 0 0 57 0 0 0 0 0 27 16 0 0 0 0 0 17 0 0 10 0 127 0 0 60 
0 0 0 0 0 58 0 0 0 0 0 28 16 0 0 0 0 0 18 0 0 10 0 127 0 0 60 
0 0 0 0 0 57 0 0 0 0 0 29 16 0 0 0 0 0 16 0 0 10 0 127 0 0 60 
0 0 0 0 0 56 0 0 0 0 0 28 16 0 0 0 0 0 24 0 0 11 0 127 0 0 60 
0 0 0 0 0 57 0 0 0 0 0 29 16 0 0 0 0 0 27 0 0 11 0 127 0 0 60 
0 0 0 0 0 59 0 0 0 0 0 27 16 0 0 0 0 0 19 0 0 11 0 127 0 0 60 
0 0 0 0 0 57 0 0 0 0 0 28 16 0 0 0 0 0 24 0 0 11 0 127 0 0 60 
0 0 0 0 0 55 0 0 0 0 0 27 16 0 0 0 0 0 26 0 0 11 0 127 0 0 60 
0 0 0 0 0 58 0 0 0 0 0 28 16 0 0 0 0 0 26 0 0 11 0 127 0 0 60 
0 0 0 0 0 58 0 0 0 0 0 28 16 0 0 0 0 0 19 0 0 11 0 127 0 0 60 
0 0 0 0 0 56 0 0 0 0 0 28 16 0 0 0 0 0 25 0 0 10 0 127 0 0 60 
0 0 0 0 0 59 0 0 0 0 0 27 16 0 0 0 0 0 17 0 0 10 0 127 0 0 60 
0 0 0 0 0 58 0 0 0 0 0 28 16 0 0 0 0 0 19 0 0 10 0 127 0 0 60 
0 0 0 0 0 58 0 0 0 0 0 28 16 0 0 0 0 0 18 0 0 10 0 127 0 0 60 
0 0 0 0 0 57 0 0 0 0 0 27 16 0 0 0 0 0 18 0 0 10 0 127 0 0 60 
0 0 0 0 0 58 0 0 0 0 0 28 16 0 0 0 0 0 16 0 0 10 0 127 0 0 60 
0 0 0 0 0 58 0 0 0 0 0 27 16 0 0 0 0 0 19 0 0 10 0 127 0 0 60 
0 0 0 0 0 58 0 0 0 0 0 28 16 0 0 0 0 0 26 0 0 11 0 127 0 0 60 
0 0 0 0 0 58 0 0 0 0 0 28 16 0 0 0 0 0 16 0 0 10 0 127 0 0 60 
0 0 0 0 0 58 0 0 0 0 0 27 16 0 0 0 0 0 21 0 0 11 0 127 0 0 60 
0 0 0 0 0 58 0 0 0 0 0 29 16 0 0 0 0 0 23 0 0 10 0 127 0 0 60 
0 0 0 0 0 58 0 0 0 0 0 28 16 0 0 0 0 0 17 0 0 10 0 127 0 0 60 
0 0 0 0 0 58 0 0 0 0 0 24 16 0 0 0 0 0 18 0 0 11 0 127 0 0 60 
0 0 0 0 0 57 0 0 0 0 0 27 16 0 0 0 0 0 16 0 0 11 0 127 0 0 60 
0 0 0 0 0 56 0 0 0 0 0 27 16 0 0 0 0 0 16 0 0 10 0 127 0 0 60 
0 0 0 0 0 59 0 0 0 0 0 29 16 0 0 0 0 0 26 0 0 10 0 127 0 0 60 
0 0 0 0 0 57 0 0 0 0 0 27 16 0 0 0 0 0 17 0 0 10 0 127 0 0 60 
0 0 0 0 0 59 0 0 0 0 0 27 16 0 0 0 0 0 24 0 0 10 0 127 0 0 60 
0 0 0 0 0 59 0 0 0 0 0 27 16 0 0 0 0 0 22 0 0 10 0 127 0 0 60 
0 0 0 0 0 57 0 0 0 0 0 30 16 0 0 0 0 0 19 0 0 10 0 127 0 0 60 
0 0 0 0 0 58 0 0 0 0 0 28 16 0 0 0 0 0 26 0 0 11 0 127 0 0 60 
0 0 0 0 0 57 0 0 0 0 0 28 16 0 0 0 0 0 19 0 0 10 0 127 0 0 60 
0 0 0 0 0 57 0 0 0 0 0 28 16 0 0 0 0 0 16 0 0 11 0 127 0 0 60 
0 0 0 0 0 58 0 0 0 0 0 28 16 0 0 0 0 0 24 0 0 10 0 127 0 0 60 
0 0 0 0 0 59 0 0 0 0 0 28 16 0 0 0 0 0 19 0 0 11 0 127 0 0 60 
0 0 0 0 0 59 0 0 0 0 0 27 16 0 0 0 0 0 25 0 0 11 0 127 0 0 60 
0 0 0 0 0 60 0 0 0 0 0 29 16 0 0 0 0 0 26 0 0 11 0 127 0 0 60 
0 0 0 0 0 59 0 0 0 0 0 28 16 0 0 0 0 0 25 0 0 11 0 127 0 0 60 
0 0 0 0 0 59 0 0 0 0 0 28 16 0 0 0 0 0 20 0 0 11 0 127 0 0 60 
0 0 0 0 0 60 0 0 0 0 0 28 16 0 0 0 0 0 21 0 0 11 0 127 0 0 60 
0 0 0 0 0 59 0 0 0 0 0 27 16 0 0 0 0 0 15 0 0 11 0 127 0 0 60 
0 0 0 0 0 59 0 0 0 0 0 28 16 0 0 0 0 0 20 0 0 11 0 127 0 0 60 
0 0 0 0 0 59 0 0 0 0 0 28 16 0 0 0 0 0 20 0 0 10 0 127 0 0 60 
0 0 0 0 0 59 0 0 0 0 0 28 16 0 0 0 0 0 26 0 0 10 0 127 0 0 60 
0 0 0 0 0 58 0 0 0 0 0 28 16 0 0 0 0 0 22 0 0 10 0 127 0 0 60 
0 0 0 0 0 58 0 0 0 0 0 26 16 0 0 0 0 0 23 0 0 10 0 127 0 0 60 
0 0 0 0 0 59 0 0 0 0 0 28 16 0 0 0 0 0 27 0 0 10 0 127 0 0 60 
0 0 0 0 0 59 0 0 0 0 0 28 16 0 0 0 0 0 19 0 0 10 0 127 0 0 60 
0 0 0 0 0 59 0 0 0 0 0 29 16 0 0 0 0 0 26 0 0 10 0 127 0 0 60 
0 0 0 0 0 59 0 0 0 0 0 28 16 0 0 0 0 0 27 0 0 10 0 127 0 0 60 
0 0 0 0 0 59 0 0 0 0 0 28 17 0 0 0 0 0 21 0 0 10 0 127 0 0 60 
0 0 0 0 0 59 0 0 0 0 0 27 16 0 0 0 0 0 17 0 0 10 0 127 0 0 60 
0 0 0 0 0 59 0 0 0 0 0 28 16 0 0 0 0 0 24 0 0 11 0 127 0 0 60 
0 0 0 0 0 58 0 0 0 0 0 28 16 0 0 0 0 0 23 0 0 11 0 127 0 0 60 
0 0 0 0 0 59 0 0 0 0 0 29 16 0 0 0 0 0 16 0 0 11 0 127 0 0 60 
0 0 0 0 0 59 0 0 0 0 0 28 16 0 0 0 0 0 15 0 0 11 0 127 0 0 60 
0 0 0 0 0 59 0 0 0 0 0 27 16 0 0 0 0 0 15 0 0 10 0 127 0 0 60 
0 0 0 0 0 59 0 0 0 0 0 26 16 0 0 0 0 0 19 0 0 10 0 127 0 0 60 
0 0 0 0 0 60 0 0 0 0 0 28 16 0 0 0 0 0 22 0 0 10 0 127 0 0 60 
0 0 0 0 0 59 0 0 0 0 0 27 16 0 0 0 0 0 17 0 0 10 0 127 0 0 60 
0 0 0 0 0 59 0 0 0 0 0 28 16 0 0 0 0 0 20 0 0 11 0 127 0 0 60 
0 0 0 0 0 59 0 0 0 0 0 26 16 0 0 0 0 0 22 0 0 11 0 127 0 0 60 
0 0 0 0 0 59 0 0 0 0 0 29 16 0 0 0 0 0 22 0 0 11 0 127 0 0 60 
0 0 0 0 0 58 0 0 0 0 0 27 16 0 0 0 0 0 20 0 0 11 0 127 0 0 60 
0 0 0 0 0 58 0 0 0 0 0 27 16 0 0 0 0 0 24 0 0 10 0 127 0 0 60 
0 0 0 0 0 58 0 0 0 0 0 28 16 0 0 0 0 0 27 0 0 10 0 127 0 0 60 
0 0 0 0 0 58 0 0 0 0 0 27 16 0 0 0 0 0 20 0 0 10 0 127 0 0 60 
0 0 0 0 0 57 0 0 0 0 0 27 16 0 0 0 0 0 22 0 0 10 0 127 0 0 60 
0 0 0 0 0 59 0 0 0 0 0 28 16 0 0 0 0 0 17 0 0 10 0 127 0 0 60 
0 0 0 0 0 59 0 0 0 0 0 27 16 0 0 0 0 0 19 0 0 10 0 127 0 0 60 
0 0 0 0 0 58 0 0 0 0 0 30 16 0 0 0 0 0 19 0 0 10 0 127 0 0 60 
0 0 0 0 0 57 0 0 0 0 0 27 16 0 0 0 0 0 17 0 0 11 0 127 0 0 60 
0 0 0 0 0 58 0 0 0 0 0 27 16 0 0 0 0 0 25 0 0 10 0 127 0 0 60 
0 0 0 0 0 58 0 0 0 0 0 28 16 0 0 0 0 0 26 0 0 11 0 127 0 0 60 
0 0 0 0 0 57 0 0 0 0 0 27 16 0 0 0 0 0 27 0 0 11 0 127 0 0 60 
0 0 0 0 0 57 0 0 0 0 0 28 16 0 0 0 0 0 16 0 0 11 0 127 0 0 60 
0 0 0 0 0 59 0 0 0 0 0 27 16 0 0 0 0 0 22 0 0 10 0 127 0 0 60 
0 0 0 0 0 58 0 0 0 0 0 27 16 0 0 0 0 0 26 0 0 10 0 127 0 0 60 
0 0 0 0 0 58 0 0 0 0 0 30 16 0 0 0 0 0 21 0 0 10 0 127 0 0 60 
0 0 0 0 0 58 0 0 0 0 0 27 16 0 0 0 0 0 22 0 0 11 0 127 0 0 60 
0 0 0 0 0 59 0 0 0 0 0 27 16 0 0 0 0 0 17 0 0 11 0 127 0 0 60 
0 0 0 0 0 59 0 0 0 0 0 28 16 0 0 0 0 0 18 0 0 11 0 127 0 0 60 
0 0 0 0 0 59 0 0 0 0 0 28 16 0 0 0 0 0 24 0 0 10 0 127 0 0 60 
0 0 0 0 0 59 0 0 0 0 0 29 16 0 0 0 0 0 22 0 0 11 0 127 0 0 60 
0 0 0 0 0 59 0 0 0 0 0 27 16 0 0 0 0 0 23 0 0 11 0 127 0 0 60 
0 0 0 0 0 59 0 0 0 0 0 26 16 0 0 0 0 0 19 0 0 11 0 127 0 0 60 
0 0 0 0 0 59 0 0 0 0 0 29 16 0 0 0 0 0 25 0 0 11 0 127 0 0 60 
0 0 0 0 0 59 0 0 0 0 0 28 16 0 0 0 0 0 25 0 0 10 0 127 0 0 60 
0 0 0 0 0 59 0 0 0 0 0 28 16 0 0 0 0 0 19 0 0 10 0 127 0 0 60 
0 0 0 0 0 58 0 0 0 0 0 28 16 0 0 0 0 0 25 0 0 11 0 127 0 0 60 
0 0 0 0 0 59 0 0 0 0 0 28 16 0 0 0 0 0 19 0 0 11 0 127 0 0 60 
0 0 0 0 0 58 0 0 0 0 0 28 16 0 0 0 0 0 17 0 0 11 0 127 0 0 60 
0 0 0 0 0 58 0 0 0 0 0 27 16 0 0 0 0 0 19 0 0 10 0 127 0 0 60 
0 0 0 0 0 58 0 0 0 0 0 27 16 0 0 0 0 0 19 0 0 11 0 127 0 0 60 
0 0 0 0 0 59 0 0 0 0 0 30 16 0 0 0 0 0 24 0 0 11 0 127 0 0 60 
0 0 0 0 0 58 0 0 0 0 0 28 16 0 0 0 0 0 19 0 0 11 0 127 0 0 60 
0 0 0 0 0 58 0 0 0 0 0 28 16 0 0 0 0 0 25 0 0 10 0 127 0 0 60 
0 0 0 0 0 58 0 0 0 0 0 28 16 0 0 0 0 0 22 0 0 10 0 127 0 0 60 
0 0 0 0 0 58 0 0 0 0 0 28 16 0 0 0 0 0 20 0 0 10 0 127 0 0 60 
0 0 0 0 0 58 0 0 0 0 0 28 16 0 0 0 0 0 26 0 0 11 0 127 0 0 60 
0 0 0 0 0 58 0 0 0 0 0 29 16 0 0 0 0 0 23 0 0 10 0 127 0 0 60 
0 0 0 0 0 57 0 0 0 0 0 28 16 0 0 0 0 0 20 0 0 10 0 127 0 0 60 
0 0 0 0 0 57 0 0 0 0 0 28 16 0 0 0 0 0 24 0 0 11 0 127 0 0 60 
0 0 0 0 0 57 0 0 0 0 0 28 16 0 0 0 0 0 19 0 0 11 0 127 0 0 60 
0 0 0 0 0 57 0 0 0 0 0 28 16 0 0 0 0 0 15 0 0 10 0 127 0 0 60 
0 0 0 0 0 58 0 0 0 0 0 26 16 0 0 0 0 0 22 0 0 10 0 127 0 0 60 
0 0 0 0 0 57 0 0 0 0 0 28 16 0 0 0 0 0 21 0 0 10 0 127 0 0 60 
0 0 0 0 0 57 0 0 0 0 0 28 16 0 0 0 0 0 20 0 0 10 0 127 0 0 60 
0 0 0 0 0 57 0 0 0 0 0 28 16 0 0 0 0 0 19 0 0 10 0 127 0 0 60 
0 0 0 0 0 58 0 0 0 0 0 28 16 0 0 0 0 0 19 0 0 10 0 127 0 0 60 
0 0 0 0 0 57 0 0 0 0 0 29 16 0 0 0 0 0 25 0 0 10 0 127 0 0 60 
0 0 0 0 0 58 0 0 0 0 0 26 16 0 0 0 0 0 26 0 0 10 0 127 0 0 60 
0 0 0 0 0 58 0 0 0 0 0 28 16 0 0 0 0 0 19 0 0 10 0 127 0 0 60 
0 0 0 0 0 58 0 0 0 0 0 27 16 0 0 0 0 0 20 0 0 10 0 127 0 0 60 
0 0 0 0 0 58 0 0 0 0 0 28 16 0 0 0 0 0 20 0 0 10 0 127 0 0 60 
0 0 0 0 0 58 0 0 0 0 0 29 16 0 0 0 0 0 26 0 0 10 0 127 0 0 60 
0 0 0 0 0 57 0 0 0 0 0 28 16 0 0 0 0 0 23 0 0 10 0 127 0 0 60 
0 0 0 0 0 58 0 0 0 0 0 28 16 0 0 0 0 0 26 0 0 11 0 127 0 0 60 
0 0 0 0 0 58 0 0 0 0 0 27 16 0 0 0 0 0 17 0 0 10 0 127 0 0 60 
0 0 0 0 0 57 0 0 0 0 0 27 16 0 0 0 0 0 25 0 0 10 0 127 0 0 60 
0 0 0 0 0 57 0 0 0 0 0 29 16 0 0 0 0 0 24 0 0 10 0 127 0 0 60 
0 0 0 0 0 57 0 0 0 0 0 28 16 0 0 0 0 0 22 0 0 10 0 127 0 0 60 
0 0 0 0 0 58 0 0 0 0 0 27 16 0 0 0 0 0 23 0 0 11 0 127 0 0 60 
0 0 0 0 0 58 0 0 0 0 0 27 16 0 0 0 0 0 25 0 0 10 0 127 0 0 60 
0 0 0 0 0 57 0 0 0 0 0 27 16 0 0 0 0 0 21 0 0 11 0 127 0 0 60 
0 0 0 0 0 58 0 0 0 0 0 28 16 0 0 0 0 0 20 0 0 11 0 127 0 0 60 
0 0 0 0 0 58 0 0 0 0 0 27 16 0 0 0 0 0 16 0 0 10 0 127 0 0 60 
0 0 0 0 0 57 0 0 0 0 0 27 16 0 0 0 0 0 19 0 0 10 0 127 0 0 60 
0 0 0 0 0 58 0 0 0 0 0 29 16 0 0 0 0 0 25 0 0 10 0 127 0 0 60 
0 0 0 0 0 57 0 0 0 0 0 28 16 0 0 0 0 0 25 0 0 10 0 127 0 0 60 
0 0 0 0 0 58 0 0 0 0 0 28 16 0 0 0 0 0 23 0 0 10 0 127 0 0 60 
0 0 0 0 0 57 0 0 0 0 0 27 16 0 0 0 0 0 16 0 0 10 0 127 0 0 60 
0 0 0 0 0 57 0 0 0 0 0 27 16 0 0 0 0 0 21 0 0 10 0 127 0 0 60 
0 0 0 0 0 59 0 0 0 0 0 29 16 0 0 0 0 0 19 0 0 10 0 127 0 0 60 
0 0 0 0 0 59 0 0 0 0 0 28 16 0 0 0 0 0 27 0 0 0 0 127 0 0 60 
0 0 0 0 0 58 0 0 0 0 0 26 16 0 0 0 0 0 22 0 0 10 0 127 0 0 60 
0 0 0 0 0 59 0 0 0 0 0 29 16 0 0 0 0 0 25 0 0 10 0 127 0 0 60 
0 0 0 0 0 56 0 0 0 0 0 27 16 0 0 0 0 0 16 0 0 0 0 127 0 0 60 
0 0 0 0 0 57 0 0 0 0 0 27 16 0 0 0 0 0 24 0 0 10 0 127 0 0 60 
0 0 0 0 0 58 0 0 0 0 0 27 16 0 0 0 0 0 17 0 0 10 0 127 0 0 60 
0 0 0 0 0 58 0 0 0 0 0 27 16 0 0 0 0 0 15 0 0 10 0 127 0 0 60 
0 0 0 0 0 57 0 0 0 0 0 28 16 0 0 0 0 0 24 0 0 11 0 127 0 0 60 
0 0 0 0 0 57 0 0 0 0 0 28 16 0 0 0 0 0 17 0 0 10 0 127 0 0 60 
0 0 0 0 0 57 0 0 0 0 0 26 16 0 0 0 0 0 26 0 0 10 0 127 0 0 60 
0 0 0 0 0 57 0 0 0 0 0 27 16 0 0 0 0 0 24 0 0 10 0 127 0 0 60 
0 0 0 0 0 59 0 0 0 0 0 28 16 0 0 0 0 0 17 0 0 11 0 127 0 0 60 
0 0 0 0 0 59 0 0 0 0 0 29 16 0 0 0 0 0 25 0 0 10 0 127 0 0 60 
0 0 0 0 0 59 0 0 0 0 0 28 16 0 0 0 0 0 17 0 0 10 0 127 0 0 60 
0 0 0 0 0 58 0 0 0 0 0 26 16 0 0 0 0 0 17 0 0 11 0 127 0 0 60 
0 0 0 0 0 58 0 0 0 0 0 28 16 0 0 0 0 0 18 0 0 11 0 127 0 0 60 
0 0 0 0 0 56 0 0 0 0 0 28 16 0 0 0 0 0 20 0 0 11 0 127 0 0 60 
0 0 0 0 0 56 0 0 0 0 0 29 15 0 0 0 0 0 18 0 0 11 0 127 0 0 60 
0 0 0 0 0 57 0 0 0 0 0 27 16 0 0 0 0 0 26 0 0 11 0 127 0 0 60 
0 0 0 0 0 56 0 0 0 0 0 29 16 0 0 0 0 0 18 0 0 10 0 127 0 0 60 
0 0 0 0 0 56 0 0 0 0 0 28 16 0 0 0 0 0 18 0 0 10 0 127 0 0 60 
0 0 0 0 0 58 0 0 0 0 0 27 16 0 0 0 0 0 24 0 0 10 0 127 0 0 60 
0 0 0 0 0 56 0 0 0 0 0 27 16 0 0 0 0 0 24 0 0 11 0 127 0 0 60 
0 0 0 0 0 57 0 0 0 0 0 28 16 0 0 0 0 0 19 0 0 11 0 127 0 0 60 
0 0 0 0 0 56 0 0 0 0 0 27 16 0 0 0 0 0 27 0 0 11 0 127 0 0 60 
0 0 0 0 0 57 0 0 0 0 0 28 16 0 0 0 0 0 14 0 0 11 0 127 0 0 60 
0 0 0 0 0 56 0 0 0 0 0 27 16 0 0 0 0 0 17 0 0 10 0 127 0 0 60 
0 0 0 0 0 56 0 0 0 0 0 26 16 0 0 0 0 0 17 0 0 10 0 127 0 0 60 
0 0 0 0 0 55 0 0 0 0 0 29 16 0 0 0 0 0 16 0 0 10 0 127 0 0 60 
0 0 0 0 0 57 0 0 0 0 0 28 16 0 0 0 0 0 26 0 0 10 0 127 0 0 60 
0 0 0 0 0 57 0 0 0 0 0 27 16 0 0 0 0 0 21 0 0 11 0 127 0 0 60 
0 0 0 0 0 54 0 0 0 0 0 28 16 0 0 0 0 0 16 0 0 11 0 127 0 0 60 
0 0 0 0 0 56 0 0 0 0 0 27 16 0 0 0 0 0 19 0 0 11 0 127 0 0 60 
0 0 0 0 0 55 0 0 0 0 0 28 16 0 0 0 0 0 25 0 0 11 0 127 0 0 60 
0 0 0 0 0 54 0 0 0 0 0 28 16 0 0 0 0 0 25 0 0 10 0 127 0 0 60 
0 0 0 0 0 55 0 0 0 0 0 27 16 0 0 0 0 0 16 0 0 11 0 127 0 0 60 
0 0 0 0 0 56 0 0 0 0 0 29 16 0 0 0 0 0 21 0 0 11 0 127 0 0 60 
0 0 0 0 0 54 0 0 0 0 0 27 16 0 0 0 0 0 22 0 0 11 0 127 0 0 60 
0 0 0 0 0 56 0 0 0 0 0 27 15 0 0 0 0 0 16 0 0 10 0 127 0 0 60 
0 0 0 0 0 55 0 0 0 0 0 28 16 0 0 0 0 0 24 0 0 11 0 127 0 0 60 
0 0 0 0 0 54 0 0 0 0 0 25 16 0 0 0 0 0 19 0 0 10 0 127 0 0 60 
0 0 0 0 0 53 0 0 0 0 0 27 16 0 0 0 0 0 17 0 0 10 0 127 0 0 60 
0 0 0 0 0 53 0 0 0 0 0 27 16 0 0 0 0 0 23 0 0 10 0 127 0 0 60 
0 0 0 0 0 52 0 0 0 0 0 28 16 0 0 0 0 0 16 0 0 10 0 127 0 0 60 
0 0 0 0 0 54 0 0 0 0 0 28 16 0 0 0 0 0 19 0 0 11 0 127 0 0 60 
0 0 0 0 0 54 0 0 0 0 0 27 16 0 0 0 0 0 15 0 0 10 0 127 0 0 60 
0 0 0 0 0 55 0 0 0 0 0 27 16 0 0 0 0 0 20 0 0 11 0 127 0 0 60 
0 0 0 0 0 54 0 0 0 0 0 27 16 0 0 0 0 0 25 0 0 11 0 127 0 0 60 
0 0 0 0 0 50 0 0 0 0 0 26 16 0 0 0 0 0 23 0 0 10 0 127 0 0 60 
0 0 0 0 0 54 0 0 0 0 0 29 16 0 0 0 0 0 24 0 0 11 0 127 0 0 60 
0 0 0 0 0 54 0 0 0 0 0 28 16 0 0 0 0 0 26 0 0 10 0 127 0 0 60 
0 0 0 0 0 54 0 0 0 0 0 29 16 0 0 0 0 0 22 0 0 10 0 127 0 0 60 
0 0 0 0 0 53 0 0 0 0 0 27 16 0 0 0 0 0 25 0 0 11 0 127 0 0 60 
0 0 0 0 0 54 0 0 0 0 0 29 16 0 0 0 0 0 19 0 0 11 0 127 0 0 60 
0 0 0 0 0 51 0 0 0 0 0 27 16 0 0 0 0 0 24 0 0 11 0 127 0 0 60 
0 0 0 0 0 51 0 0 0 0 0 29 16 0 0 0 0 0 23 0 0 11 0 127 0 0 60 
0 0 0 0 0 51 0 0 0 0 0 28 16 0 0 0 0 0 17 0 0 10 0 127 0 0 60 
0 0 0 0 0 52 0 0 0 0 0 28 16 0 0 0 0 0 24 0 0 10 0 127 0 0 60 
0 0 0 0 0 53 0 0 0 0 0 27 16 0 0 0 0 0 21 0 0 10 0 127 0 0 60 
0 0 0 0 0 54 0 0 0 0 0 29 16 0 0 0 0 0 26 0 0 10 0 127 0 0 60 
0 0 0 0 0 52 0 0 0 0 0 28 16 0 0 0 0 0 21 0 0 10 0 127 0 0 60 
0 0 0 0 0 52 0 0 0 0 0 28 16 0 0 0 0 0 24 0 0 10 0 127 0 0 60 
0 0 0 0 0 50 0 0 0 0 0 27 16 0 0 0 0 0 22 0 0 10 0 127 0 0 60 
0 0 0 0 0 51 0 0 0 0 0 27 16 0 0 0 0 0 25 0 0 11 0 127 0 0 60 
0 0 0 0 0 50 0 0 0 0 0 28 16 0 0 0 0 0 17 0 0 11 0 127 0 0 60 
0 0 0 0 0 51 0 0 0 0 0 29 16 0 0 0 0 0 16 0 0 11 0 127 0 0 60 
0 0 0 0 0 51 0 0 0 0 0 28 16 0 0 0 0 0 19 0 0 11 0 127 0 0 60 
0 0 0 0 0 49 0 0 0 0 0 29 16 0 0 0 0 0 15 0 0 10 0 127 0 0 60 
0 0 0 0 0 52 0 0 0 0 0 27 16 0 0 0 0 0 16 0 0 11 0 127 0 0 60 
0 0 0 0 0 53 0 0 0 0 0 26 16 0 0 0 0 0 24 0 0 11 0 127 0 0 60 
0 0 0 0 0 53 0 0 0 0 0 27 16 0 0 0 0 0 15 0 0 11 0 127 0 0 60 
0 0 0 0 0 53 0 0 0 0 0 27 16 0 0 0 0 0 16 0 0 10 0 127 0 0 60 
0 0 0 0 0 51 0 0 0 0 0 28 16 0 0 0 0 0 26 0 0 10 0 127 0 0 60 
0 0 0 0 0 52 0 0 0 0 0 26 16 0 0 0 0 0 15 0 0 10 0 127 0 0 60 
0 0 0 0 0 51 0 0 0 0 0 28 16 0 0 0 0 0 22 0 0 11 0 127 0 0 60 
0 0 0 0 0 52 0 0 0 0 0 28 15 0 0 0 0 0 26 0 0 10 0 127 0 0 60 
0 0 0 0 0 50 0 0 0 0 0 29 16 0 0 0 0 0 15 0 0 11 0 127 0 0 60 
0 0 0 0 0 54 0 0 0 0 0 28 16 0 0 0 0 0 19 0 0 11 0 127 0 0 60 
0 0 0 0 0 55 0 0 0 0 0 28 16 0 0 0 0 0 27 0 0 11 0 127 0 0 60 
0 0 0 0 0 53 0 0 0 0 0 27 16 0 0 0 0 0 26 0 0 10 0 127 0 0 60 
0 0 0 0 0 54 0 0 0 0 0 28 16 0 0 0 0 0 24 0 0 10 0 127 0 0 60 
0 0 0 0 0 54 0 0 0 0 0 29 16 0 0 0 0 0 19 0 0 10 0 127 0 0 60 
0 0 0 0 0 54 0 0 0 0 0 29 16 0 0 0 0 0 25 0 0 10 0 127 0 0 60 
0 0 0 0 0 54 0 0 0 0 0 28 16 0 0 0 0 0 18 0 0 10 0 127 0 0 60 
0 0 0 0 0 54 0 0 0 0 0 27 16 0 0 0 0 0 18 0 0 10 0 127 0 0 60 
0 0 0 0 0 54 0 0 0 0 0 27 16 0 0 0 0 0 25 0 0 10 0 127 0 0 60 
0 0 0 0 0 54 0 0 0 0 0 28 16 0 0 0 0 0 26 0 0 10 0 127 0 0 60 
0 0 0 0 0 53 0 0 0 0 0 30 16 0 0 0 0 0 16 0 0 10 0 127 0 0 60 
0 0 0 0 0 55 0 0 0 0 0 27 16 0 0 0 0 0 26 0 0 10 0 127 0 0 60 
0 0 0 0 0 56 0 0 0 0 0 27 16 0 0 0 0 0 17 0 0 10 0 127 0 0 60 
0 0 0 0 0 54 0 0 0 0 0 28 16 0 0 0 0 0 17 0 0 10 0 127 0 0 60 
0 0 0 0 0 54 0 0 0 0 0 28 16 0 0 0 0 0 17 0 0 10 0 127 0 0 60 
0 0 0 0 0 56 0 0 0 0 0 28 16 0 0 0 0 0 16 0 0 11 0 127 0 0 60 
0 0 0 0 0 55 0 0 0 0 0 29 16 0 0 0 0 0 18 0 0 11 0 127 0 0 60 
0 0 0 0 0 54 0 0 0 0 0 28 16 0 0 0 0 0 25 0 0 10 0 127 0 0 60 
0 0 0 0 0 56 0 0 0 0 0 27 16 0 0 0 0 0 27 0 0 11 0 127 0 0 60 
0 0 0 0 0 55 0 0 0 0 0 28 16 0 0 0 0 0 24 0 0 10 0 127 0 0 60 
0 0 0 0 0 55 0 0 0 0 0 27 16 0 0 0 0 0 16 0 0 11 0 127 0 0 60 
0 0 0 0 0 55 0 0 0 0 0 27 16 0 0 0 0 0 17 0 0 10 0 127 0 0 60 
0 0 0 0 0 55 0 0 0 0 0 28 16 0 0 0 0 0 22 0 0 11 0 127 0 0 60 
0 0 0 0 0 54 0 0 0 0 0 28 16 0 0 0 0 0 19 0 0 11 0 127 0 0 60 
0 0 0 0 0 54 0 0 0 0 0 28 16 0 0 0 0 0 26 0 0 11 0 127 0 0 60 
0 0 0 0 0 54 0 0 0 0 0 28 16 0 0 0 0 0 18 0 0 10 0 127 0 0 60 
0 0 0 0 0 55 0 0 0 0 0 25 16 0 0 0 0 0 26 0 0 10 0 127 0 0 60 
0 0 0 0 0 55 0 0 0 0 0 28 16 0 0 0 0 0 20 0 0 10 0 127 0 0 60 
0 0 0 0 0 56 0 0 0 0 0 28 16 0 0 0 0 0 17 0 0 11 0 127 0 0 60 
0 0 0 0 0 55 0 0 0 0 0 26 15 0 0 0 0 0 18 0 0 11 0 127 0 0 60 
0 0 0 0 0 55 0 0 0 0 0 27 16 0 0 0 0 0 16 0 0 10 0 127 0 0 60 
0 0 0 0 0 56 0 0 0 0 0 27 16 0 0 0 0 0 17 0 0 10 0 127 0 0 60 
0 0 0 0 0 56 0 0 0 0 0 28 16 0 0 0 0 0 26 0 0 10 0 127 0 0 60 
0 0 0 0 0 55 0 0 0 0 0 28 16 0 0 0 0 0 19 0 0 0 0 127 0 0 60 
0 0 0 0 0 55 0 0 0 0 0 27 16 0 0 0 0 0 24 0 0 10 0 127 0 0 60 
0 0 0 0 0 49 0 0 0 0 0 28 16 0 0 0 0 0 21 0 0 10 0 127 0 0 60 
0 0 0 0 0 50 0 0 0 0 0 27 16 0 0 0 0 0 16 0 0 11 0 127 0 0 60 
0 0 0 0 0 53 0 0 0 0 0 27 16 0 0 0 0 0 24 0 0 11 0 127 0 0 60 
0 0 0 0 0 54 0 0 0 0 0 29 16 0 0 0 0 0 15 0 0 10 0 127 0 0 60 
0 0 0 0 0 55 0 0 0 0 0 27 16 0 0 0 0 0 26 0 0 11 0 127 0 0 60 
0 0 0 0 0 51 0 0 0 0 0 29 16 0 0 0 0 0 17 0 0 10 0 127 0 0 60 
0 0 0 0 0 54 0 0 0 0 0 27 16 0 0 0 0 0 26 0 0 10 0 127 0 0 60 
0 0 0 0 0 54 0 0 0 0 0 27 16 0 0 0 0 0 17 0 0 0 0 127 0 0 60 
0 0 0 0 0 49 0 0 0 0 0 27 16 0 0 0 0 0 25 0 0 10 0 127 0 0 60 
0 0 0 0 0 54 0 0 0 0 0 28 16 0 0 0 0 0 22 0 0 10 0 127 0 0 60 
0 0 0 0 0 53 0 0 0 0 0 27 16 0 0 0 0 0 26 0 0 10 0 127 0 0 60 
0 0 0 0 0 54 0 0 0 0 0 27 16 0 0 0 0 0 24 0 0 10 0 127 0 0 60 
0 0 0 0 0 55 0 0 0 0 0 28 16 0 0 0 0 0 14 0 0 10 0 127 0 0 60 
0 0 0 0 0 55 0 0 0 0 0 28 16 0 0 0 0 0 18 0 0 10 0 127 0 0 60 
0 0 0 0 0 55 0 0 0 0 0 28 16 0 0 0 0 0 19 0 0 10 0 127 0 0 60 
0 0 0 0 0 54 0 0 0 0 0 27 16 0 0 0 0 0 23 0 0 10 0 127 0 0 60 
0 0 0 0 0 53 0 0 0 0 0 27 16 0 0 0 0 0 21 0 0 10 0 127 0 0 60 
0 0 0 0 0 54 0 0 0 0 0 28 16 0 0 0 0 0 16 0 0 10 0 127 0 0 60 
0 0 0 0 0 52 0 0 0 0 0 28 16 0 0 0 0 0 25 0 0 11 0 127 0 0 60 
0 0 0 0 0 52 0 0 0 0 0 27 16 0 0 0 0 0 25 0 0 11 0 127 0 0 60 
0 0 0 0 0 51 0 0 0 0 0 27 16 0 0 0 0 0 22 0 0 11 0 127 0 0 60 
0 0 0 0 0 52 0 0 0 0 0 29 16 0 0 0 0 0 25 0 0 11 0 127 0 0 60 
0 0 0 0 0 53 0 0 0 0 0 28 16 0 0 0 0 0 16 0 0 11 0 127 0 0 60 
0 0 0 0 0 51 0 0 0 0 0 28 16 0 0 0 0 0 26 0 0 11 0 127 0 0 60 
0 0 0 0 0 51 0 0 0 0 0 27 16 0 0 0 0 0 24 0 0 10 0 127 0 0 60 
0 0 0 0 0 53 0 0 0 0 0 27 16 0 0 0 0 0 22 0 0 10 0 127 0 0 60 
0 0 0 0 0 54 0 0 0 0 0 28 16 0 0 0 0 0 16 0 0 10 0 127 0 0 60 
0 0 0 0 0 52 0 0 0 0 0 27 16 0 0 0 0 0 18 0 0 10 0 127 0 0 60 
0 0 0 0 0 53 0 0 0 0 0 27 16 0 0 0 0 0 27 0 0 10 0 127 0 0 60 
0 0 0 0 0 52 0 0 0 0 0 28 16 0 0 0 0 0 15 0 0 10 0 127 0 0 60 
0 0 0 0 0 51 0 0 0 0 0 28 16 0 0 0 0 0 23 0 0 11 0 127 0 0 60 
0 0 0 0 0 48 0 0 0 0 0 27 15 0 0 0 0 0 18 0 0 11 0 127 0 0 60 
0 0 0 0 0 55 0 0 0 0 0 27 16 0 0 0 0 0 17 0 0 10 0 127 0 0 60 
0 0 0 0 0 54 0 0 0 0 0 27 16 0 0 0 0 0 26 0 0 10 0 127 0 0 60 
0 0 0 0 0 54 0 0 0 0 0 28 16 0 0 0 0 0 25 0 0 10 0 127 0 0 60 
0 0 0 0 0 56 0 0 0 0 0 27 16 0 0 0 0 0 22 0 0 10 0 127 0 0 60 
0 0 0 0 0 53 0 0 0 0 0 26 16 0 0 0 0 0 23 0 0 10 0 127 0 0 60 
0 0 0 0 0 54 0 0 0 0 0 28 16 0 0 0 0 0 17 0 0 10 0 127 0 0 60 
0 0 0 0 0 55 0 0 0 0 0 28 16 0 0 0 0 0 27 0 0 11 0 127 0 0 60 
0 0 0 0 0 55 0 0 0 0 0 28 15 0 0 0 0 0 27 0 0 11 0 127 0 0 60 
0 0 0 0 0 55 0 0 0 0 0 25 16 0 0 0 0 0 23 0 0 11 0 127 0 0 60 
0 0 0 0 0 54 0 0 0 0 0 25 16 0 0 0 0 0 21 0 0 10 0 127 0 0 60 
0 0 0 0 0 51 0 0 0 0 0 28 15 0 0 0 0 0 19 0 0 10 0 127 0 0 60 
0 0 0 0 0 57 0 0 0 0 0 28 16 0 0 0 0 0 21 0 0 10 0 127 0 0 60 
0 0 0 0 0 56 0 0 0 0 0 28 16 0 0 0 0 0 22 0 0 10 0 127 0 0 60 
0 0 0 0 0 56 0 0 0 0 0 27 16 0 0 0 0 0 26 0 0 10 0 127 0 0 60 
0 0 0 0 0 54 0 0 0 0 0 28 16 0 0 0 0 0 16 0 0 10 0 127 0 0 60 
0 0 0 0 0 49 0 0 0 0 0 28 16 0 0 0 0 0 26 0 0 10 0 127 0 0 60 
0 0 0 0 0 52 0 0 0 0 0 27 16 0 0 0 0 0 17 0 0 10 0 127 0 0 60 
0 0 0 0 0 60 0 0 0 0 0 25 16 0 0 0 0 0 15 0 0 10 0 127 0 0 60 
0 0 0 0 0 60 0 0 0 0 0 29 16 0 0 0 0 0 19 0 0 10 0 127 0 0 60 
0 0 0 0 0 60 0 0 0 0 0 27 16 0 0 0 0 0 17 0 0 10 0 127 0 0 60 
0 0 0 0 0 60 0 0 0 0 0 28 16 0 0 0 0 0 23 0 0 10 0 127 0 0 60 
0 0 0 0 0 60 0 0 0 0 0 28 16 0 0 0 0 0 23 0 0 11 0 127 0 0 60 
0 0 0 0 0 59 0 0 0 0 0 27 16 0 0 0 0 0 21 0 0 10 0 127 0 0 60 
0 0 0 0 0 59 0 0 0 0 0 29 16 0 0 0 0 0 23 0 0 10 0 127 0 0 60 
0 0 0 0 0 60 0 0 0 0 0 27 16 0 0 0 0 0 16 0 0 10 0 127 0 0 60 
0 0 0 0 0 60 0 0 0 0 0 27 16 0 0 0 0 0 17 0 0 10 0 127 0 0 60 
0 0 0 0 0 60 0 0 0 0 0 28 16 0 0 0 0 0 25 0 0 11 0 127 0 0 60 
0 0 0 0 0 60 0 0 0 0 0 28 16 0 0 0 0 0 21 0 0 10 0 127 0 0 60 
0 0 0 0 0 59 0 0 0 0 0 28 16 0 0 0 0 0 27 0 0 10 0 127 0 0 60 
0 0 0 0 0 60 0 0 0 0 0 27 16 0 0 0 0 0 16 0 0 10 0 127 0 0 60 
0 0 0 0 0 60 0 0 0 0 0 27 16 0 0 0 0 0 26 0 0 10 0 127 0 0 60 
0 0 0 0 0 60 0 0 0 0 0 28 16 0 0 0 0 0 21 0 0 10 0 127 0 0 60 
0 0 0 0 0 60 0 0 0 0 0 28 15 0 0 0 0 0 17 0 0 10 0 127 0 0 60 
0 0 0 0 0 60 0 0 0 0 0 28 16 0 0 0 0 0 22 0 0 10 0 127 0 0 60 
0 0 0 0 0 59 0 0 0 0 0 28 16 0 0 0 0 0 17 0 0 10 0 127 0 0 60 
0 0 0 0 0 59 0 0 0 0 0 27 16 0 0 0 0 0 26 0 0 10 0 127 0 0 60 
0 0 0 0 0 60 0 0 0 0 0 28 16 0 0 0 0 0 20 0 0 10 0 127 0 0 60 
0 0 0 0 0 60 0 0 0 0 0 28 16 0 0 0 0 0 21 0 0 10 0 127 0 0 60 
0 0 0 0 0 60 0 0 0 0 0 26 16 0 0 0 0 0 26 0 0 10 0 127 0 0 60 
0 0 0 0 0 59 0 0 0 0 0 28 16 0 0 0 0 0 25 0 0 0 0 127 0 0 60 
0 0 0 0 0 60 0 0 0 0 0 28 16 0 0 0 0 0 23 0 0 10 0 127 0 0 60 
0 0 0 0 0 60 0 0 0 0 0 28 16 0 0 0 0 0 14 0 0 11 0 127 0 0 60 
0 0 0 0 0 60 0 0 0 0 0 28 16 0 0 0 0 0 14 0 0 10 0 127 0 0 60 
0 0 0 0 0 60 0 0 0 0 0 27 16 0 0 0 0 0 16 0 0 10 0 127 0 0 60 
0 0 0 0 0 60 0 0 0 0 0 29 16 0 0 0 0 0 18 0 0 10 0 127 0 0 60 
0 0 0 0 0 60 0 0 0 0 0 27 16 0 0 0 0 0 24 0 0 11 0 127 0 0 60 
0 0 0 0 0 60 0 0 0 0 0 28 16 0 0 0 0 0 18 0 0 11 0 127 0 0 60 
0 0 0 0 0 60 0 0 0 0 0 28 16 0 0 0 0 0 17 0 0 11 0 127 0 0 60 
0 0 0 0 0 60 0 0 0 0 0 26 16 0 0 0 0 0 24 0 0 11 0 127 0 0 60 
0 0 0 0 0 60 0 0 0 0 0 26 16 0 0 0 0 0 24 0 0 10 0 127 0 0 60 
0 0 0 0 0 60 0 0 0 0 0 26 16 0 0 0 0 0 20 0 0 10 0 127 0 0 60 
0 0 0 0 0 60 0 0 0 0 0 28 16 0 0 0 0 0 22 0 0 10 0 127 0 0 60 
0 0 0 0 0 60 0 0 0 0 0 28 15 0 0 0 0 0 21 0 0 10 0 127 0 0 60 
0 0 0 0 0 60 0 0 0 0 0 27 16 0 0 0 0 0 25 0 0 11 0 127 0 0 60 
0 0 0 0 0 60 0 0 0 0 0 28 16 0 0 0 0 0 18 0 0 11 0 127 0 0 60 
0 0 0 0 0 60 0 0 0 0 0 27 16 0 0 0 0 0 23 0 0 11 0 127 0 0 60 
0 0 0 0 0 59 0 0 0 0 0 26 15 0 0 0 0 0 16 0 0 11 0 127 0 0 60 
0 0 0 0 0 60 0 0 0 0 0 28 16 0 0 0 0 0 27 0 0 11 0 127 0 0 60 
0 0 0 0 0 59 0 0 0 0 0 26 16 0 0 0 0 0 16 0 0 10 0 127 0 0 60 
0 0 0 0 0 60 0 0 0 0 0 26 16 0 0 0 0 0 16 0 0 10 0 127 0 0 60 
0 0 0 0 0 60 0 0 0 0 0 28 16 0 0 0 0 0 26 0 0 10 0 127 0 0 60 
0 0 0 0 0 59 0 0 0 0 0 27 15 0 0 0 0 0 26 0 0 10 0 127 0 0 60 
0 0 0 0 0 60 0 0 0 0 0 28 16 0 0 0 0 0 26 0 0 0 0 127 0 0 60 
0 0 0 0 0 60 0 0 0 0 0 28 15 0 0 0 0 0 19 0 0 10 0 127 0 0 60 
0 0 0 0 0 60 0 0 0 0 0 28 16 0 0 0 0 0 17 0 0 10 0 127 0 0 60 
0 0 0 0 0 60 0 0 0 0 0 28 15 0 0 0 0 0 23 0 0 10 0 127 0 0 60 
0 0 0 0 0 58 0 0 0 0 0 27 16 0 0 0 0 0 25 0 0 10 0 127 0 0 60 
0 0 0 0 0 59 0 0 0 0 0 28 16 0 0 0 0 0 18 0 0 10 0 127 0 0 60 
0 0 0 0 0 59 0 0 0 0 0 28 16 0 0 0 0 0 16 0 0 10 0 127 0 0 60 
0 0 0 0 0 59 0 0 0 0 0 27 16 0 0 0 0 0 26 0 0 10 0 127 0 0 60 
0 0 0 0 0 59 0 0 0 0 0 28 15 0 0 0 0 0 25 0 0 10 0 127 0 0 60 
0 0 0 0 0 59 0 0 0 0 0 28 16 0 0 0 0 0 17 0 0 11 0 127 0 0 60 
0 0 0 0 0 59 0 0 0 0 0 27 16 0 0 0 0 0 18 0 0 10 0 127 0 0 60 
0 0 0 0 0 59 0 0 0 0 0 27 15 0 0 0 0 0 26 0 0 10 0 127 0 0 60 
0 0 0 0 0 59 0 0 0 0 0 27 15 0 0 0 0 0 21 0 0 11 0 127 0 0 60 
0 0 0 0 0 59 0 0 0 0 0 28 16 0 0 0 0 0 19 0 0 11 0 127 0 0 60 
0 0 0 0 0 58 0 0 0 0 0 28 16 0 0 0 0 0 22 0 0 10 0 127 0 0 60 
0 0 0 0 0 60 0 0 0 0 0 27 16 0 0 0 0 0 22 0 0 11 0 127 0 0 60 
0 0 0 0 0 58 0 0 0 0 0 29 15 0 0 0 0 0 17 0 0 10 0 127 0 0 60 
0 0 0 0 0 59 0 0 0 0 0 29 16 0 0 0 0 0 15 0 0 11 0 127 0 0 60 
0 0 0 0 0 58 0 0 0 0 0 27 16 0 0 0 0 0 19 0 0 10 0 127 0 0 60 
0 0 0 0 0 58 0 0 0 0 0 28 15 0 0 0 0 0 17 0 0 11 0 127 0 0 60 
0 0 0 0 0 57 0 0 0 0 0 27 16 0 0 0 0 0 24 0 0 11 0 127 0 0 60 
0 0 0 0 0 56 0 0 0 0 0 28 16 0 0 0 0 0 20 0 0 10 0 127 0 0 60 
0 0 0 0 0 56 0 0 0 0 0 28 16 0 0 0 0 0 17 0 0 10 0 127 0 0 60 
0 0 0 0 0 57 0 0 0 0 0 28 16 0 0 0 0 0 24 0 0 10 0 127 0 0 60 
0 0 0 0 0 50 0 0 0 0 0 28 16 0 0 0 0 0 17 0 0 10 0 127 0 0 60 
0 0 0 0 0 58 0 0 0 0 0 28 16 0 0 0 0 0 26 0 0 10 0 127 0 0 60 
0 0 0 0 0 53 0 0 0 0 0 27 15 0 0 0 0 0 17 0 0 11 0 127 0 0 60 
0 0 0 0 0 57 0 0 0 0 0 27 16 0 0 0 0 0 18 0 0 10 0 127 0 0 60 
0 0 0 0 0 58 0 0 0 0 0 27 15 0 0 0 0 0 26 0 0 10 0 127 0 0 60 
0 0 0 0 0 57 0 0 0 0 0 26 15 0 0 0 0 0 18 0 0 10 0 127 0 0 60 
0 0 0 0 0 59 0 0 0 0 0 27 15 0 0 0 0 0 20 0 0 10 0 127 0 0 60 
0 0 0 0 0 58 0 0 0 0 0 29 15 0 0 0 0 0 15 0 0 10 0 127 0 0 60 
0 0 0 0 0 58 0 0 0 0 0 28 16 0 0 0 0 0 22 0 0 10 0 127 0 0 60 
0 0 0 0 0 59 0 0 0 0 0 27 16 0 0 0 0 0 26 0 0 10 0 127 0 0 60 
0 0 0 0 0 59 0 0 0 0 0 27 16 0 0 0 0 0 23 0 0 10 0 127 0 0 60 
0 0 0 0 0 58 0 0 0 0 0 27 16 0 0 0 0 0 23 0 0 10 0 127 0 0 60 
0 0 0 0 0 59 0 0 0 0 0 27 16 0 0 0 0 0 24 0 0 10 0 127 0 0 60 
0 0 0 0 0 59 0 0 0 0 0 28 16 0 0 0 0 0 17 0 0 10 0 127 0 0 60 
0 0 0 0 0 59 0 0 0 0 0 27 16 0 0 0 0 0 22 0 0 10 0 127 0 0 60 
0 0 0 0 0 59 0 0 0 0 0 27 15 0 0 0 0 0 21 0 0 11 0 127 0 0 60 
0 0 0 0 0 59 0 0 0 0 0 28 16 0 0 0 0 0 26 0 0 10 0 127 0 0 60 
0 0 0 0 0 58 0 0 0 0 0 27 15 0 0 0 0 0 18 0 0 0 0 127 0 0 60 
0 0 0 0 0 58 0 0 0 0 0 26 15 0 0 0 0 0 15 0 0 10 0 127 0 0 60 
0 0 0 0 0 59 0 0 0 0 0 27 16 0 0 0 0 0 25 0 0 10 0 127 0 0 60 
0 0 0 0 0 59 0 0 0 0 0 27 15 0 0 0 0 0 24 0 0 10 0 127 0 0 60 
0 0 0 0 0 59 0 0 0 0 0 29 16 0 0 0 0 0 26 0 0 10 0 127 0 0 60 
0 0 0 0 0 60 0 0 0 0 0 27 16 0 0 0 0 0 20 0 0 11 0 127 0 0 60 
0 0 0 0 0 59 0 0 0 0 0 27 15 0 0 0 0 0 22 0 0 11 0 127 0 0 60 
0 0 0 0 0 59 0 0 0 0 0 26 16 0 0 0 0 0 24 0 0 10 0 127 0 0 60 
0 0 0 0 0 59 0 0 0 0 0 28 16 0 0 0 0 0 26 0 0 11 0 127 0 0 60 
0 0 0 0 0 59 0 0 0 0 0 29 15 0 0 0 0 0 16 0 0 11 0 127 0 0 60 
0 0 0 0 0 59 0 0 0 0 0 27 15 0 0 0 0 0 23 0 0 10 0 127 0 0 60 
0 0 0 0 0 59 0 0 0 0 0 27 15 0 0 0 0 0 21 0 0 10 0 127 0 0 60 
0 0 0 0 0 59 0 0 0 0 0 29 16 0 0 0 0 0 24 0 0 10 0 127 0 0 60 
0 0 0 0 0 59 0 0 0 0 0 28 15 0 0 0 0 0 18 0 0 10 0 127 0 0 60 
0 0 0 0 0 59 0 0 0 0 0 27 16 0 0 0 0 0 19 0 0 11 0 127 0 0 60 
0 0 0 0 0 58 0 0 0 0 0 28 15 0 0 0 0 0 18 0 0 10 0 127 0 0 60 
0 0 0 0 0 58 0 0 0 0 0 28 16 0 0 0 0 0 25 0 0 11 0 127 0 0 60 
0 0 0 0 0 57 0 0 0 0 0 28 15 0 0 0 0 0 17 0 0 11 0 127 0 0 60 
0 0 0 0 0 57 0 0 0 0 0 29 16 0 0 0 0 0 26 0 0 11 0 127 0 0 60 
0 0 0 0 0 57 0 0 0 0 0 26 15 0 0 0 0 0 17 0 0 10 0 127 0 0 60 
0 0 0 0 0 58 0 0 0 0 0 28 16 0 0 0 0 0 19 0 0 10 0 127 0 0 60 
0 0 0 0 0 58 0 0 0 0 0 27 15 0 0 0 0 0 21 0 0 10 0 127 0 0 60 
0 0 0 0 0 58 0 0 0 0 0 27 15 0 0 0 0 0 26 0 0 10 0 127 0 0 60 
0 0 0 0 0 58 0 0 0 0 0 28 16 0 0 0 0 0 17 0 0 10 0 127 0 0 60 
0 0 0 0 0 58 0 0 0 0 0 27 16 0 0 0 0 0 15 0 0 11 0 127 0 0 60 
0 0 0 0 0 58 0 0 0 0 0 28 16 0 0 0 0 0 24 0 0 11 0 127 0 0 60 
0 0 0 0 0 59 0 0 0 0 0 27 15 0 0 0 0 0 24 0 0 11 0 127 0 0 60 
0 0 0 0 0 59 0 0 0 0 0 27 15 0 0 0 0 0 16 0 0 11 0 127 0 0 60 
0 0 0 0 0 59 0 0 0 0 0 28 16 0 0 0 0 0 19 0 0 11 0 127 0 0 60 
0 0 0 0 0 59 0 0 0 0 0 27 16 0 0 0 0 0 26 0 0 10 0 127 0 0 60 
0 0 0 0 0 59 0 0 0 0 0 28 15 0 0 0 0 0 17 0 0 10 0 127 0 0 60 
0 0 0 0 0 59 0 0 0 0 0 28 15 0 0 0 0 0 26 0 0 10 0 127 0 0 60 
0 0 0 0 0 59 0 0 0 0 0 27 16 0 0 0 0 0 23 0 0 10 0 127 0 0 60 
0 0 0 0 0 58 0 0 0 0 0 29 15 0 0 0 0 0 23 0 0 11 0 127 0 0 60 
0 0 0 0 0 59 0 0 0 0 0 27 16 0 0 0 0 0 15 0 0 11 0 127 0 0 60 
0 0 0 0 0 59 0 0 0 0 0 25 16 0 0 0 0 0 20 0 0 10 0 127 0 0 60 
0 0 0 0 0 58 0 0 0 0 0 27 15 0 0 0 0 0 26 0 0 10 0 127 0 0 60 
0 0 0 0 0 59 0 0 0 0 0 27 16 0 0 0 0 0 21 0 0 10 0 127 0 0 60 
0 0 0 0 0 59 0 0 0 0 0 28 15 0 0 0 0 0 17 0 0 11 0 127 0 0 60 
0 0 0 0 0 59 0 0 0 0 0 27 16 0 0 0 0 0 24 0 0 10 0 127 0 0 60 
0 0 0 0 0 59 0 0 0 0 0 27 16 0 0 0 0 0 22 0 0 11 0 127 0 0 60 
0 0 0 0 0 59 0 0 0 0 0 28 16 0 0 0 0 0 16 0 0 10 0 127 0 0 60 
0 0 0 0 0 58 0 0 0 0 0 27 16 0 0 0 0 0 15 0 0 10 0 127 0 0 60 
0 0 0 0 0 59 0 0 0 0 0 27 16 0 0 0 0 0 20 0 0 10 0 127 0 0 60 
0 0 0 0 0 58 0 0 0 0 0 28 16 0 0 0 0 0 25 0 0 10 0 127 0 0 60 
0 0 0 0 0 59 0 0 0 0 0 27 15 0 0 0 0 0 26 0 0 10 0 127 0 0 60 
0 0 0 0 0 58 0 0 0 0 0 28 16 0 0 0 0 0 26 0 0 10 0 127 0 0 60 
0 0 0 0 0 58 0 0 0 0 0 28 15 0 0 0 0 0 16 0 0 10 0 127 0 0 60 
0 0 0 0 0 58 0 0 0 0 0 27 16 0 0 0 0 0 26 0 0 10 0 127 0 0 60 
0 0 0 0 0 58 0 0 0 0 0 28 15 0 0 0 0 0 19 0 0 10 0 127 0 0 60 
0 0 0 0 0 59 0 0 0 0 0 28 16 0 0 0 0 0 24 0 0 11 0 127 0 0 60 
0 0 0 0 0 57 0 0 0 0 0 26 16 0 0 0 0 0 16 0 0 11 0 127 0 0 60 
0 0 0 0 0 57 0 0 0 0 0 29 16 0 0 0 0 0 26 0 0 11 0 127 0 0 60 
0 0 0 0 0 57 0 0 0 0 0 27 16 0 0 0 0 0 17 0 0 11 0 127 0 0 60 
0 0 0 0 0 56 0 0 0 0 0 28 16 0 0 0 0 0 26 0 0 10 0 127 0 0 60 
0 0 0 0 0 56 0 0 0 0 0 27 16 0 0 0 0 0 17 0 0 10 0 127 0 0 60 
0 0 0 0 0 56 0 0 0 0 0 27 16 0 0 0 0 0 17 0 0 10 0 127 0 0 60 
0 0 0 0 0 57 0 0 0 0 0 28 15 0 0 0 0 0 26 0 0 10 0 127 0 0 60 
0 0 0 0 0 56 0 0 0 0 0 27 15 0 0 0 0 0 24 0 0 11 0 127 0 0 60 
0 0 0 0 0 56 0 0 0 0 0 27 15 0 0 0 0 0 23 0 0 10 0 127 0 0 60 
0 0 0 0 0 56 0 0 0 0 0 26 15 0 0 0 0 0 18 0 0 10 0 127 0 0 60 
0 0 0 0 0 56 0 0 0 0 0 27 15 0 0 0 0 0 21 0 0 10 0 127 0 0 60 
0 0 0 0 0 58 0 0 0 0 0 27 15 0 0 0 0 0 23 0 0 11 0 127 0 0 60 
0 0 0 0 0 57 0 0 0 0 0 27 15 0 0 0 0 0 22 0 0 10 0 127 0 0 60 
0 0 0 0 0 59 0 0 0 0 0 27 16 0 0 0 0 0 20 0 0 10 0 127 0 0 60 
0 0 0 0 0 56 0 0 0 0 0 28 16 0 0 0 0 0 17 0 0 10 0 127 0 0 60 
0 0 0 0 0 58 0 0 0 0 0 27 15 0 0 0 0 0 15 0 0 10 0 127 0 0 60 
0 0 0 0 0 57 0 0 0 0 0 28 15 0 0 0 0 0 27 0 0 0 0 127 0 0 60 
0 0 0 0 0 58 0 0 0 0 0 27 16 0 0 0 0 0 24 0 0 10 0 127 0 0 60 
0 0 0 0 0 57 0 0 0 0 0 28 15 0 0 0 0 0 17 0 0 10 0 127 0 0 60 
0 0 0 0 0 59 0 0 0 0 0 27 15 0 0 0 0 0 26 0 0 10 0 127 0 0 60 
0 0 0 0 0 59 0 0 0 0 0 27 15 0 0 0 0 0 15 0 0 11 0 127 0 0 60 
0 0 0 0 0 59 0 0 0 0 0 27 16 0 0 0 0 0 19 0 0 10 0 127 0 0 60 
0 0 0 0 0 58 0 0 0 0 0 28 16 0 0 0 0 0 23 0 0 10 0 127 0 0 60 
0 0 0 0 0 59 0 0 0 0 0 26 15 0 0 0 0 0 19 0 0 11 0 127 0 0 60 
0 0 0 0 0 59 0 0 0 0 0 26 15 0 0 0 0 0 26 0 0 10 0 127 0 0 60 
0 0 0 0 0 58 0 0 0 0 0 28 15 0 0 0 0 0 19 0 0 10 0 127 0 0 60 
0 0 0 0 0 59 0 0 0 0 0 26 16 0 0 0 0 0 18 0 0 10 0 127 0 0 60 
0 0 0 0 0 59 0 0 0 0 0 28 16 0 0 0 0 0 20 0 0 10 0 127 0 0 60 
0 0 0 0 0 58 0 0 0 0 0 27 15 0 0 0 0 0 19 0 0 10 0 127 0 0 60 
0 0 0 0 0 59 0 0 0 0 0 27 16 0 0 0 0 0 16 0 0 10 0 127 0 0 60 
0 0 0 0 0 59 0 0 0 0 0 27 15 0 0 0 0 0 20 0 0 0 0 127 0 0 60 
0 0 0 0 0 59 0 0 0 0 0 28 16 0 0 0 0 0 17 0 0 10 0 127 0 0 60 
0 0 0 0 0 58 0 0 0 0 0 27 16 0 0 0 0 0 15 0 0 0 0 127 0 0 60 
0 0 0 0 0 58 0 0 0 0 0 26 16 0 0 0 0 0 24 0 0 10 0 127 0 0 60 
0 0 0 0 0 58 0 0 0 0 0 27 16 0 0 0 0 0 17 0 0 10 0 127 0 0 60 
0 0 0 0 0 58 0 0 0 0 0 28 16 0 0 0 0 0 21 0 0 11 0 127 0 0 60 
0 0 0 0 0 58 0 0 0 0 0 27 15 0 0 0 0 0 24 0 0 11 0 127 0 0 60 
0 0 0 0 0 58 0 0 0 0 0 28 16 0 0 0 0 0 26 0 0 10 0 127 0 0 60 
0 0 0 0 0 59 0 0 0 0 0 28 16 0 0 0 0 0 16 0 0 10 0 127 0 0 60 
0 0 0 0 0 58 0 0 0 0 0 27 15 0 0 0 0 0 19 0 0 0 0 127 0 0 60 
0 0 0 0 0 58 0 0 0 0 0 27 16 0 0 0 0 0 23 0 0 0 0 127 0 0 60 
0 0 0 0 0 59 0 0 0 0 0 28 16 0 0 0 0 0 23 0 0 0 0 127 0 0 60 
0 0 0 0 0 59 0 0 0 0 0 27 16 0 0 0 0 0 26 0 0 10 0 127 0 0 60 
0 0 0 0 0 59 0 0 0 0 0 28 16 0 0 0 0 0 25 0 0 10 0 127 0 0 60 
0 0 0 0 0 58 0 0 0 0 0 26 15 0 0 0 0 0 21 0 0 10 0 127 0 0 60 
0 0 0 0 0 59 0 0 0 0 0 28 16 0 0 0 0 0 15 0 0 10 0 127 0 0 60 
0 0 0 0 0 58 0 0 0 0 0 28 15 0 0 0 0 0 22 0 0 10 0 127 0 0 60 
0 0 0 0 0 59 0 0 0 0 0 27 15 0 0 0 0 0 23 0 0 10 0 127 0 0 60 
0 0 0 0 0 59 0 0 0 0 0 28 16 0 0 0 0 0 21 0 0 10 0 127 0 0 60 
0 0 0 0 0 59 0 0 0 0 0 26 15 0 0 0 0 0 17 0 0 10 0 127 0 0 60 
0 0 0 0 0 59 0 0 0 0 0 27 16 0 0 0 0 0 17 0 0 10 0 127 0 0 60 
0 0 0 0 0 59 0 0 0 0 0 28 16 0 0 0 0 0 17 0 0 10 0 127 0 0 60 
0 0 0 0 0 59 0 0 0 0 0 27 15 0 0 0 0 0 18 0 0 10 0 127 0 0 60 
0 0 0 0 0 59 0 0 0 0 0 27 15 0 0 0 0 0 21 0 0 10 0 127 0 0 60 
0 0 0 0 0 59 0 0 0 0 0 27 16 0 0 0 0 0 26 0 0 10 0 127 0 0 60 
0 0 0 0 0 59 0 0 0 0 0 27 16 0 0 0 0 0 24 0 0 11 0 127 0 0 60 
0 0 0 0 0 59 0 0 0 0 0 28 16 0 0 0 0 0 25 0 0 11 0 127 0 0 60 
0 0 0 0 0 59 0 0 0 0 0 27 16 0 0 0 0 0 19 0 0 10 0 127 0 0 60 
0 0 0 0 0 59 0 0 0 0 0 26 15 0 0 0 0 0 20 0 0 10 0 127 0 0 60 
0 0 0 0 0 59 0 0 0 0 0 28 16 0 0 0 0 0 25 0 0 10 0 127 0 0 60 
0 0 0 0 0 59 0 0 0 0 0 27 16 0 0 0 0 0 23 0 0 10 0 127 0 0 60 
0 0 0 0 0 59 0 0 0 0 0 28 16 0 0 0 0 0 21 0 0 10 0 127 0 0 60 
0 0 0 0 0 59 0 0 0 0 0 27 15 0 0 0 0 0 20 0 0 10 0 127 0 0 60 
0 0 0 0 0 59 0 0 0 0 0 27 16 0 0 0 0 0 16 0 0 10 0 127 0 0 60 
0 0 0 0 0 59 0 0 0 0 0 27 16 0 0 0 0 0 25 0 0 10 0 127 0 0 60 
0 0 0 0 0 60 0 0 0 0 0 27 16 0 0 0 0 0 23 0 0 10 0 127 0 0 60 
0 0 0 0 0 59 0 0 0 0 0 26 15 0 0 0 0 0 19 0 0 10 0 127 0 0 60 
0 0 0 0 0 59 0 0 0 0 0 26 15 0 0 0 0 0 21 0 0 10 0 127 0 0 60 
0 0 0 0 0 59 0 0 0 0 0 26 16 0 0 0 0 0 27 0 0 10 0 127 0 0 60 
0 0 0 0 0 60 0 0 0 0 0 28 16 0 0 0 0 0 22 0 0 11 0 127 0 0 60 
0 0 0 0 0 59 0 0 0 0 0 26 16 0 0 0 0 0 22 0 0 10 0 127 0 0 60 
0 0 0 0 0 59 0 0 0 0 0 27 16 0 0 0 0 0 24 0 0 11 0 127 0 0 60 
0 0 0 0 0 59 0 0 0 0 0 29 16 0 0 0 0 0 23 0 0 10 0 127 0 0 60 
0 0 0 0 0 59 0 0 0 0 0 26 16 0 0 0 0 0 16 0 0 11 0 127 0 0 60 
0 0 0 0 0 59 0 0 0 0 0 27 16 0 0 0 0 0 25 0 0 10 0 127 0 0 60 
0 0 0 0 0 60 0 0 0 0 0 27 15 0 0 0 0 0 15 0 0 10 0 127 0 0 60 
0 0 0 0 0 59 0 0 0 0 0 27 16 0 0 0 0 0 26 0 0 10 0 127 0 0 60 
0 0 0 0 0 59 0 0 0 0 0 28 16 0 0 0 0 0 16 0 0 10 0 127 0 0 60 
0 0 0 0 0 59 0 0 0 0 0 27 15 0 0 0 0 0 25 0 0 11 0 127 0 0 60 
0 0 0 0 0 59 0 0 0 0 0 27 16 0 0 0 0 0 24 0 0 11 0 127 0 0 60 
0 0 0 0 0 59 0 0 0 0 0 29 15 0 0 0 0 0 16 0 0 11 0 127 0 0 60 
0 0 0 0 0 59 0 0 0 0 0 27 15 0 0 0 0 0 21 0 0 10 0 127 0 0 60 
0 0 0 0 0 59 0 0 0 0 0 28 15 0 0 0 0 0 15 0 0 10 0 127 0 0 60 
0 0 0 0 0 59 0 0 0 0 0 25 15 0 0 0 0 0 25 0 0 10 0 127 0 0 60 
0 0 0 0 0 59 0 0 0 0 0 26 16 0 0 0 0 0 17 0 0 10 0 127 0 0 60 
0 0 0 0 0 59 0 0 0 0 0 28 16 0 0 0 0 0 23 0 0 10 0 127 0 0 60 
0 0 0 0 0 59 0 0 0 0 0 27 16 0 0 0 0 0 23 0 0 10 0 127 0 0 60 
0 0 0 0 0 59 0 0 0 0 0 27 16 0 0 0 0 0 23 0 0 0 0 127 0 0 60 
0 0 0 0 0 59 0 0 0 0 0 27 15 0 0 0 0 0 18 0 0 10 0 127 0 0 60 
0 0 0 0 0 59 0 0 0 0 0 27 16 0 0 0 0 0 22 0 0 10 0 127 0 0 60 
0 0 0 0 0 59 0 0 0 0 0 28 15 0 0 0 0 0 18 0 0 10 0 127 0 0 60 
0 0 0 0 0 59 0 0 0 0 0 27 15 0 0 0 0 0 23 0 0 11 0 127 0 0 60 
0 0 0 0 0 59 0 0 0 0 0 28 15 0 0 0 0 0 17 0 0 10 0 127 0 0 60 
0 0 0 0 0 59 0 0 0 0 0 28 15 0 0 0 0 0 25 0 0 10 0 127 0 0 60 
0 0 0 0 0 59 0 0 0 0 0 27 15 0 0 0 0 0 24 0 0 11 0 127 0 0 60 
0 0 0 0 0 59 0 0 0 0 0 29 15 0 0 0 0 0 22 0 0 11 0 127 0 0 60 
0 0 0 0 0 59 0 0 0 0 0 29 16 0 0 0 0 0 24 0 0 10 0 127 0 0 60 
0 0 0 0 0 58 0 0 0 0 0 27 15 0 0 0 0 0 20 0 0 10 0 127 0 0 60 
0 0 0 0 0 59 0 0 0 0 0 28 15 0 0 0 0 0 23 0 0 0 0 127 0 0 60 
0 0 0 0 0 59 0 0 0 0 0 25 15 0 0 0 0 0 27 0 0 10 0 127 0 0 60 
0 0 0 0 0 59 0 0 0 0 0 28 15 0 0 0 0 0 17 0 0 10 0 127 0 0 60 
0 0 0 0 0 59 0 0 0 0 0 28 15 0 0 0 0 0 22 0 0 11 0 127 0 0 60 
0 0 0 0 0 59 0 0 0 0 0 25 16 0 0 0 0 0 19 0 0 10 0 127 0 0 60 
0 0 0 0 0 59 0 0 0 0 0 28 15 0 0 0 0 0 26 0 0 11 0 127 0 0 60 
0 0 0 0 0 59 0 0 0 0 0 25 15 0 0 0 0 0 16 0 0 11 0 127 0 0 60 
0 0 0 0 0 59 0 0 0 0 0 28 15 0 0 0 0 0 26 0 0 10 0 127 0 0 60 
0 0 0 0 0 59 0 0 0 0 0 28 15 0 0 0 0 0 21 0 0 11 0 127 0 0 60 
0 0 0 0 0 59 0 0 0 0 0 26 15 0 0 0 0 0 18 0 0 10 0 127 0 0 60 
0 0 0 0 0 58 0 0 0 0 0 28 16 0 0 0 0 0 16 0 0 10 0 127 0 0 60 
0 0 0 0 0 59 0 0 0 0 0 28 15 0 0 0 0 0 15 0 0 10 0 127 0 0 60 
0 0 0 0 0 59 0 0 0 0 0 26 15 0 0 0 0 0 24 0 0 11 0 127 0 0 60 
0 0 0 0 0 59 0 0 0 0 0 29 15 0 0 0 0 0 20 0 0 10 0 127 0 0 60 
0 0 0 0 0 59 0 0 0 0 0 28 16 0 0 0 0 0 19 0 0 11 0 127 0 0 60 
0 0 0 0 0 59 0 0 0 0 0 27 15 0 0 0 0 0 26 0 0 11 0 127 0 0 60 
0 0 0 0 0 59 0 0 0 0 0 28 16 0 0 0 0 0 17 0 0 10 0 127 0 0 60 
0 0 0 0 0 59 0 0 0 0 0 27 15 0 0 0 0 0 22 0 0 10 0 127 0 0 60 
0 0 0 0 0 58 0 0 0 0 0 27 15 0 0 0 0 0 25 0 0 10 0 127 0 0 60 
0 0 0 0 0 59 0 0 0 0 0 27 15 0 0 0 0 0 23 0 0 10 0 127 0 0 60 
0 0 0 0 0 59 0 0 0 0 0 26 15 0 0 0 0 0 25 0 0 0 0 127 0 0 60 
0 0 0 0 0 59 0 0 0 0 0 28 15 0 0 0 0 0 23 0 0 0 0 127 0 0 60 
0 0 0 0 0 59 0 0 0 0 0 27 16 0 0 0 0 0 26 0 0 10 0 127 0 0 60 
0 0 0 0 0 59 0 0 0 0 0 27 15 0 0 0 0 0 25 0 0 10 0 127 0 0 60 
0 0 0 0 0 59 0 0 0 0 0 28 15 0 0 0 0 0 22 0 0 10 0 127 0 0 60 
0 0 0 0 0 59 0 0 0 0 0 26 15 0 0 0 0 0 23 0 0 0 0 127 0 0 60 
0 0 0 0 0 59 0 0 0 0 0 27 15 0 0 0 0 0 24 0 0 10 0 127 0 0 60 
0 0 0 0 0 58 0 0 0 0 0 27 15 0 0 0 0 0 26 0 0 10 0 127 0 0 60 
0 0 0 0 0 59 0 0 0 0 0 27 15 0 0 0 0 0 23 0 0 10 0 127 0 0 60 
0 0 0 0 0 59 0 0 0 0 0 27 15 0 0 0 0 0 18 0 0 10 0 127 0 0 60 
0 0 0 0 0 58 0 0 0 0 0 27 15 0 0 0 0 0 24 0 0 11 0 127 0 0 60 
0 0 0 0 0 59 0 0 0 0 0 28 15 0 0 0 0 0 18 0 0 10 0 127 0 0 60 
0 0 0 0 0 59 0 0 0 0 0 28 15 0 0 0 0 0 26 0 0 10 0 127 0 0 60 
0 0 0 0 0 59 0 0 0 0 0 27 15 0 0 0 0 0 17 0 0 11 0 127 0 0 60 
0 0 0 0 0 59 0 0 0 0 0 28 15 0 0 0 0 0 26 0 0 11 0 127 0 0 60 
0 0 0 0 0 59 0 0 0 0 0 28 16 0 0 0 0 0 23 0 0 11 0 127 0 0 60 
0 0 0 0 0 59 0 0 0 0 0 27 15 0 0 0 0 0 15 0 0 11 0 127 0 0 60 
0 0 0 0 0 59 0 0 0 0 0 28 15 0 0 0 0 0 27 0 0 11 0 127 0 0 60 
0 0 0 0 0 59 0 0 0 0 0 27 15 0 0 0 0 0 26 0 0 11 0 127 0 0 60 
0 0 0 0 0 59 0 0 0 0 0 27 15 0 0 0 0 0 25 0 0 11 0 127 0 0 60 
0 0 0 0 0 59 0 0 0 0 0 27 16 0 0 0 0 0 22 0 0 11 0 127 0 0 60 
0 0 0 0 0 59 0 0 0 0 0 27 15 0 0 0 0 0 27 0 0 10 0 127 0 0 60 
0 0 0 0 0 59 0 0 0 0 0 26 15 0 0 0 0 0 18 0 0 10 0 127 0 0 60 
0 0 0 0 0 59 0 0 0 0 0 27 15 0 0 0 0 0 19 0 0 10 0 127 0 0 60 
0 0 0 0 0 59 0 0 0 0 0 27 15 0 0 0 0 0 17 0 0 10 0 127 0 0 60 
0 0 0 0 0 59 0 0 0 0 0 28 15 0 0 0 0 0 21 0 0 10 0 127 0 0 60 
0 0 0 0 0 59 0 0 0 0 0 27 15 0 0 0 0 0 16 0 0 10 0 127 0 0 60 
0 0 0 0 0 59 0 0 0 0 0 28 16 0 0 0 0 0 17 0 0 10 0 127 0 0 60 
0 0 0 0 0 59 0 0 0 0 0 28 16 0 0 0 0 0 24 0 0 11 0 127 0 0 60 
0 0 0 0 0 59 0 0 0 0 0 27 15 0 0 0 0 0 24 0 0 11 0 127 0 0 60 
0 0 0 0 0 59 0 0 0 0 0 29 15 0 0 0 0 0 17 0 0 11 0 127 0 0 60 
0 0 0 0 0 59 0 0 0 0 0 25 15 0 0 0 0 0 25 0 0 10 0 127 0 0 60 
0 0 0 0 0 59 0 0 0 0 0 27 16 0 0 0 0 0 23 0 0 10 0 127 0 0 60 
0 0 0 0 0 58 0 0 0 0 0 28 15 0 0 0 0 0 26 0 0 10 0 127 0 0 60 
0 0 0 0 0 59 0 0 0 0 0 27 15 0 0 0 0 0 16 0 0 11 0 127 0 0 60 
0 0 0 0 0 59 0 0 0 0 0 27 15 0 0 0 0 0 17 0 0 10 0 127 0 0 60 
0 0 0 0 0 59 0 0 0 0 0 27 15 0 0 0 0 0 17 0 0 11 0 127 0 0 60 
0 0 0 0 0 59 0 0 0 0 0 27 15 0 0 0 0 0 16 0 0 10 0 127 0 0 60 
0 0 0 0 0 59 0 0 0 0 0 28 15 0 0 0 0 0 17 0 0 11 0 127 0 0 60 
0 0 0 0 0 59 0 0 0 0 0 27 15 0 0 0 0 0 24 0 0 10 0 127 0 0 60 
0 0 0 0 0 59 0 0 0 0 0 28 15 0 0 0 0 0 27 0 0 10 0 127 0 0 60 
0 0 0 0 0 59 0 0 0 0 0 27 15 0 0 0 0 0 16 0 0 11 0 127 0 0 60 
0 0 0 0 0 59 0 0 0 0 0 27 15 0 0 0 0 0 24 0 0 10 0 127 0 0 60 
0 0 0 0 0 59 0 0 0 0 0 29 15 0 0 0 0 0 24 0 0 0 0 127 0 0 60 
0 0 0 0 0 59 0 0 0 0 0 27 15 0 0 0 0 0 20 0 0 10 0 127 0 0 60 
0 0 0 0 0 59 0 0 0 0 0 27 15 0 0 0 0 0 17 0 0 10 0 127 0 0 60 
0 0 0 0 0 59 0 0 0 0 0 27 15 0 0 0 0 0 16 0 0 10 0 127 0 0 60 
0 0 0 0 0 59 0 0 0 0 0 27 15 0 0 0 0 0 17 0 0 10 0 127 0 0 60 
0 0 0 0 0 59 0 0 0 0 0 27 15 0 0 0 0 0 26 0 0 11 0 127 0 0 60 
0 0 0 0 0 59 0 0 0 0 0 27 16 0 0 0 0 0 25 0 0 11 0 127 0 0 60 
0 0 0 0 0 59 0 0 0 0 0 27 15 0 0 0 0 0 21 0 0 11 0 127 0 0 60 
0 0 0 0 0 58 0 0 0 0 0 28 15 0 0 0 0 0 18 0 0 10 0 127 0 0 60 
0 0 0 0 0 59 0 0 0 0 0 27 15 0 0 0 0 0 16 0 0 10 0 127 0 0 60 
0 0 0 0 0 58 0 0 0 0 0 27 15 0 0 0 0 0 16 0 0 10 0 127 0 0 60 
0 0 0 0 0 59 0 0 0 0 0 27 15 0 0 0 0 0 17 0 0 10 0 127 0 0 60 
0 0 0 0 0 59 0 0 0 0 0 26 15 0 0 0 0 0 15 0 0 10 0 127 0 0 60 
0 0 0 0 0 59 0 0 0 0 0 28 15 0 0 0 0 0 23 0 0 10 0 127 0 0 60 
0 0 0 0 0 59 0 0 0 0 0 27 15 0 0 0 0 0 17 0 0 10 0 127 0 0 60 
0 0 0 0 0 59 0 0 0 0 0 27 15 0 0 0 0 0 21 0 0 10 0 127 0 0 60 
0 0 0 0 0 59 0 0 0 0 0 27 15 0 0 0 0 0 19 0 0 10 0 127 0 0 60 
0 0 0 0 0 59 0 0 0 0 0 28 15 0 0 0 0 0 26 0 0 11 0 127 0 0 60 
0 0 0 0 0 59 0 0 0 0 0 27 15 0 0 0 0 0 25 0 0 10 0 127 0 0 60 
0 0 0 0 0 59 0 0 0 0 0 27 15 0 0 0 0 0 22 0 0 0 0 127 0 0 60 
0 0 0 0 0 59 0 0 0 0 0 27 15 0 0 0 0 0 23 0 0 10 0 127 0 0 60 
0 0 0 0 0 59 0 0 0 0 0 28 15 0 0 0 0 0 24 0 0 10 0 127 0 0 60 
0 0 0 0 0 58 0 0 0 0 0 26 15 0 0 0 0 0 21 0 0 11 0 127 0 0 60 
0 0 0 0 0 59 0 0 0 0 0 28 15 0 0 0 0 0 20 0 0 11 0 127 0 0 60 
0 0 0 0 0 59 0 0 0 0 0 28 15 0 0 0 0 0 24 0 0 11 0 127 0 0 60 
0 0 0 0 0 58 0 0 0 0 0 27 15 0 0 0 0 0 16 0 0 10 0 127 0 0 60 
0 0 0 0 0 58 0 0 0 0 0 27 15 0 0 0 0 0 16 0 0 11 0 127 0 0 60 
0 0 0 0 0 58 0 0 0 0 0 27 15 0 0 0 0 0 16 0 0 11 0 127 0 0 60 
0 0 0 0 0 59 0 0 0 0 0 28 15 0 0 0 0 0 25 0 0 10 0 127 0 0 60 
0 0 0 0 0 59 0 0 0 0 0 27 15 0 0 0 0 0 25 0 0 11 0 127 0 0 60 
0 0 0 0 0 58 0 0 0 0 0 27 15 0 0 0 0 0 16 0 0 10 0 127 0 0 60 
0 0 0 0 0 59 0 0 0 0 0 28 15 0 0 0 0 0 23 0 0 11 0 127 0 0 60 
0 0 0 0 0 59 0 0 0 0 0 27 15 0 0 0 0 0 26 0 0 10 0 127 0 0 60 
0 0 0 0 0 59 0 0 0 0 0 27 15 0 0 0 0 0 26 0 0 10 0 127 0 0 60 
0 0 0 0 0 59 0 0 0 0 0 29 15 0 0 0 0 0 26 0 0 11 0 127 0 0 60 
0 0 0 0 0 59 0 0 0 0 0 28 15 0 0 0 0 0 23 0 0 11 0 127 0 0 60 
0 0 0 0 0 59 0 0 0 0 0 29 15 0 0 0 0 0 18 0 0 10 0 127 0 0 60 
0 0 0 0 0 58 0 0 0 0 0 28 15 0 0 0 0 0 22 0 0 10 0 127 0 0 60 
0 0 0 0 0 59 0 0 0 0 0 27 15 0 0 0 0 0 19 0 0 11 0 127 0 0 60 
0 0 0 0 0 59 0 0 0 0 0 28 15 0 0 0 0 0 16 0 0 11 0 127 0 0 60 
0 0 0 0 0 59 0 0 0 0 0 27 15 0 0 0 0 0 27 0 0 10 0 127 0 0 60 
0 0 0 0 0 59 0 0 0 0 0 27 15 0 0 0 0 0 25 0 0 10 0 127 0 0 60 
0 0 0 0 0 59 0 0 0 0 0 27 15 0 0 0 0 0 14 0 0 10 0 127 0 0 60 
0 0 0 0 0 59 0 0 0 0 0 28 15 0 0 0 0 0 23 0 0 10 0 127 0 0 60 
0 0 0 0 0 59 0 0 0 0 0 28 15 0 0 0 0 0 17 0 0 10 0 127 0 0 60 
0 0 0 0 0 58 0 0 0 0 0 27 16 0 0 0 0 0 20 0 0 10 0 127 0 0 60 
0 0 0 0 0 59 0 0 0 0 0 27 16 0 0 0 0 0 25 0 0 10 0 127 0 0 60 
0 0 0 0 0 59 0 0 0 0 0 28 15 0 0 0 0 0 17 0 0 11 0 127 0 0 60 
0 0 0 0 0 59 0 0 0 0 0 28 15 0 0 0 0 0 21 0 0 10 0 127 0 0 60 
0 0 0 0 0 59 0 0 0 0 0 26 15 0 0 0 0 0 18 0 0 11 0 127 0 0 60 
0 0 0 0 0 58 0 0 0 0 0 27 15 0 0 0 0 0 16 0 0 10 0 127 0 0 60 
0 0 0 0 0 58 0 0 0 0 0 28 15 0 0 0 0 0 18 0 0 11 0 127 0 0 60 
0 0 0 0 0 59 0 0 0 0 0 28 15 0 0 0 0 0 16 0 0 11 0 127 0 0 60 
0 0 0 0 0 59 0 0 0 0 0 28 15 0 0 0 0 0 15 0 0 10 0 127 0 0 60 
0 0 0 0 0 58 0 0 0 0 0 27 15 0 0 0 0 0 22 0 0 10 0 127 0 0 60 
0 0 0 0 0 59 0 0 0 0 0 29 15 0 0 0 0 0 16 0 0 10 0 127 0 0 60 
0 0 0 0 0 58 0 0 0 0 0 28 15 0 0 0 0 0 17 0 0 11 0 127 0 0 60 
0 0 0 0 0 59 0 0 0 0 0 26 15 0 0 0 0 0 18 0 0 11 0 127 0 0 60 
0 0 0 0 0 58 0 0 0 0 0 28 15 0 0 0 0 0 16 0 0 10 0 127 0 0 60 
0 0 0 0 0 59 0 0 0 0 0 27 15 0 0 0 0 0 15 0 0 10 0 127 0 0 60 
0 0 0 0 0 58 0 0 0 0 0 29 15 0 0 0 0 0 16 0 0 10 0 127 0 0 60 
0 0 0 0 0 59 0 0 0 0 0 27 15 0 0 0 0 0 18 0 0 10 0 127 0 0 60 
0 0 0 0 0 59 0 0 0 0 0 26 15 0 0 0 0 0 18 0 0 10 0 127 0 0 60 
0 0 0 0 0 58 0 0 0 0 0 29 15 0 0 0 0 0 17 0 0 10 0 127 0 0 60 
0 0 0 0 0 58 0 0 0 0 0 29 15 0 0 0 0 0 24 0 0 10 0 127 0 0 60 
0 0 0 0 0 59 0 0 0 0 0 26 15 0 0 0 0 0 16 0 0 10 0 127 0 0 60 
0 0 0 0 0 58 0 0 0 0 0 27 15 0 0 0 0 0 19 0 0 10 0 127 0 0 60 
0 0 0 0 0 59 0 0 0 0 0 27 15 0 0 0 0 0 24 0 0 10 0 127 0 0 60 
0 0 0 0 0 59 0 0 0 0 0 28 15 0 0 0 0 0 24 0 0 10 0 127 0 0 60 
0 0 0 0 0 59 0 0 0 0 0 28 15 0 0 0 0 0 23 0 0 10 0 127 0 0 60 
0 0 0 0 0 59 0 0 0 0 0 25 15 0 0 0 0 0 25 0 0 10 0 127 0 0 60 
0 0 0 0 0 58 0 0 0 0 0 28 15 0 0 0 0 0 26 0 0 10 0 127 0 0 60 
0 0 0 0 0 58 0 0 0 0 0 27 15 0 0 0 0 0 22 0 0 10 0 127 0 0 60 
0 0 0 0 0 58 0 0 0 0 0 27 15 0 0 0 0 0 23 0 0 10 0 127 0 0 60 
0 0 0 0 0 58 0 0 0 0 0 28 15 0 0 0 0 0 26 0 0 10 0 127 0 0 60 
0 0 0 0 0 59 0 0 0 0 0 27 15 0 0 0 0 0 20 0 0 11 0 127 0 0 60 
0 0 0 0 0 58 0 0 0 0 0 27 15 0 0 0 0 0 22 0 0 10 0 127 0 0 60 
0 0 0 0 0 59 0 0 0 0 0 27 15 0 0 0 0 0 15 0 0 10 0 127 0 0 60 
0 0 0 0 0 59 0 0 0 0 0 27 15 0 0 0 0 0 15 0 0 10 0 127 0 0 60 
0 0 0 0 0 59 0 0 0 0 0 28 15 0 0 0 0 0 15 0 0 10 0 127 0 0 60 
0 0 0 0 0 59 0 0 0 0 0 27 15 0 0 0 0 0 25 0 0 10 0 127 0 0 60 
0 0 0 0 0 59 0 0 0 0 0 27 15 0 0 0 0 0 15 0 0 10 0 127 0 0 60 
0 0 0 0 0 58 0 0 0 0 0 28 15 0 0 0 0 0 23 0 0 10 0 127 0 0 60 
0 0 0 0 0 58 0 0 0 0 0 27 15 0 0 0 0 0 25 0 0 11 0 127 0 0 60 
0 0 0 0 0 58 0 0 0 0 0 27 15 0 0 0 0 0 19 0 0 11 0 127 0 0 60 
0 0 0 0 0 58 0 0 0 0 0 28 15 0 0 0 0 0 17 0 0 10 0 127 0 0 60 
0 0 0 0 0 58 0 0 0 0 0 27 15 0 0 0 0 0 20 0 0 10 0 127 0 0 60 
0 0 0 0 0 58 0 0 0 0 0 29 15 0 0 0 0 0 22 0 0 10 0 127 0 0 60 
0 0 0 0 0 59 0 0 0 0 0 28 15 0 0 0 0 0 20 0 0 10 0 127 0 0 60 
0 0 0 0 0 59 0 0 0 0 0 28 16 0 0 0 0 0 26 0 0 10 0 127 0 0 60 
0 0 0 0 0 58 0 0 0 0 0 28 15 0 0 0 0 0 25 0 0 10 0 127 0 0 60 
0 0 0 0 0 59 0 0 0 0 0 28 16 0 0 0 0 0 20 0 0 11 0 127 0 0 60 
0 0 0 0 0 58 0 0 0 0 0 27 15 0 0 0 0 0 15 0 0 10 0 127 0 0 60 
0 0 0 0 0 58 0 0 0 0 0 27 15 0 0 0 0 0 20 0 0 10 0 127 0 0 60 
0 0 0 0 0 58 0 0 0 0 0 26 15 0 0 0 0 0 17 0 0 10 0 127 0 0 60 
0 0 0 0 0 59 0 0 0 0 0 28 15 0 0 0 0 0 24 0 0 10 0 127 0 0 60 
0 0 0 0 0 58 0 0 0 0 0 26 15 0 0 0 0 0 21 0 0 11 0 127 0 0 60 
0 0 0 0 0 58 0 0 0 0 0 28 15 0 0 0 0 0 23 0 0 11 0 127 0 0 60 
0 0 0 0 0 59 0 0 0 0 0 28 15 0 0 0 0 0 18 0 0 11 0 127 0 0 60 
0 0 0 0 0 58 0 0 0 0 0 28 15 0 0 0 0 0 16 0 0 10 0 127 0 0 60 
0 0 0 0 0 58 0 0 0 0 0 28 15 0 0 0 0 0 15 0 0 11 0 127 0 0 60 
0 0 0 0 0 58 0 0 0 0 0 27 15 0 0 0 0 0 17 0 0 11 0 127 0 0 60 
0 0 0 0 0 58 0 0 0 0 0 28 15 0 0 0 0 0 17 0 0 10 0 127 0 0 60 
0 0 0 0 0 58 0 0 0 0 0 28 15 0 0 0 0 0 22 0 0 10 0 127 0 0 60 
0 0 0 0 0 57 0 0 0 0 0 27 15 0 0 0 0 0 17 0 0 10 0 127 0 0 60 
0 0 0 0 0 58 0 0 0 0 0 27 15 0 0 0 0 0 17 0 0 10 0 127 0 0 60 
0 0 0 0 0 58 0 0 0 0 0 28 15 0 0 0 0 0 17 0 0 10 0 127 0 0 60 
0 0 0 0 0 58 0 0 0 0 0 25 15 0 0 0 0 0 19 0 0 11 0 127 0 0 60 
0 0 0 0 0 59 0 0 0 0 0 28 15 0 0 0 0 0 24 0 0 10 0 127 0 0 60 
0 0 0 0 0 59 0 0 0 0 0 27 15 0 0 0 0 0 21 0 0 11 0 127 0 0 60 
0 0 0 0 0 59 0 0 0 0 0 28 15 0 0 0 0 0 24 0 0 10 0 127 0 0 60 
0 0 0 0 0 58 0 0 0 0 0 28 16 0 0 0 0 0 21 0 0 10 0 127 0 0 60 
0 0 0 0 0 58 0 0 0 0 0 26 15 0 0 0 0 0 21 0 0 10 0 127 0 0 60 
0 0 0 0 0 59 0 0 0 0 0 28 15 0 0 0 0 0 23 0 0 10 0 127 0 0 60 
0 0 0 0 0 59 0 0 0 0 0 28 15 0 0 0 0 0 16 0 0 11 0 127 0 0 60 
0 0 0 0 0 59 0 0 0 0 0 27 15 0 0 0 0 0 25 0 0 10 0 127 0 0 60 
0 0 0 0 0 58 0 0 0 0 0 27 15 0 0 0 0 0 26 0 0 10 0 127 0 0 60 
0 0 0 0 0 59 0 0 0 0 0 27 15 0 0 0 0 0 21 0 0 10 0 127 0 0 60 
0 0 0 0 0 59 0 0 0 0 0 27 15 0 0 0 0 0 16 0 0 10 0 127 0 0 60 
0 0 0 0 0 59 0 0 0 0 0 27 15 0 0 0 0 0 25 0 0 10 0 127 0 0 60 
0 0 0 0 0 59 0 0 0 0 0 27 15 0 0 0 0 0 19 0 0 10 0 127 0 0 60 
0 0 0 0 0 59 0 0 0 0 0 27 15 0 0 0 0 0 15 0 0 10 0 127 0 0 60 
0 0 0 0 0 57 0 0 0 0 0 27 15 0 0 0 0 0 19 0 0 10 0 127 0 0 60 
0 0 0 0 0 58 0 0 0 0 0 28 15 0 0 0 0 0 17 0 0 10 0 127 0 0 60 
0 0 0 0 0 58 0 0 0 0 0 28 15 0 0 0 0 0 18 0 0 10 0 127 0 0 60 
0 0 0 0 0 57 0 0 0 0 0 26 15 0 0 0 0 0 15 0 0 10 0 127 0 0 60 
0 0 0 0 0 57 0 0 0 0 0 27 16 0 0 0 0 0 19 0 0 10 0 127 0 0 60 
0 0 0 0 0 56 0 0 0 0 0 26 16 0 0 0 0 0 17 0 0 11 0 127 0 0 60 
0 0 0 0 0 55 0 0 0 0 0 26 15 0 0 0 0 0 25 0 0 10 0 127 0 0 60 
0 0 0 0 0 56 0 0 0 0 0 27 15 0 0 0 0 0 26 0 0 10 0 127 0 0 60 
0 0 0 0 0 56 0 0 0 0 0 26 16 0 0 0 0 0 20 0 0 10 0 127 0 0 60 
0 0 0 0 0 56 0 0 0 0 0 28 15 0 0 0 0 0 21 0 0 11 0 127 0 0 60 
0 0 0 0 0 55 0 0 0 0 0 26 15 0 0 0 0 0 19 0 0 10 0 127 0 0 60 
0 0 0 0 0 56 0 0 0 0 0 26 15 0 0 0 0 0 21 0 0 10 0 127 0 0 60 
0 0 0 0 0 56 0 0 0 0 0 27 15 0 0 0 0 0 24 0 0 10 0 127 0 0 60 
0 0 0 0 0 55 0 0 0 0 0 28 15 0 0 0 0 0 18 0 0 0 0 127 0 0 60 
0 0 0 0 0 55 0 0 0 0 0 27 15 0 0 0 0 0 23 0 0 0 0 127 0 0 60 
0 0 0 0 0 54 0 0 0 0 0 27 15 0 0 0 0 0 22 0 0 10 0 127 0 0 60 
0 0 0 0 0 52 0 0 0 0 0 27 15 0 0 0 0 0 20 0 0 10 0 127 0 0 60 
0 0 0 0 0 57 0 0 0 0 0 27 16 0 0 0 0 0 23 0 0 10 0 127 0 0 60 
0 0 0 0 0 57 0 0 0 0 0 27 15 0 0 0 0 0 22 0 0 10 0 127 0 0 60 
0 0 0 0 0 57 0 0 0 0 0 25 15 0 0 0 0 0 18 0 0 10 0 127 0 0 60 
0 0 0 0 0 57 0 0 0 0 0 27 16 0 0 0 0 0 15 0 0 10 0 127 0 0 60 
0 0 0 0 0 57 0 0 0 0 0 27 15 0 0 0 0 0 17 0 0 10 0 127 0 0 60 
0 0 0 0 0 56 0 0 0 0 0 27 15 0 0 0 0 0 15 0 0 11 0 127 0 0 60 
0 0 0 0 0 56 0 0 0 0 0 27 15 0 0 0 0 0 19 0 0 11 0 127 0 0 60 
0 0 0 0 0 57 0 0 0 0 0 27 16 0 0 0 0 0 22 0 0 10 0 127 0 0 60 
0 0 0 0 0 58 0 0 0 0 0 27 15 0 0 0 0 0 25 0 0 10 0 127 0 0 60 
0 0 0 0 0 58 0 0 0 0 0 26 15 0 0 0 0 0 23 0 0 10 0 127 0 0 60 
0 0 0 0 0 58 0 0 0 0 0 25 15 0 0 0 0 0 15 0 0 10 0 127 0 0 60 
0 0 0 0 0 57 0 0 0 0 0 27 15 0 0 0 0 0 23 0 0 10 0 127 0 0 60 
0 0 0 0 0 58 0 0 0 0 0 26 15 0 0 0 0 0 17 0 0 11 0 127 0 0 60 
0 0 0 0 0 57 0 0 0 0 0 28 15 0 0 0 0 0 14 0 0 10 0 127 0 0 60 
0 0 0 0 0 57 0 0 0 0 0 27 15 0 0 0 0 0 15 0 0 11 0 127 0 0 60 
0 0 0 0 0 57 0 0 0 0 0 25 15 0 0 0 0 0 24 0 0 10 0 127 0 0 60 
0 0 0 0 0 57 0 0 0 0 0 27 15 0 0 0 0 0 21 0 0 11 0 127 0 0 60 
0 0 0 0 0 57 0 0 0 0 0 26 15 0 0 0 0 0 26 0 0 11 0 127 0 0 60 
0 0 0 0 0 57 0 0 0 0 0 25 15 0 0 0 0 0 22 0 0 11 0 127 0 0 60 
0 0 0 0 0 57 0 0 0 0 0 27 15 0 0 0 0 0 21 0 0 10 0 127 0 0 60 
0 0 0 0 0 57 0 0 0 0 0 26 15 0 0 0 0 0 17 0 0 11 0 127 0 0 60 
0 0 0 0 0 57 0 0 0 0 0 26 15 0 0 0 0 0 24 0 0 10 0 127 0 0 60 
0 0 0 0 0 57 0 0 0 0 0 28 15 0 0 0 0 0 19 0 0 10 0 127 0 0 60 
0 0 0 0 0 57 0 0 0 0 0 25 15 0 0 0 0 0 27 0 0 10 0 127 0 0 60 
0 0 0 0 0 57 0 0 0 0 0 27 16 0 0 0 0 0 18 0 0 10 0 127 0 0 60 
0 0 0 0 0 57 0 0 0 0 0 26 15 0 0 0 0 0 26 0 0 11 0 127 0 0 60 
0 0 0 0 0 57 0 0 0 0 0 26 15 0 0 0 0 0 25 0 0 10 0 127 0 0 60 
0 0 0 0 0 57 0 0 0 0 0 27 15 0 0 0 0 0 21 0 0 10 0 127 0 0 60 
0 0 0 0 0 57 0 0 0 0 0 26 15 0 0 0 0 0 25 0 0 10 0 127 0 0 60 
0 0 0 0 0 57 0 0 0 0 0 29 15 0 0 0 0 0 16 0 0 10 0 127 0 0 60 
0 0 0 0 0 57 0 0 0 0 0 27 15 0 0 0 0 0 21 0 0 10 0 127 0 0 60 
0 0 0 0 0 57 0 0 0 0 0 26 16 0 0 0 0 0 26 0 0 10 0 127 0 0 60 
0 0 0 0 0 57 0 0 0 0 0 28 16 0 0 0 0 0 25 0 0 10 0 127 0 0 60 
0 0 0 0 0 57 0 0 0 0 0 27 15 0 0 0 0 0 24 0 0 10 0 127 0 0 60 
0 0 0 0 0 57 0 0 0 0 0 27 15 0 0 0 0 0 17 0 0 10 0 127 0 0 60 
0 0 0 0 0 57 0 0 0 0 0 27 15 0 0 0 0 0 22 0 0 10 0 127 0 0 60 
0 0 0 0 0 54 0 0 0 0 0 27 15 0 0 0 0 0 25 0 0 0 0 127 0 0 60 
0 0 0 0 0 53 0 0 0 0 0 27 15 0 0 0 0 0 25 0 0 10 0 127 0 0 60 
0 0 0 0 0 51 0 0 0 0 0 27 15 0 0 0 0 0 14 0 0 10 0 127 0 0 60 
0 0 0 0 0 53 0 0 0 0 0 27 15 0 0 0 0 0 17 0 0 10 0 127 0 0 60 
0 0 0 0 0 53 0 0 0 0 0 29 15 0 0 0 0 0 26 0 0 10 0 127 0 0 60 
0 0 0 0 0 49 0 0 0 0 0 27 15 0 0 0 0 0 16 0 0 10 0 127 0 0 60 
0 0 0 0 0 49 0 0 0 0 0 28 15 0 0 0 0 0 26 0 0 10 0 127 0 0 60 
0 0 0 0 0 52 0 0 0 0 0 27 15 0 0 0 0 0 16 0 0 11 0 127 0 0 60 
0 0 0 0 0 54 0 0 0 0 0 26 15 0 0 0 0 0 22 0 0 10 0 127 0 0 60 
0 0 0 0 0 53 0 0 0 0 0 28 15 0 0 0 0 0 16 0 0 11 0 127 0 0 60 
0 0 0 0 0 53 0 0 0 0 0 27 15 0 0 0 0 0 25 0 0 10 0 127 0 0 60 
0 0 0 0 0 53 0 0 0 0 0 26 15 0 0 0 0 0 23 0 0 10 0 127 0 0 60 
0 0 0 0 0 55 0 0 0 0 0 27 15 0 0 0 0 0 26 0 0 10 0 127 0 0 60 
0 0 0 0 0 54 0 0 0 0 0 28 15 0 0 0 0 0 21 0 0 10 0 127 0 0 60 
0 0 0 0 0 53 0 0 0 0 0 28 15 0 0 0 0 0 15 0 0 10 0 127 0 0 60 
0 0 0 0 0 54 0 0 0 0 0 27 15 0 0 0 0 0 18 0 0 10 0 127 0 0 60 
0 0 0 0 0 53 0 0 0 0 0 26 15 0 0 0 0 0 25 0 0 10 0 127 0 0 60 
0 0 0 0 0 55 0 0 0 0 0 28 15 0 0 0 0 0 25 0 0 10 0 127 0 0 60 
0 0 0 0 0 54 0 0 0 0 0 29 15 0 0 0 0 0 25 0 0 10 0 127 0 0 60 
0 0 0 0 0 53 0 0 0 0 0 27 15 0 0 0 0 0 22 0 0 11 0 127 0 0 60 
0 0 0 0 0 52 0 0 0 0 0 27 15 0 0 0 0 0 16 0 0 10 0 127 0 0 60 
0 0 0 0 0 53 0 0 0 0 0 27 15 0 0 0 0 0 15 0 0 11 0 127 0 0 60 
0 0 0 0 0 53 0 0 0 0 0 27 15 0 0 0 0 0 20 0 0 11 0 127 0 0 60 
0 0 0 0 0 52 0 0 0 0 0 27 15 0 0 0 0 0 24 0 0 10 0 127 0 0 60 
0 0 0 0 0 52 0 0 0 0 0 27 15 0 0 0 0 0 20 0 0 10 0 127 0 0 60 
0 0 0 0 0 52 0 0 0 0 0 28 15 0 0 0 0 0 19 0 0 10 0 127 0 0 60 
0 0 0 0 0 55 0 0 0 0 0 27 15 0 0 0 0 0 21 0 0 11 0 127 0 0 60 
0 0 0 0 0 56 0 0 0 0 0 28 15 0 0 0 0 0 19 0 0 10 0 127 0 0 60 
0 0 0 0 0 56 0 0 0 0 0 27 15 0 0 0 0 0 22 0 0 10 0 127 0 0 60 
0 0 0 0 0 56 0 0 0 0 0 28 15 0 0 0 0 0 17 0 0 10 0 127 0 0 60 
0 0 0 0 0 55 0 0 0 0 0 28 15 0 0 0 0 0 15 0 0 10 0 127 0 0 60 
0 0 0 0 0 55 0 0 0 0 0 27 15 0 0 0 0 0 20 0 0 0 0 127 0 0 60 
0 0 0 0 0 55 0 0 0 0 0 27 15 0 0 0 0 0 16 0 0 0 0 127 0 0 60 
0 0 0 0 0 55 0 0 0 0 0 28 15 0 0 0 0 0 16 0 0 10 0 127 0 0 60 
0 0 0 0 0 55 0 0 0 0 0 28 16 0 0 0 0 0 22 0 0 10 0 127 0 0 60 
0 0 0 0 0 54 0 0 0 0 0 29 15 0 0 0 0 0 19 0 0 10 0 127 0 0 60 
0 0 0 0 0 55 0 0 0 0 0 27 15 0 0 0 0 0 18 0 0 11 0 127 0 0 60 
0 0 0 0 0 56 0 0 0 0 0 26 15 0 0 0 0 0 24 0 0 10 0 127 0 0 60 
0 0 0 0 0 56 0 0 0 0 0 28 15 0 0 0 0 0 19 0 0 10 0 127 0 0 60 
0 0 0 0 0 56 0 0 0 0 0 27 15 0 0 0 0 0 17 0 0 10 0 127 0 0 60 
0 0 0 0 0 55 0 0 0 0 0 27 15 0 0 0 0 0 19 0 0 11 0 127 0 0 60 
0 0 0 0 0 57 0 0 0 0 0 25 15 0 0 0 0 0 25 0 0 10 0 127 0 0 60 
0 0 0 0 0 56 0 0 0 0 0 27 15 0 0 0 0 0 16 0 0 0 0 127 0 0 60 
0 0 0 0 0 56 0 0 0 0 0 29 15 0 0 0 0 0 23 0 0 10 0 127 0 0 60 
0 0 0 0 0 56 0 0 0 0 0 28 14 0 0 0 0 0 16 0 0 11 0 127 0 0 60 
0 0 0 0 0 55 0 0 0 0 0 27 15 0 0 0 0 0 16 0 0 10 0 127 0 0 60 
0 0 0 0 0 56 0 0 0 0 0 28 15 0 0 0 0 0 16 0 0 10 0 127 0 0 60 
0 0 0 0 0 56 0 0 0 0 0 27 15 0 0 0 0 0 27 0 0 11 0 127 0 0 60 
0 0 0 0 0 56 0 0 0 0 0 29 15 0 0 0 0 0 18 0 0 10 0 127 0 0 60 
0 0 0 0 0 54 0 0 0 0 0 28 15 0 0 0 0 0 17 0 0 10 0 127 0 0 60 
0 0 0 0 0 54 0 0 0 0 0 27 15 0 0 0 0 0 23 0 0 10 0 127 0 0 60 
0 0 0 0 0 54 0 0 0 0 0 28 15 0 0 0 0 0 16 0 0 10 0 127 0 0 60 
0 0 0 0 0 54 0 0 0 0 0 27 15 0 0 0 0 0 23 0 0 11 0 127 0 0 60 
0 0 0 0 0 53 0 0 0 0 0 26 15 0 0 0 0 0 25 0 0 11 0 127 0 0 60 
0 0 0 0 0 55 0 0 0 0 0 28 15 0 0 0 0 0 19 0 0 10 0 127 0 0 60 
0 0 0 0 0 54 0 0 0 0 0 27 15 0 0 0 0 0 15 0 0 10 0 127 0 0 60 
0 0 0 0 0 53 0 0 0 0 0 27 15 0 0 0 0 0 16 0 0 10 0 127 0 0 60 
0 0 0 0 0 53 0 0 0 0 0 26 14 0 0 0 0 0 27 0 0 10 0 127 0 0 60 
0 0 0 0 0 53 0 0 0 0 0 26 15 0 0 0 0 0 25 0 0 10 0 127 0 0 60 
0 0 0 0 0 53 0 0 0 0 0 27 15 0 0 0 0 0 23 0 0 10 0 127 0 0 60 
0 0 0 0 0 54 0 0 0 0 0 25 15 0 0 0 0 0 24 0 0 10 0 127 0 0 60 
0 0 0 0 0 53 0 0 0 0 0 27 15 0 0 0 0 0 26 0 0 10 0 127 0 0 60 
0 0 0 0 0 54 0 0 0 0 0 28 15 0 0 0 0 0 15 0 0 11 0 127 0 0 60 
0 0 0 0 0 53 0 0 0 0 0 27 15 0 0 0 0 0 24 0 0 10 0 127 0 0 60 
0 0 0 0 0 53 0 0 0 0 0 29 14 0 0 0 0 0 23 0 0 10 0 127 0 0 60 
0 0 0 0 0 53 0 0 0 0 0 27 15 0 0 0 0 0 24 0 0 10 0 127 0 0 60 
0 0 0 0 0 54 0 0 0 0 0 27 14 0 0 0 0 0 19 0 0 10 0 127 0 0 60 
0 0 0 0 0 53 0 0 0 0 0 28 15 0 0 0 0 0 19 0 0 10 0 127 0 0 60 
0 0 0 0 0 54 0 0 0 0 0 27 15 0 0 0 0 0 17 0 0 10 0 127 0 0 60 
0 0 0 0 0 54 0 0 0 0 0 27 15 0 0 0 0 0 19 0 0 10 0 127 0 0 60 
0 0 0 0 0 53 0 0 0 0 0 28 15 0 0 0 0 0 23 0 0 10 0 127 0 0 60 
0 0 0 0 0 55 0 0 0 0 0 27 15 0 0 0 0 0 17 0 0 10 0 127 0 0 60 
0 0 0 0 0 56 0 0 0 0 0 28 15 0 0 0 0 0 25 0 0 10 0 127 0 0 60 
0 0 0 0 0 56 0 0 0 0 0 27 15 0 0 0 0 0 24 0 0 11 0 127 0 0 60 
0 0 0 0 0 56 0 0 0 0 0 28 15 0 0 0 0 0 25 0 0 11 0 127 0 0 60 
0 0 0 0 0 57 0 0 0 0 0 28 14 0 0 0 0 0 24 0 0 11 0 127 0 0 60 
0 0 0 0 0 56 0 0 0 0 0 26 15 0 0 0 0 0 17 0 0 11 0 127 0 0 60 
0 0 0 0 0 57 0 0 0 0 0 28 14 0 0 0 0 0 24 0 0 11 0 127 0 0 60 
0 0 0 0 0 58 0 0 0 0 0 26 15 0 0 0 0 0 16 0 0 11 0 127 0 0 60 
0 0 0 0 0 58 0 0 0 0 0 27 15 0 0 0 0 0 22 0 0 10 0 127 0 0 60 
0 0 0 0 0 58 0 0 0 0 0 27 14 0 0 0 0 0 23 0 0 11 0 127 0 0 60 
0 0 0 0 0 59 0 0 0 0 0 27 14 0 0 0 0 0 16 0 0 11 0 127 0 0 60 
0 0 0 0 0 58 0 0 0 0 0 28 15 0 0 0 0 0 15 0 0 11 0 127 0 0 60 
0 0 0 0 0 58 0 0 0 0 0 28 15 0 0 0 0 0 17 0 0 11 0 127 0 0 60 
0 0 0 0 0 58 0 0 0 0 0 27 15 0 0 0 0 0 23 0 0 11 0 127 0 0 60 
0 0 0 0 0 58 0 0 0 0 0 28 13 0 0 0 0 0 21 0 0 11 0 127 0 0 60 
0 0 0 0 0 59 0 0 0 0 0 27 14 0 0 0 0 0 19 0 0 11 0 127 0 0 60 
0 0 0 0 0 58 0 0 0 0 0 27 14 0 0 0 0 0 17 0 0 10 0 127 0 0 60 
0 0 0 0 0 58 0 0 0 0 0 29 15 0 0 0 0 0 22 0 0 10 0 127 0 0 60 
0 0 0 0 0 58 0 0 0 0 0 27 15 0 0 0 0 0 17 0 0 10 0 127 0 0 60 
0 0 0 0 0 57 0 0 0 0 0 28 15 0 0 0 0 0 14 0 0 10 0 127 0 0 60 
0 0 0 0 0 58 0 0 0 0 0 27 15 0 0 0 0 0 17 0 0 10 0 127 0 0 60 
0 0 0 0 0 59 0 0 0 0 0 27 15 0 0 0 0 0 25 0 0 10 0 127 0 0 60 
0 0 0 0 0 58 0 0 0 0 0 28 15 0 0 0 0 0 24 0 0 10 0 127 0 0 60 
0 0 0 0 0 59 0 0 0 0 0 28 15 0 0 0 0 0 14 0 0 10 0 127 0 0 60 
0 0 0 0 0 58 0 0 0 0 0 28 15 0 0 0 0 0 21 0 0 10 0 127 0 0 60 
0 0 0 0 0 59 0 0 0 0 0 26 15 0 0 0 0 0 24 0 0 10 0 127 0 0 60 
0 0 0 0 0 59 0 0 0 0 0 27 15 0 0 0 0 0 15 0 0 10 0 127 0 0 60 
0 0 0 0 0 59 0 0 0 0 0 27 15 0 0 0 0 0 23 0 0 10 0 127 0 0 60 
0 0 0 0 0 59 0 0 0 0 0 27 15 0 0 0 0 0 21 0 0 10 0 127 0 0 60 
0 0 0 0 0 59 0 0 0 0 0 26 15 0 0 0 0 0 22 0 0 10 0 127 0 0 60 
0 0 0 0 0 59 0 0 0 0 0 28 15 0 0 0 0 0 19 0 0 10 0 127 0 0 60 
0 0 0 0 0 59 0 0 0 0 0 27 15 0 0 0 0 0 17 0 0 10 0 127 0 0 60 
0 0 0 0 0 58 0 0 0 0 0 27 15 0 0 0 0 0 16 0 0 10 0 127 0 0 60 
0 0 0 0 0 59 0 0 0 0 0 28 15 0 0 0 0 0 17 0 0 10 0 127 0 0 60 
0 0 0 0 0 59 0 0 0 0 0 28 15 0 0 0 0 0 21 0 0 11 0 127 0 0 60 
0 0 0 0 0 59 0 0 0 0 0 27 15 0 0 0 0 0 26 0 0 11 0 127 0 0 60 
0 0 0 0 0 58 0 0 0 0 0 28 15 0 0 0 0 0 22 0 0 10 0 127 0 0 60 
0 0 0 0 0 59 0 0 0 0 0 28 15 0 0 0 0 0 25 0 0 10 0 127 0 0 60 
0 0 0 0 0 59 0 0 0 0 0 28 15 0 0 0 0 0 18 0 0 10 0 127 0 0 60 
0 0 0 0 0 59 0 0 0 0 0 27 15 0 0 0 0 0 15 0 0 10 0 127 0 0 60 
0 0 0 0 0 59 0 0 0 0 0 28 15 0 0 0 0 0 15 0 0 10 0 127 0 0 60 
0 0 0 0 0 59 0 0 0 0 0 28 15 0 0 0 0 0 20 0 0 10 0 127 0 0 60 
0 0 0 0 0 58 0 0 0 0 0 25 15 0 0 0 0 0 23 0 0 10 0 127 0 0 60 
0 0 0 0 0 59 0 0 0 0 0 28 15 0 0 0 0 0 24 0 0 10 0 127 0 0 60 
0 0 0 0 0 59 0 0 0 0 0 26 15 0 0 0 0 0 26 0 0 10 0 127 0 0 60 
0 0 0 0 0 59 0 0 0 0 0 25 15 0 0 0 0 0 25 0 0 10 0 127 0 0 60 
0 0 0 0 0 59 0 0 0 0 0 27 15 0 0 0 0 0 24 0 0 10 0 127 0 0 60 
0 0 0 0 0 59 0 0 0 0 0 27 15 0 0 0 0 0 19 0 0 10 0 127 0 0 60 
0 0 0 0 0 59 0 0 0 0 0 27 15 0 0 0 0 0 16 0 0 10 0 127 0 0 60 
0 0 0 0 0 59 0 0 0 0 0 26 15 0 0 0 0 0 20 0 0 11 0 127 0 0 60 
0 0 0 0 0 58 0 0 0 0 0 27 15 0 0 0 0 0 20 0 0 10 0 127 0 0 60 
0 0 0 0 0 59 0 0 0 0 0 27 15 0 0 0 0 0 22 0 0 10 0 127 0 0 60 
0 0 0 0 0 59 0 0 0 0 0 27 15 0 0 0 0 0 23 0 0 10 0 127 0 0 60 
0 0 0 0 0 59 0 0 0 0 0 27 15 0 0 0 0 0 24 0 0 10 0 127 0 0 60 
0 0 0 0 0 59 0 0 0 0 0 28 15 0 0 0 0 0 26 0 0 10 0 127 0 0 60 
0 0 0 0 0 59 0 0 0 0 0 26 15 0 0 0 0 0 16 0 0 10 0 127 0 0 60 
0 0 0 0 0 59 0 0 0 0 0 26 15 0 0 0 0 0 19 0 0 10 0 127 0 0 60 
0 0 0 0 0 59 0 0 0 0 0 29 15 0 0 0 0 0 25 0 0 11 0 127 0 0 60 
0 0 0 0 0 59 0 0 0 0 0 28 15 0 0 0 0 0 19 0 0 11 0 127 0 0 60 
0 0 0 0 0 59 0 0 0 0 0 27 15 0 0 0 0 0 17 0 0 10 0 127 0 0 60 
0 0 0 0 0 59 0 0 0 0 0 27 15 0 0 0 0 0 23 0 0 10 0 127 0 0 60 
0 0 0 0 0 58 0 0 0 0 0 26 15 0 0 0 0 0 17 0 0 10 0 127 0 0 60 
0 0 0 0 0 59 0 0 0 0 0 27 15 0 0 0 0 0 19 0 0 10 0 127 0 0 60 
0 0 0 0 0 59 0 0 0 0 0 26 15 0 0 0 0 0 22 0 0 10 0 127 0 0 60 
0 0 0 0 0 59 0 0 0 0 0 27 15 0 0 0 0 0 16 0 0 10 0 127 0 0 60 
0 0 0 0 0 59 0 0 0 0 0 27 15 0 0 0 0 0 19 0 0 10 0 127 0 0 60 
0 0 0 0 0 59 0 0 0 0 0 27 15 0 0 0 0 0 15 0 0 10 0 127 0 0 60 
0 0 0 0 0 59 0 0 0 0 0 27 15 0 0 0 0 0 21 0 0 10 0 127 0 0 60 
0 0 0 0 0 59 0 0 0 0 0 28 15 0 0 0 0 0 15 0 0 0 0 127 0 0 60 
0 0 0 0 0 59 0 0 0 0 0 27 15 0 0 0 0 0 25 0 0 10 0 127 0 0 60 
0 0 0 0 0 59 0 0 0 0 0 27 15 0 0 0 0 0 24 0 0 10 0 127 0 0 60 
0 0 0 0 0 59 0 0 0 0 0 27 15 0 0 0 0 0 22 0 0 10 0 127 0 0 60 
0 0 0 0 0 59 0 0 0 0 0 27 15 0 0 0 0 0 19 0 0 10 0 127 0 0 60 
0 0 0 0 0 59 0 0 0 0 0 27 15 0 0 0 0 0 23 0 0 10 0 127 0 0 60 
0 0 0 0 0 59 0 0 0 0 0 27 15 0 0 0 0 0 26 0 0 10 0 127 0 0 60 
0 0 0 0 0 58 0 0 0 0 0 27 15 0 0 0 0 0 16 0 0 10 0 127 0 0 60 
0 0 0 0 0 59 0 0 0 0 0 26 15 0 0 0 0 0 24 0 0 10 0 127 0 0 60 
0 0 0 0 0 59 0 0 0 0 0 27 15 0 0 0 0 0 23 0 0 10 0 127 0 0 60 
0 0 0 0 0 59 0 0 0 0 0 28 15 0 0 0 0 0 17 0 0 10 0 127 0 0 60 
0 0 0 0 0 59 0 0 0 0 0 26 15 0 0 0 0 0 25 0 0 10 0 127 0 0 60 
0 0 0 0 0 59 0 0 0 0 0 26 14 0 0 0 0 0 16 0 0 10 0 127 0 0 60 
0 0 0 0 0 59 0 0 0 0 0 27 15 0 0 0 0 0 17 0 0 10 0 127 0 0 60 
0 0 0 0 0 59 0 0 0 0 0 27 15 0 0 0 0 0 14 0 0 10 0 127 0 0 60 
0 0 0 0 0 59 0 0 0 0 0 27 15 0 0 0 0 0 15 0 0 10 0 127 0 0 60 
0 0 0 0 0 59 0 0 0 0 0 28 15 0 0 0 0 0 16 0 0 10 0 127 0 0 60 
0 0 0 0 0 59 0 0 0 0 0 28 15 0 0 0 0 0 19 0 0 11 0 127 0 0 60 
0 0 0 0 0 59 0 0 0 0 0 29 15 0 0 0 0 0 17 0 0 11 0 127 0 0 60 
0 0 0 0 0 59 0 0 0 0 0 27 15 0 0 0 0 0 14 0 0 11 0 127 0 0 60 
0 0 0 0 0 59 0 0 0 0 0 27 15 0 0 0 0 0 20 0 0 11 0 127 0 0 60 
0 0 0 0 0 59 0 0 0 0 0 26 15 0 0 0 0 0 18 0 0 10 0 127 0 0 60 
0 0 0 0 0 59 0 0 0 0 0 27 15 0 0 0 0 0 16 0 0 10 0 127 0 0 60 
0 0 0 0 0 59 0 0 0 0 0 28 15 0 0 0 0 0 19 0 0 10 0 127 0 0 60 
0 0 0 0 0 59 0 0 0 0 0 27 14 0 0 0 0 0 20 0 0 10 0 127 0 0 60 
0 0 0 0 0 58 0 0 0 0 0 27 15 0 0 0 0 0 17 0 0 11 0 127 0 0 60 
0 0 0 0 0 59 0 0 0 0 0 28 15 0 0 0 0 0 26 0 0 10 0 127 0 0 60 
0 0 0 0 0 58 0 0 0 0 0 28 15 0 0 0 0 0 15 0 0 11 0 127 0 0 60 
0 0 0 0 0 59 0 0 0 0 0 27 15 0 0 0 0 0 24 0 0 10 0 127 0 0 60 
0 0 0 0 0 58 0 0 0 0 0 27 15 0 0 0 0 0 24 0 0 10 0 127 0 0 60 
0 0 0 0 0 59 0 0 0 0 0 27 15 0 0 0 0 0 16 0 0 11 0 127 0 0 60 
0 0 0 0 0 59 0 0 0 0 0 28 15 0 0 0 0 0 15 0 0 11 0 127 0 0 60 
0 0 0 0 0 59 0 0 0 0 0 26 15 0 0 0 0 0 22 0 0 11 0 127 0 0 60 
0 0 0 0 0 59 0 0 0 0 0 27 15 0 0 0 0 0 24 0 0 11 0 127 0 0 60 
0 0 0 0 0 58 0 0 0 0 0 27 15 0 0 0 0 0 14 0 0 10 0 127 0 0 60 
0 0 0 0 0 59 0 0 0 0 0 28 14 0 0 0 0 0 16 0 0 10 0 127 0 0 60 
0 0 0 0 0 59 0 0 0 0 0 28 15 0 0 0 0 0 22 0 0 10 0 127 0 0 60 
0 0 0 0 0 59 0 0 0 0 0 26 15 0 0 0 0 0 25 0 0 11 0 127 0 0 60 
0 0 0 0 0 59 0 0 0 0 0 28 15 0 0 0 0 0 25 0 0 10 0 127 0 0 60 
0 0 0 0 0 59 0 0 0 0 0 28 15 0 0 0 0 0 25 0 0 10 0 127 0 0 60 
0 0 0 0 0 59 0 0 0 0 0 28 15 0 0 0 0 0 18 0 0 10 0 127 0 0 60 
0 0 0 0 0 59 0 0 0 0 0 27 15 0 0 0 0 0 22 0 0 10 0 127 0 0 60 
0 0 0 0 0 59 0 0 0 0 0 27 15 0 0 0 0 0 20 0 0 10 0 127 0 0 60 
0 0 0 0 0 59 0 0 0 0 0 28 15 0 0 0 0 0 23 0 0 10 0 127 0 0 60 
0 0 0 0 0 59 0 0 0 0 0 27 15 0 0 0 0 0 16 0 0 11 0 127 0 0 60 
0 0 0 0 0 58 0 0 0 0 0 27 15 0 0 0 0 0 19 0 0 10 0 127 0 0 60 
0 0 0 0 0 58 0 0 0 0 0 28 15 0 0 0 0 0 24 0 0 10 0 127 0 0 60 
0 0 0 0 0 59 0 0 0 0 0 27 15 0 0 0 0 0 25 0 0 10 0 127 0 0 60 
0 0 0 0 0 58 0 0 0 0 0 26 15 0 0 0 0 0 20 0 0 10 0 127 0 0 60 
0 0 0 0 0 59 0 0 0 0 0 28 15 0 0 0 0 0 16 0 0 10 0 127 0 0 60 
0 0 0 0 0 58 0 0 0 0 0 26 15 0 0 0 0 0 26 0 0 10 0 127 0 0 60 
0 0 0 0 0 59 0 0 0 0 0 28 15 0 0 0 0 0 14 0 0 10 0 127 0 0 60 
0 0 0 0 0 59 0 0 0 0 0 25 14 0 0 0 0 0 15 0 0 11 0 127 0 0 60 
0 0 0 0 0 59 0 0 0 0 0 26 15 0 0 0 0 0 15 0 0 10 0 127 0 0 60 
0 0 0 0 0 58 0 0 0 0 0 29 15 0 0 0 0 0 16 0 0 10 0 127 0 0 60 
0 0 0 0 0 59 0 0 0 0 0 27 15 0 0 0 0 0 25 0 0 10 0 127 0 0 60 
0 0 0 0 0 59 0 0 0 0 0 26 15 0 0 0 0 0 15 0 0 10 0 127 0 0 60 
0 0 0 0 0 58 0 0 0 0 0 28 15 0 0 0 0 0 15 0 0 0 0 127 0 0 60 
0 0 0 0 0 59 0 0 0 0 0 27 15 0 0 0 0 0 19 0 0 10 0 127 0 0 60 
0 0 0 0 0 58 0 0 0 0 0 28 15 0 0 0 0 0 14 0 0 10 0 127 0 0 60 
0 0 0 0 0 58 0 0 0 0 0 28 15 0 0 0 0 0 25 0 0 10 0 127 0 0 60 
0 0 0 0 0 59 0 0 0 0 0 27 15 0 0 0 0 0 20 0 0 10 0 127 0 0 60 
0 0 0 0 0 59 0 0 0 0 0 26 15 0 0 0 0 0 14 0 0 10 0 127 0 0 60 
0 0 0 0 0 58 0 0 0 0 0 27 15 0 0 0 0 0 12 0 0 10 0 127 0 0 60 
0 0 0 0 0 58 0 0 0 0 0 27 15 0 0 0 0 0 18 0 0 10 0 127 0 0 60 
0 0 0 0 0 58 0 0 0 0 0 27 15 0 0 0 0 0 26 0 0 10 0 127 0 0 60 
0 0 0 0 0 58 0 0 0 0 0 27 15 0 0 0 0 0 24 0 0 11 0 127 0 0 60 
0 0 0 0 0 59 0 0 0 0 0 27 15 0 0 0 0 0 23 0 0 11 0 127 0 0 60 
0 0 0 0 0 58 0 0 0 0 0 26 15 0 0 0 0 0 19 0 0 11 0 127 0 0 60 
0 0 0 0 0 58 0 0 0 0 0 26 14 0 0 0 0 0 20 0 0 10 0 127 0 0 60 
0 0 0 0 0 59 0 0 0 0 0 27 15 0 0 0 0 0 21 0 0 10 0 127 0 0 60 
0 0 0 0 0 59 0 0 0 0 0 28 15 0 0 0 0 0 13 0 0 0 0 127 0 0 60 
0 0 0 0 0 58 0 0 0 0 0 28 14 0 0 0 0 0 13 0 0 10 0 127 0 0 60 
0 0 0 0 0 58 0 0 0 0 0 27 15 0 0 0 0 0 16 0 0 10 0 127 0 0 60 
0 0 0 0 0 58 0 0 0 0 0 26 15 0 0 0 0 0 24 0 0 10 0 127 0 0 60 
0 0 0 0 0 58 0 0 0 0 0 29 15 0 0 0 0 0 25 0 0 10 0 127 0 0 60 
0 0 0 0 0 59 0 0 0 0 0 27 15 0 0 0 0 0 16 0 0 10 0 127 0 0 60 
