0 0 0 0 0 64 0 0 0 0 0 29 24 0 0 0 0 0 31 0 0 0 0 127 0 58 60 
0 0 0 0 0 67 0 0 0 0 0 29 24 0 0 0 0 0 28 0 0 0 0 127 0 58 60 
0 0 0 0 0 67 0 0 0 0 0 29 24 0 0 0 0 0 24 0 0 0 0 127 0 58 60 
0 0 0 0 0 65 0 0 0 0 0 29 24 0 0 0 0 0 25 0 0 0 0 127 0 59 60 
11 0 0 0 0 64 0 0 0 0 0 30 24 0 0 0 0 0 33 0 0 0 0 127 0 61 60 
13 0 0 0 0 66 0 0 0 0 0 30 24 0 0 0 0 0 32 0 0 0 0 127 0 62 60 
14 0 0 0 0 67 0 0 0 0 0 29 24 0 0 0 0 0 32 0 0 0 0 127 0 63 60 
0 0 0 0 0 65 0 0 0 0 0 30 23 0 0 0 0 0 28 0 0 0 0 127 0 63 60 
0 0 0 0 0 64 0 0 0 0 0 30 24 0 0 0 0 0 24 0 0 0 0 127 0 63 60 
0 0 0 0 0 67 0 0 0 0 0 30 24 0 0 0 0 0 33 0 0 0 0 127 0 64 60 
0 0 0 0 0 67 0 0 0 0 0 30 24 0 0 0 0 0 34 0 0 0 0 127 0 64 60 
0 0 0 0 0 65 0 0 0 0 0 29 24 0 0 0 0 0 25 0 0 0 0 127 0 64 60 
0 0 0 0 0 63 0 0 0 0 0 31 24 0 0 0 0 0 33 0 0 0 0 127 0 65 60 
0 0 0 0 0 66 0 0 0 0 0 30 24 0 0 0 0 0 33 0 0 0 0 127 0 65 60 
0 0 0 0 0 66 0 0 0 0 0 28 24 0 0 0 0 0 24 0 0 0 0 127 0 65 60 
0 0 0 0 0 64 0 0 0 0 0 30 24 0 0 0 0 0 33 0 0 0 0 127 0 65 60 
0 0 0 0 0 64 0 0 0 0 0 30 24 0 0 0 0 0 25 0 0 0 0 127 0 64 60 
0 0 0 0 0 67 0 0 0 0 0 30 24 0 0 0 0 0 26 0 0 0 0 127 0 63 60 
0 0 0 0 0 67 0 0 0 0 0 28 24 0 0 0 0 0 33 0 0 0 0 127 0 62 60 
0 0 0 0 0 64 0 0 0 0 0 29 24 0 0 0 0 0 32 0 0 0 0 127 0 61 60 
0 0 0 0 0 65 0 0 0 0 0 29 24 0 0 0 0 0 24 0 0 0 0 127 0 60 60 
0 0 0 0 0 67 0 0 0 0 0 29 24 0 0 0 0 0 33 0 0 0 0 127 0 60 60 
0 0 0 0 0 66 0 0 0 0 0 28 24 0 0 0 0 0 28 0 0 0 0 127 0 60 60 
0 0 0 0 0 63 0 0 0 0 0 30 24 0 0 0 0 0 24 0 0 0 0 127 0 59 60 
0 0 0 0 0 65 0 0 0 0 0 29 24 0 0 0 0 0 33 0 0 0 0 127 0 59 60 
0 0 0 0 0 67 0 0 0 0 0 31 24 0 0 0 0 0 28 0 0 0 0 127 0 59 60 
0 0 0 0 0 66 0 0 0 0 0 30 24 0 0 0 0 0 30 0 0 0 0 127 0 59 60 
0 0 0 0 0 64 0 0 0 0 0 29 24 0 0 0 0 0 31 0 0 0 0 127 0 59 60 
0 0 0 0 0 65 0 0 0 0 0 30 24 0 0 0 0 0 23 0 0 0 0 127 0 58 60 
0 0 0 0 0 67 0 0 0 0 0 30 24 0 0 0 0 0 26 0 0 0 0 127 0 58 60 
0 0 0 0 0 65 0 0 0 0 0 30 24 0 0 0 0 0 23 0 0 0 0 127 0 59 60 
0 0 0 0 0 63 0 0 0 0 0 29 24 0 0 0 0 0 24 0 0 0 0 127 0 59 60 
0 0 0 0 0 65 0 0 0 0 0 29 24 0 0 0 0 0 26 0 0 0 0 127 0 59 60 
0 0 0 0 0 67 0 0 0 0 0 30 24 0 0 0 0 0 32 0 0 0 0 127 0 58 60 
0 0 0 0 0 64 0 0 0 0 0 29 24 0 0 0 0 0 30 0 0 0 0 127 0 59 60 
0 0 0 0 0 63 0 0 0 0 0 29 24 0 0 0 0 0 23 0 0 0 0 127 0 60 60 
0 0 0 0 0 65 0 0 0 0 0 30 24 0 0 0 0 0 25 0 0 0 0 127 0 61 60 
0 0 0 0 0 66 0 0 0 0 0 29 24 0 0 0 0 0 31 0 0 0 0 127 0 61 60 
0 0 0 0 0 64 0 0 0 0 0 31 24 0 0 0 0 0 33 0 0 0 0 127 0 61 60 
0 0 0 0 0 63 0 0 0 0 0 31 24 0 0 0 0 0 32 0 0 0 0 127 0 63 60 
0 0 0 0 0 65 0 0 0 0 0 29 24 0 0 0 0 0 33 0 0 0 0 127 0 64 60 
0 0 0 0 0 66 0 0 0 0 0 31 24 0 0 0 0 0 33 0 0 0 0 127 0 63 60 
0 0 0 0 0 64 0 0 0 0 0 29 24 0 0 0 0 0 34 0 0 0 0 127 0 63 60 
0 0 0 0 0 63 0 0 0 0 0 30 24 0 0 0 0 0 31 0 0 0 0 127 0 61 60 
0 0 0 0 0 65 0 0 0 0 0 30 24 0 0 0 0 0 27 0 0 0 0 127 0 61 60 
0 0 0 0 0 65 0 0 0 0 0 29 24 0 0 0 0 0 33 0 0 0 0 127 0 61 60 
0 0 0 0 0 63 0 0 0 0 0 30 24 0 0 0 0 0 31 0 0 0 0 127 0 61 60 
0 0 0 0 0 62 0 0 0 0 0 29 24 0 0 0 0 0 25 0 0 0 0 127 0 61 60 
0 0 0 0 0 65 0 0 0 0 0 29 24 0 0 0 0 0 32 0 0 0 0 127 0 61 60 
0 0 0 0 0 66 0 0 0 0 0 30 24 0 0 0 0 0 32 0 0 0 0 127 0 61 60 
0 0 0 0 0 63 0 0 0 0 0 30 24 0 0 0 0 0 28 0 0 0 0 127 0 60 60 
0 0 0 0 0 63 0 0 0 0 0 29 24 0 0 0 0 0 28 0 0 0 0 127 0 60 60 
0 0 0 0 0 65 0 0 0 0 0 30 24 0 0 0 0 0 23 0 0 0 0 127 0 60 60 
0 0 0 0 0 65 0 0 0 0 0 30 24 0 0 0 0 0 31 0 0 0 0 127 0 59 60 
0 0 0 0 0 62 0 0 0 0 0 30 24 0 0 0 0 0 25 0 0 0 0 127 0 59 60 
0 0 0 0 0 62 0 0 0 0 0 29 24 0 0 0 0 0 32 0 0 0 0 127 0 58 60 
0 0 0 0 0 64 0 0 0 0 0 28 24 0 0 0 0 0 24 0 0 0 0 127 0 58 60 
0 0 0 0 0 64 0 0 0 0 0 30 24 0 0 0 0 0 27 0 0 0 0 127 0 57 60 
0 0 0 0 0 61 0 0 0 0 0 30 24 0 0 0 0 0 29 0 0 0 0 127 0 58 60 
0 0 0 0 0 62 0 0 0 0 0 30 24 0 0 0 0 0 32 0 0 0 0 127 0 58 60 
0 0 0 0 0 64 0 0 0 0 0 30 24 0 0 0 0 0 29 0 0 0 0 127 0 58 60 
0 0 0 0 0 63 0 0 0 0 0 28 24 0 0 0 0 0 31 0 0 0 0 127 0 58 60 
0 0 0 0 0 61 0 0 0 0 0 31 24 0 0 0 0 0 29 0 0 0 0 127 0 58 60 
0 0 0 0 0 62 0 0 0 0 0 29 24 0 0 0 0 0 30 0 0 0 0 127 0 59 60 
0 0 0 0 0 65 0 0 0 0 0 28 24 0 0 0 0 0 23 0 0 0 0 127 0 58 60 
0 0 0 0 0 64 0 0 0 0 0 31 24 0 0 0 0 0 29 0 0 0 0 127 0 58 60 
0 0 0 0 0 61 0 0 0 0 0 29 24 0 0 0 0 0 29 0 0 0 0 127 0 58 60 
0 0 0 0 0 63 0 0 0 0 0 30 23 0 0 0 0 0 23 0 0 0 0 127 0 58 60 
0 0 0 0 0 66 0 0 0 0 0 29 24 0 0 0 0 0 25 0 0 0 0 127 0 58 60 
0 0 0 0 0 64 0 0 0 0 0 30 23 0 0 0 0 0 22 0 0 0 0 127 0 58 60 
0 0 0 0 0 61 0 0 0 0 0 30 23 0 0 0 0 0 23 0 0 0 0 127 0 58 60 
0 0 0 0 0 63 0 0 0 0 0 30 24 0 0 0 0 0 22 0 0 0 0 127 0 58 60 
0 0 0 0 0 65 0 0 0 0 0 30 24 0 0 0 0 0 23 0 0 0 0 127 0 58 60 
0 0 0 0 0 62 0 0 0 0 0 29 24 0 0 0 0 0 25 0 0 0 0 127 0 59 60 
0 0 0 0 0 61 0 0 0 0 0 29 23 0 0 0 0 0 23 0 0 0 0 127 0 60 60 
0 0 0 0 0 64 0 0 0 0 0 30 23 0 0 0 0 0 23 0 0 0 0 127 0 60 60 
0 0 0 0 0 65 0 0 0 0 0 30 23 0 0 0 0 0 22 0 0 0 0 127 0 59 60 
0 0 0 0 0 62 0 0 0 0 0 29 23 0 0 0 0 0 23 0 0 0 0 127 0 58 60 
0 0 0 0 0 61 0 0 0 0 0 30 24 0 0 0 0 0 29 0 0 0 0 127 0 58 60 
0 0 0 0 0 64 0 0 0 0 0 29 23 0 0 0 0 0 32 0 0 0 0 127 0 57 60 
0 0 0 0 0 65 0 0 0 0 0 30 24 0 0 0 0 0 30 0 0 0 0 127 0 57 60 
0 0 0 0 0 61 0 0 0 0 0 31 23 0 0 0 0 0 31 0 0 0 0 127 0 57 60 
0 0 0 0 0 60 0 0 0 0 0 30 23 0 0 0 0 0 32 0 0 0 0 127 0 57 60 
0 0 0 0 0 63 0 0 0 0 0 31 23 0 0 0 0 0 30 0 0 0 0 127 0 57 60 
0 0 0 0 0 64 0 0 0 0 0 31 23 0 0 0 0 0 23 0 0 0 0 127 0 57 60 
0 0 0 0 0 62 0 0 0 0 0 30 24 0 0 0 0 0 22 0 0 0 0 127 0 57 60 
0 0 0 0 0 61 0 0 0 0 0 30 24 0 0 0 0 0 24 0 0 0 0 127 0 57 60 
0 0 0 0 0 65 0 0 0 0 0 31 24 0 0 0 0 0 32 0 0 0 0 127 0 57 60 
0 0 0 0 0 64 0 0 0 0 0 30 23 0 0 0 0 0 23 0 0 0 0 127 0 57 60 
0 0 0 0 0 60 0 0 0 0 0 29 23 0 0 0 0 0 31 0 0 0 0 127 0 58 60 
0 0 0 0 0 60 0 0 0 0 0 29 23 0 0 0 0 0 30 0 0 0 0 127 0 57 60 
0 0 0 0 0 64 0 0 0 0 0 27 23 0 0 0 0 0 27 0 0 0 0 127 0 57 60 
0 0 0 0 0 63 0 0 0 0 0 30 24 0 0 0 0 0 22 0 0 0 0 127 0 57 60 
0 0 0 0 0 60 0 0 0 0 0 30 24 0 0 0 0 0 29 0 0 0 0 127 0 57 60 
0 0 0 0 0 61 0 0 0 0 0 31 24 0 0 0 0 0 25 0 0 0 0 127 0 57 60 
0 0 0 0 0 64 0 0 0 0 0 29 23 0 0 0 0 0 21 0 0 0 0 127 0 57 60 
0 0 0 0 0 63 0 0 0 0 0 31 24 0 0 0 0 0 27 0 0 0 0 127 0 57 60 
0 0 0 0 0 60 0 0 0 0 0 31 23 0 0 0 0 0 28 0 0 0 0 127 0 57 60 
0 0 0 0 0 61 0 0 0 0 0 29 23 0 0 0 0 0 24 0 0 0 0 127 0 57 60 
0 0 0 0 0 63 0 0 0 0 0 30 23 0 0 0 0 0 26 0 0 0 0 127 0 56 60 
0 0 0 0 0 61 0 0 0 0 0 30 23 0 0 0 0 0 25 0 0 0 0 127 0 56 60 
0 0 0 0 0 59 0 0 0 0 0 30 23 0 0 0 0 0 28 0 0 0 0 127 0 57 60 
0 0 0 0 0 61 0 0 0 0 0 31 23 0 0 0 0 0 23 0 0 0 0 127 0 57 60 
0 0 0 0 0 63 0 0 0 0 0 30 23 0 0 0 0 0 24 0 0 0 0 127 0 55 60 
0 0 0 0 0 62 0 0 0 0 0 30 23 0 0 0 0 0 30 0 0 0 0 127 0 56 60 
0 0 0 0 0 60 0 0 0 0 0 30 23 0 0 0 0 0 22 0 0 0 0 127 0 55 60 
0 0 0 0 0 61 0 0 0 0 0 29 23 0 0 0 0 0 22 0 0 0 0 127 0 54 60 
0 0 0 0 0 61 0 0 0 0 0 31 23 0 0 0 0 0 27 0 0 0 0 127 0 53 60 
0 0 0 0 0 61 0 0 0 0 0 31 23 0 0 0 0 0 31 0 0 0 0 127 0 53 60 
0 0 0 0 0 59 0 0 0 0 0 30 24 0 0 0 0 0 31 0 0 0 0 127 0 53 60 
0 0 0 0 0 60 0 0 0 0 0 30 24 0 0 0 0 0 24 0 0 0 0 127 0 53 60 
0 0 0 0 0 64 0 0 0 0 0 29 24 0 0 0 0 0 29 0 0 0 0 127 0 53 60 
0 0 0 0 0 59 0 0 0 0 0 29 23 0 0 0 0 0 23 0 0 0 0 127 0 53 60 
0 0 0 0 0 60 0 0 0 0 0 27 23 0 0 0 0 0 22 0 0 0 0 127 0 52 60 
0 0 0 0 0 63 0 0 0 0 0 30 23 0 0 0 0 0 22 0 0 0 0 127 0 53 60 
0 0 0 0 0 61 0 0 0 0 0 30 24 0 0 0 0 0 32 0 0 0 0 127 0 54 60 
0 0 0 0 0 59 0 0 0 0 0 31 23 0 0 0 0 0 26 0 0 0 0 127 0 54 60 
0 0 0 0 0 58 0 0 0 0 0 30 23 0 0 0 0 0 27 0 0 0 0 127 0 53 60 
0 0 0 0 0 62 0 0 0 0 0 30 23 0 0 0 0 0 24 0 0 0 0 127 0 53 60 
0 0 0 0 0 61 0 0 0 0 0 29 23 0 0 0 0 0 20 0 0 0 0 127 0 53 60 
0 0 0 0 0 59 0 0 0 0 0 32 23 0 0 0 0 0 29 0 0 0 0 127 0 54 60 
0 0 0 0 0 60 0 0 0 0 0 30 23 0 0 0 0 0 22 0 0 0 0 127 0 54 60 
0 10 0 0 0 62 0 0 0 0 0 29 23 0 0 0 0 0 21 0 0 0 0 127 0 54 60 
0 0 0 0 0 62 0 0 0 0 0 30 23 0 0 0 0 0 28 0 0 0 0 127 0 55 60 
0 35 0 0 0 59 0 0 0 0 0 30 23 0 0 0 0 0 32 0 0 0 0 127 0 54 60 
0 49 0 0 0 61 0 0 0 0 0 31 23 0 0 0 0 0 21 0 0 0 0 127 0 55 60 
0 153 0 0 0 63 0 0 0 0 0 29 23 0 0 0 0 0 29 0 0 0 0 127 0 55 60 
0 163 0 0 0 62 0 0 0 0 0 28 23 0 0 0 0 0 32 0 0 0 0 127 0 55 60 
0 206 0 0 0 59 0 0 0 0 0 30 23 0 0 0 0 0 29 0 0 0 0 127 0 55 60 
0 165 0 0 0 60 0 0 0 0 0 30 23 0 0 0 0 0 25 0 0 0 0 127 0 55 60 
0 285 0 0 0 63 0 0 0 0 0 29 23 0 0 0 0 0 29 0 0 0 0 127 0 54 60 
0 306 0 0 0 61 0 0 0 0 0 29 23 0 0 0 0 0 23 0 0 0 0 127 0 54 60 
0 357 0 0 0 59 0 0 0 0 0 30 23 0 0 0 0 0 23 0 0 0 0 127 0 54 60 
0 362 0 0 0 62 0 0 0 0 0 30 23 0 0 0 0 0 25 0 0 0 0 127 0 53 60 
0 380 0 0 0 65 0 0 0 0 0 31 23 0 0 0 0 0 26 0 0 0 0 127 0 53 60 
0 452 0 0 0 62 0 0 0 0 0 30 23 0 0 0 0 0 22 0 0 0 0 127 0 53 60 
0 510 0 0 0 59 0 0 0 0 0 31 23 0 0 0 0 0 25 0 0 0 0 127 0 53 60 
0 533 0 0 0 61 0 0 0 0 0 30 23 0 0 0 0 0 28 0 0 0 0 127 0 52 60 
0 534 0 0 0 60 0 0 0 0 0 29 23 0 0 0 0 0 22 0 0 0 0 127 0 52 60 
0 406 0 0 0 60 0 0 0 0 0 31 22 0 0 0 0 0 28 0 0 0 0 127 0 52 60 
0 377 0 0 0 58 0 0 0 0 0 30 23 0 0 0 0 0 20 0 0 0 0 127 0 53 60 
0 263 0 0 0 61 0 0 0 0 0 31 22 0 0 0 0 0 23 0 0 0 0 127 0 52 60 
0 235 0 0 0 61 0 0 0 0 0 29 23 0 0 0 0 0 23 0 0 0 0 127 0 53 60 
0 122 0 0 0 59 0 0 0 0 0 29 22 0 0 0 0 0 30 0 0 0 0 127 0 53 60 
0 88 0 0 0 58 0 0 0 0 0 30 23 0 0 0 0 0 29 0 0 0 0 127 0 53 60 
0 41 0 0 0 61 0 0 0 0 0 30 23 0 0 0 0 0 22 0 0 0 0 127 0 54 60 
0 30 0 0 0 60 0 0 0 0 0 30 22 0 0 0 0 0 23 0 0 0 0 127 0 53 60 
0 0 0 0 0 58 0 0 0 0 0 30 22 0 0 0 0 0 30 0 0 0 0 127 0 53 60 
0 12 0 0 0 59 0 0 0 0 0 28 24 0 0 0 0 0 22 0 0 0 0 127 0 53 60 
0 29 0 0 0 60 0 0 0 0 0 30 24 0 0 0 0 0 32 0 0 0 0 127 0 52 60 
0 17 0 0 0 61 0 0 0 0 0 30 23 0 0 0 0 0 23 0 0 0 0 127 0 52 60 
0 0 0 0 0 58 0 0 0 0 0 29 23 0 0 0 0 0 30 0 0 0 0 127 0 52 60 
0 0 0 0 0 59 0 0 0 0 0 30 23 0 0 0 0 0 31 0 0 0 0 127 0 52 60 
0 0 0 0 0 61 0 0 0 0 0 29 23 0 0 0 0 0 22 0 0 0 0 127 0 52 60 
0 19 0 0 0 60 0 0 0 0 0 31 22 0 0 0 0 0 22 0 0 0 0 127 0 52 60 
0 14 0 0 0 57 0 0 0 0 0 29 23 0 0 0 0 0 21 0 0 0 0 127 0 51 60 
0 0 0 0 0 59 0 0 0 0 0 30 23 0 0 0 0 0 30 0 0 0 0 127 0 50 60 
0 0 0 0 0 59 0 0 0 0 0 31 22 0 0 0 0 0 24 0 0 0 0 127 0 50 60 
0 0 0 0 0 59 0 0 0 0 0 29 23 0 0 0 0 0 27 0 0 0 0 127 0 48 60 
0 0 0 0 0 57 0 0 0 0 0 30 22 0 0 0 0 0 28 0 0 0 0 127 0 47 60 
0 0 0 0 0 59 0 0 0 0 0 29 23 0 0 0 0 0 29 0 0 0 0 127 0 47 60 
0 0 0 0 0 62 0 0 0 0 0 29 22 0 0 0 0 0 23 0 0 0 0 127 0 46 60 
0 0 0 0 0 60 0 0 0 0 0 31 23 0 0 0 0 0 26 0 0 0 0 127 0 45 60 
0 0 0 0 0 57 0 0 0 0 0 30 23 0 0 0 0 0 23 0 0 0 0 127 0 45 60 
0 0 0 0 0 61 0 0 0 0 0 29 23 0 0 0 0 0 31 0 0 0 0 127 0 45 60 
0 0 0 0 0 61 0 0 0 0 0 31 23 0 0 0 0 0 31 0 0 0 0 127 0 45 60 
0 0 0 0 0 58 0 0 0 0 0 30 23 0 0 0 0 0 21 0 0 0 0 127 0 45 60 
0 0 0 0 0 58 0 0 0 0 0 30 23 0 0 0 0 0 24 0 0 0 0 127 0 45 60 
0 0 0 0 0 61 0 0 0 0 0 30 23 0 0 0 0 0 22 0 0 0 0 127 0 45 60 
0 0 0 0 0 61 0 0 0 0 0 30 23 0 0 0 0 0 22 0 0 0 0 127 0 45 60 
0 0 0 0 0 59 0 0 0 0 0 30 23 0 0 0 0 0 24 0 0 0 0 127 0 43 60 
0 0 0 0 0 57 0 0 0 0 0 29 23 0 0 0 0 0 30 0 0 0 0 127 0 41 60 
0 0 0 0 0 63 0 0 0 0 0 29 23 0 0 0 0 0 30 0 0 0 0 127 0 38 60 
0 0 0 0 0 64 0 0 0 0 0 30 23 0 0 0 0 0 25 0 0 0 0 127 0 35 60 
0 0 0 0 0 61 0 0 0 0 0 29 23 0 0 0 0 0 32 0 0 0 0 127 0 34 60 
0 0 0 0 0 60 0 0 0 0 0 30 23 0 0 0 0 0 21 0 0 0 0 127 0 34 60 
0 0 0 0 0 63 0 0 0 0 0 29 23 0 0 0 0 0 31 0 0 0 0 127 0 33 60 
0 0 0 0 0 63 0 0 0 0 0 30 23 0 0 0 0 0 29 0 0 0 0 127 0 33 60 
0 0 0 0 0 61 0 0 0 0 0 31 23 0 0 0 0 0 27 0 0 0 0 127 0 32 60 
0 0 0 0 0 60 0 0 0 0 0 29 23 0 0 0 0 0 30 0 0 0 0 127 0 32 60 
0 0 0 0 0 64 0 0 0 0 0 28 23 0 0 0 0 0 28 0 0 0 0 127 0 32 60 
0 0 0 0 0 63 0 0 0 0 0 30 23 0 0 0 0 0 20 0 0 0 0 127 0 31 60 
0 0 0 0 0 60 0 0 0 0 0 31 23 0 0 0 0 0 20 0 0 0 0 127 0 32 60 
0 0 0 0 0 61 0 0 0 0 0 30 23 0 0 0 0 0 20 0 0 0 0 127 0 32 60 
0 0 0 0 0 63 0 0 0 0 0 31 23 0 0 0 0 0 31 0 0 0 0 127 0 32 60 
0 0 0 0 0 63 0 0 0 0 0 30 23 0 0 0 0 0 29 0 0 0 0 127 0 32 60 
0 0 0 0 0 59 0 0 0 0 0 30 23 0 0 0 0 0 25 0 0 0 0 127 0 32 60 
0 0 0 0 0 60 0 0 0 0 0 29 23 0 0 0 0 0 23 0 0 0 0 127 0 31 60 
0 0 0 0 0 62 0 0 0 0 0 30 23 0 0 0 0 0 24 0 0 0 0 127 0 31 60 
0 0 0 0 0 61 0 0 0 0 0 30 23 0 0 0 0 0 21 0 0 0 0 127 0 30 60 
0 0 0 0 0 59 0 0 0 0 0 29 23 0 0 0 0 0 21 0 0 0 0 127 0 29 60 
0 0 0 0 0 57 0 0 0 0 0 30 23 0 0 0 0 0 19 0 0 0 0 127 0 29 60 
0 0 0 0 0 61 0 0 0 0 0 30 23 0 0 0 0 0 29 0 0 0 0 127 0 29 60 
0 0 0 0 0 60 0 0 0 0 0 29 23 0 0 0 0 0 21 0 0 0 0 127 0 29 60 
0 0 0 0 0 57 0 0 0 0 0 30 23 0 0 0 0 0 26 0 0 0 0 127 0 29 60 
0 0 0 0 0 58 0 0 0 0 0 29 23 0 0 0 0 0 22 0 0 0 0 127 0 29 60 
0 0 0 0 0 62 0 0 0 0 0 31 23 0 0 0 0 0 32 0 0 0 0 127 0 29 60 
0 0 0 0 0 60 0 0 0 0 0 29 23 0 0 0 0 0 22 0 0 0 0 127 0 29 60 
0 0 0 0 0 58 0 0 0 0 0 29 23 0 0 0 0 0 30 0 0 0 0 127 0 28 60 
0 0 0 0 0 59 0 0 0 0 0 30 23 0 0 0 0 0 27 0 0 0 0 127 0 28 60 
0 0 0 0 0 63 0 0 0 0 0 30 22 0 0 0 0 0 31 0 0 0 0 127 0 28 60 
0 0 0 0 0 60 0 0 0 0 0 28 22 0 0 0 0 0 29 0 0 0 0 127 0 28 60 
0 0 0 0 0 58 0 0 0 0 0 29 22 0 0 0 0 0 23 0 0 0 0 127 0 28 60 
0 0 0 0 0 62 0 0 0 0 0 30 22 0 0 0 0 0 20 0 0 0 0 127 0 28 60 
0 0 0 0 0 63 0 0 0 0 0 31 23 0 0 0 0 0 23 0 0 0 0 127 0 28 60 
0 0 0 0 0 60 0 0 0 0 0 29 23 0 0 0 0 0 30 0 0 0 0 127 0 27 60 
0 0 0 0 0 59 0 0 0 0 0 29 22 0 0 0 0 0 20 0 0 0 0 127 0 27 60 
0 0 0 0 0 61 0 0 0 0 0 30 22 0 0 0 0 0 21 0 0 0 0 127 0 27 60 
0 0 0 0 0 62 0 0 0 0 0 30 22 0 0 0 0 0 27 0 0 0 0 127 0 27 60 
0 0 0 0 0 60 0 0 0 0 0 31 22 0 0 0 0 0 32 0 0 0 0 127 0 28 60 
0 0 0 0 0 59 0 0 0 0 0 30 23 0 0 0 0 0 25 0 0 0 0 127 0 27 60 
0 0 0 0 0 63 0 0 0 0 0 29 22 0 0 0 0 0 22 0 0 0 0 127 0 27 60 
0 0 0 0 0 62 0 0 0 0 0 31 22 0 0 0 0 0 26 0 0 0 0 127 0 28 60 
0 0 0 0 0 60 0 0 0 0 0 28 22 0 0 0 0 0 31 0 0 0 0 127 0 28 60 
0 0 0 0 0 60 0 0 0 0 0 28 22 0 0 0 0 0 23 0 0 0 0 127 0 27 60 
0 0 0 0 0 63 0 0 0 0 0 30 22 0 0 0 0 0 24 0 0 0 0 127 0 27 60 
0 0 0 0 0 61 0 0 0 0 0 30 22 0 0 0 0 0 23 0 0 0 0 127 0 27 60 
0 0 0 0 0 58 0 0 0 0 0 29 22 0 0 0 0 0 26 0 0 0 0 127 0 28 60 
0 0 0 0 0 59 0 0 0 0 0 30 22 0 0 0 0 0 22 0 0 0 0 127 0 28 60 
0 0 0 0 0 62 0 0 0 0 0 29 22 0 0 0 0 0 23 0 0 0 0 127 0 27 60 
0 0 0 0 0 61 0 0 0 0 0 29 22 0 0 0 0 0 30 0 0 0 0 127 0 27 60 
0 0 0 0 0 59 0 0 0 0 0 30 22 0 0 0 0 0 31 0 0 0 0 127 0 27 60 
0 0 0 0 0 60 0 0 0 0 0 29 22 0 0 0 0 0 28 0 0 0 0 127 0 27 60 
0 0 0 0 0 61 0 0 0 0 0 30 22 0 0 0 0 0 23 0 0 0 0 127 0 27 60 
0 0 0 0 0 60 0 0 0 0 0 30 22 0 0 0 0 0 26 0 0 0 0 127 0 27 60 
0 0 0 0 0 58 0 0 0 0 0 30 22 0 0 0 0 0 20 0 0 0 0 127 0 27 60 
0 0 0 0 0 59 0 0 0 0 0 29 22 0 0 0 0 0 29 0 0 0 0 127 0 27 60 
0 0 0 0 0 62 0 0 0 0 0 29 22 0 0 0 0 0 31 0 0 0 0 127 0 27 60 
0 0 0 0 0 60 0 0 0 0 0 31 22 0 0 0 0 0 25 0 0 0 0 127 0 27 60 
0 0 0 0 0 59 0 0 0 0 0 29 22 0 0 0 0 0 20 0 0 0 0 127 0 27 60 
0 0 0 0 0 59 0 0 0 0 0 27 22 0 0 0 0 0 27 0 0 0 0 127 0 26 60 
0 0 0 0 0 61 0 0 0 0 0 31 22 0 0 0 0 0 28 0 0 0 0 127 0 24 60 
0 0 0 0 0 60 0 0 0 0 0 29 22 0 0 0 0 0 31 0 0 0 0 127 0 23 60 
0 0 0 0 0 59 0 0 0 0 0 30 22 0 0 0 0 0 25 0 0 0 0 127 0 22 60 
0 0 0 0 0 61 0 0 0 0 0 31 22 0 0 0 0 0 29 0 0 0 0 127 0 22 60 
0 0 0 0 0 62 0 0 0 0 0 31 22 0 0 0 0 0 23 0 0 0 0 127 0 23 60 
0 0 0 0 0 61 0 0 0 0 0 31 22 0 0 0 0 0 31 0 0 0 0 127 0 22 60 
0 0 0 0 0 59 0 0 0 0 0 29 22 0 0 0 0 0 31 0 0 0 0 127 0 22 60 
0 0 0 0 0 61 0 0 0 0 0 29 22 0 0 0 0 0 19 0 0 0 0 127 0 21 60 
0 0 0 0 0 62 0 0 0 0 0 29 22 0 0 0 0 0 24 0 0 0 0 127 0 17 60 
0 0 0 0 0 59 0 0 0 0 0 30 22 0 0 0 0 0 21 0 0 0 0 127 0 13 60 
0 0 0 0 0 59 0 0 0 0 0 30 22 0 0 0 0 0 31 0 0 0 0 127 0 10 60 
0 0 0 0 0 61 0 0 0 0 0 30 22 0 0 0 0 0 20 0 0 0 0 127 0 0 60 
0 0 0 0 0 62 0 0 0 0 0 28 22 0 0 0 0 0 24 0 0 0 0 127 0 0 60 
0 0 0 0 0 59 0 0 0 0 0 31 22 0 0 0 0 0 24 0 0 0 0 127 0 0 60 
0 0 0 0 0 59 0 0 0 0 0 29 22 0 0 0 0 0 22 0 0 0 0 127 0 0 60 
0 0 0 0 0 61 0 0 0 0 0 30 22 0 0 0 0 0 20 0 0 0 0 127 0 0 60 
0 0 0 0 0 62 0 0 0 0 0 30 22 0 0 0 0 0 26 0 0 0 0 127 0 0 60 
0 0 0 0 0 59 0 0 0 0 0 29 21 0 0 0 0 0 31 0 0 0 0 127 0 0 60 
0 0 0 0 0 59 0 0 0 0 0 31 21 0 0 0 0 0 28 0 0 0 0 127 0 0 60 
0 0 0 0 0 61 0 0 0 0 0 30 22 0 0 0 0 0 25 0 0 0 0 127 0 0 60 
0 0 0 0 0 61 0 0 0 0 0 28 22 0 0 0 0 0 25 0 0 0 0 127 0 0 60 
0 0 0 0 0 57 0 0 0 0 0 30 22 0 0 0 0 0 25 0 0 0 0 127 0 0 60 
0 0 0 0 0 59 0 0 0 0 0 29 22 0 0 0 0 0 23 0 0 0 0 127 0 0 60 
0 0 0 0 0 62 0 0 0 0 0 29 21 0 0 0 0 0 28 0 0 0 0 127 0 0 60 
0 0 0 0 0 61 0 0 0 0 0 29 21 0 0 0 0 0 25 0 0 0 0 127 0 0 60 
0 0 0 0 0 59 0 0 0 0 0 30 25 0 0 0 0 0 26 0 0 0 0 127 0 0 60 
0 0 0 0 0 60 0 0 0 0 0 31 25 0 0 0 0 0 24 0 0 0 0 127 0 0 60 
0 0 0 0 0 63 0 0 0 0 0 31 25 0 0 0 0 0 24 0 0 0 0 127 0 0 60 
0 0 0 0 0 62 0 0 0 0 0 30 23 0 0 0 0 0 27 0 0 0 0 127 0 0 60 
0 0 0 0 0 59 0 0 0 0 0 30 24 0 0 0 0 0 25 0 0 0 0 127 0 0 60 
0 0 0 0 0 60 0 0 0 0 0 27 24 0 0 0 0 0 23 0 0 0 0 127 0 0 60 
0 0 0 0 0 63 0 0 0 0 0 31 24 0 0 0 0 0 22 0 0 10 0 127 0 0 60 
0 0 0 0 0 61 0 0 0 0 0 29 25 0 0 0 0 0 22 0 0 0 0 127 0 0 60 
0 0 0 0 0 58 0 0 0 0 0 29 23 0 0 0 0 0 29 0 0 0 0 127 0 0 60 
0 0 0 0 0 61 0 0 0 0 0 29 22 0 0 0 0 0 29 0 0 0 0 127 0 0 60 
0 0 0 0 0 63 0 0 0 0 0 30 23 0 0 0 0 0 28 0 0 0 0 127 0 0 60 
0 0 0 0 0 61 0 0 0 0 0 30 23 0 0 0 0 0 22 0 0 0 0 127 0 0 60 
0 0 0 0 0 58 0 0 0 0 0 28 23 0 0 0 0 0 23 0 0 0 0 127 0 0 60 
0 0 0 0 0 61 0 0 0 0 0 30 24 0 0 0 0 0 30 0 0 0 0 127 0 0 60 
0 0 0 0 0 63 0 0 0 0 0 30 24 0 0 0 0 0 30 0 0 0 0 127 0 0 60 
0 0 0 0 0 60 0 0 0 0 0 30 23 0 0 0 0 0 20 0 0 0 0 127 0 0 60 
0 0 0 0 0 58 0 0 0 0 0 29 23 0 0 0 0 0 21 0 0 0 0 127 0 0 60 
0 0 0 0 0 61 0 0 0 0 0 30 23 0 0 0 0 0 25 0 0 0 0 127 0 0 60 
0 0 0 0 0 62 0 0 0 0 0 29 24 0 0 0 0 0 25 0 0 0 0 127 0 0 60 
0 0 0 0 0 59 0 0 0 0 0 29 24 0 0 0 0 0 25 0 0 0 0 127 0 0 60 
0 0 0 0 0 58 0 0 0 0 0 29 23 0 0 0 0 0 29 0 0 0 0 127 0 0 60 
0 0 0 0 0 61 0 0 0 0 0 30 23 0 0 0 0 0 20 0 0 0 0 127 0 0 60 
0 0 0 0 0 61 0 0 0 0 0 31 22 0 0 0 0 0 29 0 0 0 0 127 0 0 60 
0 0 0 0 0 58 0 0 0 0 0 29 23 0 0 0 0 0 22 0 0 0 0 127 0 0 60 
0 0 0 0 0 56 0 0 0 0 0 30 22 0 0 0 0 0 26 0 0 0 0 127 0 0 60 
0 0 0 0 0 61 0 0 0 0 0 29 19 0 0 0 0 0 19 0 0 0 0 127 0 0 60 
0 0 0 0 0 62 0 0 0 0 0 30 20 0 0 0 0 0 20 0 0 0 0 127 0 0 60 
0 0 0 0 0 59 0 0 0 0 0 31 21 0 0 0 0 0 22 0 0 0 0 127 0 0 60 
0 0 0 0 0 58 0 0 0 0 0 31 21 0 0 0 0 0 28 0 0 0 0 127 0 0 60 
0 0 0 0 0 61 0 0 0 0 0 30 21 0 0 0 0 0 19 0 0 0 0 127 0 0 60 
0 0 0 0 0 62 0 0 0 0 0 31 21 0 0 0 0 0 28 0 0 0 0 127 0 0 60 
0 0 0 0 0 59 0 0 0 0 0 29 20 0 0 0 0 0 20 0 0 0 0 127 0 0 60 
0 0 0 0 0 60 0 0 0 0 0 30 20 0 0 0 0 0 23 0 0 0 0 127 0 0 60 
0 0 0 0 0 62 0 0 0 0 0 29 20 0 0 0 0 0 21 0 0 0 0 127 0 0 60 
0 0 0 0 0 61 0 0 0 0 0 30 20 0 0 0 0 0 21 0 0 0 0 127 0 0 60 
0 0 0 0 0 58 0 0 0 0 0 32 20 0 0 0 0 0 30 0 0 0 0 127 0 0 60 
0 0 0 0 0 58 0 0 0 0 0 29 20 0 0 0 0 0 24 0 0 0 0 127 0 0 60 
0 0 0 0 0 62 0 0 0 0 0 30 20 0 0 0 0 0 29 0 0 10 0 127 0 0 60 
0 0 0 0 0 61 0 0 0 0 0 30 20 0 0 0 0 0 27 0 0 0 0 127 0 0 60 
0 0 0 0 0 58 0 0 0 0 0 29 20 0 0 0 0 0 22 0 0 0 0 127 0 0 60 
0 0 0 0 0 57 0 0 0 0 0 30 20 0 0 0 0 0 25 0 0 0 0 127 0 0 60 
0 0 0 0 0 60 0 0 0 0 0 29 20 0 0 0 0 0 29 0 0 0 0 127 0 0 60 
0 0 0 0 0 60 0 0 0 0 0 28 20 0 0 0 0 0 30 0 0 0 0 127 0 0 60 
0 0 0 0 0 57 0 0 0 0 0 30 20 0 0 0 0 0 26 0 0 0 0 127 0 0 60 
0 0 0 0 0 58 0 0 0 0 0 30 20 0 0 0 0 0 22 0 0 0 0 127 0 0 60 
0 0 0 0 0 62 0 0 0 0 0 29 20 0 0 0 0 0 25 0 0 0 0 127 0 0 60 
0 0 0 0 0 60 0 0 0 0 0 31 20 0 0 0 0 0 20 0 0 0 0 127 0 0 60 
0 0 0 0 0 54 0 0 0 0 0 29 20 0 0 0 0 0 27 0 0 0 0 127 0 0 60 
0 0 0 0 0 55 0 0 0 0 0 30 20 0 0 0 0 0 20 0 0 0 0 127 0 0 60 
0 0 0 0 0 57 0 0 0 0 0 29 20 0 0 0 0 0 25 0 0 0 0 127 0 0 60 
0 0 0 0 0 52 0 0 0 0 0 30 20 0 0 0 0 0 26 0 0 0 0 127 0 0 60 
0 0 0 0 0 55 0 0 0 0 0 29 20 0 0 0 0 0 19 0 0 0 0 127 0 0 60 
0 0 0 0 0 55 0 0 0 0 0 29 20 0 0 0 0 0 19 0 0 0 0 127 0 0 60 
0 0 0 0 0 59 0 0 0 0 0 31 20 0 0 0 0 0 24 0 0 0 0 127 0 0 60 
0 0 0 0 0 55 0 0 0 0 0 32 20 0 0 0 0 0 23 0 0 10 0 127 0 0 60 
0 0 0 0 0 54 0 0 0 0 0 29 20 0 0 0 0 0 25 0 0 0 0 127 0 0 60 
0 0 0 0 0 59 0 0 0 0 0 30 20 0 0 0 0 0 24 0 0 0 0 127 0 0 60 
0 0 0 0 0 60 0 0 0 0 0 31 20 0 0 0 0 0 22 0 0 0 0 127 0 0 60 
0 0 0 0 0 57 0 0 0 0 0 30 20 0 0 0 0 0 27 0 0 0 0 127 0 0 60 
0 0 0 0 0 55 0 0 0 0 0 30 20 0 0 0 0 0 21 0 0 0 0 127 0 0 60 
0 0 0 0 0 58 0 0 0 0 0 29 20 0 0 0 0 0 29 0 0 0 0 127 0 0 60 
0 0 0 0 0 57 0 0 0 0 0 30 20 0 0 0 0 0 19 0 0 0 0 127 0 0 60 
0 0 0 0 0 56 0 0 0 0 0 30 20 0 0 0 0 0 25 0 0 0 0 127 0 0 60 
0 0 0 0 0 54 0 0 0 0 0 29 20 0 0 0 0 0 29 0 0 0 0 127 0 0 60 
0 0 0 0 0 56 0 0 0 0 0 30 20 0 0 0 0 0 23 0 0 0 0 127 0 0 60 
0 0 0 0 0 56 0 0 0 0 0 29 20 0 0 0 0 0 23 0 0 0 0 127 0 0 60 
0 0 0 0 0 53 0 0 0 0 0 29 20 0 0 0 0 0 26 0 0 0 0 127 0 0 60 
0 0 0 0 0 53 0 0 0 0 0 30 20 0 0 0 0 0 27 0 0 0 0 127 0 0 60 
0 0 0 0 0 56 0 0 0 0 0 30 20 0 0 0 0 0 26 0 0 0 0 127 0 0 60 
0 0 0 0 0 58 0 0 0 0 0 30 20 0 0 0 0 0 20 0 0 0 0 127 0 0 60 
0 0 0 0 0 56 0 0 0 0 0 30 20 0 0 0 0 0 21 0 0 0 0 127 0 0 60 
0 0 0 0 0 57 0 0 0 0 0 30 20 0 0 0 0 0 21 0 0 0 0 127 0 0 60 
0 0 0 0 0 59 0 0 0 0 0 30 20 0 0 0 0 0 30 0 0 0 0 127 0 0 60 
0 0 0 0 0 57 0 0 0 0 0 29 20 0 0 0 0 0 22 0 0 0 0 127 0 0 60 
0 0 0 0 0 55 0 0 0 0 0 31 20 0 0 0 0 0 20 0 0 0 0 127 0 0 60 
0 0 0 0 0 57 0 0 0 0 0 29 20 0 0 0 0 0 24 0 0 0 0 127 0 0 60 
0 0 0 0 0 60 0 0 0 0 0 28 20 0 0 0 0 0 28 0 0 0 0 127 0 0 60 
0 0 0 0 0 60 0 0 0 0 0 30 20 0 0 0 0 0 24 0 0 0 0 127 0 0 60 
0 0 15 0 0 58 0 0 0 0 0 30 20 0 0 0 0 0 28 0 0 0 0 127 0 0 60 
0 0 0 0 0 57 0 0 0 0 0 29 20 0 0 0 0 0 23 0 0 0 0 127 0 0 60 
0 0 0 0 0 60 0 0 0 0 0 30 20 0 0 0 0 0 19 0 0 0 0 127 0 0 60 
0 0 0 0 0 58 0 0 0 0 0 30 20 0 0 0 0 0 22 0 0 0 0 127 0 0 60 
0 0 0 0 0 57 0 0 0 0 0 30 20 0 0 0 0 0 21 0 0 0 0 127 0 0 60 
0 0 0 0 0 58 0 0 0 0 0 29 20 0 0 0 0 0 19 0 0 0 0 127 0 0 60 
0 0 0 0 0 59 0 0 0 0 0 30 20 0 0 0 0 0 23 0 0 0 0 127 0 0 60 
0 0 0 0 0 59 0 0 0 0 0 31 20 0 0 0 0 0 19 0 0 0 0 127 0 0 60 
0 0 0 0 0 53 0 0 0 0 0 30 20 0 0 0 0 0 19 0 0 0 0 127 0 0 60 
0 0 0 0 0 51 0 0 0 0 0 29 20 0 0 0 0 0 29 0 0 0 0 127 0 0 60 
0 0 0 0 0 52 0 0 0 0 0 30 20 0 0 0 0 0 20 0 0 0 0 127 0 0 60 
0 0 0 0 0 53 0 0 0 0 0 32 20 0 0 0 0 0 29 0 0 0 0 127 0 0 60 
0 0 0 0 0 50 0 0 0 0 0 30 20 0 0 0 0 0 29 0 0 0 0 127 0 0 60 
0 0 0 0 0 54 0 0 0 0 0 26 20 0 0 0 0 0 26 0 0 0 0 127 0 0 60 
0 0 0 0 0 56 0 0 0 0 0 29 20 0 0 0 0 0 21 0 0 0 0 127 0 0 60 
0 0 0 0 0 53 0 0 0 0 0 30 20 0 0 0 0 0 28 0 0 0 0 127 0 0 60 
0 0 0 0 0 53 0 0 0 0 0 30 20 0 0 0 0 0 29 0 0 0 0 127 0 0 60 
0 0 0 0 0 56 0 0 0 0 0 29 20 0 0 0 0 0 30 0 0 0 0 127 0 0 60 
0 0 0 0 0 56 0 0 0 0 0 30 20 0 0 0 0 0 20 0 0 0 0 127 0 0 60 
0 0 0 0 0 54 0 0 0 0 0 30 20 0 0 0 0 0 20 0 0 0 0 127 0 0 60 
0 0 0 0 0 57 0 0 0 0 0 30 20 0 0 0 0 0 26 0 0 0 0 127 0 0 60 
0 0 0 0 0 55 0 0 0 0 0 29 20 0 0 0 0 0 29 0 0 0 0 127 0 0 60 
0 0 0 0 0 55 0 0 0 0 0 29 20 0 0 0 0 0 28 0 0 0 0 127 0 0 60 
0 0 0 0 0 52 0 0 0 0 0 30 20 0 0 0 0 0 21 0 0 0 0 127 0 0 60 
0 0 0 0 0 50 0 0 0 0 0 29 20 0 0 0 0 0 20 0 0 0 0 127 0 0 60 
0 0 0 0 0 53 0 0 0 0 0 30 20 0 0 0 0 0 30 0 0 0 0 127 0 0 60 
0 0 0 0 0 53 0 0 0 0 0 28 20 0 0 0 0 0 26 0 0 0 0 127 0 0 60 
0 0 0 0 0 51 0 0 0 0 0 29 20 0 0 0 0 0 30 0 0 0 0 127 0 0 60 
0 0 0 0 0 49 0 0 0 0 0 31 20 0 0 0 0 0 19 0 0 0 0 127 0 0 60 
0 0 0 0 0 53 0 0 0 0 0 29 20 0 0 0 0 0 30 0 0 0 0 127 0 0 60 
0 0 0 0 0 53 0 0 0 0 0 30 20 0 0 0 0 0 29 0 0 0 0 127 0 0 60 
0 0 0 0 0 49 0 0 0 0 0 30 20 0 0 0 0 0 29 0 0 0 0 127 0 0 60 
0 0 0 0 0 50 0 0 0 0 0 29 20 0 0 0 0 0 29 0 0 0 0 127 0 0 60 
0 0 0 0 0 53 0 0 0 0 0 30 20 0 0 0 0 0 20 0 0 0 0 127 0 0 60 
0 0 0 0 0 54 0 0 0 0 0 29 20 0 0 0 0 0 20 0 0 0 0 127 0 0 60 
0 0 0 0 0 50 0 0 0 0 0 28 20 0 0 0 0 0 21 0 0 0 0 127 0 0 60 
0 0 0 0 0 51 0 0 0 0 0 28 20 0 0 0 0 0 30 0 0 0 0 127 0 0 60 
0 0 0 0 0 55 0 0 0 0 0 29 20 0 0 0 0 0 27 0 0 0 0 127 0 0 60 
0 0 0 0 0 54 0 0 0 0 0 29 20 0 0 0 0 0 20 0 0 0 0 127 0 0 60 
0 0 0 0 0 52 0 0 0 0 0 30 20 0 0 0 0 0 19 0 0 0 0 127 0 0 60 
0 0 0 0 0 54 0 0 0 0 0 30 20 0 0 0 0 0 21 0 0 0 0 127 0 0 60 
0 0 0 0 0 55 0 0 0 0 0 30 20 0 0 0 0 0 29 0 0 0 0 127 0 0 60 
0 0 0 0 0 52 0 0 0 0 0 29 20 0 0 0 0 0 20 0 0 0 0 127 0 0 60 
0 0 0 0 0 52 0 0 0 0 0 29 20 0 0 0 0 0 20 0 0 0 0 127 0 0 60 
0 0 0 0 0 53 0 0 0 0 0 30 19 0 0 0 0 0 20 0 0 0 0 127 0 0 60 
0 0 0 0 0 58 0 0 0 0 0 29 20 0 0 0 0 0 26 0 0 0 0 127 0 0 60 
0 0 0 0 0 55 0 0 0 0 0 30 20 0 0 0 0 0 24 0 0 0 0 127 0 0 60 
0 0 0 0 0 54 0 0 0 0 0 27 19 0 0 0 0 0 19 0 0 0 0 127 0 0 60 
0 0 0 0 0 56 0 0 0 0 0 29 20 0 0 0 0 0 21 0 0 0 0 127 0 0 60 
0 0 0 0 0 56 0 0 0 0 0 29 20 0 0 0 0 0 23 0 0 0 0 127 0 0 60 
0 0 0 0 0 50 0 0 0 0 0 29 19 0 0 0 0 0 21 0 0 0 0 127 0 0 60 
0 0 0 0 0 48 0 0 0 0 0 29 19 0 0 0 0 0 29 0 0 0 0 127 0 0 60 
0 0 0 0 0 51 0 0 0 0 0 30 20 0 0 0 0 0 19 0 0 0 0 127 0 0 60 
0 0 0 0 0 53 0 0 0 0 0 29 20 0 0 0 0 0 28 0 0 0 0 127 0 0 60 
0 0 0 0 0 52 0 0 0 0 0 31 19 0 0 0 0 0 26 0 0 10 0 127 0 0 60 
0 0 0 0 0 54 0 0 0 0 0 29 19 0 0 0 0 0 22 0 0 0 0 127 0 0 60 
0 0 0 0 0 57 0 0 0 0 0 26 19 0 0 0 0 0 25 0 0 0 0 127 0 0 60 
0 0 0 0 0 58 0 0 0 0 0 29 20 0 0 0 0 0 21 0 0 0 0 127 0 0 60 
0 0 0 0 0 54 0 0 0 0 0 27 19 0 0 0 0 0 30 0 0 0 0 127 0 0 60 
0 0 0 0 0 54 0 0 0 0 0 28 19 0 0 0 0 0 27 0 0 0 0 127 0 0 60 
0 0 0 0 0 52 0 0 0 0 0 30 19 0 0 0 0 0 27 0 0 0 0 127 0 0 60 
0 0 112 0 0 56 0 0 0 0 0 30 20 0 0 0 0 0 19 0 0 0 0 127 0 0 60 
0 10 129 0 0 52 0 0 0 0 0 30 19 0 0 0 0 0 30 0 0 0 0 127 0 0 60 
0 0 128 0 0 53 0 0 0 0 0 29 19 0 0 0 0 0 25 0 0 0 0 127 0 0 60 
0 0 108 0 0 56 0 0 0 0 0 29 19 0 0 0 0 0 29 0 0 0 0 127 0 0 60 
0 0 0 0 0 55 0 0 0 0 0 29 19 0 0 0 0 0 29 0 0 0 0 127 0 0 60 
0 65 0 0 0 53 0 0 0 0 0 29 19 0 0 0 0 0 28 0 0 0 0 127 0 0 60 
0 55 0 0 0 53 0 0 0 0 0 30 19 0 0 0 0 0 23 0 0 0 0 127 0 0 60 
0 33 0 0 0 54 0 0 0 0 0 30 19 0 0 0 0 0 28 0 0 0 0 127 0 0 60 
0 51 0 0 0 50 0 0 0 0 0 29 19 0 0 0 0 0 24 0 0 0 0 127 0 0 60 
0 114 0 0 0 51 0 0 0 0 0 31 19 0 0 0 0 0 19 0 0 0 0 127 0 0 60 
0 212 0 0 0 51 0 0 0 0 0 31 19 0 0 0 0 0 25 0 0 0 0 127 0 0 60 
0 261 0 0 0 55 0 0 0 0 0 28 19 0 0 0 0 0 23 0 0 0 0 127 0 0 60 
0 297 0 0 0 54 0 0 0 0 0 30 19 0 0 0 0 0 29 0 0 0 0 127 0 0 60 
0 390 0 0 0 51 0 0 0 0 0 30 19 0 0 0 0 0 27 0 0 0 0 127 0 0 60 
0 387 0 0 0 53 0 0 0 0 0 29 19 0 0 0 0 0 24 0 0 0 0 127 0 0 60 
0 407 0 0 0 54 0 0 0 0 0 29 19 0 0 0 0 0 23 0 0 0 0 127 0 0 60 
0 485 0 0 0 53 0 0 0 0 0 28 19 0 0 0 0 0 20 0 0 0 0 127 0 0 60 
0 550 0 0 0 52 0 0 0 0 0 31 19 0 0 0 0 0 21 0 0 0 0 127 0 0 60 
0 600 13 0 0 55 0 0 0 0 0 30 19 0 0 0 0 0 28 0 0 0 0 127 0 0 60 
0 589 0 0 0 54 0 0 0 0 0 28 20 0 0 0 0 0 19 0 0 0 0 127 0 0 60 
0 534 0 0 0 54 0 0 0 0 0 30 19 0 0 0 0 0 20 0 0 0 0 127 0 0 60 
0 549 0 0 0 52 0 0 0 0 0 29 19 0 0 0 0 0 24 0 0 0 0 127 0 0 60 
0 600 0 0 0 56 0 0 0 0 0 31 19 0 0 0 0 0 28 0 0 0 0 127 0 0 60 
0 565 0 0 0 56 0 0 0 0 0 30 19 0 0 0 0 0 29 0 0 0 0 127 0 0 60 
0 596 0 0 0 53 0 0 0 0 0 29 19 0 0 0 0 0 25 0 0 0 0 127 0 0 60 
0 577 0 0 0 52 0 0 0 0 0 31 19 0 0 0 0 0 26 0 0 0 0 127 0 0 60 
0 518 0 0 0 56 0 0 0 0 0 29 19 0 0 0 0 0 20 0 0 0 0 127 0 0 60 
0 509 0 0 0 57 0 0 0 0 0 29 19 0 0 0 0 0 26 0 0 0 0 127 0 0 60 
0 499 0 0 0 52 0 0 0 0 0 30 19 0 0 0 0 0 28 0 0 0 0 127 0 0 60 
0 442 0 0 0 53 0 0 0 0 0 29 19 0 0 0 0 0 25 0 0 0 0 127 0 0 60 
0 455 0 0 0 57 0 0 0 0 0 30 19 0 0 0 0 0 25 0 0 0 0 127 0 0 60 
0 440 0 0 0 56 0 0 0 0 0 29 19 0 0 0 0 0 29 0 0 0 0 127 0 0 60 
0 391 0 0 0 55 0 0 0 0 0 29 19 0 0 0 0 0 26 0 0 0 0 127 0 0 60 
0 377 0 0 0 54 0 0 0 0 0 29 19 0 0 0 0 0 21 0 0 0 0 127 0 0 60 
0 376 43 0 0 57 0 0 0 0 0 29 19 0 0 0 0 0 21 0 0 0 0 127 0 0 60 
0 382 0 0 0 56 0 0 0 0 0 30 19 0 0 0 0 0 20 0 0 0 0 127 0 0 60 
0 364 0 0 0 54 0 0 0 0 0 28 19 0 0 0 0 0 29 0 0 0 0 127 0 0 60 
0 313 0 0 0 52 0 0 0 0 0 28 19 0 0 0 0 0 27 0 0 0 0 127 0 0 60 
0 312 0 0 0 57 0 0 0 0 0 28 19 0 0 0 0 0 26 0 0 0 0 127 0 0 60 
0 292 0 0 0 57 0 0 0 0 0 28 19 0 0 0 0 0 21 0 0 0 0 127 0 0 60 
0 285 0 0 0 51 0 0 0 0 0 29 19 0 0 0 0 0 19 0 0 0 0 127 0 0 60 
0 262 0 0 0 52 0 0 0 0 0 29 19 0 0 0 0 0 19 0 0 0 0 127 0 0 60 
0 216 0 0 0 59 0 0 0 0 0 29 19 0 0 0 0 0 29 0 0 0 0 127 0 0 60 
0 227 0 0 0 57 0 0 0 0 0 30 19 0 0 0 0 0 21 0 0 0 0 127 0 0 60 
0 217 0 0 0 56 0 0 0 0 0 29 19 0 0 0 0 0 28 0 0 0 0 127 0 0 60 
0 199 0 0 0 58 0 0 0 0 0 30 19 0 0 0 0 0 21 0 0 0 0 127 0 0 60 
0 200 0 0 0 60 0 0 0 0 0 29 19 0 0 0 0 0 29 0 0 0 0 127 0 0 60 
0 186 0 0 0 56 0 0 0 0 0 28 19 0 0 0 0 0 28 0 0 0 0 127 0 0 60 
0 88 0 0 0 54 0 0 0 0 0 29 19 0 0 0 0 0 29 0 0 0 0 127 0 0 60 
0 66 0 0 0 57 0 0 0 0 0 28 19 0 0 0 0 0 19 0 0 0 0 127 0 0 60 
0 92 0 0 0 59 0 0 0 0 0 28 19 0 0 0 0 0 21 0 0 0 0 127 0 0 60 
0 73 0 0 0 58 0 0 0 0 0 31 19 0 0 0 0 0 29 0 0 0 0 127 0 0 60 
0 51 0 0 0 55 0 0 0 0 0 30 19 0 0 0 0 0 30 0 0 10 0 127 0 0 60 
0 12 0 0 0 58 0 0 0 0 0 29 19 0 0 0 0 0 19 0 0 10 0 127 0 0 60 
0 15 0 0 0 61 0 0 0 0 0 29 19 0 0 0 0 0 21 0 0 0 0 127 0 0 60 
0 33 0 0 0 58 0 0 0 0 0 29 19 0 0 0 0 0 20 0 0 0 0 127 0 0 60 
0 12 0 0 0 56 0 0 0 0 0 29 19 0 0 0 0 0 26 0 0 0 0 127 0 0 60 
0 0 0 0 0 60 0 0 0 0 0 29 19 0 0 0 0 0 20 0 0 0 0 127 0 0 60 
0 12 0 0 0 60 0 0 0 0 0 28 19 0 0 0 0 0 27 0 0 0 0 127 0 0 60 
0 0 0 0 0 57 0 0 0 0 0 30 19 0 0 0 0 0 22 0 0 0 0 127 0 0 60 
0 0 0 0 0 56 0 0 0 0 0 30 19 0 0 0 0 0 20 0 0 0 0 127 0 0 60 
0 0 0 0 0 59 0 0 0 0 0 29 19 0 0 0 0 0 20 0 0 0 0 127 0 0 60 
0 0 0 0 0 60 0 0 0 0 0 28 19 0 0 0 0 0 28 0 0 10 0 127 0 0 60 
0 0 0 0 0 57 0 0 0 0 0 29 19 0 0 0 0 0 20 0 0 10 0 127 0 0 60 
0 0 0 0 0 57 0 0 0 0 0 30 18 0 0 0 0 0 25 0 0 0 0 127 0 0 60 
0 0 0 0 0 60 0 0 0 0 0 28 19 0 0 0 0 0 27 0 0 0 0 127 0 0 60 
0 0 0 0 0 59 0 0 0 0 0 30 19 0 0 0 0 0 30 0 0 0 0 127 0 0 60 
0 0 0 0 0 57 0 0 0 0 0 30 19 0 0 0 0 0 26 0 0 0 0 127 0 0 60 
0 0 0 0 0 57 0 0 0 0 0 30 19 0 0 0 0 0 23 0 0 10 0 127 0 0 60 
0 0 0 0 0 57 0 0 0 0 0 29 19 0 0 0 0 0 25 0 0 10 0 127 0 0 60 
0 0 0 0 0 56 0 0 0 0 0 28 18 0 0 0 0 0 21 0 0 10 0 127 0 0 60 
0 0 0 0 0 51 0 0 0 0 0 29 18 0 0 0 0 0 22 0 0 0 0 127 0 0 60 
0 0 0 0 0 54 0 0 0 0 0 29 18 0 0 0 0 0 19 0 0 0 0 127 0 0 60 
0 0 0 0 0 58 0 0 0 0 0 28 19 0 0 0 0 0 19 0 0 10 0 127 0 0 60 
0 0 0 0 0 57 0 0 0 0 0 29 19 0 0 0 0 0 28 0 0 0 0 127 0 0 60 
0 0 0 0 0 55 0 0 0 0 0 29 19 0 0 0 0 0 19 0 0 0 0 127 0 0 60 
0 0 0 0 0 57 0 0 0 0 0 29 19 0 0 0 0 0 19 0 0 0 0 127 0 0 60 
0 0 0 0 0 59 0 0 0 0 0 30 19 0 0 0 0 0 20 0 0 10 0 127 0 0 60 
0 0 0 0 0 57 0 0 0 0 0 30 19 0 0 0 0 0 28 0 0 10 0 127 0 0 60 
0 0 0 0 0 55 0 0 0 0 0 28 19 0 0 0 0 0 19 0 0 0 0 127 0 0 60 
0 0 0 0 0 56 0 0 0 0 0 30 18 0 0 0 0 0 29 0 0 0 0 127 0 0 60 
0 0 0 0 0 59 0 0 0 0 0 29 19 0 0 0 0 0 25 0 0 0 0 127 0 0 60 
0 0 0 0 0 55 0 0 0 0 0 30 18 0 0 0 0 0 19 0 0 10 0 127 0 0 60 
0 0 0 0 0 55 0 0 0 0 0 29 18 0 0 0 0 0 21 0 0 10 0 127 0 0 60 
0 0 0 0 0 57 0 0 0 0 0 29 19 0 0 0 0 0 26 0 0 10 0 127 0 0 60 
0 0 0 0 0 59 0 0 0 0 0 30 19 0 0 0 0 0 29 0 0 0 0 127 0 0 60 
0 0 0 0 0 57 0 0 0 0 0 29 19 0 0 0 0 0 25 0 0 0 0 127 0 0 60 
0 0 0 0 0 56 0 0 0 0 0 29 19 0 0 0 0 0 18 0 0 0 0 127 0 0 60 
0 0 0 0 0 58 0 0 0 0 0 29 19 0 0 0 0 0 23 0 0 0 0 127 0 0 60 
0 0 0 0 0 56 0 0 0 0 0 28 19 0 0 0 0 0 25 0 0 0 0 127 0 0 60 
0 0 0 0 0 55 0 0 0 0 0 28 19 0 0 0 0 0 18 0 0 0 0 127 0 0 60 
0 0 0 0 0 54 0 0 0 0 0 30 19 0 0 0 0 0 19 0 0 10 0 127 0 0 60 
0 0 0 0 0 57 0 0 0 0 0 30 18 0 0 0 0 0 22 0 0 10 0 127 0 0 60 
0 0 0 0 0 58 0 0 0 0 0 30 19 0 0 0 0 0 25 0 0 10 0 127 0 0 60 
0 0 0 0 0 54 0 0 0 0 0 28 19 0 0 0 0 0 22 0 0 0 0 127 0 0 60 
0 0 0 0 0 54 0 0 0 0 0 29 19 0 0 0 0 0 27 0 0 0 0 127 0 0 60 
0 0 0 0 0 57 0 0 0 0 0 30 18 0 0 0 0 0 23 0 0 0 0 127 0 0 60 
0 0 0 0 0 58 0 0 0 0 0 30 19 0 0 0 0 0 20 0 0 0 0 127 0 0 60 
0 0 0 0 0 54 0 0 0 0 0 30 19 0 0 0 0 0 27 0 0 0 0 127 0 0 60 
0 0 0 0 0 52 0 0 0 0 0 29 19 0 0 0 0 0 19 0 0 0 0 127 0 0 60 
0 0 0 0 0 55 0 0 0 0 0 27 19 0 0 0 0 0 19 0 0 0 0 127 0 0 60 
0 0 0 0 0 58 0 0 0 0 0 30 19 0 0 0 0 0 23 0 0 0 0 127 0 0 60 
0 0 0 0 0 54 0 0 0 0 0 29 19 0 0 0 0 0 22 0 0 0 0 127 0 0 60 
0 0 0 0 0 53 0 0 0 0 0 29 18 0 0 0 0 0 24 0 0 0 0 127 0 0 60 
0 0 0 0 0 58 0 0 0 0 0 30 19 0 0 0 0 0 21 0 0 0 0 127 0 0 60 
0 0 0 0 0 58 0 0 0 0 0 29 19 0 0 0 0 0 19 0 0 0 0 127 0 0 60 
0 0 0 0 0 56 0 0 0 0 0 30 19 0 0 0 0 0 28 0 0 0 0 127 0 0 60 
0 0 0 0 0 55 0 0 0 0 0 29 19 0 0 0 0 0 26 0 0 0 0 127 0 0 60 
0 0 0 0 0 58 0 0 0 0 0 28 18 0 0 0 0 0 20 0 0 0 0 127 0 0 60 
0 0 0 0 0 58 0 0 0 0 0 29 19 0 0 0 0 0 21 0 0 0 0 127 0 0 60 
0 0 0 0 0 56 0 0 0 0 0 28 19 0 0 0 0 0 18 0 0 0 0 127 0 0 60 
0 0 0 0 0 58 0 0 0 0 0 26 19 0 0 0 0 0 26 0 0 0 0 127 0 0 60 
0 0 0 0 0 59 0 0 0 0 0 29 19 0 0 0 0 0 30 0 0 0 0 127 0 0 60 
0 0 0 0 0 56 0 0 0 0 0 26 19 0 0 0 0 0 25 0 0 0 0 127 0 0 60 
0 0 0 0 0 55 0 0 0 0 0 29 19 0 0 0 0 0 23 0 0 0 0 127 0 0 60 
0 0 0 0 0 55 0 0 0 0 0 27 19 0 0 0 0 0 29 0 0 0 0 127 0 0 60 
0 0 0 0 0 58 0 0 0 0 0 31 18 0 0 0 0 0 19 0 0 0 0 127 0 0 60 
0 0 0 0 0 57 0 0 0 0 0 30 19 0 0 0 0 0 27 0 0 0 0 127 0 0 60 
0 0 0 0 0 54 0 0 0 0 0 29 19 0 0 0 0 0 27 0 0 0 0 127 0 0 60 
0 0 0 0 0 57 0 0 0 0 0 29 19 0 0 0 0 0 19 0 0 0 0 127 0 0 60 
0 0 0 0 0 59 0 0 0 0 0 29 19 0 0 0 0 0 19 0 0 0 0 127 0 0 60 
0 0 0 0 0 58 0 0 0 0 0 29 19 0 0 0 0 0 18 0 0 0 0 127 0 0 60 
0 0 0 0 0 54 0 0 0 0 0 29 19 0 0 0 0 0 20 0 0 0 0 127 0 0 60 
0 0 0 0 0 57 0 0 0 0 0 30 18 0 0 0 0 0 20 0 0 0 0 127 0 0 60 
0 0 0 0 0 59 0 0 0 0 0 29 18 0 0 0 0 0 29 0 0 0 0 127 0 0 60 
0 0 0 0 0 55 0 0 0 0 0 29 18 0 0 0 0 0 28 0 0 0 0 127 0 0 60 
0 0 0 0 0 56 0 0 0 0 0 28 18 0 0 0 0 0 28 0 0 0 0 127 0 0 60 
0 0 0 0 0 59 0 0 0 0 0 30 19 0 0 0 0 0 25 0 0 0 0 127 0 0 60 
0 0 0 0 0 60 0 0 0 0 0 30 19 0 0 0 0 0 20 0 0 0 0 127 0 0 60 
0 0 0 0 0 57 0 0 0 0 0 30 19 0 0 0 0 0 21 0 0 0 0 127 0 0 60 
0 0 0 0 0 56 0 0 0 0 0 30 18 0 0 0 0 0 21 0 0 10 0 127 0 0 60 
0 0 0 0 0 60 0 0 0 0 0 29 19 0 0 0 0 0 25 0 0 0 0 127 0 0 60 
0 0 0 0 0 60 0 0 0 0 0 30 19 0 0 0 0 0 28 0 0 0 0 127 0 0 60 
0 0 0 0 0 57 0 0 0 0 0 30 18 0 0 0 0 0 26 0 0 10 0 127 0 0 60 
0 0 0 0 0 57 0 0 0 0 0 30 19 0 0 0 0 0 21 0 0 0 0 127 0 0 60 
0 0 0 0 0 59 0 0 0 0 0 30 18 0 0 0 0 0 22 0 0 0 0 127 0 0 60 
0 0 0 0 0 57 0 0 0 0 0 27 19 0 0 0 0 0 28 0 0 0 0 127 0 0 60 
0 0 0 0 0 57 0 0 0 0 0 28 19 0 0 0 0 0 16 0 0 0 0 127 0 0 60 
0 0 0 0 0 57 0 0 0 0 0 29 18 0 0 0 0 0 19 0 0 0 0 127 0 0 60 
0 0 0 0 0 61 0 0 0 0 0 29 18 0 0 0 0 0 21 0 0 0 0 127 0 0 60 
0 0 0 0 0 60 0 0 0 0 0 30 19 0 0 0 0 0 25 0 0 10 0 127 0 0 60 
0 0 0 0 0 58 0 0 0 0 0 29 19 0 0 0 0 0 19 0 0 10 0 127 0 0 60 
0 0 0 0 0 57 0 0 0 0 0 28 18 0 0 0 0 0 27 0 0 10 0 127 0 0 60 
0 0 0 0 0 60 0 0 0 0 0 29 18 0 0 0 0 0 28 0 0 10 0 127 0 0 60 
0 0 0 0 0 61 0 0 0 0 0 28 18 0 0 0 0 0 24 0 0 0 0 127 0 0 60 
0 0 0 0 0 58 0 0 0 0 0 29 19 0 0 0 0 0 25 0 0 0 0 127 0 0 60 
0 0 0 0 0 58 0 0 0 0 0 31 18 0 0 0 0 0 29 0 0 0 0 127 0 0 60 
0 0 0 0 0 60 0 0 0 0 0 29 18 0 0 0 0 0 21 0 0 0 0 127 0 0 60 
0 0 0 0 0 59 0 0 0 0 0 31 18 0 0 0 0 0 19 0 0 0 0 127 0 0 60 
0 0 0 0 0 54 0 0 0 0 0 30 18 0 0 0 0 0 18 0 0 0 0 127 0 0 60 
0 0 0 0 0 56 0 0 0 0 0 28 18 0 0 0 0 0 22 0 0 0 0 127 0 0 60 
0 0 0 0 0 60 0 0 0 0 0 30 18 0 0 0 0 0 24 0 0 10 0 127 0 0 60 
0 0 0 0 0 59 0 0 0 0 0 29 19 0 0 0 0 0 27 0 0 0 0 127 0 0 60 
0 0 0 0 0 56 0 0 0 0 0 30 18 0 0 0 0 0 28 0 0 0 0 127 0 0 60 
0 0 0 0 0 57 0 0 0 0 0 28 18 0 0 0 0 0 19 0 0 0 0 127 0 0 60 
0 0 0 0 0 61 0 0 0 0 0 29 18 0 0 0 0 0 24 0 0 0 0 127 0 0 60 
0 0 0 0 0 58 0 0 0 0 0 28 18 0 0 0 0 0 22 0 0 0 0 127 0 0 60 
0 0 0 0 0 57 0 0 0 0 0 28 19 0 0 0 0 0 27 0 0 10 0 127 0 0 60 
0 0 0 0 0 59 0 0 0 0 0 28 18 0 0 0 0 0 27 0 0 10 0 127 0 0 60 
0 0 0 0 0 62 0 0 0 0 0 28 18 0 0 0 0 0 21 0 0 0 0 127 0 0 60 
0 0 0 0 0 57 0 0 0 0 0 28 18 0 0 0 0 0 24 0 0 10 0 127 0 0 60 
0 0 0 0 0 54 0 0 0 0 0 29 18 0 0 0 0 0 27 0 0 0 0 127 0 0 60 
0 0 0 0 0 58 0 0 0 0 0 30 18 0 0 0 0 0 27 0 0 0 0 127 0 0 60 
0 0 0 0 0 59 0 0 0 0 0 28 18 0 0 0 0 0 27 0 0 0 0 127 0 0 60 
0 0 0 0 0 56 0 0 0 0 0 29 18 0 0 0 0 0 19 0 0 0 0 127 0 0 60 
0 0 0 0 0 55 0 0 0 0 0 29 18 0 0 0 0 0 17 0 0 0 0 127 0 0 60 
0 0 0 0 0 58 0 0 0 0 0 28 18 0 0 0 0 0 26 0 0 0 0 127 0 0 60 
0 0 0 0 0 60 0 0 0 0 0 29 18 0 0 0 0 0 28 0 0 10 0 127 0 0 60 
0 0 0 0 0 57 0 0 0 0 0 29 18 0 0 0 0 0 25 0 0 0 0 127 0 0 60 
0 0 0 0 0 55 0 0 0 0 0 28 18 0 0 0 0 0 25 0 0 0 0 127 0 0 60 
0 0 0 0 0 58 0 0 0 0 0 29 18 0 0 0 0 0 28 0 0 0 0 127 0 0 60 
0 0 0 0 0 60 0 0 0 0 0 28 18 0 0 0 0 0 20 0 0 0 0 127 0 0 60 
0 0 0 0 0 57 0 0 0 0 0 29 18 0 0 0 0 0 25 0 0 0 0 127 0 0 60 
0 0 0 0 0 57 0 0 0 0 0 29 18 0 0 0 0 0 21 0 0 0 0 127 0 0 60 
0 0 0 0 0 60 0 0 0 0 0 28 18 0 0 0 0 0 19 0 0 0 0 127 0 0 60 
0 0 0 0 0 60 0 0 0 0 0 29 18 0 0 0 0 0 21 0 0 0 0 127 0 0 60 
0 0 0 0 0 56 0 0 0 0 0 29 18 0 0 0 0 0 27 0 0 0 0 127 0 0 60 
0 0 0 0 0 56 0 0 0 0 0 31 18 0 0 0 0 0 27 0 0 0 0 127 0 0 60 
0 0 0 0 0 60 0 0 0 0 0 31 18 0 0 0 0 0 24 0 0 10 0 127 0 0 60 
0 0 0 0 0 59 0 0 0 0 0 28 18 0 0 0 0 0 19 0 0 0 0 127 0 0 60 
0 0 0 0 0 57 0 0 0 0 0 30 18 0 0 0 0 0 22 0 0 0 0 127 0 0 60 
0 0 0 0 0 58 0 0 0 0 0 28 18 0 0 0 0 0 21 0 0 0 0 127 0 0 60 
0 0 0 0 0 55 0 0 0 0 0 27 18 0 0 0 0 0 27 0 0 10 0 127 0 0 60 
0 0 0 0 0 56 0 0 0 0 0 30 18 0 0 0 0 0 29 0 0 10 0 127 0 0 60 
0 0 0 0 0 56 0 0 0 0 0 29 18 0 0 0 0 0 29 0 0 10 0 127 0 0 60 
0 0 0 0 0 56 0 0 0 0 0 29 18 0 0 0 0 0 26 0 0 10 0 127 0 0 60 
0 0 0 0 0 58 0 0 0 0 0 30 18 0 0 0 0 0 20 0 0 10 0 127 0 0 60 
0 0 0 0 0 58 0 0 0 0 0 28 18 0 0 0 0 0 23 0 0 0 0 127 0 0 60 
0 0 0 0 0 56 0 0 0 0 0 28 18 0 0 0 0 0 19 0 0 10 0 127 0 0 60 
0 0 0 0 0 59 0 0 0 0 0 28 18 0 0 0 0 0 26 0 0 0 0 127 0 0 60 
0 0 0 0 0 60 0 0 0 0 0 29 18 0 0 0 0 0 27 0 0 0 0 127 0 0 60 
0 0 0 0 0 56 0 0 0 0 0 29 18 0 0 0 0 0 27 0 0 0 0 127 0 0 60 
0 0 0 0 0 55 0 0 0 0 0 29 18 0 0 0 0 0 27 0 0 0 0 127 0 0 60 
0 0 0 0 0 59 0 0 0 0 0 29 18 0 0 0 0 0 25 0 0 0 0 127 0 0 60 
0 0 0 0 0 61 0 0 0 0 0 28 18 0 0 0 0 0 27 0 0 0 0 127 0 0 60 
0 0 0 0 0 58 0 0 0 0 0 29 18 0 0 0 0 0 27 0 0 0 0 127 0 0 60 
0 0 0 0 0 57 0 0 0 0 0 30 18 0 0 0 0 0 26 0 0 10 0 127 0 0 60 
0 0 0 0 0 60 0 0 0 0 0 29 18 0 0 0 0 0 19 0 0 0 0 127 0 0 60 
0 0 0 0 0 61 0 0 0 0 0 27 18 0 0 0 0 0 21 0 0 0 0 127 0 0 60 
0 0 0 0 0 58 0 0 0 0 0 29 18 0 0 0 0 0 24 0 0 0 0 127 0 0 60 
0 0 0 0 0 57 0 0 0 0 0 27 18 0 0 0 0 0 23 0 0 0 0 127 0 0 60 
0 0 0 0 0 60 0 0 0 0 0 29 18 0 0 0 0 0 23 0 0 0 0 127 0 0 60 
0 0 0 0 0 60 0 0 0 0 0 29 18 0 0 0 0 0 27 0 0 0 0 127 0 0 60 
0 0 0 0 0 56 0 0 0 0 0 28 18 0 0 0 0 0 23 0 0 10 0 127 0 0 60 
0 0 0 0 0 56 0 0 0 0 0 30 18 0 0 0 0 0 22 0 0 0 0 127 0 0 60 
0 0 0 0 0 59 0 0 0 0 0 28 18 0 0 0 0 0 27 0 0 0 0 127 0 0 60 
0 0 0 0 0 59 0 0 0 0 0 29 18 0 0 0 0 0 19 0 0 10 0 127 0 0 60 
0 0 0 0 0 55 0 0 0 0 0 31 18 0 0 0 0 0 27 0 0 0 0 127 0 0 60 
0 0 0 0 0 57 0 0 0 0 0 30 18 0 0 0 0 0 19 0 0 0 0 127 0 0 60 
0 0 0 0 0 59 0 0 0 0 0 30 18 0 0 0 0 0 28 0 0 0 0 127 0 0 60 
0 0 0 0 0 60 0 0 0 0 0 27 19 0 0 0 0 0 28 0 0 0 0 127 0 0 60 
0 0 0 0 0 55 0 0 0 0 0 28 18 0 0 0 0 0 29 0 0 0 0 127 0 0 60 
0 0 0 0 0 59 0 0 0 0 0 29 18 0 0 0 0 0 29 0 0 0 0 127 0 0 60 
0 0 0 0 0 60 0 0 0 0 0 29 18 0 0 0 0 0 18 0 0 10 0 127 0 0 60 
0 0 0 0 0 59 0 0 0 0 0 29 18 0 0 0 0 0 19 0 0 10 0 127 0 0 60 
0 0 0 0 0 56 0 0 0 0 0 29 18 0 0 0 0 0 29 0 0 10 0 127 0 0 60 
0 0 0 0 0 58 0 0 0 0 0 29 18 0 0 0 0 0 26 0 0 0 0 127 0 0 60 
0 0 0 0 0 60 0 0 0 0 0 30 18 0 0 0 0 0 27 0 0 10 0 127 0 0 60 
0 0 0 0 0 59 0 0 0 0 0 28 18 0 0 0 0 0 30 0 0 0 0 127 0 0 60 
0 0 0 0 0 56 0 0 0 0 0 27 18 0 0 0 0 0 21 0 0 0 0 127 0 0 60 
0 0 0 0 0 59 0 0 0 0 0 29 18 0 0 0 0 0 23 0 0 0 0 127 0 0 60 
0 0 0 0 0 61 0 0 0 0 0 29 18 0 0 0 0 0 26 0 0 10 0 127 0 0 60 
0 0 0 0 0 56 0 0 0 0 0 30 18 0 0 0 0 0 24 0 0 0 0 127 0 0 60 
0 0 0 0 0 56 0 0 0 0 0 29 18 0 0 0 0 0 19 0 0 10 0 127 0 0 60 
0 0 0 0 0 59 0 0 0 0 0 29 18 0 0 0 0 0 18 0 0 0 0 127 0 0 60 
0 0 0 0 0 59 0 0 0 0 0 29 18 0 0 0 0 0 23 0 0 0 0 127 0 0 60 
0 0 0 0 0 57 0 0 0 0 0 29 18 0 0 0 0 0 27 0 0 0 0 127 0 0 60 
0 0 0 0 0 57 0 0 0 0 0 29 18 0 0 0 0 0 18 0 0 0 0 127 0 0 60 
0 0 0 0 0 60 0 0 0 0 0 29 18 0 0 0 0 0 25 0 0 0 0 127 0 0 60 
0 0 0 0 0 60 0 0 0 0 0 28 18 0 0 0 0 0 21 0 0 0 0 127 0 0 60 
0 0 0 0 0 58 0 0 0 0 0 31 18 0 0 0 0 0 28 0 0 10 0 127 0 0 60 
0 0 0 0 0 58 0 0 0 0 0 29 18 0 0 0 0 0 17 0 0 10 0 127 0 0 60 
0 0 0 0 0 61 0 0 0 0 0 28 18 0 0 0 0 0 21 0 0 0 0 127 0 0 60 
0 0 0 0 0 60 0 0 0 0 0 28 18 0 0 0 0 0 19 0 0 0 0 127 0 0 60 
0 0 0 0 0 57 0 0 0 0 0 29 18 0 0 0 0 0 19 0 0 0 0 127 0 0 60 
0 0 0 0 0 59 0 0 0 0 0 29 18 0 0 0 0 0 19 0 0 0 0 127 0 0 60 
0 0 0 0 0 61 0 0 0 0 0 28 18 0 0 0 0 0 26 0 0 0 0 127 0 0 60 
0 0 0 0 0 61 0 0 0 0 0 27 18 0 0 0 0 0 22 0 0 0 0 127 0 0 60 
0 0 0 0 0 57 0 0 0 0 0 28 18 0 0 0 0 0 21 0 0 0 0 127 0 0 60 
0 0 0 0 0 59 0 0 0 0 0 28 18 0 0 0 0 0 24 0 0 0 0 127 0 0 60 
0 0 0 0 0 62 0 0 0 0 0 28 18 0 0 0 0 0 23 0 0 0 0 127 0 0 60 
0 0 0 0 0 60 0 0 0 0 0 28 18 0 0 0 0 0 23 0 0 0 0 127 0 0 60 
0 0 0 0 0 56 0 0 0 0 0 29 18 0 0 0 0 0 26 0 0 0 0 127 0 0 60 
0 0 0 0 0 57 0 0 0 0 0 30 18 0 0 0 0 0 21 0 0 0 0 127 0 0 60 
0 0 0 0 0 61 0 0 0 0 0 27 18 0 0 0 0 0 25 0 0 0 0 127 0 0 60 
0 0 0 0 0 61 0 0 0 0 0 29 18 0 0 0 0 0 29 0 0 10 0 127 0 0 60 
0 0 0 0 0 58 0 0 0 0 0 30 18 0 0 0 0 0 28 0 0 0 0 127 0 0 60 
0 0 0 0 0 59 0 0 0 0 0 29 18 0 0 0 0 0 28 0 0 0 0 127 0 0 60 
0 0 0 0 0 62 0 0 0 0 0 29 18 0 0 0 0 0 28 0 0 0 0 127 0 0 60 
0 0 0 0 0 60 0 0 0 0 0 31 18 0 0 0 0 0 28 0 0 10 0 127 0 0 60 
0 0 0 0 0 58 0 0 0 0 0 29 18 0 0 0 0 0 19 0 0 0 0 127 0 0 60 
0 0 0 0 0 59 0 0 0 0 0 29 18 0 0 0 0 0 19 0 0 0 0 127 0 0 60 
0 0 0 0 0 61 0 0 0 0 0 29 18 0 0 0 0 0 24 0 0 0 0 127 0 0 60 
0 0 0 0 0 60 0 0 0 0 0 28 18 0 0 0 0 0 19 0 0 0 0 127 0 0 60 
0 0 0 0 0 58 0 0 0 0 0 29 18 0 0 0 0 0 20 0 0 0 0 127 0 0 60 
0 0 0 0 0 61 0 0 0 0 0 29 18 0 0 0 0 0 18 0 0 0 0 127 0 0 60 
0 0 0 0 0 61 0 0 0 0 0 29 18 0 0 0 0 0 21 0 0 0 0 127 0 0 60 
0 0 0 0 0 58 0 0 0 0 0 29 17 0 0 0 0 0 27 0 0 0 0 127 0 0 60 
0 0 0 0 0 56 0 0 0 0 0 28 17 0 0 0 0 0 28 0 0 0 0 127 0 0 60 
0 0 0 0 0 58 0 0 0 0 0 29 18 0 0 0 0 0 19 0 0 0 0 127 0 0 60 
0 0 0 0 0 61 0 0 0 0 0 27 17 0 0 0 0 0 27 0 0 0 0 127 0 0 60 
0 0 0 0 0 58 0 0 0 0 0 30 17 0 0 0 0 0 19 0 0 0 0 127 0 0 60 
0 0 0 0 0 58 0 0 0 0 0 29 18 0 0 0 0 0 26 0 0 10 0 127 0 0 60 
0 0 0 0 0 61 0 0 0 0 0 28 18 0 0 0 0 0 27 0 0 10 0 127 0 0 60 
0 0 0 0 0 60 0 0 0 0 0 29 17 0 0 0 0 0 24 0 0 10 0 127 0 0 60 
0 0 0 0 0 57 0 0 0 0 0 28 17 0 0 0 0 0 20 0 0 10 0 127 0 0 60 
0 0 0 0 0 56 0 0 0 0 0 28 18 0 0 0 0 0 26 0 0 10 0 127 0 0 60 
0 0 0 0 0 60 0 0 0 0 0 28 18 0 0 0 0 0 24 0 0 10 0 127 0 0 60 
0 0 0 0 0 61 0 0 0 0 0 28 18 0 0 0 0 0 19 0 0 10 0 127 0 0 60 
0 0 0 0 0 57 0 0 0 0 0 29 17 0 0 0 0 0 23 0 0 0 0 127 0 0 60 
0 0 0 0 0 58 0 0 0 0 0 29 18 0 0 0 0 0 19 0 0 0 0 127 0 0 60 
0 0 0 0 0 57 0 0 0 0 0 29 18 0 0 0 0 0 20 0 0 10 0 127 0 0 60 
0 0 0 0 0 59 0 0 0 0 0 29 18 0 0 0 0 0 19 0 0 0 0 127 0 0 60 
0 0 0 0 0 58 0 0 0 0 0 29 17 0 0 0 0 0 17 0 0 10 0 127 0 0 60 
0 0 0 0 0 59 0 0 0 0 0 28 17 0 0 0 0 0 24 0 0 10 0 127 0 0 60 
0 0 0 0 0 59 0 0 0 0 0 29 17 0 0 0 0 0 22 0 0 0 0 127 0 0 60 
0 0 0 0 0 58 0 0 0 0 0 28 17 0 0 0 0 0 18 0 0 0 0 127 0 0 60 
0 0 0 0 0 58 0 0 0 0 0 28 18 0 0 0 0 0 27 0 0 0 0 127 0 0 60 
0 0 0 0 0 58 0 0 0 0 0 29 17 0 0 0 0 0 19 0 0 10 0 127 0 0 60 
0 0 0 0 0 58 0 0 0 0 0 28 18 0 0 0 0 0 24 0 0 10 0 127 0 0 60 
0 0 0 0 0 58 0 0 0 0 0 31 17 0 0 0 0 0 28 0 0 0 0 127 0 0 60 
0 0 0 0 0 57 0 0 0 0 0 28 17 0 0 0 0 0 20 0 0 10 0 127 0 0 60 
0 0 0 0 0 58 0 0 0 0 0 29 17 0 0 0 0 0 28 0 0 0 0 127 0 0 60 
0 0 0 0 0 58 0 0 0 0 0 28 17 0 0 0 0 0 19 0 0 10 0 127 0 0 60 
0 0 0 0 0 58 0 0 0 0 0 29 17 0 0 0 0 0 20 0 0 0 0 127 0 0 60 
0 0 0 0 0 57 0 0 0 0 0 29 17 0 0 0 0 0 26 0 0 10 0 127 0 0 60 
0 0 0 0 0 58 0 0 0 0 0 29 17 0 0 0 0 0 23 0 0 0 0 127 0 0 60 
0 0 0 0 0 57 0 0 0 0 0 28 17 0 0 0 0 0 22 0 0 10 0 127 0 0 60 
0 0 0 0 0 57 0 0 0 0 0 29 17 0 0 0 0 0 23 0 0 0 0 127 0 0 60 
0 0 0 0 0 57 0 0 0 0 0 29 17 0 0 0 0 0 20 0 0 0 0 127 0 0 60 
0 0 0 0 0 57 0 0 0 0 0 28 17 0 0 0 0 0 19 0 0 0 0 127 0 0 60 
0 0 0 0 0 57 0 0 0 0 0 30 17 0 0 0 0 0 24 0 0 0 0 127 0 0 60 
0 0 0 0 0 57 0 0 0 0 0 29 17 0 0 0 0 0 19 0 0 0 0 127 0 0 60 
0 0 0 0 0 57 0 0 0 0 0 28 17 0 0 0 0 0 23 0 0 10 0 127 0 0 60 
0 0 0 0 0 57 0 0 0 0 0 28 17 0 0 0 0 0 24 0 0 0 0 127 0 0 60 
0 0 0 0 0 56 0 0 0 0 0 29 17 0 0 0 0 0 19 0 0 0 0 127 0 0 60 
0 0 0 0 0 56 0 0 0 0 0 27 17 0 0 0 0 0 18 0 0 0 0 127 0 0 60 
0 0 0 0 0 56 0 0 0 0 0 29 17 0 0 0 0 0 24 0 0 0 0 127 0 0 60 
0 0 0 0 0 56 0 0 0 0 0 28 17 0 0 0 0 0 19 0 0 10 0 127 0 0 60 
0 0 0 0 0 56 0 0 0 0 0 26 17 0 0 0 0 0 21 0 0 10 0 127 0 0 60 
0 0 0 0 0 55 0 0 0 0 0 28 17 0 0 0 0 0 24 0 0 0 0 127 0 0 60 
0 0 0 0 0 54 0 0 0 0 0 30 17 0 0 0 0 0 17 0 0 10 0 127 0 0 60 
0 0 0 0 0 57 0 0 0 0 0 28 17 0 0 0 0 0 19 0 0 0 0 127 0 0 60 
0 0 0 0 0 56 0 0 0 0 0 29 17 0 0 0 0 0 28 0 0 0 0 127 0 0 60 
0 0 0 0 0 55 0 0 0 0 0 30 17 0 0 0 0 0 22 0 0 10 0 127 0 0 60 
0 0 0 0 0 53 0 0 0 0 0 28 17 0 0 0 0 0 25 0 0 10 0 127 0 0 60 
0 0 0 0 0 52 0 0 0 0 0 27 17 0 0 0 0 0 27 0 0 10 0 127 0 0 60 
0 0 0 0 0 52 0 0 0 0 0 29 17 0 0 0 0 0 21 0 0 0 0 127 0 0 60 
0 0 0 0 0 52 0 0 0 0 0 29 17 0 0 0 0 0 28 0 0 0 0 127 0 0 60 
0 0 0 0 0 53 0 0 0 0 0 30 17 0 0 0 0 0 28 0 0 0 0 127 0 0 60 
0 0 0 0 0 53 0 0 0 0 0 29 18 0 0 0 0 0 28 0 0 10 0 127 0 0 60 
0 0 0 0 0 50 0 0 0 0 0 28 17 0 0 0 0 0 24 0 0 10 0 127 0 0 60 
0 0 0 0 0 53 0 0 0 0 0 30 17 0 0 0 0 0 28 0 0 10 0 127 0 0 60 
0 0 0 0 0 53 0 0 0 0 0 28 17 0 0 0 0 0 28 0 0 0 0 127 0 0 60 
0 0 0 0 0 51 0 0 0 0 0 29 17 0 0 0 0 0 28 0 0 0 0 127 0 0 60 
0 0 0 0 0 51 0 0 0 0 0 29 18 0 0 0 0 0 25 0 0 10 0 127 0 0 60 
0 0 0 0 0 52 0 0 0 0 0 29 17 0 0 0 0 0 26 0 0 10 0 127 0 0 60 
0 0 0 0 0 52 0 0 0 0 0 28 18 0 0 0 0 0 28 0 0 10 0 127 0 0 60 
0 0 0 0 0 49 0 0 0 0 0 29 17 0 0 0 0 0 24 0 0 10 0 127 0 0 60 
0 0 0 0 0 50 0 0 0 0 0 28 18 0 0 0 0 0 25 0 0 10 0 127 0 0 60 
0 0 0 0 0 51 0 0 0 0 0 30 18 0 0 0 0 0 24 0 0 10 0 127 0 0 60 
0 0 0 0 0 51 0 0 0 0 0 28 17 0 0 0 0 0 21 0 0 10 0 127 0 0 60 
0 0 0 0 0 52 0 0 0 0 0 28 17 0 0 0 0 0 22 0 0 10 0 127 0 0 60 
0 0 0 0 0 49 0 0 0 0 0 28 17 0 0 0 0 0 29 0 0 0 0 127 0 0 60 
0 0 0 0 0 52 0 0 0 0 0 28 17 0 0 0 0 0 21 0 0 0 0 127 0 0 60 
0 0 0 0 0 50 0 0 0 0 0 29 17 0 0 0 0 0 21 0 0 10 0 127 0 0 60 
0 0 0 0 0 50 0 0 0 0 0 30 17 0 0 0 0 0 18 0 0 10 0 127 0 0 60 
0 0 0 0 0 50 0 0 0 0 0 29 17 0 0 0 0 0 25 0 0 11 0 127 0 0 60 
0 0 0 0 0 50 0 0 0 0 0 28 17 0 0 0 0 0 26 0 0 10 0 127 0 0 60 
0 0 0 0 0 51 0 0 0 0 0 28 17 0 0 0 0 0 19 0 0 10 0 127 0 0 60 
0 0 0 0 0 52 0 0 0 0 0 30 17 0 0 0 0 0 18 0 0 10 0 127 0 0 60 
0 0 0 0 0 54 0 0 0 0 0 30 17 0 0 0 0 0 25 0 0 0 0 127 0 0 60 
0 0 0 0 0 54 0 0 0 0 0 27 17 0 0 0 0 0 16 0 0 0 0 127 0 0 60 
0 0 0 0 0 54 0 0 0 0 0 29 17 0 0 0 0 0 20 0 0 0 0 127 0 0 60 
0 0 0 0 0 54 0 0 0 0 0 29 17 0 0 0 0 0 25 0 0 10 0 127 0 0 60 
0 0 0 0 0 54 0 0 0 0 0 29 17 0 0 0 0 0 21 0 0 0 0 127 0 0 60 
0 0 0 0 0 54 0 0 0 0 0 29 17 0 0 0 0 0 24 0 0 10 0 127 0 0 60 
0 0 0 0 0 51 0 0 0 0 0 27 17 0 0 0 0 0 26 0 0 10 0 127 0 0 60 
0 0 0 0 0 50 0 0 0 0 0 29 17 0 0 0 0 0 22 0 0 0 0 127 0 0 60 
0 0 0 0 0 52 0 0 0 0 0 29 18 0 0 0 0 0 27 0 0 10 0 127 0 0 60 
0 0 0 0 0 52 0 0 0 0 0 28 18 0 0 0 0 0 20 0 0 10 0 127 0 0 60 
0 0 0 0 0 52 0 0 0 0 0 30 17 0 0 0 0 0 22 0 0 0 0 127 0 0 60 
0 0 0 0 0 53 0 0 0 0 0 28 17 0 0 0 0 0 28 0 0 0 0 127 0 0 60 
0 0 0 0 0 53 0 0 0 0 0 29 17 0 0 0 0 0 26 0 0 0 0 127 0 0 60 
0 0 0 0 0 53 0 0 0 0 0 28 17 0 0 0 0 0 17 0 0 10 0 127 0 0 60 
0 0 0 0 0 53 0 0 0 0 0 28 18 0 0 0 0 0 24 0 0 0 0 127 0 0 60 
0 0 0 0 0 52 0 0 0 0 0 30 18 0 0 0 0 0 24 0 0 0 0 127 0 0 60 
0 0 0 0 0 54 0 0 0 0 0 28 17 0 0 0 0 0 26 0 0 0 0 127 0 0 60 
0 0 0 0 0 53 0 0 0 0 0 28 17 0 0 0 0 0 19 0 0 10 0 127 0 0 60 
0 0 0 0 0 53 0 0 0 0 0 30 17 0 0 0 0 0 20 0 0 10 0 127 0 0 60 
0 0 0 0 0 53 0 0 0 0 0 29 17 0 0 0 0 0 20 0 0 10 0 127 0 0 60 
0 0 0 0 0 54 0 0 0 0 0 29 17 0 0 0 0 0 20 0 0 10 0 127 0 0 60 
0 0 0 0 0 54 0 0 0 0 0 29 17 0 0 0 0 0 23 0 0 0 0 127 0 0 60 
0 0 0 0 0 54 0 0 0 0 0 29 17 0 0 0 0 0 18 0 0 10 0 127 0 0 60 
0 0 0 0 0 54 0 0 0 0 0 29 18 0 0 0 0 0 27 0 0 10 0 127 0 0 60 
0 0 0 0 0 54 0 0 0 0 0 29 17 0 0 0 0 0 28 0 0 0 0 127 0 0 60 
0 0 0 0 0 54 0 0 0 0 0 27 17 0 0 0 0 0 24 0 0 0 0 127 0 0 60 
0 0 0 0 0 55 0 0 0 0 0 29 17 0 0 0 0 0 27 0 0 0 0 127 0 0 60 
0 0 0 0 0 55 0 0 0 0 0 28 17 0 0 0 0 0 17 0 0 10 0 127 0 0 60 
0 0 0 0 0 55 0 0 0 0 0 29 17 0 0 0 0 0 28 0 0 10 0 127 0 0 60 
0 0 0 0 0 55 0 0 0 0 0 28 17 0 0 0 0 0 18 0 0 0 0 127 0 0 60 
0 0 0 0 0 55 0 0 0 0 0 29 17 0 0 0 0 0 28 0 0 0 0 127 0 0 60 
0 0 0 0 0 55 0 0 0 0 0 28 17 0 0 0 0 0 26 0 0 10 0 127 0 0 60 
0 0 0 0 0 54 0 0 0 0 0 28 17 0 0 0 0 0 21 0 0 0 0 127 0 0 60 
0 0 0 0 0 55 0 0 0 0 0 28 18 0 0 0 0 0 22 0 0 10 0 127 0 0 60 
0 0 0 0 0 55 0 0 0 0 0 29 17 0 0 0 0 0 24 0 0 10 0 127 0 0 60 
0 0 0 0 0 55 0 0 0 0 0 28 18 0 0 0 0 0 24 0 0 0 0 127 0 0 60 
0 0 0 0 0 55 0 0 0 0 0 28 17 0 0 0 0 0 21 0 0 0 0 127 0 0 60 
0 0 0 0 0 55 0 0 0 0 0 28 17 0 0 0 0 0 18 0 0 0 0 127 0 0 60 
0 0 0 0 0 55 0 0 0 0 0 26 18 0 0 0 0 0 18 0 0 10 0 127 0 0 60 
0 0 0 0 0 55 0 0 0 0 0 30 18 0 0 0 0 0 27 0 0 10 0 127 0 0 60 
0 0 0 0 0 55 0 0 0 0 0 28 17 0 0 0 0 0 28 0 0 10 0 127 0 0 60 
0 0 0 0 0 54 0 0 0 0 0 29 17 0 0 0 0 0 17 0 0 10 0 127 0 0 60 
0 0 0 0 0 54 0 0 0 0 0 29 17 0 0 0 0 0 21 0 0 0 0 127 0 0 60 
0 0 0 0 0 54 0 0 0 0 0 29 17 0 0 0 0 0 27 0 0 10 0 127 0 0 60 
0 0 0 0 0 53 0 0 0 0 0 28 17 0 0 0 0 0 22 0 0 10 0 127 0 0 60 
0 0 0 0 0 55 0 0 0 0 0 29 18 0 0 0 0 0 20 0 0 10 0 127 0 0 60 
0 0 0 0 0 55 0 0 0 0 0 28 18 0 0 0 0 0 18 0 0 10 0 127 0 0 60 
0 0 0 0 0 54 0 0 0 0 0 30 17 0 0 0 0 0 27 0 0 10 0 127 0 0 60 
0 0 0 0 0 54 0 0 0 0 0 27 17 0 0 0 0 0 28 0 0 10 0 127 0 0 60 
0 0 0 0 0 54 0 0 0 0 0 30 18 0 0 0 0 0 23 0 0 10 0 127 0 0 60 
0 0 0 0 0 54 0 0 0 0 0 27 18 0 0 0 0 0 27 0 0 0 0 127 0 0 60 
0 0 0 0 0 53 0 0 0 0 0 28 18 0 0 0 0 0 21 0 0 0 0 127 0 0 60 
0 0 0 0 0 54 0 0 0 0 0 28 18 0 0 0 0 0 25 0 0 0 0 127 0 0 60 
0 0 0 0 0 54 0 0 0 0 0 29 18 0 0 0 0 0 18 0 0 0 0 127 0 0 60 
0 0 0 0 0 53 0 0 0 0 0 29 18 0 0 0 0 0 26 0 0 0 0 127 0 0 60 
0 0 0 0 0 53 0 0 0 0 0 30 18 0 0 0 0 0 18 0 0 0 0 127 0 0 60 
0 0 0 0 0 54 0 0 0 0 0 28 17 0 0 0 0 0 24 0 0 0 0 127 0 0 60 
0 0 0 0 0 54 0 0 0 0 0 28 18 0 0 0 0 0 28 0 0 0 0 127 0 0 60 
0 0 0 0 0 54 0 0 0 0 0 28 18 0 0 0 0 0 24 0 0 10 0 127 0 0 60 
0 0 0 0 0 53 0 0 0 0 0 28 17 0 0 0 0 0 24 0 0 0 0 127 0 0 60 
0 0 0 0 0 54 0 0 0 0 0 29 18 0 0 0 0 0 19 0 0 0 0 127 0 0 60 
0 0 0 0 0 54 0 0 0 0 0 30 17 0 0 0 0 0 21 0 0 0 0 127 0 0 60 
0 0 0 0 0 54 0 0 0 0 0 28 17 0 0 0 0 0 18 0 0 10 0 127 0 0 60 
0 0 0 0 0 54 0 0 0 0 0 29 18 0 0 0 0 0 26 0 0 10 0 127 0 0 60 
0 0 0 0 0 53 0 0 0 0 0 30 17 0 0 0 0 0 26 0 0 0 0 127 0 0 60 
0 0 0 0 0 53 0 0 0 0 0 31 18 0 0 0 0 0 18 0 0 0 0 127 0 0 60 
0 0 0 0 0 52 0 0 0 0 0 29 17 0 0 0 0 0 18 0 0 0 0 127 0 0 60 
0 0 0 0 0 52 0 0 0 0 0 28 17 0 0 0 0 0 20 0 0 0 0 127 0 0 60 
0 0 0 0 0 53 0 0 0 0 0 30 17 0 0 0 0 0 18 0 0 10 0 127 0 0 60 
0 0 0 0 0 54 0 0 0 0 0 28 17 0 0 0 0 0 20 0 0 10 0 127 0 0 60 
0 0 0 0 0 53 0 0 0 0 0 30 18 0 0 0 0 0 24 0 0 10 0 127 0 0 60 
0 0 0 0 0 53 0 0 0 0 0 29 17 0 0 0 0 0 24 0 0 10 0 127 0 0 60 
0 0 0 0 0 54 0 0 0 0 0 29 18 0 0 0 0 0 19 0 0 0 0 127 0 0 60 
0 0 0 0 0 53 0 0 0 0 0 28 17 0 0 0 0 0 26 0 0 10 0 127 0 0 60 
0 0 0 0 0 53 0 0 0 0 0 29 17 0 0 0 0 0 26 0 0 10 0 127 0 0 60 
0 0 0 0 0 53 0 0 0 0 0 28 18 0 0 0 0 0 26 0 0 0 0 127 0 0 60 
0 0 0 0 0 52 0 0 0 0 0 29 17 0 0 0 0 0 22 0 0 0 0 127 0 0 60 
0 0 0 0 0 54 0 0 0 0 0 30 18 0 0 0 0 0 24 0 0 0 0 127 0 0 60 
0 0 0 0 0 53 0 0 0 0 0 30 18 0 0 0 0 0 18 0 0 10 0 127 0 0 60 
0 0 0 0 0 56 0 0 0 0 0 28 17 0 0 0 0 0 22 0 0 0 0 127 0 0 60 
0 0 0 0 0 54 0 0 0 0 0 28 18 0 0 0 0 0 27 0 0 0 0 127 0 0 60 
0 0 0 0 0 52 0 0 0 0 0 29 17 0 0 0 0 0 17 0 0 0 0 127 0 0 60 
0 0 0 0 0 52 0 0 0 0 0 29 17 0 0 0 0 0 19 0 0 10 0 127 0 0 60 
0 0 0 0 0 50 0 0 0 0 0 28 17 0 0 0 0 0 23 0 0 10 0 127 0 0 60 
0 0 0 0 0 50 0 0 0 0 0 28 17 0 0 0 0 0 18 0 0 10 0 127 0 0 60 
0 0 0 0 0 50 0 0 0 0 0 28 17 0 0 0 0 0 19 0 0 10 0 127 0 0 60 
0 0 0 0 0 49 0 0 0 0 0 30 18 0 0 0 0 0 25 0 0 10 0 127 0 0 60 
0 0 0 0 0 50 0 0 0 0 0 27 18 0 0 0 0 0 22 0 0 10 0 127 0 0 60 
0 0 0 0 0 50 0 0 0 0 0 29 17 0 0 0 0 0 18 0 0 10 0 127 0 0 60 
0 0 0 0 0 52 0 0 0 0 0 29 17 0 0 0 0 0 21 0 0 10 0 127 0 0 60 
0 0 0 0 0 54 0 0 0 0 0 29 18 0 0 0 0 0 21 0 0 10 0 127 0 0 60 
0 0 0 0 0 54 0 0 0 0 0 30 17 0 0 0 0 0 27 0 0 10 0 127 0 0 60 
0 0 0 0 0 53 0 0 0 0 0 28 17 0 0 0 0 0 24 0 0 0 0 127 0 0 60 
0 0 0 0 0 51 0 0 0 0 0 28 17 0 0 0 0 0 28 0 0 0 0 127 0 0 60 
0 0 0 0 0 51 0 0 0 0 0 29 17 0 0 0 0 0 26 0 0 10 0 127 0 0 60 
0 0 0 0 0 52 0 0 0 0 0 28 17 0 0 0 0 0 19 0 0 10 0 127 0 0 60 
0 0 0 0 0 51 0 0 0 0 0 29 17 0 0 0 0 0 25 0 0 10 0 127 0 0 60 
0 0 0 0 0 52 0 0 0 0 0 29 17 0 0 0 0 0 29 0 0 0 0 127 0 0 60 
0 0 0 0 0 51 0 0 0 0 0 28 17 0 0 0 0 0 16 0 0 10 0 127 0 0 60 
0 0 0 0 0 53 0 0 0 0 0 29 17 0 0 0 0 0 27 0 0 10 0 127 0 0 60 
0 0 0 0 0 53 0 0 0 0 0 26 17 0 0 0 0 0 20 0 0 10 0 127 0 0 60 
0 0 0 0 0 51 0 0 0 0 0 28 17 0 0 0 0 0 20 0 0 11 0 127 0 0 60 
0 0 0 0 0 51 0 0 0 0 0 29 17 0 0 0 0 0 26 0 0 11 0 127 0 0 60 
0 0 0 0 0 51 0 0 0 0 0 29 17 0 0 0 0 0 22 0 0 10 0 127 0 0 60 
0 0 0 0 0 52 0 0 0 0 0 28 17 0 0 0 0 0 19 0 0 0 0 127 0 0 60 
0 0 0 0 0 53 0 0 0 0 0 30 17 0 0 0 0 0 29 0 0 0 0 127 0 0 60 
0 0 0 0 0 52 0 0 0 0 0 30 17 0 0 0 0 0 28 0 0 10 0 127 0 0 60 
0 0 0 0 0 50 0 0 0 0 0 29 17 0 0 0 0 0 29 0 0 10 0 127 0 0 60 
0 0 0 0 0 50 0 0 0 0 0 29 17 0 0 0 0 0 28 0 0 10 0 127 0 0 60 
0 0 0 0 0 50 0 0 0 0 0 27 17 0 0 0 0 0 28 0 0 10 0 127 0 0 60 
0 0 0 0 0 52 0 0 0 0 0 29 17 0 0 0 0 0 19 0 0 10 0 127 0 0 60 
0 0 0 0 0 52 0 0 0 0 0 27 17 0 0 0 0 0 17 0 0 0 0 127 0 0 60 
0 0 0 0 0 53 0 0 0 0 0 29 17 0 0 0 0 0 28 0 0 0 0 127 0 0 60 
0 0 0 0 0 52 0 0 0 0 0 28 17 0 0 0 0 0 27 0 0 0 0 127 0 0 60 
0 0 0 0 0 52 0 0 0 0 0 27 15 0 0 0 0 0 19 0 0 0 0 127 0 0 60 
0 0 0 0 0 53 0 0 0 0 0 29 17 0 0 0 0 0 21 0 0 10 0 127 0 0 60 
0 0 0 0 0 51 0 0 0 0 0 29 17 0 0 0 0 0 18 0 0 0 0 127 0 0 60 
0 0 0 0 0 51 0 0 0 0 0 29 17 0 0 0 0 0 18 0 0 0 0 127 0 0 60 
0 0 0 0 0 52 0 0 0 0 0 28 15 0 0 0 0 0 27 0 0 0 0 127 0 0 60 
0 0 0 0 0 53 0 0 0 0 0 28 17 0 0 0 0 0 19 0 0 0 0 127 0 0 60 
0 0 0 0 0 52 0 0 0 0 0 29 17 0 0 0 0 0 26 0 0 10 0 127 0 0 60 
0 0 0 0 0 54 0 0 0 0 0 30 17 0 0 0 0 0 27 0 0 10 0 127 0 0 60 
0 0 0 0 0 54 0 0 0 0 0 28 17 0 0 0 0 0 26 0 0 0 0 127 0 0 60 
0 0 0 0 0 53 0 0 0 0 0 29 18 0 0 0 0 0 19 0 0 0 0 127 0 0 60 
0 0 0 0 0 54 0 0 0 0 0 29 17 0 0 0 0 0 22 0 0 0 0 127 0 0 60 
0 0 0 0 0 54 0 0 0 0 0 29 18 0 0 0 0 0 23 0 0 10 0 127 0 0 60 
0 0 0 0 0 53 0 0 0 0 0 29 18 0 0 0 0 0 17 0 0 0 0 127 0 0 60 
0 0 0 0 0 52 0 0 0 0 0 26 17 0 0 0 0 0 24 0 0 0 0 127 0 0 60 
0 0 0 0 0 51 0 0 0 0 0 28 18 0 0 0 0 0 23 0 0 0 0 127 0 0 60 
0 0 0 0 0 53 0 0 0 0 0 29 17 0 0 0 0 0 19 0 0 0 0 127 0 0 60 
0 0 0 0 0 54 0 0 0 0 0 28 17 0 0 0 0 0 18 0 0 10 0 127 0 0 60 
0 0 0 0 0 52 0 0 0 0 0 29 17 0 0 0 0 0 28 0 0 10 0 127 0 0 60 
0 0 0 0 0 53 0 0 0 0 0 29 17 0 0 0 0 0 25 0 0 0 0 127 0 0 60 
0 0 0 0 0 54 0 0 0 0 0 30 17 0 0 0 0 0 19 0 0 10 0 127 0 0 60 
0 0 0 0 0 53 0 0 0 0 0 28 18 0 0 0 0 0 27 0 0 10 0 127 0 0 60 
0 0 0 0 0 53 0 0 0 0 0 28 18 0 0 0 0 0 22 0 0 10 0 127 0 0 60 
0 0 0 0 0 55 0 0 0 0 0 29 18 0 0 0 0 0 27 0 0 0 0 127 0 0 60 
0 0 0 0 0 54 0 0 0 0 0 29 18 0 0 0 0 0 24 0 0 10 0 127 0 0 60 
0 0 0 0 0 55 0 0 0 0 0 28 17 0 0 0 0 0 19 0 0 10 0 127 0 0 60 
0 0 0 0 0 55 0 0 0 0 0 29 17 0 0 0 0 0 28 0 0 0 0 127 0 0 60 
0 0 0 0 0 56 0 0 0 0 0 30 18 0 0 0 0 0 28 0 0 0 0 127 0 0 60 
0 0 0 0 0 55 0 0 0 0 0 29 17 0 0 0 0 0 20 0 0 0 0 127 0 0 60 
0 0 0 0 0 56 0 0 0 0 0 29 18 0 0 0 0 0 22 0 0 0 0 127 0 0 60 
0 0 0 0 0 56 0 0 0 0 0 28 17 0 0 0 0 0 26 0 0 10 0 127 0 0 60 
0 0 0 0 0 55 0 0 0 0 0 29 17 0 0 0 0 0 24 0 0 0 0 127 0 0 60 
0 0 0 0 0 55 0 0 0 0 0 29 17 0 0 0 0 0 25 0 0 10 0 127 0 0 60 
0 0 0 0 0 54 0 0 0 0 0 28 17 0 0 0 0 0 18 0 0 0 0 127 0 0 60 
0 0 0 0 0 54 0 0 0 0 0 28 17 0 0 0 0 0 27 0 0 0 0 127 0 0 60 
0 0 0 0 0 54 0 0 0 0 0 30 17 0 0 0 0 0 24 0 0 0 0 127 0 0 60 
0 0 0 0 0 54 0 0 0 0 0 29 17 0 0 0 0 0 21 0 0 10 0 127 0 0 60 
0 0 0 0 0 53 0 0 0 0 0 28 17 0 0 0 0 0 27 0 0 0 0 127 0 0 60 
0 0 0 0 0 53 0 0 0 0 0 27 17 0 0 0 0 0 19 0 0 0 0 127 0 0 60 
0 0 0 0 0 53 0 0 0 0 0 29 17 0 0 0 0 0 17 0 0 0 0 127 0 0 60 
0 0 0 0 0 53 0 0 0 0 0 28 17 0 0 0 0 0 22 0 0 10 0 127 0 0 60 
0 0 0 0 0 52 0 0 0 0 0 28 17 0 0 0 0 0 26 0 0 0 0 127 0 0 60 
0 0 0 0 0 53 0 0 0 0 0 29 17 0 0 0 0 0 19 0 0 10 0 127 0 0 60 
0 0 0 0 0 54 0 0 0 0 0 29 17 0 0 0 0 0 24 0 0 10 0 127 0 0 60 
0 0 0 0 0 52 0 0 0 0 0 29 17 0 0 0 0 0 22 0 0 10 0 127 0 0 60 
0 0 0 0 0 55 0 0 0 0 0 28 17 0 0 0 0 0 27 0 0 0 0 127 0 0 60 
0 0 0 0 0 54 0 0 0 0 0 28 17 0 0 0 0 0 18 0 0 0 0 127 0 0 60 
0 0 0 0 0 54 0 0 0 0 0 29 17 0 0 0 0 0 27 0 0 0 0 127 0 0 60 
0 0 0 0 0 55 0 0 0 0 0 26 17 0 0 0 0 0 28 0 0 10 0 127 0 0 60 
0 0 0 0 0 54 0 0 0 0 0 29 17 0 0 0 0 0 19 0 0 0 0 127 0 0 60 
0 0 0 0 0 55 0 0 0 0 0 28 17 0 0 0 0 0 27 0 0 10 0 127 0 0 60 
0 0 0 0 0 55 0 0 0 0 0 28 17 0 0 0 0 0 18 0 0 10 0 127 0 0 60 
0 0 0 0 0 54 0 0 0 0 0 28 17 0 0 0 0 0 28 0 0 10 0 127 0 0 60 
0 0 0 0 0 55 0 0 0 0 0 29 17 0 0 0 0 0 26 0 0 10 0 127 0 0 60 
0 0 0 0 0 54 0 0 0 0 0 28 17 0 0 0 0 0 28 0 0 0 0 127 0 0 60 
0 0 0 0 0 54 0 0 0 0 0 28 17 0 0 0 0 0 19 0 0 0 0 127 0 0 60 
0 0 0 0 0 53 0 0 0 0 0 29 17 0 0 0 0 0 18 0 0 0 0 127 0 0 60 
0 0 0 0 0 53 0 0 0 0 0 30 17 0 0 0 0 0 18 0 0 0 0 127 0 0 60 
0 0 0 0 0 53 0 0 0 0 0 29 17 0 0 0 0 0 26 0 0 0 0 127 0 0 60 
0 0 0 0 0 52 0 0 0 0 0 28 17 0 0 0 0 0 19 0 0 0 0 127 0 0 60 
0 0 0 0 0 54 0 0 0 0 0 29 17 0 0 0 0 0 27 0 0 0 0 127 0 0 60 
0 0 0 0 0 54 0 0 0 0 0 28 17 0 0 0 0 0 19 0 0 0 0 127 0 0 60 
0 0 0 0 0 54 0 0 0 0 0 28 17 0 0 0 0 0 17 0 0 0 0 127 0 0 60 
0 0 0 0 0 54 0 0 0 0 0 30 17 0 0 0 0 0 20 0 0 10 0 127 0 0 60 
0 0 0 0 0 54 0 0 0 0 0 27 17 0 0 0 0 0 20 0 0 10 0 127 0 0 60 
0 0 0 0 0 54 0 0 0 0 0 29 17 0 0 0 0 0 19 0 0 10 0 127 0 0 60 
0 0 0 0 0 55 0 0 0 0 0 28 17 0 0 0 0 0 18 0 0 10 0 127 0 0 60 
0 0 0 0 0 55 0 0 0 0 0 29 17 0 0 0 0 0 17 0 0 10 0 127 0 0 60 
0 0 0 0 0 55 0 0 0 0 0 30 17 0 0 0 0 0 29 0 0 10 0 127 0 0 60 
0 0 0 0 0 55 0 0 0 0 0 27 17 0 0 0 0 0 21 0 0 10 0 127 0 0 60 
0 0 0 0 0 55 0 0 0 0 0 28 17 0 0 0 0 0 24 0 0 10 0 127 0 0 60 
0 0 0 0 0 56 0 0 0 0 0 29 17 0 0 0 0 0 18 0 0 10 0 127 0 0 60 
0 0 0 0 0 54 0 0 0 0 0 27 17 0 0 0 0 0 22 0 0 10 0 127 0 0 60 
0 10 0 0 0 52 0 0 0 0 0 29 17 0 0 0 0 0 26 0 0 0 0 127 0 0 60 
0 0 0 0 0 53 0 0 0 0 0 28 17 0 0 0 0 0 19 0 0 10 0 127 0 0 60 
0 0 0 0 0 49 0 0 0 0 0 28 17 0 0 0 0 0 26 0 0 10 0 127 0 0 60 
0 0 0 0 0 49 0 0 0 0 0 30 17 0 0 0 0 0 25 0 0 10 0 127 0 0 60 
0 0 0 0 0 50 0 0 0 0 0 28 17 0 0 0 0 0 19 0 0 10 0 127 0 0 60 
0 0 0 0 0 50 0 0 0 0 0 29 17 0 0 0 0 0 22 0 0 10 0 127 0 0 60 
0 0 0 0 0 51 0 0 0 0 0 28 17 0 0 0 0 0 19 0 0 10 0 127 0 0 60 
0 0 0 0 0 51 0 0 0 0 0 29 17 0 0 0 0 0 29 0 0 10 0 127 0 0 60 
0 0 0 0 0 50 0 0 0 0 0 29 17 0 0 0 0 0 26 0 0 10 0 127 0 0 60 
0 0 0 0 0 50 0 0 0 0 0 29 17 0 0 0 0 0 17 0 0 0 0 127 0 0 60 
0 0 0 0 0 49 0 0 0 0 0 29 17 0 0 0 0 0 27 0 0 10 0 127 0 0 60 
0 0 0 0 0 51 0 0 0 0 0 29 17 0 0 0 0 0 28 0 0 10 0 127 0 0 60 
0 0 0 0 0 49 0 0 0 0 0 28 17 0 0 0 0 0 27 0 0 10 0 127 0 0 60 
0 0 0 0 0 52 0 0 0 0 0 28 17 0 0 0 0 0 24 0 0 0 0 127 0 0 60 
0 0 0 0 0 52 0 0 0 0 0 28 17 0 0 0 0 0 22 0 0 10 0 127 0 0 60 
0 0 0 0 0 53 0 0 0 0 0 28 17 0 0 0 0 0 18 0 0 0 0 127 0 0 60 
0 0 0 0 0 53 0 0 0 0 0 28 17 0 0 0 0 0 26 0 0 0 0 127 0 0 60 
0 0 0 0 0 53 0 0 0 0 0 28 17 0 0 0 0 0 28 0 0 0 0 127 0 0 60 
0 0 0 0 0 52 0 0 0 0 0 29 17 0 0 0 0 0 16 0 0 10 0 127 0 0 60 
0 0 0 0 0 53 0 0 0 0 0 28 17 0 0 0 0 0 25 0 0 0 0 127 0 0 60 
0 0 0 0 0 51 0 0 0 0 0 27 17 0 0 0 0 0 18 0 0 0 0 127 0 0 60 
0 10 0 0 0 52 0 0 0 0 0 28 17 0 0 0 0 0 24 0 0 0 0 127 0 0 60 
0 0 0 0 0 54 0 0 0 0 0 28 17 0 0 0 0 0 19 0 0 0 0 127 0 0 60 
0 0 0 0 0 53 0 0 0 0 0 29 17 0 0 0 0 0 19 0 0 0 0 127 0 0 60 
0 0 0 0 0 53 0 0 0 0 0 30 17 0 0 0 0 0 27 0 0 0 0 127 0 0 60 
0 0 0 0 0 53 0 0 0 0 0 29 17 0 0 0 0 0 25 0 0 0 0 127 0 0 60 
0 0 0 0 0 53 0 0 0 0 0 29 17 0 0 0 0 0 21 0 0 0 0 127 0 0 60 
0 0 0 0 0 53 0 0 0 0 0 26 17 0 0 0 0 0 19 0 0 0 0 127 0 0 60 
0 0 0 0 0 54 0 0 0 0 0 28 17 0 0 0 0 0 21 0 0 10 0 127 0 0 60 
0 0 0 0 0 54 0 0 0 0 0 28 17 0 0 0 0 0 23 0 0 0 0 127 0 0 60 
0 0 0 0 0 52 0 0 0 0 0 28 17 0 0 0 0 0 23 0 0 0 0 127 0 0 60 
0 0 0 0 0 53 0 0 0 0 0 29 17 0 0 0 0 0 27 0 0 0 0 127 0 0 60 
0 0 0 0 0 53 0 0 0 0 0 28 17 0 0 0 0 0 28 0 0 0 0 127 0 0 60 
0 0 0 0 0 52 0 0 0 0 0 27 17 0 0 0 0 0 18 0 0 10 0 127 0 0 60 
0 0 0 0 0 52 0 0 0 0 0 28 17 0 0 0 0 0 24 0 0 0 0 127 0 0 60 
0 0 0 0 0 52 0 0 0 0 0 28 17 0 0 0 0 0 18 0 0 0 0 127 0 0 60 
0 0 0 0 0 52 0 0 0 0 0 29 17 0 0 0 0 0 22 0 0 10 0 127 0 0 60 
0 0 0 0 0 54 0 0 0 0 0 28 17 0 0 0 0 0 28 0 0 10 0 127 0 0 60 
0 0 0 0 0 55 0 0 0 0 0 27 17 0 0 0 0 0 28 0 0 10 0 127 0 0 60 
0 0 0 0 0 55 0 0 0 0 0 30 17 0 0 0 0 0 21 0 0 10 0 127 0 0 60 
0 0 0 0 0 54 0 0 0 0 0 28 17 0 0 0 0 0 25 0 0 10 0 127 0 0 60 
0 0 0 0 0 55 0 0 0 0 0 28 17 0 0 0 0 0 26 0 0 10 0 127 0 0 60 
0 0 0 0 0 54 0 0 0 0 0 30 17 0 0 0 0 0 22 0 0 10 0 127 0 0 60 
0 0 0 0 0 53 0 0 0 0 0 28 17 0 0 0 0 0 18 0 0 0 0 127 0 0 60 
0 0 0 0 0 53 0 0 0 0 0 28 17 0 0 0 0 0 22 0 0 0 0 127 0 0 60 
0 0 0 0 0 54 0 0 0 0 0 29 17 0 0 0 0 0 19 0 0 0 0 127 0 0 60 
0 0 0 0 0 54 0 0 0 0 0 28 17 0 0 0 0 0 28 0 0 10 0 127 0 0 60 
0 0 0 0 0 54 0 0 0 0 0 30 17 0 0 0 0 0 22 0 0 10 0 127 0 0 60 
0 0 0 0 0 56 0 0 0 0 0 26 17 0 0 0 0 0 29 0 0 10 0 127 0 0 60 
0 0 0 0 0 55 0 0 0 0 0 24 17 0 0 0 0 0 28 0 0 10 0 127 0 0 60 
0 0 0 0 0 56 0 0 0 0 0 29 17 0 0 0 0 0 25 0 0 10 0 127 0 0 60 
0 0 0 0 0 55 0 0 0 0 0 29 17 0 0 0 0 0 27 0 0 10 0 127 0 0 60 
0 0 0 0 0 55 0 0 0 0 0 27 17 0 0 0 0 0 19 0 0 10 0 127 0 0 60 
0 0 0 0 0 52 0 0 0 0 0 28 17 0 0 0 0 0 19 0 0 0 0 127 0 0 60 
0 0 0 0 0 53 0 0 0 0 0 27 17 0 0 0 0 0 28 0 0 10 0 127 0 0 60 
0 0 0 0 0 53 0 0 0 0 0 30 17 0 0 0 0 0 26 0 0 10 0 127 0 0 60 
0 0 0 0 0 54 0 0 0 0 0 27 17 0 0 0 0 0 27 0 0 0 0 127 0 0 60 
0 0 0 0 0 53 0 0 0 0 0 29 17 0 0 0 0 0 21 0 0 0 0 127 0 0 60 
0 0 0 0 0 54 0 0 0 0 0 30 17 0 0 0 0 0 19 0 0 10 0 127 0 0 60 
0 0 0 0 0 54 0 0 0 0 0 28 17 0 0 0 0 0 26 0 0 10 0 127 0 0 60 
0 0 0 0 0 54 0 0 0 0 0 28 17 0 0 0 0 0 18 0 0 10 0 127 0 0 60 
0 0 0 0 0 53 0 0 0 0 0 28 17 0 0 0 0 0 18 0 0 0 0 127 0 0 60 
0 0 0 0 0 52 0 0 0 0 0 28 17 0 0 0 0 0 24 0 0 10 0 127 0 0 60 
0 0 0 0 0 53 0 0 0 0 0 29 17 0 0 0 0 0 19 0 0 0 0 127 0 0 60 
0 0 0 0 0 54 0 0 0 0 0 28 17 0 0 0 0 0 25 0 0 10 0 127 0 0 60 
0 0 0 0 0 53 0 0 0 0 0 27 17 0 0 0 0 0 19 0 0 10 0 127 0 0 60 
0 0 0 0 0 54 0 0 0 0 0 29 17 0 0 0 0 0 21 0 0 0 0 127 0 0 60 
0 0 0 0 0 54 0 0 0 0 0 28 17 0 0 0 0 0 26 0 0 10 0 127 0 0 60 
0 0 0 0 0 54 0 0 0 0 0 28 17 0 0 0 0 0 20 0 0 10 0 127 0 0 60 
0 0 0 0 0 55 0 0 0 0 0 28 17 0 0 0 0 0 26 0 0 10 0 127 0 0 60 
0 0 0 0 0 55 0 0 0 0 0 27 17 0 0 0 0 0 25 0 0 10 0 127 0 0 60 
0 0 0 0 0 55 0 0 0 0 0 30 17 0 0 0 0 0 28 0 0 10 0 127 0 0 60 
0 0 0 0 0 56 0 0 0 0 0 28 17 0 0 0 0 0 25 0 0 0 0 127 0 0 60 
0 0 0 0 0 55 0 0 0 0 0 27 17 0 0 0 0 0 20 0 0 10 0 127 0 0 60 
0 0 0 0 0 55 0 0 0 0 0 29 17 0 0 0 0 0 19 0 0 10 0 127 0 0 60 
0 0 0 0 0 54 0 0 0 0 0 28 17 0 0 0 0 0 28 0 0 0 0 127 0 0 60 
0 0 0 0 0 55 0 0 0 0 0 29 17 0 0 0 0 0 26 0 0 0 0 127 0 0 60 
0 0 0 0 0 54 0 0 0 0 0 28 17 0 0 0 0 0 25 0 0 10 0 127 0 0 60 
0 0 0 0 0 55 0 0 0 0 0 28 17 0 0 0 0 0 25 0 0 10 0 127 0 0 60 
0 0 0 0 0 56 0 0 0 0 0 29 17 0 0 0 0 0 18 0 0 10 0 127 0 0 60 
0 0 0 0 0 55 0 0 0 0 0 28 17 0 0 0 0 0 24 0 0 10 0 127 0 0 60 
0 0 0 0 0 56 0 0 0 0 0 27 17 0 0 0 0 0 26 0 0 10 0 127 0 0 60 
0 0 0 0 0 57 0 0 0 0 0 29 17 0 0 0 0 0 23 0 0 10 0 127 0 0 60 
0 0 0 0 0 56 0 0 0 0 0 27 17 0 0 0 0 0 19 0 0 10 0 127 0 0 60 
0 0 0 0 0 57 0 0 0 0 0 28 17 0 0 0 0 0 21 0 0 10 0 127 0 0 60 
0 0 0 0 0 55 0 0 0 0 0 28 17 0 0 0 0 0 29 0 0 0 0 127 0 0 60 
0 0 0 0 0 55 0 0 0 0 0 29 17 0 0 0 0 0 23 0 0 0 0 127 0 0 60 
0 0 0 0 0 55 0 0 0 0 0 30 17 0 0 0 0 0 27 0 0 0 0 127 0 0 60 
0 0 0 0 0 54 0 0 0 0 0 28 17 0 0 0 0 0 19 0 0 0 0 127 0 0 60 
0 0 0 0 0 54 0 0 0 0 0 29 17 0 0 0 0 0 19 0 0 0 0 127 0 0 60 
0 0 0 0 0 54 0 0 0 0 0 29 17 0 0 0 0 0 27 0 0 0 0 127 0 0 60 
0 0 0 0 0 55 0 0 0 0 0 29 17 0 0 0 0 0 27 0 0 10 0 127 0 0 60 
0 0 0 0 0 54 0 0 0 0 0 29 17 0 0 0 0 0 24 0 0 10 0 127 0 0 60 
0 0 0 0 0 55 0 0 0 0 0 28 17 0 0 0 0 0 18 0 0 0 0 127 0 0 60 
0 0 0 0 0 54 0 0 0 0 0 29 17 0 0 0 0 0 26 0 0 0 0 127 0 0 60 
0 0 0 0 0 56 0 0 0 0 0 29 17 0 0 0 0 0 19 0 0 10 0 127 0 0 60 
0 0 0 0 0 55 0 0 0 0 0 28 17 0 0 0 0 0 28 0 0 10 0 127 0 0 60 
0 0 0 0 0 54 0 0 0 0 0 28 17 0 0 0 0 0 23 0 0 10 0 127 0 0 60 
0 0 0 0 0 53 0 0 0 0 0 29 17 0 0 0 0 0 24 0 0 0 0 127 0 0 60 
0 0 0 0 0 54 0 0 0 0 0 27 17 0 0 0 0 0 21 0 0 0 0 127 0 0 60 
0 0 0 0 0 54 0 0 0 0 0 28 17 0 0 0 0 0 27 0 0 10 0 127 0 0 60 
0 0 0 0 0 54 0 0 0 0 0 28 17 0 0 0 0 0 28 0 0 10 0 127 0 0 60 
0 0 0 0 0 54 0 0 0 0 0 29 17 0 0 0 0 0 21 0 0 0 0 127 0 0 60 
0 0 0 0 0 53 0 0 0 0 0 28 17 0 0 0 0 0 27 0 0 10 0 127 0 0 60 
0 0 0 0 0 53 0 0 0 0 0 27 17 0 0 0 0 0 25 0 0 10 0 127 0 0 60 
0 0 0 0 0 53 0 0 0 0 0 29 17 0 0 0 0 0 23 0 0 10 0 127 0 0 60 
0 0 0 0 0 52 0 0 0 0 0 28 17 0 0 0 0 0 27 0 0 0 0 127 0 0 60 
0 0 0 0 0 53 0 0 0 0 0 28 17 0 0 0 0 0 17 0 0 0 0 127 0 0 60 
0 0 0 0 0 53 0 0 0 0 0 29 17 0 0 0 0 0 22 0 0 0 0 127 0 0 60 
0 0 0 0 0 53 0 0 0 0 0 28 17 0 0 0 0 0 22 0 0 0 0 127 0 0 60 
0 0 0 0 0 55 0 0 0 0 0 29 17 0 0 0 0 0 29 0 0 0 0 127 0 0 60 
0 0 0 0 0 54 0 0 0 0 0 27 17 0 0 0 0 0 17 0 0 0 0 127 0 0 60 
0 0 0 0 0 55 0 0 0 0 0 27 17 0 0 0 0 0 29 0 0 10 0 127 0 0 60 
0 0 0 0 0 54 0 0 0 0 0 29 17 0 0 0 0 0 20 0 0 10 0 127 0 0 60 
0 0 0 0 0 55 0 0 0 0 0 28 17 0 0 0 0 0 20 0 0 10 0 127 0 0 60 
0 0 0 0 0 55 0 0 0 0 0 28 17 0 0 0 0 0 25 0 0 10 0 127 0 0 60 
0 0 0 0 0 53 0 0 0 0 0 27 17 0 0 0 0 0 21 0 0 10 0 127 0 0 60 
0 0 0 0 0 55 0 0 0 0 0 29 17 0 0 0 0 0 26 0 0 0 0 127 0 0 60 
0 0 0 0 0 54 0 0 0 0 0 29 17 0 0 0 0 0 27 0 0 10 0 127 0 0 60 
0 0 0 0 0 54 0 0 0 0 0 29 17 0 0 0 0 0 27 0 0 10 0 127 0 0 60 
0 0 0 0 0 52 0 0 0 0 0 28 17 0 0 0 0 0 20 0 0 0 0 127 0 0 60 
0 0 0 0 0 52 0 0 0 0 0 30 17 0 0 0 0 0 28 0 0 10 0 127 0 0 60 
0 0 0 0 0 51 0 0 0 0 0 29 17 0 0 0 0 0 18 0 0 10 0 127 0 0 60 
0 0 0 0 0 53 0 0 0 0 0 29 17 0 0 0 0 0 18 0 0 10 0 127 0 0 60 
0 0 0 0 0 55 0 0 0 0 0 30 17 0 0 0 0 0 23 0 0 0 0 127 0 0 60 
0 0 0 0 0 54 0 0 0 0 0 27 17 0 0 0 0 0 24 0 0 10 0 127 0 0 60 
0 0 0 0 0 55 0 0 0 0 0 29 17 0 0 0 0 0 18 0 0 0 0 127 0 0 60 
0 0 0 0 0 53 0 0 0 0 0 28 17 0 0 0 0 0 18 0 0 0 0 127 0 0 60 
0 0 0 0 0 54 0 0 0 0 0 28 17 0 0 0 0 0 19 0 0 10 0 127 0 0 60 
0 0 0 0 0 55 0 0 0 0 0 30 17 0 0 0 0 0 20 0 0 10 0 127 0 0 60 
0 0 0 0 0 54 0 0 0 0 0 28 17 0 0 0 0 0 28 0 0 10 0 127 0 0 60 
0 0 0 0 0 53 0 0 0 0 0 28 17 0 0 0 0 0 21 0 0 10 0 127 0 0 60 
0 0 0 0 0 51 0 0 0 0 0 29 17 0 0 0 0 0 28 0 0 0 0 127 0 0 60 
0 0 0 0 0 54 0 0 0 0 0 29 17 0 0 0 0 0 21 0 0 0 0 127 0 0 60 
0 0 0 0 0 54 0 0 0 0 0 29 17 0 0 0 0 0 29 0 0 0 0 127 0 0 60 
0 0 0 0 0 53 0 0 0 0 0 27 17 0 0 0 0 0 24 0 0 0 0 127 0 0 60 
0 0 0 0 0 54 0 0 0 0 0 28 17 0 0 0 0 0 21 0 0 0 0 127 0 0 60 
0 0 0 0 0 53 0 0 0 0 0 28 17 0 0 0 0 0 21 0 0 0 0 127 0 0 60 
0 0 0 0 0 54 0 0 0 0 0 27 17 0 0 0 0 0 25 0 0 10 0 127 0 0 60 
0 0 0 0 0 54 0 0 0 0 0 28 17 0 0 0 0 0 20 0 0 0 0 127 0 0 60 
0 0 0 0 0 54 0 0 0 0 0 29 17 0 0 0 0 0 19 0 0 10 0 127 0 0 60 
0 0 0 0 0 53 0 0 0 0 0 26 17 0 0 0 0 0 20 0 0 10 0 127 0 0 60 
0 0 0 0 0 54 0 0 0 0 0 28 17 0 0 0 0 0 22 0 0 10 0 127 0 0 60 
0 0 0 0 0 54 0 0 0 0 0 28 17 0 0 0 0 0 24 0 0 0 0 127 0 0 60 
0 0 0 0 0 52 0 0 0 0 0 28 17 0 0 0 0 0 27 0 0 0 0 127 0 0 60 
0 0 0 0 0 53 0 0 0 0 0 28 17 0 0 0 0 0 24 0 0 0 0 127 0 0 60 
0 0 0 0 0 55 0 0 0 0 0 27 17 0 0 0 0 0 28 0 0 0 0 127 0 0 60 
0 0 0 0 0 56 0 0 0 0 0 29 17 0 0 0 0 0 25 0 0 10 0 127 0 0 60 
0 0 0 0 0 56 0 0 0 0 0 28 17 0 0 0 0 0 24 0 0 10 0 127 0 0 60 
0 0 0 0 0 55 0 0 0 0 0 28 17 0 0 0 0 0 28 0 0 10 0 127 0 0 60 
0 0 0 0 0 56 0 0 0 0 0 29 17 0 0 0 0 0 18 0 0 10 0 127 0 0 60 
0 0 0 0 0 53 0 0 0 0 0 28 17 0 0 0 0 0 22 0 0 10 0 127 0 0 60 
0 0 0 0 0 49 0 0 0 0 0 30 17 0 0 0 0 0 20 0 0 10 0 127 0 0 60 
0 0 0 0 0 51 0 0 0 0 0 30 17 0 0 0 0 0 28 0 0 10 0 127 0 0 60 
0 0 0 0 0 50 0 0 0 0 0 28 17 0 0 0 0 0 27 0 0 10 0 127 0 0 60 
12 0 0 0 0 52 0 0 0 0 0 28 17 0 0 0 0 0 20 0 0 10 0 127 0 0 60 
0 0 0 0 0 55 0 0 0 0 0 28 17 0 0 0 0 0 27 0 0 10 0 127 0 0 60 
0 0 0 0 0 54 0 0 0 0 0 28 17 0 0 0 0 0 27 0 0 10 0 127 0 0 60 
0 0 0 0 0 54 0 0 0 0 0 30 17 0 0 0 0 0 24 0 0 10 0 127 0 0 60 
0 0 0 0 0 53 0 0 0 0 0 29 17 0 0 0 0 0 18 0 0 10 0 127 0 0 60 
0 0 0 0 0 54 0 0 0 0 0 29 17 0 0 0 0 0 19 0 0 10 0 127 0 0 60 
0 0 0 0 0 54 0 0 0 0 0 28 17 0 0 0 0 0 19 0 0 10 0 127 0 0 60 
0 0 0 0 0 55 0 0 0 0 0 27 17 0 0 0 0 0 18 0 0 10 0 127 0 0 60 
0 0 0 0 0 54 0 0 0 0 0 28 17 0 0 0 0 0 19 0 0 0 0 127 0 0 60 
0 0 0 0 0 53 0 0 0 0 0 28 17 0 0 0 0 0 17 0 0 10 0 127 0 0 60 
0 0 0 0 0 54 0 0 0 0 0 28 17 0 0 0 0 0 19 0 0 0 0 127 0 0 60 
0 0 0 0 0 54 0 0 0 0 0 28 17 0 0 0 0 0 22 0 0 0 0 127 0 0 60 
0 0 0 0 0 53 0 0 0 0 0 29 17 0 0 0 0 0 20 0 0 0 0 127 0 0 60 
0 0 0 0 0 54 0 0 0 0 0 29 17 0 0 0 0 0 28 0 0 10 0 127 0 0 60 
0 0 0 0 0 53 0 0 0 0 0 30 17 0 0 0 0 0 22 0 0 10 0 127 0 0 60 
0 0 0 0 0 54 0 0 0 0 0 29 17 0 0 0 0 0 17 0 0 10 0 127 0 0 60 
0 0 0 0 0 52 0 0 0 0 0 28 17 0 0 0 0 0 24 0 0 10 0 127 0 0 60 
0 0 0 0 0 53 0 0 0 0 0 28 17 0 0 0 0 0 23 0 0 10 0 127 0 0 60 
0 0 0 0 0 53 0 0 0 0 0 28 17 0 0 0 0 0 22 0 0 0 0 127 0 0 60 
0 0 0 0 0 54 0 0 0 0 0 29 17 0 0 0 0 0 28 0 0 0 0 127 0 0 60 
0 0 0 0 0 53 0 0 0 0 0 28 17 0 0 0 0 0 19 0 0 0 0 127 0 0 60 
0 0 0 0 0 54 0 0 0 0 0 30 17 0 0 0 0 0 26 0 0 0 0 127 0 0 60 
0 0 0 0 0 53 0 0 0 0 0 28 17 0 0 0 0 0 19 0 0 0 0 127 0 0 60 
10 0 0 0 0 54 0 0 0 0 0 28 17 0 0 0 0 0 19 0 0 10 0 127 0 0 60 
0 0 0 0 0 52 0 0 0 0 0 29 17 0 0 0 0 0 19 0 0 0 0 127 0 0 60 
0 0 0 0 0 52 0 0 0 0 0 28 17 0 0 0 0 0 21 0 0 10 0 127 0 0 60 
0 0 0 0 0 53 0 0 0 0 0 28 17 0 0 0 0 0 21 0 0 0 0 127 0 0 60 
0 0 0 0 0 53 0 0 0 0 0 27 17 0 0 0 0 0 20 0 0 0 0 127 0 0 60 
0 0 0 0 0 53 0 0 0 0 0 27 17 0 0 0 0 0 27 0 0 0 0 127 0 0 60 
0 0 0 0 0 53 0 0 0 0 0 29 17 0 0 0 0 0 20 0 0 10 0 127 0 0 60 
0 0 0 0 0 53 0 0 0 0 0 27 17 0 0 0 0 0 27 0 0 10 0 127 0 0 60 
0 0 0 0 0 53 0 0 0 0 0 27 17 0 0 0 0 0 19 0 0 10 0 127 0 0 60 
0 0 0 0 0 54 0 0 0 0 0 28 17 0 0 0 0 0 18 0 0 10 0 127 0 0 60 
0 0 0 0 0 55 0 0 0 0 0 27 17 0 0 0 0 0 19 0 0 0 0 127 0 0 60 
0 0 0 0 0 52 0 0 0 0 0 28 17 0 0 0 0 0 17 0 0 10 0 127 0 0 60 
0 0 0 0 0 55 0 0 0 0 0 29 17 0 0 0 0 0 30 0 0 10 0 127 0 0 60 
0 0 0 0 0 54 0 0 0 0 0 28 17 0 0 0 0 0 21 0 0 10 0 127 0 0 60 
0 0 0 0 0 54 0 0 0 0 0 28 17 0 0 0 0 0 28 0 0 10 0 127 0 0 60 
0 0 0 0 0 53 0 0 0 0 0 29 17 0 0 0 0 0 20 0 0 10 0 127 0 0 60 
15 0 0 0 0 54 0 0 0 0 0 28 17 0 0 0 0 0 27 0 0 10 0 127 0 0 60 
0 0 0 0 0 54 0 0 0 0 0 28 17 0 0 0 0 0 27 0 0 0 0 127 0 0 60 
0 0 0 0 0 53 0 0 0 0 0 30 17 0 0 0 0 0 26 0 0 0 0 127 0 0 60 
0 0 0 0 0 51 0 0 0 0 0 29 17 0 0 0 0 0 22 0 0 0 0 127 0 0 60 
0 0 0 0 0 53 0 0 0 0 0 28 17 0 0 0 0 0 29 0 0 10 0 127 0 0 60 
0 0 0 0 0 54 0 0 0 0 0 28 17 0 0 0 0 0 25 0 0 0 0 127 0 0 60 
0 0 0 0 0 54 0 0 0 0 0 29 17 0 0 0 0 0 18 0 0 10 0 127 0 0 60 
0 0 0 0 0 49 0 0 0 0 0 28 17 0 0 0 0 0 18 0 0 10 0 127 0 0 60 
0 0 0 0 0 46 0 0 0 0 0 28 17 0 0 0 0 0 28 0 0 10 0 127 0 0 60 
0 0 0 0 0 51 0 0 0 0 0 28 17 0 0 0 0 0 26 0 0 10 0 127 0 0 60 
0 0 0 0 0 51 0 0 0 0 0 27 17 0 0 0 0 0 24 0 0 0 0 127 0 0 60 
0 0 0 0 0 50 0 0 0 0 0 29 17 0 0 0 0 0 28 0 0 10 0 127 0 0 60 
0 0 0 0 0 52 0 0 0 0 0 28 17 0 0 0 0 0 23 0 0 10 0 127 0 0 60 
0 0 0 0 0 51 0 0 0 0 0 27 17 0 0 0 0 0 18 0 0 0 0 127 0 0 60 
0 0 0 0 0 51 0 0 0 0 0 30 17 0 0 0 0 0 20 0 0 10 0 127 0 0 60 
0 0 0 0 0 52 0 0 0 0 0 28 17 0 0 0 0 0 23 0 0 10 0 127 0 0 60 
0 0 0 0 0 57 0 0 0 0 0 28 17 0 0 0 0 0 23 0 0 10 0 127 0 0 60 
0 0 0 0 0 56 0 0 0 0 0 25 17 0 0 0 0 0 22 0 0 10 0 127 0 0 60 
0 0 0 0 0 54 0 0 0 0 0 27 17 0 0 0 0 0 24 0 0 10 0 127 0 0 60 
0 0 0 0 0 57 0 0 0 0 0 30 17 0 0 0 0 0 21 0 0 10 0 127 0 0 60 
0 0 0 0 0 57 0 0 0 0 0 27 17 0 0 0 0 0 26 0 0 10 0 127 0 0 60 
0 0 0 0 0 57 0 0 0 0 0 27 17 0 0 0 0 0 22 0 0 10 0 127 0 0 60 
0 0 0 0 0 54 0 0 0 0 0 29 17 0 0 0 0 0 26 0 0 10 0 127 0 0 60 
0 0 0 0 0 54 0 0 0 0 0 28 17 0 0 0 0 0 26 0 0 10 0 127 0 0 60 
0 0 0 0 0 54 0 0 0 0 0 28 17 0 0 0 0 0 26 0 0 10 0 127 0 0 60 
0 0 0 0 0 54 0 0 0 0 0 29 17 0 0 0 0 0 18 0 0 10 0 127 0 0 60 
0 0 0 0 0 56 0 0 0 0 0 26 17 0 0 0 0 0 19 0 0 0 0 127 0 0 60 
0 0 0 0 0 52 0 0 0 0 0 28 17 0 0 0 0 0 20 0 0 0 0 127 0 0 60 
0 0 0 0 0 50 0 0 0 0 0 28 17 0 0 0 0 0 27 0 0 0 0 127 0 0 60 
0 0 0 0 0 53 0 0 0 0 0 28 17 0 0 0 0 0 24 0 0 0 0 127 0 0 60 
0 0 0 0 0 54 0 0 0 0 0 28 17 0 0 0 0 0 28 0 0 0 0 127 0 0 60 
0 0 0 0 0 56 0 0 0 0 0 27 17 0 0 0 0 0 28 0 0 10 0 127 0 0 60 
0 0 0 0 0 57 0 0 0 0 0 28 17 0 0 0 0 0 25 0 0 11 0 127 0 0 60 
0 0 0 0 0 57 0 0 0 0 0 27 17 0 0 0 0 0 25 0 0 10 0 127 0 0 60 
0 0 0 0 0 58 0 0 0 0 0 26 17 0 0 0 0 0 20 0 0 10 0 127 0 0 60 
0 0 0 0 0 59 0 0 0 0 0 28 17 0 0 0 0 0 22 0 0 10 0 127 0 0 60 
0 0 0 0 0 58 0 0 0 0 0 28 17 0 0 0 0 0 24 0 0 10 0 127 0 0 60 
0 0 0 0 0 58 0 0 0 0 0 29 17 0 0 0 0 0 28 0 0 10 0 127 0 0 60 
0 0 0 0 0 58 0 0 0 0 0 29 17 0 0 0 0 0 21 0 0 10 0 127 0 0 60 
0 0 0 0 0 58 0 0 0 0 0 27 17 0 0 0 0 0 18 0 0 10 0 127 0 0 60 
0 0 0 0 0 58 0 0 0 0 0 28 17 0 0 0 0 0 22 0 0 10 0 127 0 0 60 
0 0 0 0 0 58 0 0 0 0 0 28 17 0 0 0 0 0 19 0 0 10 0 127 0 0 60 
0 0 0 0 0 58 0 0 0 0 0 27 17 0 0 0 0 0 23 0 0 0 0 127 0 0 60 
0 0 0 0 0 55 0 0 0 0 0 29 17 0 0 0 0 0 28 0 0 0 0 127 0 0 60 
0 0 0 0 0 55 0 0 0 0 0 28 17 0 0 0 0 0 17 0 0 0 0 127 0 0 60 
0 0 0 0 0 55 0 0 0 0 0 29 17 0 0 0 0 0 23 0 0 10 0 127 0 0 60 
0 0 0 0 0 55 0 0 0 0 0 28 17 0 0 0 0 0 27 0 0 10 0 127 0 0 60 
0 0 0 0 0 56 0 0 0 0 0 29 17 0 0 0 0 0 23 0 0 10 0 127 0 0 60 
0 0 0 0 0 56 0 0 0 0 0 28 17 0 0 0 0 0 26 0 0 10 0 127 0 0 60 
0 0 0 0 0 57 0 0 0 0 0 28 17 0 0 0 0 0 25 0 0 10 0 127 0 0 60 
0 0 0 0 0 56 0 0 0 0 0 29 17 0 0 0 0 0 18 0 0 10 0 127 0 0 60 
0 0 0 0 0 56 0 0 0 0 0 28 17 0 0 0 0 0 27 0 0 10 0 127 0 0 60 
0 0 0 0 0 55 0 0 0 0 0 29 17 0 0 0 0 0 20 0 0 10 0 127 0 0 60 
0 0 0 0 0 55 0 0 0 0 0 29 17 0 0 0 0 0 18 0 0 10 0 127 0 0 60 
0 0 0 0 0 55 0 0 0 0 0 30 17 0 0 0 0 0 23 0 0 10 0 127 0 0 60 
0 0 0 0 0 54 0 0 0 0 0 28 17 0 0 0 0 0 26 0 0 10 0 127 0 0 60 
0 0 0 0 0 53 0 0 0 0 0 28 17 0 0 0 0 0 29 0 0 11 0 127 0 0 60 
0 0 0 0 0 53 0 0 0 0 0 28 17 0 0 0 0 0 23 0 0 10 0 127 0 0 60 
0 0 0 0 0 54 0 0 0 0 0 28 17 0 0 0 0 0 28 0 0 10 0 127 0 0 60 
0 0 0 0 0 55 0 0 0 0 0 29 17 0 0 0 0 0 20 0 0 10 0 127 0 0 60 
0 0 0 0 0 55 0 0 0 0 0 28 17 0 0 0 0 0 27 0 0 10 0 127 0 0 60 
0 0 0 0 0 55 0 0 0 0 0 29 17 0 0 0 0 0 25 0 0 0 0 127 0 0 60 
0 0 0 0 0 56 0 0 0 0 0 26 17 0 0 0 0 0 19 0 0 0 0 127 0 0 60 
0 0 0 0 0 57 0 0 0 0 0 25 17 0 0 0 0 0 18 0 0 10 0 127 0 0 60 
0 0 0 0 0 55 0 0 0 0 0 27 17 0 0 0 0 0 26 0 0 0 0 127 0 0 60 
0 0 0 0 0 54 0 0 0 0 0 27 17 0 0 0 0 0 19 0 0 10 0 127 0 0 60 
0 0 0 0 0 57 0 0 0 0 0 29 17 0 0 0 0 0 23 0 0 10 0 127 0 0 60 
0 0 0 0 0 57 0 0 0 0 0 28 17 0 0 0 0 0 24 0 0 10 0 127 0 0 60 
0 0 0 0 0 59 0 0 0 0 0 27 17 0 0 0 0 0 20 0 0 10 0 127 0 0 60 
0 0 0 0 0 58 0 0 0 0 0 29 17 0 0 0 0 0 28 0 0 10 0 127 0 0 60 
0 0 0 0 0 57 0 0 0 0 0 28 17 0 0 0 0 0 20 0 0 11 0 127 0 0 60 
0 0 0 0 0 57 0 0 0 0 0 29 17 0 0 0 0 0 20 0 0 11 0 127 0 0 60 
0 0 0 0 0 57 0 0 0 0 0 28 17 0 0 0 0 0 23 0 0 10 0 127 0 0 60 
0 0 0 0 0 57 0 0 0 0 0 29 17 0 0 0 0 0 28 0 0 10 0 127 0 0 60 
0 0 0 0 0 57 0 0 0 0 0 29 17 0 0 0 0 0 25 0 0 10 0 127 0 0 60 
0 0 0 0 0 57 0 0 0 0 0 29 17 0 0 0 0 0 28 0 0 10 0 127 0 0 60 
0 0 0 0 0 56 0 0 0 0 0 28 17 0 0 0 0 0 25 0 0 0 0 127 0 0 60 
0 0 0 0 0 57 0 0 0 0 0 28 17 0 0 0 0 0 20 0 0 0 0 127 0 0 60 
0 0 0 0 0 58 0 0 0 0 0 28 17 0 0 0 0 0 26 0 0 10 0 127 0 0 60 
0 0 0 0 0 58 0 0 0 0 0 28 17 0 0 0 0 0 22 0 0 10 0 127 0 0 60 
0 0 0 0 0 58 0 0 0 0 0 28 17 0 0 0 0 0 29 0 0 10 0 127 0 0 60 
0 0 0 0 0 58 0 0 0 0 0 29 17 0 0 0 0 0 19 0 0 10 0 127 0 0 60 
0 0 0 0 0 59 0 0 0 0 0 26 17 0 0 0 0 0 20 0 0 10 0 127 0 0 60 
0 0 0 0 0 58 0 0 0 0 0 28 17 0 0 0 0 0 28 0 0 10 0 127 0 0 60 
0 0 0 0 0 58 0 0 0 0 0 28 17 0 0 0 0 0 24 0 0 10 0 127 0 0 60 
0 0 0 0 0 58 0 0 0 0 0 28 17 0 0 0 0 0 28 0 0 10 0 127 0 0 60 
0 0 0 0 0 59 0 0 0 0 0 28 17 0 0 0 0 0 18 0 0 10 0 127 0 0 60 
0 0 0 0 0 58 0 0 0 0 0 27 17 0 0 0 0 0 19 0 0 10 0 127 0 0 60 
0 0 0 0 0 58 0 0 0 0 0 27 17 0 0 0 0 0 18 0 0 10 0 127 0 0 60 
0 0 0 0 0 57 0 0 0 0 0 28 17 0 0 0 0 0 24 0 0 10 0 127 0 0 60 
0 0 0 0 0 59 0 0 0 0 0 28 17 0 0 0 0 0 24 0 0 11 0 127 0 0 60 
0 0 0 0 0 59 0 0 0 0 0 28 17 0 0 0 0 0 20 0 0 10 0 127 0 0 60 
0 0 0 0 0 59 0 0 0 0 0 27 17 0 0 0 0 0 29 0 0 10 0 127 0 0 60 
0 0 0 0 0 59 0 0 0 0 0 28 17 0 0 0 0 0 25 0 0 0 0 127 0 0 60 
