0 0 0 0 0 59 0 0 0 0 0 27 17 0 0 0 0 0 27 0 0 0 0 127 0 0 60 
0 0 0 0 0 59 0 0 0 0 0 29 17 0 0 0 0 0 27 0 0 10 0 127 0 0 60 
0 0 0 0 0 59 0 0 0 0 0 28 17 0 0 0 0 0 18 0 0 0 0 127 0 0 60 
0 0 0 0 0 59 0 0 0 0 0 28 17 0 0 0 0 0 19 0 0 0 0 127 0 0 60 
0 0 0 0 0 59 0 0 0 0 0 29 16 0 0 0 0 0 25 0 0 10 0 127 0 0 60 
0 0 0 0 0 59 0 0 0 0 0 28 17 0 0 0 0 0 25 0 0 0 0 127 0 0 60 
0 0 0 0 0 59 0 0 0 0 0 27 17 0 0 0 0 0 21 0 0 10 0 127 0 0 60 
0 0 0 0 0 59 0 0 0 0 0 28 17 0 0 0 0 0 18 0 0 0 0 127 0 0 60 
0 0 0 0 0 59 0 0 0 0 0 28 17 0 0 0 0 0 24 0 0 10 0 127 0 0 60 
0 0 0 0 0 60 0 0 0 0 0 29 17 0 0 0 0 0 27 0 0 0 0 127 0 0 60 
0 0 0 0 0 60 0 0 0 0 0 28 17 0 0 0 0 0 26 0 0 10 0 127 0 0 60 
0 0 0 0 0 59 0 0 0 0 0 29 17 0 0 0 0 0 28 0 0 10 0 127 0 0 60 
0 0 0 0 0 60 0 0 0 0 0 30 17 0 0 0 0 0 19 0 0 10 0 127 0 0 60 
0 0 0 0 0 60 0 0 0 0 0 29 16 0 0 0 0 0 21 0 0 10 0 127 0 0 60 
0 0 0 0 0 60 0 0 0 0 0 29 17 0 0 0 0 0 20 0 0 10 0 127 0 0 60 
0 0 0 0 0 59 0 0 0 0 0 29 17 0 0 0 0 0 22 0 0 0 0 127 0 0 60 
0 0 0 0 0 60 0 0 0 0 0 27 17 0 0 0 0 0 21 0 0 10 0 127 0 0 60 
0 0 0 0 0 60 0 0 0 0 0 28 17 0 0 0 0 0 28 0 0 0 0 127 0 0 60 
0 0 0 0 0 60 0 0 0 0 0 28 17 0 0 0 0 0 19 0 0 10 0 127 0 0 60 
0 0 0 0 0 60 0 0 0 0 0 29 17 0 0 0 0 0 23 0 0 10 0 127 0 0 60 
0 0 0 0 0 60 0 0 0 0 0 29 17 0 0 0 0 0 18 0 0 10 0 127 0 0 60 
0 0 0 0 0 60 0 0 0 0 0 29 17 0 0 0 0 0 27 0 0 10 0 127 0 0 60 
0 0 0 0 0 60 0 0 0 0 0 28 17 0 0 0 0 0 26 0 0 10 0 127 0 0 60 
0 0 0 0 0 60 0 0 0 0 0 27 17 0 0 0 0 0 26 0 0 10 0 127 0 0 60 
0 0 0 0 0 60 0 0 0 0 0 28 17 0 0 0 0 0 23 0 0 10 0 127 0 0 60 
0 0 0 0 0 60 0 0 0 0 0 29 17 0 0 0 0 0 26 0 0 10 0 127 0 0 60 
0 0 0 0 0 60 0 0 0 0 0 30 17 0 0 0 0 0 16 0 0 10 0 127 0 0 60 
0 0 0 0 0 59 0 0 0 0 0 28 17 0 0 0 0 0 21 0 0 10 0 127 0 0 60 
0 0 0 0 0 60 0 0 0 0 0 29 17 0 0 0 0 0 23 0 0 10 0 127 0 0 60 
0 0 0 0 0 59 0 0 0 0 0 28 17 0 0 0 0 0 18 0 0 0 0 127 0 0 60 
0 0 0 0 0 59 0 0 0 0 0 29 17 0 0 0 0 0 20 0 0 10 0 127 0 0 60 
0 0 0 0 0 59 0 0 0 0 0 28 17 0 0 0 0 0 20 0 0 0 0 127 0 0 60 
0 0 0 0 0 60 0 0 0 0 0 27 17 0 0 0 0 0 17 0 0 0 0 127 0 0 60 
0 0 0 0 0 60 0 0 0 0 0 29 17 0 0 0 0 0 28 0 0 0 0 127 0 0 60 
0 0 0 0 0 60 0 0 0 0 0 29 17 0 0 0 0 0 27 0 0 0 0 127 0 0 60 
0 0 0 0 0 60 0 0 0 0 0 28 16 0 0 0 0 0 19 0 0 0 0 127 0 0 60 
0 0 0 0 0 60 0 0 0 0 0 28 16 0 0 0 0 0 20 0 0 0 0 127 0 0 60 
0 0 0 0 0 60 0 0 0 0 0 27 17 0 0 0 0 0 25 0 0 0 0 127 0 0 60 
0 0 0 0 0 59 0 0 0 0 0 28 17 0 0 0 0 0 29 0 0 0 0 127 0 0 60 
0 0 0 0 0 59 0 0 0 0 0 28 17 0 0 0 0 0 26 0 0 10 0 127 0 0 60 
0 0 0 0 0 60 0 0 0 0 0 27 16 0 0 0 0 0 19 0 0 0 0 127 0 0 60 
0 0 0 0 0 60 0 0 0 0 0 29 17 0 0 0 0 0 23 0 0 10 0 127 0 0 60 
0 0 0 0 0 60 0 0 0 0 0 29 17 0 0 0 0 0 25 0 0 0 0 127 0 0 60 
0 0 0 0 0 60 0 0 0 0 0 29 17 0 0 0 0 0 25 0 0 0 0 127 0 0 60 
0 0 0 0 0 60 0 0 0 0 0 27 17 0 0 0 0 0 27 0 0 0 0 127 0 0 60 
0 0 0 0 0 60 0 0 0 0 0 28 17 0 0 0 0 0 20 0 0 0 0 127 0 0 60 
0 0 0 0 0 59 0 0 0 0 0 27 17 0 0 0 0 0 20 0 0 0 0 127 0 0 60 
0 0 0 0 0 60 0 0 0 0 0 29 17 0 0 0 0 0 28 0 0 10 0 127 0 0 60 
0 0 0 0 0 59 0 0 0 0 0 28 17 0 0 0 0 0 20 0 0 10 0 127 0 0 60 
0 0 0 0 0 60 0 0 0 0 0 28 17 0 0 0 0 0 28 0 0 10 0 127 0 0 60 
0 0 0 0 0 59 0 0 0 0 0 28 17 0 0 0 0 0 20 0 0 0 0 127 0 0 60 
0 0 0 0 0 60 0 0 0 0 0 30 17 0 0 0 0 0 26 0 0 10 0 127 0 0 60 
0 0 0 0 0 59 0 0 0 0 0 27 17 0 0 0 0 0 27 0 0 0 0 127 0 0 60 
0 0 0 0 0 59 0 0 0 0 0 28 17 0 0 0 0 0 26 0 0 0 0 127 0 0 60 
0 0 0 0 0 59 0 0 0 0 0 29 17 0 0 0 0 0 26 0 0 0 0 127 0 0 60 
0 0 0 0 0 59 0 0 0 0 0 28 17 0 0 0 0 0 20 0 0 0 0 127 0 0 60 
0 0 0 0 0 59 0 0 0 0 0 27 17 0 0 0 0 0 16 0 0 0 0 127 0 0 60 
0 0 0 0 0 59 0 0 0 0 0 28 17 0 0 0 0 0 24 0 0 0 0 127 0 0 60 
0 0 0 0 0 59 0 0 0 0 0 28 17 0 0 0 0 0 25 0 0 0 0 127 0 0 60 
0 0 0 0 0 59 0 0 0 0 0 28 17 0 0 0 0 0 23 0 0 0 0 127 0 0 60 
0 0 0 0 0 59 0 0 0 0 0 27 17 0 0 0 0 0 26 0 0 0 0 127 0 0 60 
0 0 0 0 0 57 0 0 0 0 0 25 17 0 0 0 0 0 18 0 0 0 0 127 0 0 60 
0 0 0 0 0 58 0 0 0 0 0 29 17 0 0 0 0 0 19 0 0 0 0 127 0 0 60 
0 0 0 0 0 59 0 0 0 0 0 28 17 0 0 0 0 0 23 0 0 0 0 127 0 0 60 
0 0 0 0 0 59 0 0 0 0 0 28 17 0 0 0 0 0 28 0 0 0 0 127 0 0 60 
0 0 0 0 0 59 0 0 0 0 0 28 17 0 0 0 0 0 20 0 0 10 0 127 0 0 60 
0 0 0 0 0 59 0 0 0 0 0 28 17 0 0 0 0 0 22 0 0 10 0 127 0 0 60 
0 0 0 0 0 59 0 0 0 0 0 30 17 0 0 0 0 0 19 0 0 0 0 127 0 0 60 
0 0 0 0 0 59 0 0 0 0 0 28 17 0 0 0 0 0 28 0 0 0 0 127 0 0 60 
0 0 0 0 0 59 0 0 0 0 0 28 17 0 0 0 0 0 26 0 0 10 0 127 0 0 60 
0 0 0 0 0 59 0 0 0 0 0 29 17 0 0 0 0 0 18 0 0 10 0 127 0 0 60 
0 0 0 0 0 59 0 0 0 0 0 27 17 0 0 0 0 0 19 0 0 10 0 127 0 0 60 
0 0 0 0 0 59 0 0 0 0 0 29 17 0 0 0 0 0 17 0 0 10 0 127 0 0 60 
0 0 0 0 0 59 0 0 0 0 0 28 17 0 0 0 0 0 28 0 0 10 0 127 0 0 60 
0 0 0 0 0 59 0 0 0 0 0 28 17 0 0 0 0 0 25 0 0 10 0 127 0 0 60 
0 0 0 0 0 59 0 0 0 0 0 28 17 0 0 0 0 0 17 0 0 0 0 127 0 0 60 
0 0 0 0 0 59 0 0 0 0 0 28 16 0 0 0 0 0 25 0 0 0 0 127 0 0 60 
0 0 0 0 0 59 0 0 0 0 0 29 17 0 0 0 0 0 17 0 0 0 0 127 0 0 60 
0 0 0 0 0 59 0 0 0 0 0 29 17 0 0 0 0 0 18 0 0 0 0 127 0 0 60 
0 0 0 0 0 59 0 0 0 0 0 28 17 0 0 0 0 0 27 0 0 0 0 127 0 0 60 
0 0 0 0 0 59 0 0 0 0 0 30 17 0 0 0 0 0 21 0 0 10 0 127 0 0 60 
0 0 0 0 0 59 0 0 0 0 0 28 17 0 0 0 0 0 18 0 0 0 0 127 0 0 60 
0 0 0 0 0 59 0 0 0 0 0 30 17 0 0 0 0 0 28 0 0 0 0 127 0 0 60 
0 0 0 0 0 59 0 0 0 0 0 30 17 0 0 0 0 0 25 0 0 0 0 127 0 0 60 
0 0 0 0 0 59 0 0 0 0 0 29 17 0 0 0 0 0 27 0 0 10 0 127 0 0 60 
0 0 0 0 0 59 0 0 0 0 0 28 17 0 0 0 0 0 18 0 0 0 0 127 0 0 60 
0 0 0 0 0 59 0 0 0 0 0 28 17 0 0 0 0 0 17 0 0 10 0 127 0 0 60 
0 0 0 0 0 60 0 0 0 0 0 29 17 0 0 0 0 0 25 0 0 10 0 127 0 0 60 
0 0 0 0 0 60 0 0 0 0 0 29 17 0 0 0 0 0 18 0 0 10 0 127 0 0 60 
0 0 0 0 0 59 0 0 0 0 0 28 17 0 0 0 0 0 16 0 0 10 0 127 0 0 60 
0 0 0 0 0 60 0 0 0 0 0 28 17 0 0 0 0 0 18 0 0 10 0 127 0 0 60 
0 0 0 0 0 60 0 0 0 0 0 29 16 0 0 0 0 0 28 0 0 10 0 127 0 0 60 
0 0 0 0 0 59 0 0 0 0 0 28 16 0 0 0 0 0 28 0 0 10 0 127 0 0 60 
0 0 0 0 0 59 0 0 0 0 0 29 16 0 0 0 0 0 26 0 0 0 0 127 0 0 60 
0 0 0 0 0 60 0 0 0 0 0 28 17 0 0 0 0 0 17 0 0 0 0 127 0 0 60 
0 0 0 0 0 59 0 0 0 0 0 28 17 0 0 0 0 0 28 0 0 10 0 127 0 0 60 
0 0 0 0 0 60 0 0 0 0 0 29 17 0 0 0 0 0 19 0 0 10 0 127 0 0 60 
0 0 0 0 0 60 0 0 0 0 0 28 17 0 0 0 0 0 21 0 0 10 0 127 0 0 60 
0 0 0 0 0 60 0 0 0 0 0 28 16 0 0 0 0 0 18 0 0 10 0 127 0 0 60 
0 0 0 0 0 59 0 0 0 0 0 30 17 0 0 0 0 0 24 0 0 10 0 127 0 0 60 
0 0 0 0 0 59 0 0 0 0 0 28 16 0 0 0 0 0 27 0 0 10 0 127 0 0 60 
0 0 0 0 0 59 0 0 0 0 0 29 16 0 0 0 0 0 27 0 0 0 0 127 0 0 60 
0 0 0 0 0 59 0 0 0 0 0 28 17 0 0 0 0 0 28 0 0 0 0 127 0 0 60 
0 0 0 0 0 59 0 0 0 0 0 27 16 0 0 0 0 0 21 0 0 0 0 127 0 0 60 
0 0 0 0 0 59 0 0 0 0 0 29 16 0 0 0 0 0 19 0 0 0 0 127 0 0 60 
0 0 0 0 0 59 0 0 0 0 0 27 17 0 0 0 0 0 27 0 0 0 0 127 0 0 60 
0 0 0 0 0 58 0 0 0 0 0 29 17 0 0 0 0 0 24 0 0 0 0 127 0 0 60 
0 0 0 0 0 58 0 0 0 0 0 29 17 0 0 0 0 0 17 0 0 0 0 127 0 0 60 
0 0 0 0 0 58 0 0 0 0 0 29 17 0 0 0 0 0 29 0 0 0 0 127 0 0 60 
0 0 0 0 0 59 0 0 0 0 0 28 17 0 0 0 0 0 20 0 0 10 0 127 0 0 60 
0 0 0 0 0 58 0 0 0 0 0 28 17 0 0 0 0 0 26 0 0 10 0 127 0 0 60 
0 0 0 0 0 59 0 0 0 0 0 28 17 0 0 0 0 0 16 0 0 10 0 127 0 0 60 
0 0 0 0 0 59 0 0 0 0 0 28 17 0 0 0 0 0 20 0 0 0 0 127 0 0 60 
0 0 0 0 0 59 0 0 0 0 0 27 17 0 0 0 0 0 23 0 0 10 0 127 0 0 60 
0 0 0 0 0 56 0 0 0 0 0 29 17 0 0 0 0 0 24 0 0 10 0 127 0 0 60 
0 0 0 0 0 58 0 0 0 0 0 29 17 0 0 0 0 0 27 0 0 10 0 127 0 0 60 
0 0 0 0 0 58 0 0 0 0 0 28 16 0 0 0 0 0 21 0 0 10 0 127 0 0 60 
0 0 0 0 0 59 0 0 0 0 0 29 17 0 0 0 0 0 27 0 0 0 0 127 0 0 60 
0 0 0 0 0 58 0 0 0 0 0 26 17 0 0 0 0 0 19 0 0 0 0 127 0 0 60 
0 0 0 0 0 57 0 0 0 0 0 29 17 0 0 0 0 0 19 0 0 10 0 127 0 0 60 
0 0 0 0 0 58 0 0 0 0 0 27 17 0 0 0 0 0 26 0 0 0 0 127 0 0 60 
0 0 0 0 0 57 0 0 0 0 0 27 17 0 0 0 0 0 28 0 0 0 0 127 0 0 60 
0 0 0 0 0 57 0 0 0 0 0 29 17 0 0 0 0 0 17 0 0 0 0 127 0 0 60 
0 0 0 0 0 56 0 0 0 0 0 29 17 0 0 0 0 0 26 0 0 10 0 127 0 0 60 
0 0 0 0 0 56 0 0 0 0 0 27 17 0 0 0 0 0 28 0 0 10 0 127 0 0 60 
0 0 0 0 0 56 0 0 0 0 0 29 17 0 0 0 0 0 20 0 0 10 0 127 0 0 60 
0 0 0 0 0 56 0 0 0 0 0 28 17 0 0 0 0 0 27 0 0 0 0 127 0 0 60 
0 0 0 0 0 56 0 0 0 0 0 28 17 0 0 0 0 0 26 0 0 0 0 127 0 0 60 
0 0 0 0 0 56 0 0 0 0 0 28 17 0 0 0 0 0 19 0 0 0 0 127 0 0 60 
0 0 0 0 0 56 0 0 0 0 0 28 17 0 0 0 0 0 23 0 0 0 0 127 0 0 60 
0 0 0 0 0 56 0 0 0 0 0 28 17 0 0 0 0 0 27 0 0 0 0 127 0 0 60 
0 0 0 0 0 54 0 0 0 0 0 28 17 0 0 0 0 0 20 0 0 0 0 127 0 0 60 
0 0 0 0 0 55 0 0 0 0 0 28 17 0 0 0 0 0 25 0 0 0 0 127 0 0 60 
0 0 0 0 0 56 0 0 0 0 0 28 17 0 0 0 0 0 22 0 0 0 0 127 0 0 60 
0 0 0 0 0 55 0 0 0 0 0 28 17 0 0 0 0 0 19 0 0 0 0 127 0 0 60 
0 0 0 0 0 54 0 0 0 0 0 28 17 0 0 0 0 0 20 0 0 0 0 127 0 0 60 
0 0 0 0 0 55 0 0 0 0 0 28 17 0 0 0 0 0 21 0 0 10 0 127 0 0 60 
0 0 0 0 0 57 0 0 0 0 0 28 16 0 0 0 0 0 18 0 0 10 0 127 0 0 60 
0 0 0 0 0 56 0 0 0 0 0 28 17 0 0 0 0 0 27 0 0 10 0 127 0 0 60 
0 0 0 0 0 55 0 0 0 0 0 29 17 0 0 0 0 0 18 0 0 10 0 127 0 0 60 
0 0 0 0 0 54 0 0 0 0 0 29 17 0 0 0 0 0 25 0 0 0 0 127 0 0 60 
0 0 0 0 0 53 0 0 0 0 0 28 17 0 0 0 0 0 22 0 0 10 0 127 0 0 60 
0 0 0 0 0 55 0 0 0 0 0 28 17 0 0 0 0 0 25 0 0 0 0 127 0 0 60 
0 0 0 0 0 53 0 0 0 0 0 30 17 0 0 0 0 0 26 0 0 10 0 127 0 0 60 
0 0 0 0 0 55 0 0 0 0 0 30 17 0 0 0 0 0 26 0 0 10 0 127 0 0 60 
0 0 0 0 0 52 0 0 0 0 0 28 17 0 0 0 0 0 22 0 0 10 0 127 0 0 60 
0 0 0 0 0 53 0 0 0 0 0 29 16 0 0 0 0 0 18 0 0 10 0 127 0 0 60 
0 0 0 0 0 54 0 0 0 0 0 28 17 0 0 0 0 0 28 0 0 10 0 127 0 0 60 
0 0 0 0 0 54 0 0 0 0 0 28 17 0 0 0 0 0 26 0 0 0 0 127 0 0 60 
0 0 0 0 0 54 0 0 0 0 0 30 17 0 0 0 0 0 25 0 0 0 0 127 0 0 60 
0 0 0 0 0 54 0 0 0 0 0 28 17 0 0 0 0 0 27 0 0 0 0 127 0 0 60 
0 0 0 0 0 55 0 0 0 0 0 30 17 0 0 0 0 0 18 0 0 0 0 127 0 0 60 
0 0 0 0 0 53 0 0 0 0 0 28 17 0 0 0 0 0 21 0 0 0 0 127 0 0 60 
0 0 0 0 0 55 0 0 0 0 0 29 17 0 0 0 0 0 27 0 0 0 0 127 0 0 60 
0 0 0 0 0 55 0 0 0 0 0 29 16 0 0 0 0 0 17 0 0 10 0 127 0 0 60 
0 0 0 0 0 55 0 0 0 0 0 28 17 0 0 0 0 0 25 0 0 0 0 127 0 0 60 
0 0 0 0 0 55 0 0 0 0 0 29 17 0 0 0 0 0 27 0 0 10 0 127 0 0 60 
0 0 0 0 0 54 0 0 0 0 0 29 17 0 0 0 0 0 26 0 0 10 0 127 0 0 60 
0 0 0 0 0 55 0 0 0 0 0 29 17 0 0 0 0 0 17 0 0 10 0 127 0 0 60 
0 0 0 0 0 56 0 0 0 0 0 30 16 0 0 0 0 0 24 0 0 10 0 127 0 0 60 
0 0 0 0 0 54 0 0 0 0 0 28 17 0 0 0 0 0 27 0 0 10 0 127 0 0 60 
0 0 0 0 0 55 0 0 0 0 0 28 17 0 0 0 0 0 19 0 0 0 0 127 0 0 60 
0 0 0 0 0 55 0 0 0 0 0 28 17 0 0 0 0 0 26 0 0 0 0 127 0 0 60 
0 0 0 0 0 55 0 0 0 0 0 26 17 0 0 0 0 0 25 0 0 0 0 127 0 0 60 
0 0 0 0 0 55 0 0 0 0 0 30 17 0 0 0 0 0 22 0 0 0 0 127 0 0 60 
0 0 0 0 0 56 0 0 0 0 0 28 17 0 0 0 0 0 26 0 0 10 0 127 0 0 60 
0 0 0 0 0 55 0 0 0 0 0 27 17 0 0 0 0 0 19 0 0 10 0 127 0 0 60 
0 0 0 0 0 55 0 0 0 0 0 26 17 0 0 0 0 0 21 0 0 0 0 127 0 0 60 
0 0 0 0 0 55 0 0 0 0 0 28 17 0 0 0 0 0 27 0 0 10 0 127 0 0 60 
0 0 0 0 0 56 0 0 0 0 0 29 17 0 0 0 0 0 22 0 0 0 0 127 0 0 60 
0 0 0 0 0 56 0 0 0 0 0 29 17 0 0 0 0 0 21 0 0 10 0 127 0 0 60 
0 0 0 0 0 56 0 0 0 0 0 28 17 0 0 0 0 0 25 0 0 10 0 127 0 0 60 
0 0 0 0 0 56 0 0 0 0 0 31 17 0 0 0 0 0 17 0 0 0 0 127 0 0 60 
0 0 0 0 0 56 0 0 0 0 0 26 17 0 0 0 0 0 18 0 0 0 0 127 0 0 60 
0 0 0 0 0 55 0 0 0 0 0 26 17 0 0 0 0 0 20 0 0 10 0 127 0 0 60 
0 0 0 0 0 55 0 0 0 0 0 28 17 0 0 0 0 0 24 0 0 0 0 127 0 0 60 
0 0 0 0 0 55 0 0 0 0 0 28 17 0 0 0 0 0 25 0 0 0 0 127 0 0 60 
0 0 0 0 0 55 0 0 0 0 0 30 17 0 0 0 0 0 22 0 0 0 0 127 0 0 60 
0 0 0 0 0 55 0 0 0 0 0 29 17 0 0 0 0 0 20 0 0 10 0 127 0 0 60 
0 0 0 0 0 56 0 0 0 0 0 27 17 0 0 0 0 0 17 0 0 10 0 127 0 0 60 
0 0 0 0 0 56 0 0 0 0 0 28 17 0 0 0 0 0 26 0 0 10 0 127 0 0 60 
0 0 0 0 0 56 0 0 0 0 0 29 17 0 0 0 0 0 26 0 0 10 0 127 0 0 60 
0 0 0 0 0 56 0 0 0 0 0 29 17 0 0 0 0 0 18 0 0 10 0 127 0 0 60 
0 0 0 0 0 56 0 0 0 0 0 29 17 0 0 0 0 0 27 0 0 10 0 127 0 0 60 
0 0 0 0 0 56 0 0 0 0 0 27 17 0 0 0 0 0 16 0 0 10 0 127 0 0 60 
0 0 0 0 0 56 0 0 0 0 0 28 17 0 0 0 0 0 27 0 0 10 0 127 0 0 60 
0 0 0 0 0 56 0 0 0 0 0 29 17 0 0 0 0 0 17 0 0 10 0 127 0 0 60 
0 0 0 0 0 56 0 0 0 0 0 28 17 0 0 0 0 0 24 0 0 10 0 127 0 0 60 
0 0 0 0 0 56 0 0 0 0 0 28 17 0 0 0 0 0 19 0 0 10 0 127 0 0 60 
0 0 0 0 0 56 0 0 0 0 0 28 17 0 0 0 0 0 26 0 0 10 0 127 0 0 60 
0 0 0 0 0 56 0 0 0 0 0 28 17 0 0 0 0 0 27 0 0 10 0 127 0 0 60 
0 0 0 0 0 56 0 0 0 0 0 28 17 0 0 0 0 0 16 0 0 0 0 127 0 0 60 
0 0 0 0 0 56 0 0 0 0 0 27 17 0 0 0 0 0 28 0 0 0 0 127 0 0 60 
0 0 0 0 0 56 0 0 0 0 0 29 17 0 0 0 0 0 21 0 0 0 0 127 0 0 60 
0 0 0 0 0 56 0 0 0 0 0 28 16 0 0 0 0 0 25 0 0 10 0 127 0 0 60 
0 0 0 0 0 56 0 0 0 0 0 28 17 0 0 0 0 0 27 0 0 10 0 127 0 0 60 
0 0 0 0 0 57 0 0 0 0 0 28 17 0 0 0 0 0 19 0 0 0 0 127 0 0 60 
0 0 0 0 0 57 0 0 0 0 0 28 16 0 0 0 0 0 28 0 0 0 0 127 0 0 60 
0 0 0 0 0 56 0 0 0 0 0 28 17 0 0 0 0 0 23 0 0 0 0 127 0 0 60 
0 0 0 0 0 57 0 0 0 0 0 28 17 0 0 0 0 0 25 0 0 0 0 127 0 0 60 
0 0 0 0 0 57 0 0 0 0 0 28 17 0 0 0 0 0 27 0 0 0 0 127 0 0 60 
0 0 0 0 0 57 0 0 0 0 0 29 17 0 0 0 0 0 19 0 0 0 0 127 0 0 60 
0 0 0 0 0 57 0 0 0 0 0 28 17 0 0 0 0 0 18 0 0 0 0 127 0 0 60 
0 0 0 0 0 57 0 0 0 0 0 27 17 0 0 0 0 0 26 0 0 0 0 127 0 0 60 
0 0 0 0 0 57 0 0 0 0 0 29 17 0 0 0 0 0 16 0 0 0 0 127 0 0 60 
0 0 0 0 0 57 0 0 0 0 0 27 17 0 0 0 0 0 27 0 0 0 0 127 0 0 60 
0 0 0 0 0 57 0 0 0 0 0 28 17 0 0 0 0 0 21 0 0 0 0 127 0 0 60 
0 0 0 0 0 56 0 0 0 0 0 29 16 0 0 0 0 0 27 0 0 0 0 127 0 0 60 
0 0 0 0 0 56 0 0 0 0 0 26 17 0 0 0 0 0 29 0 0 0 0 127 0 0 60 
0 0 0 0 0 55 0 0 0 0 0 27 17 0 0 0 0 0 25 0 0 0 0 127 0 0 60 
0 0 0 0 0 56 0 0 0 0 0 28 17 0 0 0 0 0 27 0 0 10 0 127 0 0 60 
0 0 0 0 0 56 0 0 0 0 0 27 17 0 0 0 0 0 24 0 0 10 0 127 0 0 60 
0 0 0 0 0 56 0 0 0 0 0 28 16 0 0 0 0 0 27 0 0 10 0 127 0 0 60 
0 0 0 0 0 56 0 0 0 0 0 28 17 0 0 0 0 0 27 0 0 0 0 127 0 0 60 
0 0 0 0 0 56 0 0 0 0 0 30 17 0 0 0 0 0 18 0 0 0 0 127 0 0 60 
0 0 0 0 0 56 0 0 0 0 0 29 16 0 0 0 0 0 24 0 0 0 0 127 0 0 60 
0 0 0 0 0 56 0 0 0 0 0 28 16 0 0 0 0 0 19 0 0 0 0 127 0 0 60 
0 0 0 0 0 57 0 0 0 0 0 28 17 0 0 0 0 0 25 0 0 0 0 127 0 0 60 
0 0 0 0 0 56 0 0 0 0 0 27 17 0 0 0 0 0 16 0 0 0 0 127 0 0 60 
0 0 0 0 0 56 0 0 0 0 0 28 16 0 0 0 0 0 18 0 0 0 0 127 0 0 60 
0 0 0 0 0 56 0 0 0 0 0 28 16 0 0 0 0 0 19 0 0 0 0 127 0 0 60 
0 0 0 0 0 56 0 0 0 0 0 27 17 0 0 0 0 0 23 0 0 10 0 127 0 0 60 
0 0 0 0 0 56 0 0 0 0 0 29 17 0 0 0 0 0 17 0 0 0 0 127 0 0 60 
0 0 0 0 0 56 0 0 0 0 0 27 16 0 0 0 0 0 23 0 0 0 0 127 0 0 60 
0 0 0 0 0 56 0 0 0 0 0 27 16 0 0 0 0 0 21 0 0 0 0 127 0 0 60 
0 0 0 0 0 56 0 0 0 0 0 28 17 0 0 0 0 0 22 0 0 10 0 127 0 0 60 
0 0 0 0 0 56 0 0 0 0 0 28 17 0 0 0 0 0 20 0 0 0 0 127 0 0 60 
0 0 0 0 0 55 0 0 0 0 0 27 17 0 0 0 0 0 20 0 0 0 0 127 0 0 60 
0 0 0 0 0 56 0 0 0 0 0 27 16 0 0 0 0 0 19 0 0 0 0 127 0 0 60 
0 0 0 0 0 56 0 0 0 0 0 28 17 0 0 0 0 0 28 0 0 10 0 127 0 0 60 
0 0 0 0 0 56 0 0 0 0 0 29 16 0 0 0 0 0 25 0 0 10 0 127 0 0 60 
0 0 0 0 0 56 0 0 0 0 0 28 17 0 0 0 0 0 24 0 0 10 0 127 0 0 60 
0 0 0 0 0 56 0 0 0 0 0 28 17 0 0 0 0 0 22 0 0 10 0 127 0 0 60 
0 0 0 0 0 56 0 0 0 0 0 29 17 0 0 0 0 0 19 0 0 0 0 127 0 0 60 
0 0 0 0 0 56 0 17 0 0 0 29 17 0 0 0 0 0 18 0 0 0 0 127 0 0 60 
0 0 0 0 0 56 0 0 0 0 0 27 16 0 0 0 0 0 20 0 0 0 0 127 0 0 60 
0 0 0 0 0 56 0 0 0 0 0 28 17 0 0 0 0 0 19 0 0 0 0 127 0 0 60 
0 0 0 0 0 56 0 0 0 0 0 28 17 0 0 0 0 0 23 0 0 0 0 127 0 0 60 
0 0 0 0 0 55 0 0 0 0 0 28 17 0 0 0 0 0 27 0 0 0 0 127 0 0 60 
0 0 0 0 0 56 0 0 0 0 0 28 16 0 0 0 0 0 24 0 0 0 0 127 0 0 60 
0 0 0 0 0 56 0 0 0 0 0 28 17 0 0 0 0 0 28 0 0 10 0 127 0 0 60 
0 0 0 0 0 56 0 0 0 0 0 27 17 0 0 0 0 0 20 0 0 0 0 127 0 0 60 
0 0 0 0 0 57 0 0 0 0 0 28 17 0 0 0 0 0 27 0 0 0 0 127 0 0 60 
0 0 0 0 0 57 0 0 0 0 0 28 17 0 0 0 0 0 16 0 0 10 0 127 0 0 60 
0 0 0 0 0 56 0 0 0 0 0 28 17 0 0 0 0 0 22 0 0 0 0 127 0 0 60 
0 0 0 0 0 56 0 0 0 0 0 25 17 0 0 0 0 0 24 0 0 10 0 127 0 0 60 
0 0 0 0 0 57 0 24 0 0 0 27 17 0 0 0 0 0 19 0 0 10 0 127 0 0 60 
0 0 0 0 0 56 0 10 0 0 0 28 17 0 0 0 0 0 19 0 0 0 0 127 0 0 60 
0 0 0 0 0 55 0 0 0 0 0 29 16 0 0 0 0 0 28 0 0 10 0 127 0 0 60 
0 0 0 0 0 57 0 0 0 0 0 29 17 0 0 0 0 0 21 0 0 10 0 127 0 0 60 
0 0 0 0 0 55 0 0 0 0 0 27 17 0 0 0 0 0 22 0 0 0 0 127 0 0 60 
0 0 0 0 0 56 0 0 0 0 0 29 17 0 0 0 0 0 25 0 0 0 0 127 0 0 60 
0 0 0 0 0 57 0 0 0 0 0 27 17 0 0 0 0 0 27 0 0 0 0 127 0 0 60 
0 0 0 0 0 57 0 0 0 0 0 26 17 0 0 0 0 0 18 0 0 0 0 127 0 0 60 
0 0 0 0 0 56 0 0 0 0 0 28 16 0 0 0 0 0 19 0 0 0 0 127 0 0 60 
0 0 0 0 0 57 0 0 0 0 0 28 17 0 0 0 0 0 28 0 0 0 0 127 0 0 60 
0 0 0 0 0 57 0 0 0 0 0 29 17 0 0 0 0 0 22 0 0 0 0 127 0 0 60 
0 0 0 0 0 56 0 0 0 0 0 28 16 0 0 0 0 0 29 0 0 10 0 127 0 0 60 
0 0 0 0 0 56 0 11 0 0 0 28 17 0 0 0 0 0 17 0 0 0 0 127 0 0 60 
0 0 0 0 0 56 0 14 0 0 0 28 17 0 0 0 0 0 21 0 0 0 0 127 0 0 60 
0 0 0 0 0 55 0 26 0 0 0 28 17 0 0 0 0 0 27 0 0 10 0 127 0 0 60 
0 0 0 0 0 51 0 0 0 0 0 27 17 0 0 0 0 0 22 0 0 0 0 127 0 0 60 
0 0 0 0 0 55 0 0 0 0 0 28 17 0 0 0 0 0 20 0 0 10 0 127 0 0 60 
0 0 0 0 0 56 0 0 0 0 0 28 17 0 0 0 0 0 17 0 0 0 0 127 0 0 60 
0 0 0 0 0 55 0 0 0 0 0 28 17 0 0 0 0 0 21 0 0 10 0 127 0 0 60 
0 0 0 0 0 56 0 0 0 0 0 29 17 0 0 0 0 0 24 0 0 0 0 127 0 0 60 
0 0 0 0 0 57 0 0 0 0 0 27 16 0 0 0 0 0 29 0 0 0 0 127 0 0 60 
0 0 0 0 0 57 0 0 0 0 0 28 17 0 0 0 0 0 28 0 0 0 0 127 0 0 60 
0 0 0 0 0 56 0 0 0 0 0 27 17 0 0 0 0 0 24 0 0 0 0 127 0 0 60 
0 0 0 0 0 57 0 0 0 0 0 28 17 0 0 0 0 0 25 0 0 0 0 127 0 0 60 
0 0 0 0 0 57 0 0 0 0 0 29 16 0 0 0 0 0 28 0 0 0 0 127 0 0 60 
0 0 0 0 0 57 0 0 0 0 0 28 17 0 0 0 0 0 28 0 0 0 0 127 0 0 60 
0 0 0 0 0 56 0 23 0 0 0 29 17 0 0 0 0 0 24 0 0 0 0 127 0 0 60 
0 0 0 0 0 56 0 13 0 0 0 29 17 0 0 0 0 0 27 0 0 0 0 127 0 0 60 
0 0 0 0 0 57 0 51 0 0 0 26 16 0 0 0 0 0 22 0 0 10 0 127 0 0 60 
0 0 0 0 0 56 0 16 0 0 0 27 17 0 0 0 0 0 18 0 0 0 0 127 0 0 60 
0 0 0 0 0 57 0 16 0 0 0 28 16 0 0 0 0 0 25 0 0 10 0 127 0 0 60 
0 0 0 0 0 57 0 0 0 0 0 27 16 0 0 0 0 0 20 0 0 0 0 127 0 0 60 
0 0 0 0 0 57 0 0 0 0 0 29 16 0 0 0 0 0 19 0 0 0 0 127 0 0 60 
0 0 0 0 0 56 0 0 0 0 0 27 17 0 0 0 0 0 19 0 0 0 0 127 0 0 60 
0 0 0 0 0 57 0 0 0 0 0 29 17 0 0 0 0 0 20 0 0 0 0 127 0 0 60 
0 0 0 0 0 57 0 0 0 0 0 28 16 0 0 0 0 0 20 0 0 0 0 127 0 0 60 
0 0 0 0 0 57 0 0 0 0 0 28 17 0 0 0 0 0 28 0 0 0 0 127 0 0 60 
0 0 0 0 0 57 0 0 0 0 0 28 17 0 0 0 0 0 18 0 0 0 0 127 0 0 60 
0 0 0 0 0 57 0 0 0 0 0 28 17 0 0 0 0 0 24 0 0 0 0 127 0 0 60 
0 0 0 0 0 57 0 0 0 0 0 27 16 0 0 0 0 0 17 0 0 10 0 127 0 0 60 
0 0 0 0 0 57 0 58 0 0 0 27 16 0 0 0 0 0 23 0 0 10 0 127 0 0 60 
0 0 0 0 0 57 0 33 0 0 0 28 17 0 0 0 0 0 21 0 0 10 0 127 0 0 60 
0 0 0 0 0 57 0 54 0 0 0 29 16 0 0 0 0 0 20 0 0 10 0 127 0 0 60 
0 0 0 0 0 57 0 15 0 0 0 28 17 0 0 0 0 0 19 0 0 0 0 127 0 0 60 
0 0 0 0 0 57 0 0 0 0 0 28 17 0 0 0 0 0 27 0 0 10 0 127 0 0 60 
0 0 0 0 0 57 0 18 0 0 0 28 17 0 0 0 0 0 28 0 0 10 0 127 0 0 60 
0 0 0 0 0 56 0 0 0 0 0 29 16 0 0 0 0 0 18 0 0 10 0 127 0 0 60 
0 0 0 0 0 57 0 0 0 0 0 27 16 0 0 0 0 0 17 0 0 10 0 127 0 0 60 
0 0 0 0 0 57 0 0 0 0 0 28 16 0 0 0 0 0 22 0 0 10 0 127 0 0 60 
0 0 0 0 0 57 0 14 0 0 0 28 16 0 0 0 0 0 19 0 0 0 0 127 0 0 60 
0 0 0 0 0 57 0 0 0 0 0 29 16 0 0 0 0 0 19 0 0 10 0 127 0 0 60 
0 0 0 0 0 57 0 0 0 0 0 29 16 0 0 0 0 0 18 0 0 0 0 127 0 0 60 
0 0 0 0 0 57 0 0 0 0 0 28 16 0 0 0 0 0 22 0 0 0 0 127 0 0 60 
0 0 0 0 0 57 0 49 0 0 0 28 17 0 0 0 0 0 18 0 0 0 0 127 0 0 60 
0 0 0 0 0 57 0 41 0 0 0 26 16 0 0 0 0 0 25 0 0 0 0 127 0 0 60 
0 0 0 0 0 57 0 74 0 0 0 28 16 0 0 0 0 0 22 0 0 0 0 127 0 0 60 
0 0 0 0 0 57 0 35 0 0 0 27 16 0 0 0 0 0 23 0 0 0 0 127 0 0 60 
0 0 0 0 0 57 0 22 0 0 0 27 17 0 0 0 0 0 26 0 0 10 0 127 0 0 60 
0 0 0 0 0 57 0 33 0 0 0 29 16 0 0 0 0 0 19 0 0 0 0 127 0 0 60 
0 0 0 0 0 57 0 10 0 0 0 27 16 0 0 0 0 0 26 0 0 0 0 127 0 0 60 
0 0 0 0 0 57 0 17 0 0 0 27 16 0 0 0 0 0 20 0 0 10 0 127 0 0 60 
0 0 0 0 0 57 0 34 0 0 0 28 17 0 0 0 0 0 27 0 0 0 0 127 0 0 60 
0 0 0 0 0 57 0 32 0 0 0 27 16 0 0 0 0 0 20 0 0 10 0 127 0 0 60 
0 0 0 0 0 56 0 29 0 0 0 29 16 0 0 0 0 0 27 0 0 10 0 127 0 0 60 
0 0 0 0 0 56 0 12 0 0 0 29 16 0 0 0 0 0 25 0 0 0 0 127 0 0 60 
0 0 0 0 0 56 0 55 0 0 0 28 16 0 0 0 0 0 17 0 0 10 0 127 0 0 60 
0 0 0 0 0 56 0 71 0 0 0 28 17 0 0 0 0 0 18 0 0 10 0 127 0 0 60 
0 0 0 0 0 57 0 45 0 0 0 28 16 0 0 0 0 0 28 0 0 10 0 127 0 0 60 
0 0 0 0 0 55 0 73 0 0 0 28 16 0 0 0 0 0 19 0 0 10 0 127 0 0 60 
0 0 0 0 0 58 0 33 0 0 0 29 17 0 0 0 0 0 19 0 0 0 0 127 0 0 60 
0 0 0 0 0 58 0 57 0 0 0 28 17 0 0 0 0 0 18 0 0 0 0 127 0 0 60 
0 0 0 0 0 58 0 19 0 0 0 28 16 0 0 0 0 0 28 0 0 0 0 127 0 0 60 
0 0 0 0 0 58 0 0 0 0 0 28 16 0 0 0 0 0 22 0 0 0 0 127 0 0 60 
0 0 0 0 0 58 0 22 0 0 0 27 17 0 0 0 0 0 26 0 0 10 0 127 0 0 60 
0 0 0 0 0 58 0 79 0 0 0 29 16 0 0 0 0 0 28 0 0 0 0 127 0 0 60 
0 0 0 0 0 58 0 47 0 0 0 28 16 0 0 0 0 0 21 0 0 0 0 127 0 0 60 
0 0 0 0 0 59 0 0 0 0 0 29 16 0 0 0 0 0 19 0 0 0 0 127 0 0 60 
0 0 0 0 0 58 0 47 0 0 0 27 16 0 0 0 0 0 18 0 0 0 0 127 0 0 60 
0 0 0 0 0 53 0 93 0 0 0 28 16 0 0 0 0 0 27 0 0 10 0 127 0 0 60 
0 0 0 0 0 53 0 76 0 0 0 29 16 0 0 0 0 0 17 0 0 0 0 127 0 0 60 
0 0 0 0 0 53 0 76 0 0 0 28 16 0 0 0 0 0 26 0 0 0 0 127 0 0 60 
0 0 0 0 0 55 0 49 0 0 0 27 16 0 0 0 0 0 26 0 0 0 0 127 0 0 60 
0 10 0 0 0 54 0 83 0 0 0 28 16 0 0 0 0 0 27 0 0 10 0 127 0 0 60 
0 0 0 0 0 59 0 54 0 0 0 28 16 0 0 0 0 0 19 0 0 0 0 127 0 0 60 
0 0 0 0 0 55 0 32 0 0 0 30 16 0 0 0 0 0 20 0 0 10 0 127 0 0 60 
0 0 0 0 0 49 0 25 0 0 0 28 16 0 0 0 0 0 18 0 0 10 0 127 0 0 60 
0 0 0 0 0 51 0 85 0 0 0 28 16 0 0 0 0 0 18 0 0 0 0 127 0 0 60 
0 0 0 0 0 51 0 86 0 0 0 29 17 0 0 0 0 0 20 0 0 10 0 127 0 0 60 
0 0 0 0 0 52 0 36 0 0 0 27 16 0 0 0 0 0 21 0 0 0 0 127 0 0 60 
0 0 0 0 0 52 0 45 0 0 0 29 16 0 0 0 0 0 27 0 0 0 0 127 0 0 60 
0 0 0 0 0 53 0 80 0 0 0 29 16 0 0 0 0 0 18 0 0 10 0 127 0 0 60 
0 0 0 0 0 52 0 88 0 0 0 28 16 0 0 0 0 0 26 0 0 10 0 127 0 0 60 
0 0 0 0 0 53 0 41 0 0 0 30 16 0 0 0 0 0 26 0 0 0 0 127 0 0 60 
0 0 0 0 0 52 0 77 0 0 0 29 16 0 0 0 0 0 26 0 0 0 0 127 0 0 60 
0 0 0 0 0 53 0 61 0 0 0 29 16 0 0 0 0 0 21 0 0 0 0 127 0 0 60 
0 0 0 0 0 53 0 77 0 0 0 28 17 0 0 0 0 0 19 0 0 0 0 127 0 0 60 
0 0 0 0 0 53 0 49 0 0 0 28 16 0 0 0 0 0 28 0 0 0 0 127 0 0 60 
0 0 0 0 0 52 0 28 0 0 0 28 16 0 0 0 0 0 19 0 0 0 0 127 0 0 60 
0 0 0 0 0 52 0 59 0 0 0 29 16 0 0 0 0 0 20 0 0 0 0 127 0 0 60 
0 0 0 0 0 52 0 56 0 0 0 28 16 0 0 0 0 0 18 0 0 0 0 127 0 0 60 
0 0 0 0 0 51 0 85 0 0 0 29 16 0 0 0 0 0 27 0 0 0 0 127 0 0 60 
0 0 0 0 0 53 0 68 0 0 0 29 16 0 0 0 0 0 19 0 0 0 0 127 0 0 60 
0 0 0 0 0 52 0 61 0 0 0 28 16 0 0 0 0 0 19 0 0 0 0 127 0 0 60 
0 0 0 0 0 51 0 62 0 0 0 29 16 0 0 0 0 0 19 0 0 0 0 127 0 0 60 
0 0 0 0 0 51 0 48 0 0 0 27 16 0 0 0 0 0 23 0 0 0 0 127 0 0 60 
0 0 0 0 0 52 0 82 0 0 0 28 16 0 0 0 0 0 17 0 0 0 0 127 0 0 60 
0 0 0 0 0 49 0 55 0 0 0 27 16 0 0 0 0 0 24 0 0 10 0 127 0 0 60 
0 0 0 0 0 50 0 76 0 0 0 28 16 0 0 0 0 0 27 0 0 10 0 127 0 0 60 
0 0 0 0 0 50 0 57 0 0 0 30 16 0 0 0 0 0 29 0 0 10 0 127 0 0 60 
0 0 0 0 0 53 0 84 0 0 0 30 16 0 0 0 0 0 26 0 0 0 0 127 0 0 60 
0 0 0 0 0 51 0 80 0 0 0 28 16 0 0 0 0 0 22 0 0 0 0 127 0 0 60 
0 0 0 0 0 54 0 84 0 0 0 28 16 0 0 0 0 0 22 0 0 0 0 127 0 0 60 
0 0 0 0 0 54 0 26 0 0 0 27 16 0 0 0 0 0 17 0 0 0 0 127 0 0 60 
0 0 0 0 0 54 0 27 0 0 0 28 16 0 0 0 0 0 21 0 0 10 0 127 0 0 60 
0 0 0 0 0 54 0 54 0 0 0 29 16 0 0 0 0 0 21 0 0 0 0 127 0 0 60 
0 0 0 0 0 54 0 88 0 0 0 27 16 0 0 0 0 0 19 0 0 0 0 127 0 0 60 
0 0 0 0 0 53 0 32 0 0 0 28 17 0 0 0 0 0 25 0 0 0 0 127 0 0 60 
0 0 0 0 0 56 0 13 0 0 0 28 16 0 0 0 0 0 25 0 0 0 0 127 0 0 60 
0 0 0 0 0 55 0 62 0 0 0 29 17 0 0 0 0 0 20 0 0 0 0 127 0 0 60 
0 0 0 0 0 56 0 80 0 0 0 29 16 0 0 0 0 0 17 0 0 0 0 127 0 0 60 
0 0 0 0 0 56 0 81 0 0 0 27 16 0 0 0 0 0 23 0 0 0 0 127 0 0 60 
0 0 0 0 0 56 0 70 0 0 0 29 16 0 0 0 0 0 21 0 0 0 0 127 0 0 60 
0 0 0 0 0 56 0 78 0 0 0 28 16 0 0 0 0 0 27 0 0 0 0 127 0 0 60 
0 0 0 0 0 56 0 73 0 0 0 28 16 0 0 0 0 0 26 0 0 0 0 127 0 0 60 
0 0 0 0 0 56 0 67 0 0 0 28 16 0 0 0 0 0 27 0 0 0 0 127 0 0 60 
0 0 0 0 0 56 0 90 0 0 0 28 17 0 0 0 0 0 18 0 0 10 0 127 0 0 60 
0 0 0 0 0 55 0 90 0 0 0 29 16 0 0 0 0 0 19 0 0 10 0 127 0 0 60 
0 0 0 0 0 56 0 64 0 0 0 28 16 0 0 0 0 0 26 0 0 10 0 127 0 0 60 
0 0 0 0 0 56 0 88 0 0 0 26 16 0 0 0 0 0 28 0 0 10 0 127 0 0 60 
0 0 0 0 0 56 0 87 0 0 0 29 16 0 0 0 0 0 22 0 0 0 0 127 0 0 60 
0 0 0 0 0 56 0 93 0 0 0 29 16 0 0 0 0 0 23 0 0 0 0 127 0 0 60 
0 0 0 0 0 56 0 90 0 0 0 27 16 0 0 0 0 0 27 0 0 10 0 127 0 0 60 
0 0 0 0 0 56 0 68 0 0 0 28 16 0 0 0 0 0 24 0 0 0 0 127 0 0 60 
0 0 0 0 0 55 0 94 0 0 0 27 16 0 0 0 0 0 17 0 0 0 0 127 0 0 60 
0 0 0 0 0 56 0 96 0 0 0 29 16 0 0 0 0 0 18 0 0 10 0 127 0 0 60 
0 0 0 0 0 56 0 93 0 0 0 27 16 0 0 0 0 0 20 0 0 0 0 127 0 0 60 
0 0 0 0 0 56 0 78 0 0 0 28 16 0 0 0 0 0 26 0 0 0 0 127 0 0 60 
0 0 0 0 0 56 0 88 0 0 0 27 16 0 0 0 0 0 27 0 0 0 0 127 0 0 60 
0 0 0 0 0 56 0 95 0 0 0 28 16 0 0 0 0 0 21 0 0 10 0 127 0 0 60 
0 0 0 0 0 55 0 58 0 0 0 28 16 0 0 0 0 0 25 0 0 0 0 127 0 0 60 
0 0 0 0 0 56 0 82 0 0 0 28 16 0 0 0 0 0 18 0 0 0 0 127 0 0 60 
0 0 0 0 0 55 0 95 0 0 0 29 16 0 0 0 0 0 25 0 0 10 0 127 0 0 60 
0 0 0 0 0 56 0 95 0 0 0 30 17 0 0 0 0 0 19 0 0 10 0 127 0 0 60 
0 0 0 0 0 56 0 93 0 0 0 28 16 0 0 0 0 0 18 0 0 0 0 127 0 0 60 
0 0 0 0 0 56 0 96 0 0 0 28 16 0 0 0 0 0 22 0 0 0 0 127 0 0 60 
0 0 0 0 0 56 0 95 0 0 0 27 16 0 0 0 0 0 24 0 0 10 0 127 0 0 60 
0 0 0 0 0 56 0 77 0 0 0 28 16 0 0 0 0 0 27 0 0 0 0 127 0 0 60 
0 0 0 0 0 56 0 81 0 0 0 28 16 0 0 0 0 0 17 0 0 10 0 127 0 0 60 
0 0 0 0 0 56 0 57 0 0 0 29 16 0 0 0 0 0 29 0 0 0 0 127 0 0 60 
0 0 0 0 0 56 0 72 0 0 0 28 16 0 0 0 0 0 28 0 0 10 0 127 0 0 60 
0 0 0 0 0 56 0 30 0 0 0 29 16 0 0 0 0 0 18 0 0 10 0 127 0 0 60 
0 0 0 0 0 55 0 0 0 0 0 27 16 0 0 0 0 0 20 0 0 0 0 127 0 0 60 
0 0 0 0 0 55 0 15 0 0 0 28 16 0 0 0 0 0 24 0 0 10 0 127 0 0 60 
0 0 0 0 0 54 0 19 0 0 0 29 16 0 0 0 0 0 17 0 0 0 0 127 0 0 60 
0 0 0 0 0 55 0 0 0 0 0 26 16 0 0 0 0 0 18 0 0 10 0 127 0 0 60 
0 0 0 0 0 56 0 0 0 0 0 29 16 0 0 0 0 0 27 0 0 0 0 127 0 0 60 
0 0 0 0 0 55 0 0 0 0 0 28 16 0 0 0 0 0 21 0 0 0 0 127 0 0 60 
0 0 0 0 0 56 0 11 0 0 0 28 16 0 0 0 0 0 27 0 0 0 0 127 0 0 60 
0 0 0 0 0 55 0 0 0 0 0 29 16 0 0 0 0 0 21 0 0 0 0 127 0 0 60 
0 0 0 0 0 55 0 0 0 0 0 30 16 0 0 0 0 0 27 0 0 0 0 127 0 0 60 
0 0 0 0 0 55 0 46 0 0 0 28 16 0 0 0 0 0 20 0 0 10 0 127 0 0 60 
0 0 0 0 0 55 0 17 0 0 0 28 16 0 0 0 0 0 19 0 0 10 0 127 0 0 60 
0 0 0 0 0 55 0 14 0 0 0 28 16 0 0 0 0 0 28 0 0 10 0 127 0 0 60 
0 0 0 0 0 55 0 0 0 0 0 29 16 0 0 0 0 0 22 0 0 0 0 127 0 0 60 
0 0 0 0 0 55 0 0 0 0 0 29 16 0 0 0 0 0 24 0 0 0 0 127 0 0 60 
0 0 0 0 0 55 0 0 0 0 0 29 16 0 0 0 0 0 18 0 0 0 0 127 0 0 60 
0 0 0 0 0 55 0 0 0 0 0 29 16 0 0 0 0 0 28 0 0 0 0 127 0 0 60 
0 0 0 0 0 55 0 0 0 0 0 27 16 0 0 0 0 0 16 0 0 10 0 127 0 0 60 
0 0 0 0 0 54 0 0 0 0 0 28 16 0 0 0 0 0 25 0 0 10 0 127 0 0 60 
0 0 0 0 0 54 0 0 0 0 0 29 16 0 0 0 0 0 20 0 0 0 0 127 0 0 60 
0 0 0 0 0 54 0 0 0 0 0 27 16 0 0 0 0 0 17 0 0 0 0 127 0 0 60 
0 0 0 0 0 55 0 0 0 0 0 28 16 0 0 0 0 0 16 0 0 10 0 127 0 0 60 
0 0 0 0 0 54 0 0 0 0 0 28 16 0 0 0 0 0 16 0 0 10 0 127 0 0 60 
0 0 0 0 0 54 0 0 0 0 0 25 16 0 0 0 0 0 20 0 0 10 0 127 0 0 60 
0 0 0 0 0 55 0 0 0 0 0 27 16 0 0 0 0 0 29 0 0 0 0 127 0 0 60 
0 0 0 0 0 55 0 0 0 0 0 28 16 0 0 0 0 0 28 0 0 10 0 127 0 0 60 
0 0 0 0 0 55 0 0 0 0 0 30 16 0 0 0 0 0 27 0 0 10 0 127 0 0 60 
0 0 0 0 0 55 0 0 0 0 0 28 16 0 0 0 0 0 23 0 0 0 0 127 0 0 60 
0 0 0 0 0 55 0 0 0 0 0 26 16 0 0 0 0 0 25 0 0 10 0 127 0 0 60 
0 0 0 0 0 55 0 0 0 0 0 28 16 0 0 0 0 0 23 0 0 0 0 127 0 0 60 
0 0 0 0 0 55 0 0 0 0 0 30 16 0 0 0 0 0 27 0 0 10 0 127 0 0 60 
0 0 0 0 0 55 0 0 0 0 0 28 16 0 0 0 0 0 19 0 0 10 0 127 0 0 60 
0 0 0 0 0 55 0 0 0 0 0 28 16 0 0 0 0 0 26 0 0 0 0 127 0 0 60 
0 0 0 0 0 55 0 0 0 0 0 28 16 0 0 0 0 0 20 0 0 0 0 127 0 0 60 
0 0 0 0 0 56 0 0 0 0 0 29 16 0 0 0 0 0 26 0 0 0 0 127 0 0 60 
0 0 0 0 0 56 0 0 0 0 0 28 16 0 0 0 0 0 20 0 0 0 0 127 0 0 60 
0 0 0 0 0 55 0 0 0 0 0 28 16 0 0 0 0 0 27 0 0 0 0 127 0 0 60 
0 0 0 0 0 55 0 0 0 0 0 28 16 0 0 0 0 0 24 0 0 0 0 127 0 0 60 
0 0 0 0 0 56 0 0 0 0 0 28 16 0 0 0 0 0 26 0 0 0 0 127 0 0 60 
0 0 0 0 0 56 0 0 0 0 0 27 16 0 0 0 0 0 19 0 0 10 0 127 0 0 60 
0 0 0 0 0 54 0 0 0 0 0 29 16 0 0 0 0 0 27 0 0 10 0 127 0 0 60 
0 0 0 0 0 56 0 0 0 0 0 28 16 0 0 0 0 0 27 0 0 10 0 127 0 0 60 
0 10 0 0 0 55 0 0 0 0 0 29 16 0 0 0 0 0 27 0 0 10 0 127 0 0 60 
0 0 0 0 0 56 0 0 0 0 0 28 16 0 0 0 0 0 19 0 0 10 0 127 0 0 60 
0 0 0 0 0 56 0 0 0 0 0 28 16 0 0 0 0 0 23 0 0 0 0 127 0 0 60 
0 0 0 0 0 56 0 0 0 0 0 29 16 0 0 0 0 0 20 0 0 0 0 127 0 0 60 
0 0 0 0 0 56 0 0 0 0 0 28 16 0 0 0 0 0 27 0 0 0 0 127 0 0 60 
0 0 0 0 0 55 0 0 0 0 0 29 16 0 0 0 0 0 26 0 0 0 0 127 0 0 60 
0 0 0 0 0 56 0 0 0 0 0 29 16 0 0 0 0 0 20 0 0 0 0 127 0 0 60 
0 0 0 0 0 56 0 0 0 0 0 29 16 0 0 0 0 0 19 0 0 0 0 127 0 0 60 
0 0 0 0 0 55 0 0 0 0 0 28 16 0 0 0 0 0 24 0 0 0 0 127 0 0 60 
0 0 0 0 0 56 0 0 0 0 0 28 16 0 0 0 0 0 18 0 0 10 0 127 0 0 60 
0 0 0 0 0 56 0 0 0 0 0 28 16 0 0 0 0 0 26 0 0 0 0 127 0 0 60 
0 0 0 0 0 55 0 0 0 0 0 29 16 0 0 0 0 0 17 0 0 0 0 127 0 0 60 
0 0 0 0 0 55 0 0 0 0 0 28 16 0 0 0 0 0 19 0 0 10 0 127 0 0 60 
0 0 0 0 0 55 0 0 0 0 0 29 16 0 0 0 0 0 25 0 0 10 0 127 0 0 60 
0 0 0 0 0 55 0 0 0 0 0 29 16 0 0 0 0 0 18 0 0 0 0 127 0 0 60 
0 0 0 0 0 55 0 0 0 0 0 28 16 0 0 0 0 0 26 0 0 0 0 127 0 0 60 
0 0 0 0 0 55 0 0 0 0 0 28 16 0 0 0 0 0 20 0 0 0 0 127 0 0 60 
0 0 0 0 0 55 0 0 0 0 0 28 16 0 0 0 0 0 25 0 0 0 0 127 0 0 60 
0 0 0 0 0 55 0 0 0 0 0 25 16 0 0 0 0 0 16 0 0 0 0 127 0 0 60 
0 0 0 0 0 55 0 0 0 0 0 29 16 0 0 0 0 0 24 0 0 0 0 127 0 0 60 
0 0 0 0 0 55 0 0 0 0 0 28 16 0 0 0 0 0 23 0 0 0 0 127 0 0 60 
0 0 0 0 0 55 0 0 0 0 0 29 16 0 0 0 0 0 27 0 0 0 0 127 0 0 60 
0 0 0 0 0 55 0 0 0 0 0 27 16 0 0 0 0 0 17 0 0 0 0 127 0 0 60 
0 0 0 0 0 55 0 0 0 0 0 26 16 0 0 0 0 0 20 0 0 10 0 127 0 0 60 
0 0 0 0 0 55 0 0 0 0 0 29 16 0 0 0 0 0 25 0 0 10 0 127 0 0 60 
0 0 0 0 0 54 0 0 0 0 0 28 16 0 0 0 0 0 25 0 0 10 0 127 0 0 60 
0 0 0 0 0 54 0 0 0 0 0 29 16 0 0 0 0 0 25 0 0 0 0 127 0 0 60 
0 0 0 0 0 54 0 0 0 0 0 30 16 0 0 0 0 0 18 0 0 10 0 127 0 0 60 
0 0 0 0 0 54 0 0 0 0 0 28 16 0 0 0 0 0 25 0 0 10 0 127 0 0 60 
0 0 0 0 0 54 0 0 0 0 0 29 16 0 0 0 0 0 23 0 0 10 0 127 0 0 60 
0 0 0 0 0 54 0 0 0 0 0 29 16 0 0 0 0 0 18 0 0 0 0 127 0 0 60 
0 0 0 0 0 54 0 0 0 0 0 26 16 0 0 0 0 0 28 0 0 10 0 127 0 0 60 
0 0 0 0 0 54 0 0 0 0 0 27 16 0 0 0 0 0 24 0 0 0 0 127 0 0 60 
0 0 0 0 0 54 0 0 0 0 0 28 16 0 0 0 0 0 21 0 0 10 0 127 0 0 60 
0 0 0 0 0 54 0 0 0 0 0 29 16 0 0 0 0 0 25 0 0 10 0 127 0 0 60 
0 0 0 0 0 54 0 0 0 0 0 29 16 0 0 0 0 0 16 0 0 0 0 127 0 0 60 
0 0 0 0 0 53 0 0 0 0 0 29 16 0 0 0 0 0 20 0 0 0 0 127 0 0 60 
0 0 0 0 0 54 0 0 0 0 0 30 16 0 0 0 0 0 27 0 0 10 0 127 0 0 60 
0 0 0 0 0 53 0 0 0 0 0 28 16 0 0 0 0 0 19 0 0 10 0 127 0 0 60 
0 0 0 0 0 52 0 0 0 0 0 29 16 0 0 0 0 0 28 0 0 10 0 127 0 0 60 
0 0 0 0 0 53 0 0 0 0 0 30 16 0 0 0 0 0 26 0 0 10 0 127 0 0 60 
0 0 0 0 0 52 0 0 0 0 0 27 16 0 0 0 0 0 21 0 0 0 0 127 0 0 60 
0 0 0 0 0 53 0 0 0 0 0 28 16 0 0 0 0 0 22 0 0 0 0 127 0 0 60 
0 0 0 0 0 53 0 0 0 0 0 27 16 0 0 0 0 0 19 0 0 10 0 127 0 0 60 
0 0 0 0 0 52 0 0 0 0 0 26 16 0 0 0 0 0 18 0 0 0 0 127 0 0 60 
0 0 0 0 0 53 0 0 0 0 0 28 16 0 0 0 0 0 18 0 0 0 0 127 0 0 60 
0 0 0 0 0 52 0 0 0 0 0 29 16 0 0 0 0 0 24 0 0 10 0 127 0 0 60 
0 0 0 0 0 52 0 0 0 0 0 29 16 0 0 0 0 0 28 0 0 10 0 127 0 0 60 
0 0 0 0 0 52 0 0 0 0 0 28 16 0 0 0 0 0 20 0 0 0 0 127 0 0 60 
0 0 0 0 0 52 0 0 0 0 0 28 16 0 0 0 0 0 25 0 0 0 0 127 0 0 60 
0 0 0 0 0 52 0 0 0 0 0 29 16 0 0 0 0 0 21 0 0 0 0 127 0 0 60 
0 0 0 0 0 51 0 0 0 0 0 27 17 0 0 0 0 0 23 0 0 10 0 127 0 0 60 
0 0 0 0 0 52 0 0 0 0 0 28 16 0 0 0 0 0 26 0 0 0 0 127 0 0 60 
0 0 0 0 0 52 0 0 0 0 0 29 16 0 0 0 0 0 18 0 0 10 0 127 0 0 60 
0 0 0 0 0 50 0 0 0 0 0 28 16 0 0 0 0 0 28 0 0 10 0 127 0 0 60 
0 0 0 0 0 49 0 0 0 0 0 29 16 0 0 0 0 0 22 0 0 10 0 127 0 0 60 
0 0 0 0 0 50 0 0 0 0 0 29 16 0 0 0 0 0 16 0 0 10 0 127 0 0 60 
0 0 0 0 0 51 0 0 0 0 0 27 16 0 0 0 0 0 23 0 0 10 0 127 0 0 60 
0 0 0 0 0 52 0 0 0 0 0 29 16 0 0 0 0 0 19 0 0 10 0 127 0 0 60 
0 0 0 0 0 52 0 0 0 0 0 27 16 0 0 0 0 0 25 0 0 11 0 127 0 0 60 
0 0 0 0 0 51 0 0 0 0 0 27 16 0 0 0 0 0 28 0 0 10 0 127 0 0 60 
0 0 0 0 0 50 0 0 0 0 0 29 16 0 0 0 0 0 29 0 0 0 0 127 0 0 60 
0 0 0 0 0 49 0 0 0 0 0 27 16 0 0 0 0 0 27 0 0 10 0 127 0 0 60 
0 0 0 0 0 52 0 0 0 0 0 28 16 0 0 0 0 0 23 0 0 10 0 127 0 0 60 
0 0 0 0 0 52 0 0 0 0 0 28 16 0 0 0 0 0 20 0 0 0 0 127 0 0 60 
0 0 0 0 0 51 0 0 0 0 0 27 16 0 0 0 0 0 20 0 0 10 0 127 0 0 60 
0 0 0 0 0 50 0 0 0 0 0 28 16 0 0 0 0 0 19 0 0 10 0 127 0 0 60 
0 0 0 0 0 52 0 0 0 0 0 28 16 0 0 0 0 0 21 0 0 10 0 127 0 0 60 
0 0 0 0 0 51 0 0 0 0 0 28 16 0 0 0 0 0 18 0 0 10 0 127 0 0 60 
0 0 0 0 0 51 0 0 0 0 0 28 16 0 0 0 0 0 24 0 0 10 0 127 0 0 60 
0 0 0 0 0 52 0 0 0 0 0 27 16 0 0 0 0 0 18 0 0 10 0 127 0 0 60 
0 0 0 0 0 50 0 0 0 0 0 28 16 0 0 0 0 0 26 0 0 11 0 127 0 0 60 
0 0 0 0 0 49 0 0 0 0 0 27 16 0 0 0 0 0 20 0 0 10 0 127 0 0 60 
0 0 0 0 0 51 0 0 0 0 0 29 16 0 0 0 0 0 27 0 0 10 0 127 0 0 60 
0 0 0 0 0 50 0 0 0 0 0 29 16 0 0 0 0 0 17 0 0 10 0 127 0 0 60 
0 0 0 0 0 51 0 0 0 0 0 29 16 0 0 0 0 0 26 0 0 10 0 127 0 0 60 
0 0 0 0 0 50 0 0 0 0 0 29 16 0 0 0 0 0 21 0 0 10 0 127 0 0 60 
0 0 0 0 0 51 0 0 0 0 0 30 16 0 0 0 0 0 21 0 0 10 0 127 0 0 60 
0 0 0 0 0 51 0 0 0 0 0 28 16 0 0 0 0 0 19 0 0 10 0 127 0 0 60 
0 0 0 0 0 52 0 0 0 0 0 28 16 0 0 0 0 0 17 0 0 0 0 127 0 0 60 
0 0 0 0 0 52 0 0 0 0 0 29 16 0 0 0 0 0 27 0 0 10 0 127 0 0 60 
0 0 0 0 0 53 0 0 0 0 0 28 16 0 0 0 0 0 18 0 0 0 0 127 0 0 60 
0 0 0 0 0 53 0 0 0 0 0 29 16 0 0 0 0 0 25 0 0 10 0 127 0 0 60 
0 0 0 0 0 52 0 0 0 0 0 29 16 0 0 0 0 0 24 0 0 0 0 127 0 0 60 
0 0 0 0 0 51 0 0 0 0 0 28 16 0 0 0 0 0 23 0 0 10 0 127 0 0 60 
0 0 0 0 0 53 0 0 0 0 0 28 16 0 0 0 0 0 20 0 0 10 0 127 0 0 60 
0 0 0 0 0 53 0 0 0 0 0 28 16 0 0 0 0 0 23 0 0 10 0 127 0 0 60 
0 0 0 0 0 51 0 0 0 0 0 29 16 0 0 0 0 0 27 0 0 10 0 127 0 0 60 
0 0 0 0 0 53 0 0 0 0 0 29 16 0 0 0 0 0 20 0 0 10 0 127 0 0 60 
0 0 0 0 0 51 0 0 0 0 0 28 16 0 0 0 0 0 27 0 0 10 0 127 0 0 60 
0 0 0 0 0 48 0 0 0 0 0 29 16 0 0 0 0 0 18 0 0 10 0 127 0 0 60 
0 0 0 0 0 55 0 0 0 0 0 28 16 0 0 0 0 0 19 0 0 0 0 127 0 0 60 
0 0 0 0 0 57 0 0 0 0 0 28 16 0 0 0 0 0 19 0 0 10 0 127 0 0 60 
0 0 0 0 0 56 0 0 0 0 0 28 16 0 0 0 0 0 25 0 0 0 0 127 0 0 60 
0 0 0 0 0 56 0 0 0 0 0 28 16 0 0 0 0 0 18 0 0 0 0 127 0 0 60 
0 0 0 0 0 56 0 0 0 0 0 30 16 0 0 0 0 0 24 0 0 10 0 127 0 0 60 
0 0 0 0 0 58 0 0 0 0 0 28 16 0 0 0 0 0 23 0 0 0 0 127 0 0 60 
0 0 0 0 0 55 0 0 0 0 0 29 16 0 0 0 0 0 27 0 0 10 0 127 0 0 60 
0 0 0 0 0 57 0 0 0 0 0 28 16 0 0 0 0 0 29 0 0 0 0 127 0 0 60 
0 0 0 0 0 58 0 0 0 0 0 27 16 0 0 0 0 0 23 0 0 0 0 127 0 0 60 
0 0 0 0 0 56 0 0 0 0 0 28 16 0 0 0 0 0 19 0 0 0 0 127 0 0 60 
0 0 0 0 0 58 0 0 0 0 0 28 16 0 0 0 0 0 25 0 0 0 0 127 0 0 60 
0 0 0 0 0 56 0 0 0 0 0 28 16 0 0 0 0 0 27 0 0 0 0 127 0 0 60 
0 0 0 0 0 57 0 0 0 0 0 28 16 0 0 0 0 0 28 0 0 0 0 127 0 0 60 
0 0 0 0 0 57 0 0 0 0 0 29 16 0 0 0 0 0 26 0 0 0 0 127 0 0 60 
0 0 0 0 0 56 0 0 0 0 0 28 16 0 0 0 0 0 19 0 0 0 0 127 0 0 60 
0 0 0 0 0 56 0 0 0 0 0 28 16 0 0 0 0 0 27 0 0 0 0 127 0 0 60 
0 0 0 0 0 57 0 0 0 0 0 30 16 0 0 0 0 0 21 0 0 0 0 127 0 0 60 
0 0 0 0 0 57 0 0 0 0 0 29 16 0 0 0 0 0 18 0 0 0 0 127 0 0 60 
0 0 0 0 0 56 0 0 0 0 0 27 16 0 0 0 0 0 18 0 0 0 0 127 0 0 60 
0 0 0 0 0 56 0 0 0 0 0 27 16 0 0 0 0 0 17 0 0 0 0 127 0 0 60 
0 0 0 0 0 57 0 0 0 0 0 29 16 0 0 0 0 0 28 0 0 0 0 127 0 0 60 
0 0 0 0 0 57 0 0 0 0 0 27 16 0 0 0 0 0 19 0 0 0 0 127 0 0 60 
0 0 0 0 0 57 0 0 0 0 0 29 16 0 0 0 0 0 20 0 0 0 0 127 0 0 60 
0 0 0 0 0 58 0 0 0 0 0 29 16 0 0 0 0 0 17 0 0 10 0 127 0 0 60 
0 0 0 0 0 57 0 0 0 0 0 28 16 0 0 0 0 0 26 0 0 10 0 127 0 0 60 
0 0 0 0 0 56 0 0 0 0 0 29 16 0 0 0 0 0 29 0 0 10 0 127 0 0 60 
0 0 0 0 0 57 0 0 0 0 0 28 16 0 0 0 0 0 18 0 0 10 0 127 0 0 60 
0 0 0 0 0 57 0 0 0 0 0 27 16 0 0 0 0 0 23 0 0 10 0 127 0 0 60 
0 0 0 0 0 56 0 0 0 0 0 29 16 0 0 0 0 0 23 0 0 10 0 127 0 0 60 
0 0 0 0 0 57 0 0 0 0 0 27 16 0 0 0 0 0 23 0 0 10 0 127 0 0 60 
0 0 0 0 0 56 0 0 0 0 0 29 16 0 0 0 0 0 21 0 0 0 0 127 0 0 60 
0 0 0 0 0 55 0 0 0 0 0 29 16 0 0 0 0 0 28 0 0 10 0 127 0 0 60 
0 0 0 0 0 55 0 0 0 0 0 30 16 0 0 0 0 0 18 0 0 10 0 127 0 0 60 
0 0 0 0 0 57 0 0 0 0 0 29 16 0 0 0 0 0 28 0 0 10 0 127 0 0 60 
0 0 0 0 0 56 0 0 0 0 0 28 16 0 0 0 0 0 28 0 0 10 0 127 0 0 60 
0 0 0 0 0 56 0 0 0 0 0 27 16 0 0 0 0 0 19 0 0 10 0 127 0 0 60 
0 0 0 0 0 56 0 0 0 0 0 29 16 0 0 0 0 0 28 0 0 10 0 127 0 0 60 
0 0 0 0 0 55 0 0 0 0 0 29 16 0 0 0 0 0 26 0 0 0 0 127 0 0 60 
0 0 0 0 0 56 0 0 0 0 0 29 16 0 0 0 0 0 20 0 0 10 0 127 0 0 60 
0 0 0 0 0 56 0 0 0 0 0 26 16 0 0 0 0 0 26 0 0 0 0 127 0 0 60 
0 0 0 0 0 55 0 0 0 0 0 25 16 0 0 0 0 0 20 0 0 10 0 127 0 0 60 
0 0 0 0 0 56 0 0 0 0 0 30 16 0 0 0 0 0 18 0 0 10 0 127 0 0 60 
0 0 0 0 0 56 0 0 0 0 0 28 16 0 0 0 0 0 28 0 0 10 0 127 0 0 60 
0 0 0 0 0 56 0 0 0 0 0 28 16 0 0 0 0 0 23 0 0 10 0 127 0 0 60 
0 0 0 0 0 56 0 0 0 0 0 29 16 0 0 0 0 0 23 0 0 10 0 127 0 0 60 
0 0 0 0 0 54 0 0 0 0 0 29 16 0 0 0 0 0 28 0 0 10 0 127 0 0 60 
0 0 0 0 0 55 0 0 0 0 0 28 16 0 0 0 0 0 18 0 0 0 0 127 0 0 60 
0 0 0 0 0 55 0 0 0 0 0 27 16 0 0 0 0 0 17 0 0 0 0 127 0 0 60 
0 0 0 0 0 55 0 0 0 0 0 26 16 0 0 0 0 0 26 0 0 0 0 127 0 0 60 
0 0 0 0 0 56 0 0 0 0 0 29 16 0 0 0 0 0 20 0 0 10 0 127 0 0 60 
0 0 0 0 0 55 0 0 0 0 0 28 16 0 0 0 0 0 18 0 0 10 0 127 0 0 60 
0 0 0 0 0 56 0 0 0 0 0 27 16 0 0 0 0 0 17 0 0 10 0 127 0 0 60 
0 0 0 0 0 56 0 0 0 0 0 28 16 0 0 0 0 0 19 0 0 10 0 127 0 0 60 
0 0 0 0 0 57 0 0 0 0 0 27 16 0 0 0 0 0 19 0 0 10 0 127 0 0 60 
0 0 0 0 0 56 0 0 0 0 0 29 16 0 0 0 0 0 27 0 0 11 0 127 0 0 60 
0 0 0 0 0 55 0 0 0 0 0 28 16 0 0 0 0 0 22 0 0 10 0 127 0 0 60 
0 0 0 0 0 56 0 0 0 0 0 27 16 0 0 0 0 0 18 0 0 11 0 127 0 0 60 
0 0 0 0 0 56 0 0 0 0 0 29 16 0 0 0 0 0 18 0 0 10 0 127 0 0 60 
0 0 0 0 0 56 0 0 0 0 0 27 16 0 0 0 0 0 28 0 0 0 0 127 0 0 60 
0 0 0 0 0 55 0 0 0 0 0 28 16 0 0 0 0 0 28 0 0 0 0 127 0 0 60 
0 0 0 0 0 57 0 0 0 0 0 28 16 0 0 0 0 0 17 0 0 10 0 127 0 0 60 
0 0 0 0 0 54 0 0 0 0 0 27 16 0 0 0 0 0 25 0 0 10 0 127 0 0 60 
0 0 0 0 0 55 0 0 0 0 0 29 17 0 0 0 0 0 18 0 0 10 0 127 0 0 60 
0 0 0 0 0 54 0 0 0 0 0 29 17 0 0 0 0 0 27 0 0 10 0 127 0 0 60 
0 0 0 0 0 56 0 0 0 0 0 27 16 0 0 0 0 0 17 0 0 0 0 127 0 0 60 
0 0 0 0 0 56 0 0 0 0 0 29 17 0 0 0 0 0 20 0 0 10 0 127 0 0 60 
0 0 0 0 0 55 0 0 0 0 0 28 17 0 0 0 0 0 25 0 0 10 0 127 0 0 60 
0 0 0 0 0 56 0 0 0 0 0 29 16 0 0 0 0 0 17 0 0 10 0 127 0 0 60 
0 0 0 0 0 55 0 0 0 0 0 28 17 0 0 0 0 0 26 0 0 10 0 127 0 0 60 
0 0 0 0 0 55 0 0 0 0 0 27 16 0 0 0 0 0 18 0 0 0 0 127 0 0 60 
0 0 0 0 0 56 0 0 0 0 0 28 17 0 0 0 0 0 18 0 0 10 0 127 0 0 60 
0 0 0 0 0 55 0 0 0 0 0 28 16 0 0 0 0 0 16 0 0 10 0 127 0 0 60 
0 0 0 0 0 53 0 0 0 0 0 29 16 0 0 0 0 0 28 0 0 10 0 127 0 0 60 
0 0 0 0 0 56 0 0 0 0 0 27 16 0 0 0 0 0 26 0 0 10 0 127 0 0 60 
0 0 0 0 0 54 0 0 0 0 0 27 16 0 0 0 0 0 26 0 0 0 0 127 0 0 60 
0 0 0 0 0 56 0 0 0 0 0 29 16 0 0 0 0 0 21 0 0 0 0 127 0 0 60 
0 0 0 0 0 56 0 0 0 0 0 28 16 0 0 0 0 0 26 0 0 0 0 127 0 0 60 
0 0 0 0 0 56 0 0 0 0 0 28 16 0 0 0 0 0 25 0 0 10 0 127 0 0 60 
0 0 0 0 0 54 0 0 0 0 0 28 16 0 0 0 0 0 27 0 0 10 0 127 0 0 60 
0 0 0 0 0 56 0 0 0 0 0 28 16 0 0 0 0 0 18 0 0 10 0 127 0 0 60 
0 0 0 0 0 56 0 0 0 0 0 28 16 0 0 0 0 0 29 0 0 10 0 127 0 0 60 
0 0 0 0 0 56 0 0 0 0 0 28 16 0 0 0 0 0 27 0 0 10 0 127 0 0 60 
0 0 0 0 0 56 0 0 0 0 0 27 16 0 0 0 0 0 28 0 0 10 0 127 0 0 60 
0 0 0 0 0 56 0 0 0 0 0 29 16 0 0 0 0 0 18 0 0 10 0 127 0 0 60 
0 0 0 0 0 56 0 0 0 0 0 29 16 0 0 0 0 0 19 0 0 0 0 127 0 0 60 
0 0 0 0 0 55 0 0 0 0 0 26 16 0 0 0 0 0 22 0 0 0 0 127 0 0 60 
0 0 0 0 0 54 0 0 0 0 0 29 16 0 0 0 0 0 24 0 0 10 0 127 0 0 60 
0 0 0 0 0 55 0 0 0 0 0 28 16 0 0 0 0 0 25 0 0 0 0 127 0 0 60 
0 0 0 0 0 56 0 0 0 0 0 26 16 0 0 0 0 0 19 0 0 0 0 127 0 0 60 
0 0 0 0 0 57 0 0 0 0 0 29 16 0 0 0 0 0 27 0 0 0 0 127 0 0 60 
0 0 0 0 0 57 0 0 0 0 0 27 16 0 0 0 0 0 28 0 0 0 0 127 0 0 60 
0 0 0 0 0 56 0 0 0 0 0 30 17 0 0 0 0 0 21 0 0 10 0 127 0 0 60 
0 0 0 0 0 57 0 0 0 0 0 28 17 0 0 0 0 0 28 0 0 10 0 127 0 0 60 
0 0 0 0 0 56 0 0 0 0 0 28 16 0 0 0 0 0 19 0 0 0 0 127 0 0 60 
0 0 0 0 0 56 0 0 0 0 0 28 16 0 0 0 0 0 19 0 0 0 0 127 0 0 60 
0 0 0 0 0 56 0 0 0 0 0 29 16 0 0 0 0 0 19 0 0 0 0 127 0 0 60 
0 0 0 0 0 56 0 0 0 0 0 29 16 0 0 0 0 0 26 0 0 0 0 127 0 0 60 
0 0 0 0 0 56 0 0 0 0 0 28 16 0 0 0 0 0 23 0 0 10 0 127 0 0 60 
0 0 0 0 0 55 0 0 0 0 0 28 16 0 0 0 0 0 19 0 0 10 0 127 0 0 60 
0 0 0 0 0 56 0 0 0 0 0 28 16 0 0 0 0 0 28 0 0 10 0 127 0 0 60 
0 0 0 0 0 56 0 0 0 0 0 29 16 0 0 0 0 0 18 0 0 10 0 127 0 0 60 
0 0 0 0 0 56 0 0 0 0 0 27 16 0 0 0 0 0 28 0 0 10 0 127 0 0 60 
0 0 0 0 0 56 0 0 0 0 0 28 16 0 0 0 0 0 22 0 0 0 0 127 0 0 60 
0 0 0 0 0 55 0 0 0 0 0 28 16 0 0 0 0 0 19 0 0 10 0 127 0 0 60 
0 0 0 0 0 55 0 0 0 0 0 29 16 0 0 0 0 0 25 0 0 10 0 127 0 0 60 
0 0 0 0 0 54 0 0 0 0 0 27 16 0 0 0 0 0 28 0 0 10 0 127 0 0 60 
0 0 0 0 0 54 0 0 0 0 0 27 17 0 0 0 0 0 23 0 0 10 0 127 0 0 60 
0 0 0 0 0 55 0 0 0 0 0 29 16 0 0 0 0 0 22 0 0 0 0 127 0 0 60 
0 0 0 0 0 54 0 0 0 0 0 29 16 0 0 0 0 0 24 0 0 10 0 127 0 0 60 
0 10 0 0 0 55 0 0 0 0 0 27 16 0 0 0 0 0 21 0 0 10 0 127 0 0 60 
0 0 0 0 0 54 0 0 0 0 0 27 16 0 0 0 0 0 19 0 0 10 0 127 0 0 60 
0 0 0 0 0 56 0 0 0 0 0 27 17 0 0 0 0 0 19 0 0 10 0 127 0 0 60 
0 0 0 0 0 54 0 0 0 0 0 28 16 0 0 0 0 0 24 0 0 0 0 127 0 0 60 
0 0 0 0 0 56 0 0 0 0 0 28 16 0 0 0 0 0 28 0 0 10 0 127 0 0 60 
0 0 0 0 0 56 0 0 0 0 0 28 16 0 0 0 0 0 26 0 0 10 0 127 0 0 60 
0 0 0 0 0 57 0 0 0 0 0 28 17 0 0 0 0 0 23 0 0 10 0 127 0 0 60 
0 0 0 0 0 56 0 0 0 0 0 29 16 0 0 0 0 0 20 0 0 10 0 127 0 0 60 
0 0 0 0 0 56 0 0 0 0 0 28 16 0 0 0 0 0 27 0 0 10 0 127 0 0 60 
0 0 0 0 0 54 0 0 0 0 0 28 16 0 0 0 0 0 27 0 0 10 0 127 0 0 60 
0 0 0 0 0 56 0 0 0 0 0 28 16 0 0 0 0 0 26 0 0 10 0 127 0 0 60 
0 0 0 0 0 57 0 0 0 0 0 29 16 0 0 0 0 0 19 0 0 10 0 127 0 0 60 
0 0 0 0 0 57 0 0 0 0 0 27 16 0 0 0 0 0 27 0 0 10 0 127 0 0 60 
0 0 0 0 0 57 0 0 0 0 0 28 16 0 0 0 0 0 21 0 0 10 0 127 0 0 60 
0 0 0 0 0 58 0 0 0 0 0 29 16 0 0 0 0 0 27 0 0 10 0 127 0 0 60 
0 0 0 0 0 55 0 0 0 0 0 29 16 0 0 0 0 0 28 0 0 0 0 127 0 0 60 
0 0 0 0 0 57 0 0 0 0 0 28 16 0 0 0 0 0 17 0 0 10 0 127 0 0 60 
0 0 0 0 0 53 0 0 0 0 0 27 16 0 0 0 0 0 21 0 0 10 0 127 0 0 60 
0 0 0 0 0 56 0 0 0 0 0 29 16 0 0 0 0 0 21 0 0 0 0 127 0 0 60 
0 0 0 0 0 56 0 0 0 0 0 29 16 0 0 0 0 0 20 0 0 0 0 127 0 0 60 
0 0 0 0 0 55 0 0 0 0 0 28 16 0 0 0 0 0 26 0 0 0 0 127 0 0 60 
0 0 0 0 0 56 0 0 0 0 0 29 16 0 0 0 0 0 24 0 0 10 0 127 0 0 60 
0 0 0 0 0 56 0 0 0 0 0 29 16 0 0 0 0 0 23 0 0 10 0 127 0 0 60 
0 0 0 0 0 56 0 0 0 0 0 29 16 0 0 0 0 0 28 0 0 0 0 127 0 0 60 
0 0 0 0 0 56 0 0 0 0 0 28 16 0 0 0 0 0 18 0 0 0 0 127 0 0 60 
0 0 0 0 0 56 0 0 0 0 0 29 16 0 0 0 0 0 25 0 0 10 0 127 0 0 60 
0 0 0 0 0 58 0 0 0 0 0 29 16 0 0 0 0 0 20 0 0 0 0 127 0 0 60 
0 0 0 0 0 57 0 0 0 0 0 29 16 0 0 0 0 0 18 0 0 0 0 127 0 0 60 
0 0 0 0 0 56 0 0 0 0 0 28 16 0 0 0 0 0 23 0 0 0 0 127 0 0 60 
0 0 0 0 0 57 0 0 0 0 0 28 16 0 0 0 0 0 29 0 0 0 0 127 0 0 60 
0 0 0 0 0 56 0 0 0 0 0 28 16 0 0 0 0 0 18 0 0 0 0 127 0 0 60 
0 0 0 0 0 57 0 0 0 0 0 28 16 0 0 0 0 0 18 0 0 0 0 127 0 0 60 
0 0 0 0 0 56 0 0 0 0 0 28 16 0 0 0 0 0 20 0 0 0 0 127 0 0 60 
0 0 0 0 0 57 0 0 0 0 0 28 16 0 0 0 0 0 27 0 0 10 0 127 0 0 60 
0 0 0 0 0 56 0 0 0 0 0 27 16 0 0 0 0 0 18 0 0 10 0 127 0 0 60 
0 0 0 0 0 58 0 0 0 0 0 28 16 0 0 0 0 0 18 0 0 0 0 127 0 0 60 
0 0 0 0 0 57 0 0 0 0 0 27 16 0 0 0 0 0 29 0 0 0 0 127 0 0 60 
0 0 0 0 0 56 0 0 0 0 0 29 16 0 0 0 0 0 20 0 0 0 0 127 0 0 60 
0 0 0 0 0 56 0 0 0 0 0 28 16 0 0 0 0 0 24 0 0 0 0 127 0 0 60 
0 0 0 0 0 57 0 0 0 0 0 28 16 0 0 0 0 0 24 0 0 10 0 127 0 0 60 
0 0 0 0 0 57 0 0 0 0 0 27 16 0 0 0 0 0 28 0 0 10 0 127 0 0 60 
0 0 0 0 0 57 0 0 0 0 0 29 16 0 0 0 0 0 19 0 0 10 0 127 0 0 60 
0 0 0 0 0 56 0 0 0 0 0 27 16 0 0 0 0 0 17 0 0 10 0 127 0 0 60 
0 0 0 0 0 57 0 0 0 0 0 29 16 0 0 0 0 0 26 0 0 0 0 127 0 0 60 
0 0 0 0 0 56 0 0 0 0 0 28 16 0 0 0 0 0 22 0 0 0 0 127 0 0 60 
0 0 0 0 0 57 0 0 0 0 0 27 16 0 0 0 0 0 18 0 0 0 0 127 0 0 60 
0 0 0 0 0 57 0 0 0 0 0 30 17 0 0 0 0 0 27 0 0 0 0 127 0 0 60 
0 0 0 0 0 57 0 0 0 0 0 27 16 0 0 0 0 0 19 0 0 10 0 127 0 0 60 
0 0 0 0 0 57 0 0 0 0 0 27 16 0 0 0 0 0 22 0 0 0 0 127 0 0 60 
0 0 0 0 0 58 0 0 0 0 0 28 16 0 0 0 0 0 29 0 0 0 0 127 0 0 60 
0 0 0 0 0 57 0 0 0 0 0 29 16 0 0 0 0 0 19 0 0 10 0 127 0 0 60 
0 0 0 0 0 58 0 0 0 0 0 29 16 0 0 0 0 0 26 0 0 10 0 127 0 0 60 
0 0 0 0 0 57 0 0 0 0 0 28 16 0 0 0 0 0 19 0 0 0 0 127 0 0 60 
0 0 0 0 0 58 0 0 0 0 0 30 17 0 0 0 0 0 20 0 0 0 0 127 0 0 60 
0 0 0 0 0 57 0 0 0 0 0 29 16 0 0 0 0 0 27 0 0 0 0 127 0 0 60 
0 0 0 0 0 57 0 0 0 0 0 28 16 0 0 0 0 0 23 0 0 10 0 127 0 0 60 
0 0 0 0 0 57 0 0 0 0 0 28 16 0 0 0 0 0 20 0 0 0 0 127 0 0 60 
0 0 0 0 0 57 0 0 0 0 0 27 17 0 0 0 0 0 27 0 0 10 0 127 0 0 60 
0 0 0 0 0 57 0 0 0 0 0 28 16 0 0 0 0 0 25 0 0 10 0 127 0 0 60 
0 0 0 0 0 57 0 0 0 0 0 26 16 0 0 0 0 0 27 0 0 10 0 127 0 0 60 
0 0 0 0 0 58 0 0 0 0 0 27 16 0 0 0 0 0 20 0 0 10 0 127 0 0 60 
0 10 0 0 0 57 0 0 0 0 0 30 16 0 0 0 0 0 18 0 0 11 0 127 0 0 60 
0 444 0 0 0 56 0 0 0 0 0 28 16 0 0 0 0 0 27 0 0 10 0 127 0 0 60 
0 589 0 0 0 56 0 0 0 0 0 28 16 0 0 0 0 0 23 0 0 10 0 127 0 0 60 
0 544 0 0 0 56 0 0 0 0 0 28 16 0 0 0 0 0 19 0 0 10 0 127 0 0 60 
0 494 0 0 0 56 0 0 0 0 0 28 17 0 0 0 0 0 24 0 0 10 0 127 0 0 60 
0 475 0 0 0 56 0 0 0 0 0 29 16 0 0 0 0 0 25 0 0 10 0 127 0 0 60 
0 470 0 0 0 57 0 0 0 0 0 27 16 0 0 0 0 0 17 0 0 10 0 127 0 0 60 
0 560 0 0 0 56 0 0 0 0 0 26 17 0 0 0 0 0 18 0 0 10 0 127 0 0 60 
0 548 0 0 0 56 0 0 0 0 0 24 16 0 0 0 0 0 19 0 0 11 0 127 0 0 60 
0 526 0 0 0 55 0 0 0 0 0 27 17 0 0 0 0 0 24 0 0 10 0 127 0 0 60 
0 463 0 0 0 56 0 0 0 0 0 26 16 0 0 0 0 0 20 0 0 10 0 127 0 0 60 
0 478 0 0 0 56 0 0 0 0 0 28 16 0 0 0 0 0 26 0 0 10 0 127 0 0 60 
0 515 0 0 0 56 0 0 0 0 0 25 16 0 0 0 0 0 20 0 0 10 0 127 0 0 60 
0 513 0 0 0 55 0 0 0 0 0 27 17 0 0 0 0 0 23 0 0 10 0 127 0 0 60 
0 493 0 0 0 58 0 0 0 0 0 27 17 0 0 0 0 0 17 0 0 10 0 127 0 0 60 
0 416 0 0 0 57 0 0 0 0 0 27 16 0 0 0 0 0 20 0 0 10 0 127 0 0 60 
0 441 0 0 0 57 0 0 0 0 0 28 16 0 0 0 0 0 21 0 0 10 0 127 0 0 60 
0 460 0 0 0 57 0 0 0 0 0 28 16 0 0 0 0 0 23 0 0 10 0 127 0 0 60 
0 460 0 0 0 57 0 0 0 0 0 28 16 0 0 0 0 0 18 0 0 10 0 127 0 0 60 
0 438 0 0 0 58 0 0 0 0 0 27 16 0 0 0 0 0 23 0 0 0 0 127 0 0 60 
0 403 0 0 0 56 0 0 0 0 0 27 16 0 0 0 0 0 19 0 0 10 0 127 0 0 60 
0 367 0 0 0 57 0 0 0 0 0 29 16 0 0 0 0 0 18 0 0 10 0 127 0 0 60 
0 424 0 0 0 57 0 0 0 0 0 28 16 0 0 0 0 0 28 0 0 10 0 127 0 0 60 
0 386 0 0 0 56 0 0 0 0 0 29 16 0 0 0 0 0 22 0 0 0 0 127 0 0 60 
0 391 0 0 0 57 0 0 0 0 0 28 16 0 0 0 0 0 28 0 0 0 0 127 0 0 60 
0 351 0 0 0 58 0 0 0 0 0 27 16 0 0 0 0 0 23 0 0 10 0 127 0 0 60 
0 350 0 0 0 58 0 0 0 0 0 29 16 0 0 0 0 0 19 0 0 0 0 127 0 0 60 
0 345 0 0 0 58 0 0 0 0 0 28 16 0 0 0 0 0 27 0 0 0 0 127 0 0 60 
0 334 0 0 0 57 0 0 0 0 0 28 16 0 0 0 0 0 20 0 0 0 0 127 0 0 60 
0 275 0 0 0 57 0 0 0 0 0 28 16 0 0 0 0 0 20 0 0 10 0 127 0 0 60 
0 310 0 0 0 56 0 0 0 0 0 28 16 0 0 0 0 0 20 0 0 10 0 127 0 0 60 
0 281 0 0 0 56 0 0 0 0 0 28 16 0 0 0 0 0 20 0 0 11 0 127 0 0 60 
0 255 0 0 0 55 0 0 0 0 0 29 16 0 0 0 0 0 19 0 0 10 0 127 0 0 60 
0 235 0 0 0 55 0 0 0 0 0 28 16 0 0 0 0 0 21 0 0 10 0 127 0 0 60 
0 202 0 0 0 56 0 0 0 0 0 30 16 0 0 0 0 0 18 0 0 10 0 127 0 0 60 
0 325 0 0 0 57 0 0 0 0 0 29 16 0 0 0 0 0 25 0 0 10 0 127 0 0 60 
0 248 0 0 0 56 0 0 0 0 0 27 16 0 0 0 0 0 18 0 0 11 0 127 0 0 60 
0 116 0 0 0 55 0 0 0 0 0 29 16 0 0 0 0 0 25 0 0 10 0 127 0 0 60 
0 143 0 0 0 57 0 0 0 0 0 28 16 0 0 0 0 0 17 0 0 10 0 127 0 0 60 
0 150 0 0 0 55 0 0 0 0 0 28 16 0 0 0 0 0 19 0 0 10 0 127 0 0 60 
0 253 0 0 0 55 0 0 0 0 0 28 16 0 0 0 0 0 27 0 0 0 0 127 0 0 60 
0 155 0 0 0 56 0 0 0 0 0 27 16 0 0 0 0 0 23 0 0 0 0 127 0 0 60 
0 98 0 0 0 54 0 0 0 0 0 30 16 0 0 0 0 0 26 0 0 0 0 127 0 0 60 
0 105 0 0 0 55 0 0 0 0 0 30 16 0 0 0 0 0 21 0 0 0 0 127 0 0 60 
0 103 0 0 0 55 0 0 0 0 0 29 16 0 0 0 0 0 16 0 0 0 0 127 0 0 60 
0 255 0 0 0 56 0 0 0 0 0 28 16 0 0 0 0 0 18 0 0 10 0 127 0 0 60 
0 157 0 0 0 55 0 0 0 0 0 28 16 0 0 0 0 0 17 0 0 10 0 127 0 0 60 
0 45 0 0 0 55 0 0 0 0 0 29 16 0 0 0 0 0 25 0 0 10 0 127 0 0 60 
0 42 0 0 0 55 0 0 0 0 0 28 16 0 0 0 0 0 20 0 0 10 0 127 0 0 60 
0 39 0 0 0 55 0 0 0 0 0 28 16 0 0 0 0 0 27 0 0 0 0 127 0 0 60 
0 199 0 0 0 55 0 0 0 0 0 29 16 0 0 0 0 0 26 0 0 10 0 127 0 0 60 
0 109 0 0 0 54 0 0 0 0 0 27 16 0 0 0 0 0 18 0 0 10 0 127 0 0 60 
0 32 0 0 0 54 0 0 0 0 0 26 16 0 0 0 0 0 19 0 0 0 0 127 0 0 60 
0 36 0 0 0 55 0 0 0 0 0 28 16 0 0 0 0 0 27 0 0 0 0 127 0 0 60 
0 38 0 0 0 56 0 0 0 0 0 27 16 0 0 0 0 0 23 0 0 10 0 127 0 0 60 
0 185 0 0 0 55 0 0 0 0 0 28 16 0 0 0 0 0 24 0 0 10 0 127 0 0 60 
0 102 0 0 0 54 0 0 0 0 0 29 16 0 0 0 0 0 23 0 0 0 0 127 0 0 60 
0 19 0 0 0 54 0 0 0 0 0 27 16 0 0 0 0 0 19 0 0 0 0 127 0 0 60 
0 36 0 0 0 52 0 0 0 0 0 31 16 0 0 0 0 0 21 0 0 10 0 127 0 0 60 
0 25 0 0 0 54 0 0 0 0 0 28 16 0 0 0 0 0 21 0 0 10 0 127 0 0 60 
0 179 0 0 0 55 0 0 0 0 0 28 17 0 0 0 0 0 27 0 0 10 0 127 0 0 60 
0 71 0 0 0 56 0 0 0 0 0 29 16 0 0 0 0 0 17 0 0 0 0 127 0 0 60 
0 24 0 0 0 54 0 0 0 0 0 28 16 0 0 0 0 0 19 0 0 0 0 127 0 0 60 
0 11 0 0 0 53 0 0 0 0 0 29 16 0 0 0 0 0 27 0 0 0 0 127 0 0 60 
0 10 0 0 0 54 0 0 0 0 0 29 16 0 0 0 0 0 27 0 0 10 0 127 0 0 60 
0 151 0 0 0 54 0 0 0 0 0 29 16 0 0 0 0 0 19 0 0 10 0 127 0 0 60 
0 44 0 0 0 54 0 0 0 0 0 29 16 0 0 0 0 0 18 0 0 0 0 127 0 0 60 
0 0 0 0 0 54 0 0 0 0 0 28 16 0 0 0 0 0 22 0 0 10 0 127 0 0 60 
0 76 0 0 0 53 0 0 0 0 0 29 17 0 0 0 0 0 22 0 0 10 0 127 0 0 60 
0 19 0 0 0 54 0 0 0 0 0 28 16 0 0 0 0 0 27 0 0 10 0 127 0 0 60 
0 125 0 0 0 56 0 0 0 0 0 27 16 0 0 0 0 0 26 0 0 10 0 127 0 0 60 
0 27 0 0 0 57 0 0 0 0 0 29 16 0 0 0 0 0 21 0 0 10 0 127 0 0 60 
0 0 0 0 0 56 0 0 0 0 0 28 16 0 0 0 0 0 27 0 0 10 0 127 0 0 60 
0 36 0 0 0 55 0 0 0 0 0 28 16 0 0 0 0 0 23 0 0 10 0 127 0 0 60 
0 0 0 0 0 56 0 0 0 0 0 29 16 0 0 0 0 0 28 0 0 10 0 127 0 0 60 
0 118 0 0 0 54 0 0 0 0 0 28 16 0 0 0 0 0 19 0 0 10 0 127 0 0 60 
0 18 0 0 0 55 0 0 0 0 0 29 17 0 0 0 0 0 21 0 0 10 0 127 0 0 60 
0 0 0 0 0 54 0 0 0 0 0 29 16 0 0 0 0 0 18 0 0 0 0 127 0 0 60 
0 0 0 0 0 56 0 0 0 0 0 28 16 0 0 0 0 0 21 0 0 10 0 127 0 0 60 
0 0 0 0 0 55 0 0 0 0 0 29 16 0 0 0 0 0 22 0 0 10 0 127 0 0 60 
0 101 0 0 0 54 0 0 0 0 0 28 16 0 0 0 0 0 19 0 0 10 0 127 0 0 60 
0 15 0 0 0 54 0 0 0 0 0 30 16 0 0 0 0 0 23 0 0 10 0 127 0 0 60 
0 0 0 0 0 55 0 0 0 0 0 29 16 0 0 0 0 0 25 0 0 0 0 127 0 0 60 
0 0 0 0 0 55 0 0 0 0 0 27 16 0 0 0 0 0 18 0 0 0 0 127 0 0 60 
0 0 0 0 0 55 0 0 0 0 0 27 16 0 0 0 0 0 18 0 0 0 0 127 0 0 60 
0 86 0 0 0 54 0 0 0 0 0 30 17 0 0 0 0 0 27 0 0 0 0 127 0 0 60 
0 11 0 0 0 54 0 0 0 0 0 29 16 0 0 0 0 0 27 0 0 10 0 127 0 0 60 
0 27 0 0 0 54 0 0 0 0 0 28 16 0 0 0 0 0 25 0 0 0 0 127 0 0 60 
0 0 0 0 0 55 0 0 0 0 0 28 16 0 0 0 0 0 22 0 0 10 0 127 0 0 60 
0 0 0 0 0 52 0 0 0 0 0 29 15 0 0 0 0 0 22 0 0 10 0 127 0 0 60 
0 100 0 0 0 52 0 0 0 0 0 28 16 0 0 0 0 0 21 0 0 0 0 127 0 0 60 
0 0 0 0 0 52 0 0 0 0 0 27 14 0 0 0 0 0 24 0 0 0 0 127 0 0 60 
0 0 0 0 0 53 0 0 0 0 0 28 16 0 0 0 0 0 18 0 0 10 0 127 0 0 60 
0 0 0 0 0 52 0 0 0 0 0 28 16 0 0 0 0 0 25 0 0 10 0 127 0 0 60 
0 0 0 0 0 55 0 0 0 0 0 28 16 0 0 0 0 0 23 0 0 10 0 127 0 0 60 
0 102 0 0 0 54 0 0 0 0 0 29 16 0 0 0 0 0 18 0 0 10 0 127 0 0 60 
0 18 0 0 0 53 0 0 0 0 0 28 16 0 0 0 0 0 19 0 0 11 0 127 0 0 60 
0 13 0 0 0 52 0 0 0 0 0 30 17 0 0 0 0 0 18 0 0 10 0 127 0 0 60 
0 0 0 0 0 53 0 0 0 0 0 28 16 0 0 0 0 0 18 0 0 10 0 127 0 0 60 
0 0 0 0 0 53 0 0 0 0 0 27 16 0 0 0 0 0 27 0 0 10 0 127 0 0 60 
0 102 0 0 0 54 0 0 0 0 0 29 16 0 0 0 0 0 26 0 0 0 0 127 0 0 60 
0 0 0 0 0 54 0 0 0 0 0 29 16 0 0 0 0 0 18 0 0 10 0 127 0 0 60 
0 0 0 0 0 53 0 0 0 0 0 28 17 0 0 0 0 0 17 0 0 10 0 127 0 0 60 
0 0 0 0 0 54 0 0 0 0 0 28 16 0 0 0 0 0 18 0 0 0 0 127 0 0 60 
0 0 0 0 0 52 0 0 0 0 0 27 16 0 0 0 0 0 25 0 0 0 0 127 0 0 60 
0 85 0 0 0 52 0 0 0 0 0 28 17 0 0 0 0 0 22 0 0 0 0 127 0 0 60 
0 0 0 0 0 54 0 0 0 0 0 28 16 0 0 0 0 0 18 0 0 0 0 127 0 0 60 
0 0 0 0 0 54 0 0 0 0 0 27 16 0 0 0 0 0 20 0 0 10 0 127 0 0 60 
0 0 0 0 0 54 0 0 0 0 0 29 16 0 0 0 0 0 18 0 0 0 0 127 0 0 60 
0 0 0 0 0 54 0 0 0 0 0 27 16 0 0 0 0 0 27 0 0 10 0 127 0 0 60 
0 73 0 0 0 54 0 0 0 0 0 27 16 0 0 0 0 0 20 0 0 10 0 127 0 0 60 
0 0 0 0 0 53 0 0 0 0 0 27 16 0 0 0 0 0 20 0 0 10 0 127 0 0 60 
0 10 0 0 0 55 0 0 0 0 0 29 16 0 0 0 0 0 20 0 0 0 0 127 0 0 60 
0 0 0 0 0 56 0 0 0 0 0 28 16 0 0 0 0 0 25 0 0 10 0 127 0 0 60 
0 0 0 0 0 56 0 0 0 0 0 28 17 0 0 0 0 0 19 0 0 10 0 127 0 0 60 
0 91 0 0 0 56 0 0 0 0 0 28 16 0 0 0 0 0 26 0 0 10 0 127 0 0 60 
0 0 0 0 0 55 0 0 0 0 0 28 16 0 0 0 0 0 18 0 0 10 0 127 0 0 60 
0 0 0 0 0 54 0 0 0 0 0 27 16 0 0 0 0 0 27 0 0 0 0 127 0 0 60 
0 0 0 0 0 54 0 0 0 0 0 29 16 0 0 0 0 0 19 0 0 10 0 127 0 0 60 
0 0 0 0 0 55 0 0 0 0 0 29 16 0 0 0 0 0 26 0 0 0 0 127 0 0 60 
0 74 0 0 0 55 0 0 0 0 0 27 16 0 0 0 0 0 22 0 0 0 0 127 0 0 60 
0 28 0 0 0 54 0 0 0 0 0 28 16 0 0 0 0 0 18 0 0 10 0 127 0 0 60 
0 0 0 0 0 54 0 0 0 0 0 27 17 0 0 0 0 0 25 0 0 0 0 127 0 0 60 
0 0 0 0 0 54 0 0 0 0 0 29 16 0 0 0 0 0 27 0 0 0 0 127 0 0 60 
0 0 0 0 0 53 0 0 0 0 0 29 16 0 0 0 0 0 25 0 0 10 0 127 0 0 60 
0 83 0 0 0 52 0 0 0 0 0 28 16 0 0 0 0 0 23 0 0 0 0 127 0 0 60 
0 0 0 0 0 52 0 0 0 0 0 26 16 0 0 0 0 0 25 0 0 0 0 127 0 0 60 
0 0 0 0 0 57 0 0 0 0 0 28 16 0 0 0 0 0 27 0 0 0 0 127 0 0 60 
0 0 0 0 0 58 0 0 0 0 0 28 16 0 0 0 0 0 19 0 0 10 0 127 0 0 60 
0 0 0 0 0 58 0 0 0 0 0 27 16 0 0 0 0 0 27 0 0 10 0 127 0 0 60 
0 84 0 0 0 55 0 0 0 0 0 29 16 0 0 0 0 0 24 0 0 10 0 127 0 0 60 
0 0 0 0 0 51 0 0 0 0 0 29 17 0 0 0 0 0 18 0 0 10 0 127 0 0 60 
0 0 0 0 0 52 0 0 0 0 0 27 16 0 0 0 0 0 27 0 0 10 0 127 0 0 60 
0 0 0 0 0 51 0 0 0 0 0 27 16 0 0 0 0 0 20 0 0 10 0 127 0 0 60 
0 0 0 0 0 50 0 0 0 0 0 29 16 0 0 0 0 0 18 0 0 10 0 127 0 0 60 
0 64 0 0 0 56 0 0 0 0 0 29 17 0 0 0 0 0 27 0 0 0 0 127 0 0 60 
0 0 0 0 0 52 0 0 0 0 0 28 16 0 0 0 0 0 19 0 0 10 0 127 0 0 60 
0 0 0 0 0 54 0 0 0 0 0 28 17 0 0 0 0 0 18 0 0 10 0 127 0 0 60 
0 0 0 0 0 51 0 0 0 0 0 27 16 0 0 0 0 0 18 0 0 10 0 127 0 0 60 
0 0 0 0 0 56 0 0 0 0 0 29 16 0 0 0 0 0 20 0 0 0 0 127 0 0 60 
0 33 0 0 0 57 0 0 0 0 0 27 16 0 0 0 0 0 24 0 0 10 0 127 0 0 60 
0 0 0 0 0 56 0 0 0 0 0 27 16 0 0 0 0 0 28 0 0 10 0 127 0 0 60 
0 0 0 0 0 57 0 0 0 0 0 28 16 0 0 0 0 0 18 0 0 10 0 127 0 0 60 
0 0 0 0 0 56 0 0 0 0 0 28 16 0 0 0 0 0 25 0 0 0 0 127 0 0 60 
0 0 0 0 0 57 0 0 0 0 0 28 16 0 0 0 0 0 18 0 0 10 0 127 0 0 60 
0 28 0 0 0 56 0 0 0 0 0 27 17 0 0 0 0 0 22 0 0 0 0 127 0 0 60 
0 0 0 0 0 56 0 0 0 0 0 29 16 0 0 0 0 0 22 0 0 0 0 127 0 0 60 
0 0 0 0 0 54 0 0 0 0 0 29 17 0 0 0 0 0 17 0 0 10 0 127 0 0 60 
0 0 0 0 0 56 0 0 0 0 0 30 17 0 0 0 0 0 27 0 0 11 0 127 0 0 60 
0 0 0 0 0 49 0 0 0 0 0 27 16 0 0 0 0 0 16 0 0 0 0 127 0 0 60 
0 86 0 0 0 54 0 0 0 0 0 28 17 0 0 0 0 0 28 0 0 10 0 127 0 0 60 
0 10 0 0 0 56 0 0 0 0 0 27 16 0 0 0 0 0 18 0 0 10 0 127 0 0 60 
0 10 0 0 0 55 0 0 0 0 0 29 16 0 0 0 0 0 20 0 0 10 0 127 0 0 60 
0 0 0 0 0 53 0 0 0 0 0 28 16 0 0 0 0 0 23 0 0 10 0 127 0 0 60 
0 0 0 0 0 55 0 0 0 0 0 28 16 0 0 0 0 0 17 0 0 10 0 127 0 0 60 
0 65 0 0 0 55 0 0 0 0 0 28 17 0 0 0 0 0 24 0 0 10 0 127 0 0 60 
0 0 0 0 0 55 0 0 0 0 0 27 17 0 0 0 0 0 25 0 0 10 0 127 0 0 60 
0 0 0 0 0 55 0 0 0 0 0 27 17 0 0 0 0 0 24 0 0 10 0 127 0 0 60 
0 0 0 0 0 56 0 0 0 0 0 28 16 0 0 0 0 0 25 0 0 10 0 127 0 0 60 
0 0 0 0 0 55 0 0 0 0 0 28 16 0 0 0 0 0 18 0 0 10 0 127 0 0 60 
0 65 0 0 0 55 0 0 0 0 0 29 16 0 0 0 0 0 20 0 0 10 0 127 0 0 60 
0 18 0 0 0 55 0 0 0 0 0 28 16 0 0 0 0 0 21 0 0 10 0 127 0 0 60 
0 27 0 0 0 55 0 0 0 0 0 29 16 0 0 0 0 0 19 0 0 10 0 127 0 0 60 
0 0 0 0 0 54 0 0 0 0 0 27 16 0 0 0 0 0 24 0 0 11 0 127 0 0 60 
0 0 0 0 0 54 0 0 0 0 0 27 16 0 0 0 0 0 21 0 0 11 0 127 0 0 60 
0 72 0 0 0 58 0 0 0 0 0 28 16 0 0 0 0 0 21 0 0 10 0 127 0 0 60 
0 12 0 0 0 55 0 0 0 0 0 27 16 0 0 0 0 0 18 0 0 10 0 127 0 0 60 
0 0 0 0 0 54 0 0 0 0 0 28 16 0 0 0 0 0 17 0 0 0 0 127 0 0 60 
0 0 0 0 0 53 0 0 0 0 0 27 16 0 0 0 0 0 20 0 0 10 0 127 0 0 60 
0 0 0 0 0 53 0 0 0 0 0 28 16 0 0 0 0 0 19 0 0 10 0 127 0 0 60 
0 55 0 0 0 54 0 0 0 0 0 27 16 0 0 0 0 0 18 0 0 0 0 127 0 0 60 
0 0 0 0 0 57 0 0 0 0 0 29 16 0 0 0 0 0 19 0 0 10 0 127 0 0 60 
0 0 0 0 0 57 0 0 0 0 0 28 16 0 0 0 0 0 26 0 0 0 0 127 0 0 60 
0 0 0 0 0 57 0 0 0 0 0 28 16 0 0 0 0 0 21 0 0 0 0 127 0 0 60 
0 0 0 0 0 56 0 0 0 0 0 29 16 0 0 0 0 0 22 0 0 10 0 127 0 0 60 
0 51 0 0 0 54 0 0 0 0 0 27 16 0 0 0 0 0 21 0 0 0 0 127 0 0 60 
0 0 0 0 0 54 0 0 0 0 0 28 16 0 0 0 0 0 17 0 0 10 0 127 0 0 60 
0 11 0 0 0 53 0 0 0 0 0 28 17 0 0 0 0 0 19 0 0 0 0 127 0 0 60 
0 0 0 0 0 53 0 0 0 0 0 27 16 0 0 0 0 0 20 0 0 10 0 127 0 0 60 
0 0 0 0 0 55 0 0 0 0 0 28 16 0 0 0 0 0 18 0 0 10 0 127 0 0 60 
0 50 0 0 0 57 0 0 0 0 0 27 16 0 0 0 0 0 23 0 0 10 0 127 0 0 60 
0 0 0 0 0 55 0 0 0 0 0 29 16 0 0 0 0 0 24 0 0 10 0 127 0 0 60 
0 0 0 0 0 56 0 0 0 0 0 28 16 0 0 0 0 0 20 0 0 0 0 127 0 0 60 
0 0 0 0 0 56 0 0 0 0 0 25 17 0 0 0 0 0 19 0 0 0 0 127 0 0 60 
0 0 0 0 0 56 0 0 0 0 0 28 17 0 0 0 0 0 28 0 0 0 0 127 0 0 60 
0 60 0 0 0 56 0 0 0 0 0 28 17 0 0 0 0 0 20 0 0 0 0 127 0 0 60 
0 0 0 0 0 55 0 0 0 0 0 29 16 0 0 0 0 0 28 0 0 10 0 127 0 0 60 
0 0 0 0 0 56 0 0 0 0 0 28 16 0 0 0 0 0 22 0 0 10 0 127 0 0 60 
0 0 0 0 0 56 0 0 0 0 0 28 16 0 0 0 0 0 27 0 0 0 0 127 0 0 60 
0 0 0 0 0 56 0 0 0 0 0 28 16 0 0 0 0 0 18 0 0 0 0 127 0 0 60 
0 18 0 0 0 56 0 0 0 0 0 28 16 0 0 0 0 0 20 0 0 0 0 127 0 0 60 
0 17 0 0 0 54 0 0 0 0 0 27 16 0 0 0 0 0 24 0 0 0 0 127 0 0 60 
0 0 0 0 0 55 0 0 0 0 0 29 16 0 0 0 0 0 19 0 0 0 0 127 0 0 60 
0 0 0 0 0 56 0 0 0 0 0 27 16 0 0 0 0 0 23 0 0 0 0 127 0 0 60 
0 0 0 0 0 56 0 0 0 0 0 28 16 0 0 0 0 0 20 0 0 10 0 127 0 0 60 
0 22 0 0 0 55 0 0 0 0 0 28 16 0 0 0 0 0 26 0 0 10 0 127 0 0 60 
0 0 0 0 0 54 0 0 0 0 0 29 16 0 0 0 0 0 27 0 0 0 0 127 0 0 60 
0 13 0 0 0 55 0 0 0 0 0 30 16 0 0 0 0 0 18 0 0 10 0 127 0 0 60 
0 0 0 0 0 58 0 0 0 0 0 28 16 0 0 0 0 0 20 0 0 10 0 127 0 0 60 
0 0 0 0 0 55 0 0 0 0 0 28 16 0 0 0 0 0 18 0 0 10 0 127 0 0 60 
0 27 0 0 0 56 0 0 0 0 0 28 16 0 0 0 0 0 21 0 0 10 0 127 0 0 60 
0 15 0 0 0 55 0 0 0 0 0 28 16 0 0 0 0 0 19 0 0 10 0 127 0 0 60 
0 0 0 0 0 56 0 0 0 0 0 29 16 0 0 0 0 0 28 0 0 10 0 127 0 0 60 
0 0 0 0 0 57 0 0 0 0 0 29 16 0 0 0 0 0 18 0 0 10 0 127 0 0 60 
0 0 0 0 0 57 0 0 0 0 0 27 16 0 0 0 0 0 24 0 0 10 0 127 0 0 60 
0 20 0 0 0 56 0 0 0 0 0 29 16 0 0 0 0 0 25 0 0 0 0 127 0 0 60 
0 10 0 0 0 58 0 0 0 0 0 27 16 0 0 0 0 0 19 0 0 0 0 127 0 0 60 
0 0 0 0 0 58 0 0 0 0 0 28 16 0 0 0 0 0 20 0 0 0 0 127 0 0 60 
0 0 0 0 0 57 0 0 0 0 0 30 16 0 0 0 0 0 25 0 0 10 0 127 0 0 60 
0 0 0 0 0 56 0 0 0 0 0 28 16 0 0 0 0 0 16 0 0 10 0 127 0 0 60 
0 16 0 0 0 56 0 0 0 0 0 27 16 0 0 0 0 0 19 0 0 10 0 127 0 0 60 
0 0 0 0 0 56 0 0 0 0 0 24 16 0 0 0 0 0 24 0 0 10 0 127 0 0 60 
0 0 0 0 0 57 0 0 0 0 0 28 16 0 0 0 0 0 18 0 0 10 0 127 0 0 60 
0 0 0 0 0 58 0 0 0 0 0 30 16 0 0 0 0 0 18 0 0 11 0 127 0 0 60 
0 0 0 0 0 58 0 0 0 0 0 28 16 0 0 0 0 0 17 0 0 10 0 127 0 0 60 
0 28 0 0 0 58 0 0 0 0 0 27 17 0 0 0 0 0 26 0 0 10 0 127 0 0 60 
0 14 0 0 0 58 0 0 0 0 0 27 16 0 0 0 0 0 18 0 0 10 0 127 0 0 60 
0 0 0 0 0 58 0 0 0 0 0 27 16 0 0 0 0 0 18 0 0 0 0 127 0 0 60 
0 14 0 0 0 58 0 0 0 0 0 29 16 0 0 0 0 0 19 0 0 0 0 127 0 0 60 
0 0 0 0 0 57 0 0 0 0 0 28 16 0 0 0 0 0 28 0 0 0 0 127 0 0 60 
0 17 0 0 0 58 0 0 0 0 0 28 16 0 0 0 0 0 28 0 0 10 0 127 0 0 60 
0 0 0 0 0 57 0 0 0 0 0 29 16 0 0 0 0 0 28 0 0 10 0 127 0 0 60 
0 0 0 0 0 58 0 0 0 0 0 28 16 0 0 0 0 0 18 0 0 10 0 127 0 0 60 
0 0 0 0 0 58 0 0 0 0 0 28 16 0 0 0 0 0 18 0 0 10 0 127 0 0 60 
0 13 0 0 0 58 0 0 0 0 0 29 17 0 0 0 0 0 18 0 0 10 0 127 0 0 60 
0 11 0 0 0 58 0 0 0 0 0 28 16 0 0 0 0 0 19 0 0 10 0 127 0 0 60 
0 16 0 0 0 59 0 0 0 0 0 29 17 0 0 0 0 0 27 0 0 10 0 127 0 0 60 
0 0 0 0 0 58 0 0 0 0 0 25 16 0 0 0 0 0 27 0 0 10 0 127 0 0 60 
0 0 0 0 0 59 0 0 0 0 0 28 17 0 0 0 0 0 24 0 0 0 0 127 0 0 60 
0 0 0 0 0 59 0 0 0 0 0 29 17 0 0 0 0 0 22 0 0 0 0 127 0 0 60 
0 10 0 0 0 59 0 0 0 0 0 28 16 0 0 0 0 0 27 0 0 0 0 127 0 0 60 
0 13 0 0 0 60 0 0 0 0 0 27 17 0 0 0 0 0 25 0 0 10 0 127 0 0 60 
0 0 0 0 0 60 0 0 0 0 0 29 17 0 0 0 0 0 23 0 0 0 0 127 0 0 60 
0 0 0 0 0 61 0 0 0 0 0 28 16 0 0 0 0 0 21 0 0 0 0 127 0 0 60 
0 0 0 0 0 61 0 0 0 0 0 28 16 0 0 0 0 0 26 0 0 10 0 127 0 0 60 
0 0 0 0 0 61 0 0 0 0 0 27 17 0 0 0 0 0 17 0 0 10 0 127 0 0 60 
0 0 0 0 0 61 0 0 0 0 0 29 16 0 0 0 0 0 19 0 0 10 0 127 0 0 60 
0 0 0 0 0 61 0 0 0 0 0 28 16 0 0 0 0 0 19 0 0 10 0 127 0 0 60 
0 0 0 0 0 61 0 0 0 0 0 27 16 0 0 0 0 0 27 0 0 10 0 127 0 0 60 
0 0 0 0 0 61 0 0 0 0 0 28 16 0 0 0 0 0 28 0 0 0 0 127 0 0 60 
0 0 0 0 0 61 0 0 0 0 0 28 16 0 0 0 0 0 20 0 0 10 0 127 0 0 60 
0 0 0 0 0 60 0 0 0 0 0 28 16 0 0 0 0 0 19 0 0 10 0 127 0 0 60 
0 0 0 0 0 60 0 0 0 0 0 28 16 0 0 0 0 0 23 0 0 0 0 127 0 0 60 
0 0 0 0 0 60 0 0 0 0 0 28 16 0 0 0 0 0 18 0 0 10 0 127 0 0 60 
0 0 0 0 0 60 0 0 0 0 0 28 16 0 0 0 0 0 28 0 0 10 0 127 0 0 60 
0 19 0 0 0 60 0 0 0 0 0 26 17 0 0 0 0 0 26 0 0 10 0 127 0 0 60 
0 0 0 0 0 60 0 0 0 0 0 27 16 0 0 0 0 0 25 0 0 10 0 127 0 0 60 
0 0 0 0 0 60 0 0 0 0 0 29 16 0 0 0 0 0 27 0 0 10 0 127 0 0 60 
0 0 0 0 0 60 0 0 0 0 0 28 16 0 0 0 0 0 27 0 0 0 0 127 0 0 60 
0 0 0 0 0 60 0 0 0 0 0 28 16 0 0 0 0 0 19 0 0 0 0 127 0 0 60 
0 10 0 0 0 60 0 0 0 0 0 28 16 0 0 0 0 0 18 0 0 0 0 127 0 0 60 
0 11 0 0 0 60 0 0 0 0 0 27 16 0 0 0 0 0 25 0 0 0 0 127 0 0 60 
0 0 0 0 0 59 0 0 0 0 0 27 17 0 0 0 0 0 18 0 0 0 0 127 0 0 60 
0 0 0 0 0 59 0 0 0 0 0 28 16 0 0 0 0 0 26 0 0 10 0 127 0 0 60 
0 0 0 0 0 60 0 0 0 0 0 27 17 0 0 0 0 0 18 0 0 0 0 127 0 0 60 
0 0 0 0 0 60 0 0 0 0 0 27 17 0 0 0 0 0 20 0 0 0 0 127 0 0 60 
0 0 0 0 0 60 0 0 0 0 0 28 17 0 0 0 0 0 21 0 0 10 0 127 0 0 60 
0 0 0 0 0 60 0 0 0 0 0 28 17 0 0 0 0 0 24 0 0 10 0 127 0 0 60 
0 0 0 0 0 60 0 0 0 0 0 29 17 0 0 0 0 0 26 0 0 10 0 127 0 0 60 
0 0 0 0 0 60 0 0 0 0 0 28 16 0 0 0 0 0 26 0 0 11 0 127 0 0 60 
0 0 0 0 0 60 0 0 0 0 0 27 16 0 0 0 0 0 19 0 0 11 0 127 0 0 60 
0 0 0 0 0 60 0 0 0 0 0 26 16 0 0 0 0 0 22 0 0 10 0 127 0 0 60 
0 0 0 0 0 60 0 0 0 0 0 27 17 0 0 0 0 0 27 0 0 10 0 127 0 0 60 
0 0 0 0 0 60 0 0 0 0 0 28 16 0 0 0 0 0 19 0 0 10 0 127 0 0 60 
0 0 0 0 0 60 0 0 0 0 0 27 16 0 0 0 0 0 16 0 0 10 0 127 0 0 60 
0 0 0 0 0 60 0 0 0 0 0 29 17 0 0 0 0 0 18 0 0 10 0 127 0 0 60 
0 0 0 0 0 60 0 0 0 0 0 27 17 0 0 0 0 0 18 0 0 10 0 127 0 0 60 
0 0 0 0 0 60 0 0 0 0 0 28 16 0 0 0 0 0 23 0 0 10 0 127 0 0 60 
0 0 0 0 0 60 0 0 0 0 0 28 16 0 0 0 0 0 19 0 0 10 0 127 0 0 60 
0 0 0 0 0 60 0 0 0 0 0 29 16 0 0 0 0 0 18 0 0 10 0 127 0 0 60 
0 0 0 0 0 60 0 0 0 0 0 28 16 0 0 0 0 0 28 0 0 10 0 127 0 0 60 
0 0 0 0 0 60 0 0 0 0 0 29 16 0 0 0 0 0 20 0 0 10 0 127 0 0 60 
0 0 0 0 0 60 0 0 0 0 0 27 16 0 0 0 0 0 23 0 0 0 0 127 0 0 60 
0 0 0 0 0 60 0 0 0 0 0 28 17 0 0 0 0 0 21 0 0 10 0 127 0 0 60 
0 0 0 0 0 60 0 0 0 0 0 29 16 0 0 0 0 0 26 0 0 10 0 127 0 0 60 
0 0 0 0 0 60 0 0 0 0 0 26 16 0 0 0 0 0 19 0 0 11 0 127 0 0 60 
0 0 0 0 0 60 0 0 0 0 0 27 16 0 0 0 0 0 22 0 0 10 0 127 0 0 60 
0 0 0 0 0 60 0 0 0 0 0 27 16 0 0 0 0 0 27 0 0 10 0 127 0 0 60 
0 0 0 0 0 59 0 0 0 0 0 27 16 0 0 0 0 0 23 0 0 10 0 127 0 0 60 
0 0 0 0 0 58 0 0 0 0 0 29 16 0 0 0 0 0 27 0 0 10 0 127 0 0 60 
0 0 0 0 0 58 0 0 0 0 0 27 16 0 0 0 0 0 19 0 0 0 0 127 0 0 60 
0 0 0 0 0 59 0 0 0 0 0 26 16 0 0 0 0 0 18 0 0 0 0 127 0 0 60 
0 0 0 0 0 59 0 0 0 0 0 29 17 0 0 0 0 0 27 0 0 10 0 127 0 0 60 
0 0 0 0 0 58 0 0 0 0 0 28 16 0 0 0 0 0 20 0 0 10 0 127 0 0 60 
0 0 0 0 0 59 0 0 0 0 0 28 16 0 0 0 0 0 24 0 0 10 0 127 0 0 60 
0 0 0 0 0 59 0 0 0 0 0 27 16 0 0 0 0 0 15 0 0 10 0 127 0 0 60 
0 11 0 0 0 58 0 0 0 0 0 30 17 0 0 0 0 0 24 0 0 10 0 127 0 0 60 
0 0 0 0 0 58 0 0 0 0 0 28 16 0 0 0 0 0 16 0 0 10 0 127 0 0 60 
0 0 0 0 0 58 0 0 0 0 0 29 16 0 0 0 0 0 26 0 0 10 0 127 0 0 60 
0 0 0 0 0 58 0 0 0 0 0 29 16 0 0 0 0 0 19 0 0 0 0 127 0 0 60 
0 0 0 0 0 58 0 0 0 0 0 28 16 0 0 0 0 0 19 0 0 10 0 127 0 0 60 
0 0 0 0 0 57 0 0 0 0 0 28 16 0 0 0 0 0 21 0 0 10 0 127 0 0 60 
0 0 0 0 0 57 0 0 0 0 0 27 16 0 0 0 0 0 16 0 0 0 0 127 0 0 60 
0 0 0 0 0 58 0 0 0 0 0 28 16 0 0 0 0 0 22 0 0 10 0 127 0 0 60 
0 0 0 0 0 58 0 0 0 0 0 28 16 0 0 0 0 0 26 0 0 0 0 127 0 0 60 
0 0 0 0 0 56 0 0 0 0 0 28 16 0 0 0 0 0 17 0 0 0 0 127 0 0 60 
0 0 0 0 0 56 0 0 0 0 0 28 16 0 0 0 0 0 21 0 0 0 0 127 0 0 60 
0 0 0 0 0 56 0 0 0 0 0 29 16 0 0 0 0 0 18 0 0 0 0 127 0 0 60 
0 0 0 0 0 56 0 0 0 0 0 27 17 0 0 0 0 0 27 0 0 0 0 127 0 0 60 
0 0 0 0 0 56 0 0 0 0 0 28 16 0 0 0 0 0 27 0 0 10 0 127 0 0 60 
0 0 0 0 0 57 0 0 0 0 0 28 16 0 0 0 0 0 22 0 0 10 0 127 0 0 60 
0 0 0 0 0 57 0 0 0 0 0 26 16 0 0 0 0 0 28 0 0 10 0 127 0 0 60 
0 0 0 0 0 57 0 0 0 0 0 27 16 0 0 0 0 0 24 0 0 10 0 127 0 0 60 
0 0 0 0 0 57 0 0 0 0 0 26 17 0 0 0 0 0 17 0 0 10 0 127 0 0 60 
0 0 0 0 0 57 0 0 0 0 0 28 16 0 0 0 0 0 18 0 0 10 0 127 0 0 60 
0 0 0 0 0 56 0 0 0 0 0 29 16 0 0 0 0 0 17 0 0 10 0 127 0 0 60 
0 0 0 0 0 56 0 0 0 0 0 28 16 0 0 0 0 0 28 0 0 10 0 127 0 0 60 
0 0 0 0 0 54 0 0 0 0 0 27 16 0 0 0 0 0 20 0 0 10 0 127 0 0 60 
0 0 0 0 0 59 0 0 0 0 0 29 16 0 0 0 0 0 25 0 0 10 0 127 0 0 60 
0 0 0 0 0 58 0 0 0 0 0 30 16 0 0 0 0 0 28 0 0 10 0 127 0 0 60 
0 0 0 0 0 57 0 0 0 0 0 28 16 0 0 0 0 0 17 0 0 0 0 127 0 0 60 
0 0 0 0 0 57 0 0 0 0 0 27 16 0 0 0 0 0 17 0 0 10 0 127 0 0 60 
0 0 0 0 0 57 0 0 0 0 0 28 17 0 0 0 0 0 25 0 0 0 0 127 0 0 60 
0 0 0 0 0 57 0 0 0 0 0 28 16 0 0 0 0 0 26 0 0 10 0 127 0 0 60 
0 0 0 0 0 56 0 0 0 0 0 29 16 0 0 0 0 0 21 0 0 10 0 127 0 0 60 
0 0 0 0 0 58 0 0 0 0 0 28 17 0 0 0 0 0 17 0 0 10 0 127 0 0 60 
0 0 0 0 0 57 0 0 0 0 0 30 16 0 0 0 0 0 24 0 0 10 0 127 0 0 60 
0 0 0 0 0 57 0 0 0 0 0 28 16 0 0 0 0 0 21 0 0 10 0 127 0 0 60 
0 0 0 0 0 58 0 0 0 0 0 29 16 0 0 0 0 0 19 0 0 10 0 127 0 0 60 
0 0 0 0 0 57 0 0 0 0 0 28 16 0 0 0 0 0 17 0 0 0 0 127 0 0 60 
0 0 0 0 0 57 0 0 0 0 0 28 16 0 0 0 0 0 27 0 0 10 0 127 0 0 60 
0 0 0 0 0 57 0 0 0 0 0 30 16 0 0 0 0 0 18 0 0 10 0 127 0 0 60 
0 0 0 0 0 57 0 0 0 0 0 27 16 0 0 0 0 0 27 0 0 0 0 127 0 0 60 
0 0 0 0 0 58 0 0 0 0 0 27 16 0 0 0 0 0 19 0 0 0 0 127 0 0 60 
0 0 0 0 0 58 0 0 0 0 0 29 16 0 0 0 0 0 18 0 0 10 0 127 0 0 60 
0 0 0 0 0 58 0 0 0 0 0 28 16 0 0 0 0 0 21 0 0 10 0 127 0 0 60 
0 0 0 0 0 58 0 0 0 0 0 30 16 0 0 0 0 0 18 0 0 10 0 127 0 0 60 
0 0 0 0 0 58 0 0 0 0 0 27 16 0 0 0 0 0 19 0 0 10 0 127 0 0 60 
0 0 0 0 0 58 0 0 0 0 0 28 17 0 0 0 0 0 17 0 0 10 0 127 0 0 60 
0 0 0 0 0 57 0 0 0 0 0 29 16 0 0 0 0 0 26 0 0 10 0 127 0 0 60 
0 0 0 0 0 58 0 0 0 0 0 28 16 0 0 0 0 0 27 0 0 10 0 127 0 0 60 
0 0 0 0 0 58 0 0 0 0 0 28 17 0 0 0 0 0 26 0 0 10 0 127 0 0 60 
0 0 0 0 0 58 0 0 0 0 0 27 16 0 0 0 0 0 20 0 0 10 0 127 0 0 60 
0 0 0 0 0 58 0 0 0 0 0 29 16 0 0 0 0 0 25 0 0 10 0 127 0 0 60 
0 0 0 0 0 57 0 0 0 0 0 29 16 0 0 0 0 0 23 0 0 10 0 127 0 0 60 
0 0 0 0 0 57 0 0 0 0 0 28 16 0 0 0 0 0 26 0 0 0 0 127 0 0 60 
0 0 0 0 0 58 0 0 0 0 0 27 16 0 0 0 0 0 17 0 0 10 0 127 0 0 60 
0 0 0 0 0 54 0 0 0 0 0 29 17 0 0 0 0 0 25 0 0 10 0 127 0 0 60 
0 0 0 0 0 54 0 0 0 0 0 28 16 0 0 0 0 0 18 0 0 10 0 127 0 0 60 
0 0 0 0 0 49 0 0 0 0 0 29 16 0 0 0 0 0 23 0 0 10 0 127 0 0 60 
0 0 0 0 0 47 0 0 0 0 0 30 16 0 0 0 0 0 26 0 0 10 0 127 0 0 60 
0 0 0 0 0 50 0 0 0 0 0 26 17 0 0 0 0 0 25 0 0 10 0 127 0 0 60 
0 0 0 0 0 54 0 0 0 0 0 29 16 0 0 0 0 0 26 0 0 10 0 127 0 0 60 
0 0 0 0 0 51 0 0 0 0 0 28 16 0 0 0 0 0 17 0 0 10 0 127 0 0 60 
0 0 0 0 0 53 0 0 0 0 0 27 16 0 0 0 0 0 18 0 0 10 0 127 0 0 60 
0 0 0 0 0 58 0 0 0 0 0 28 16 0 0 0 0 0 21 0 0 10 0 127 0 0 60 
0 0 0 0 0 58 0 0 0 0 0 28 16 0 0 0 0 0 27 0 0 0 0 127 0 0 60 
0 0 0 0 0 57 0 0 0 0 0 28 16 0 0 0 0 0 16 0 0 10 0 127 0 0 60 
0 0 0 0 0 55 0 0 0 0 0 28 16 0 0 0 0 0 18 0 0 10 0 127 0 0 60 
0 0 0 0 0 52 0 0 0 0 0 26 16 0 0 0 0 0 20 0 0 10 0 127 0 0 60 
0 0 0 0 0 54 0 0 0 0 0 28 17 0 0 0 0 0 27 0 0 10 0 127 0 0 60 
0 0 0 0 0 52 0 0 0 0 0 29 16 0 0 0 0 0 16 0 0 10 0 127 0 0 60 
0 0 0 0 0 53 0 0 0 0 0 28 16 0 0 0 0 0 26 0 0 10 0 127 0 0 60 
0 0 0 0 0 54 0 0 0 0 0 29 16 0 0 0 0 0 22 0 0 0 0 127 0 0 60 
0 0 0 0 0 55 0 0 0 0 0 29 16 0 0 0 0 0 24 0 0 10 0 127 0 0 60 
0 0 0 0 0 55 0 0 0 0 0 30 16 0 0 0 0 0 19 0 0 10 0 127 0 0 60 
0 0 0 0 0 55 0 0 0 0 0 28 16 0 0 0 0 0 26 0 0 10 0 127 0 0 60 
0 0 0 0 0 56 0 0 0 0 0 27 16 0 0 0 0 0 19 0 0 10 0 127 0 0 60 
0 0 0 0 0 56 0 0 0 0 0 28 17 0 0 0 0 0 24 0 0 10 0 127 0 0 60 
0 0 0 0 0 55 0 0 0 0 0 27 16 0 0 0 0 0 26 0 0 10 0 127 0 0 60 
0 0 0 0 0 55 0 0 0 0 0 28 16 0 0 0 0 0 18 0 0 0 0 127 0 0 60 
0 0 0 0 0 55 0 0 0 0 0 27 16 0 0 0 0 0 26 0 0 10 0 127 0 0 60 
0 0 0 0 0 50 0 0 0 0 0 28 16 0 0 0 0 0 20 0 0 0 0 127 0 0 60 
0 0 0 0 0 52 0 0 0 0 0 29 16 0 0 0 0 0 27 0 0 0 0 127 0 0 60 
0 0 0 0 0 51 0 0 0 0 0 28 16 0 0 0 0 0 28 0 0 0 0 127 0 0 60 
0 0 0 0 0 53 0 0 0 0 0 28 17 0 0 0 0 0 19 0 0 10 0 127 0 0 60 
0 0 0 0 0 53 0 0 0 0 0 29 17 0 0 0 0 0 19 0 0 0 0 127 0 0 60 
0 0 0 0 0 53 0 0 0 0 0 28 16 0 0 0 0 0 27 0 0 0 0 127 0 0 60 
0 0 0 0 0 50 0 0 0 0 0 29 16 0 0 0 0 0 26 0 0 0 0 127 0 0 60 
0 0 0 0 0 52 0 0 0 0 0 28 16 0 0 0 0 0 22 0 0 0 0 127 0 0 60 
0 0 0 0 0 52 0 0 0 0 0 27 16 0 0 0 0 0 19 0 0 10 0 127 0 0 60 
0 0 0 0 0 52 0 0 0 0 0 30 16 0 0 0 0 0 17 0 0 10 0 127 0 0 60 
0 0 0 0 0 52 0 0 0 0 0 30 16 0 0 0 0 0 26 0 0 0 0 127 0 0 60 
0 0 0 0 0 52 0 0 0 0 0 27 16 0 0 0 0 0 21 0 0 0 0 127 0 0 60 
0 0 0 0 0 53 0 0 0 0 0 27 16 0 0 0 0 0 24 0 0 10 0 127 0 0 60 
0 0 0 0 0 53 0 0 0 0 0 28 17 0 0 0 0 0 22 0 0 11 0 127 0 0 60 
0 0 0 0 0 53 0 0 0 0 0 29 16 0 0 0 0 0 25 0 0 10 0 127 0 0 60 
0 0 0 0 0 54 0 0 0 0 0 27 16 0 0 0 0 0 17 0 0 10 0 127 0 0 60 
0 0 0 0 0 54 0 0 0 0 0 26 16 0 0 0 0 0 19 0 0 10 0 127 0 0 60 
0 0 0 0 0 54 0 0 0 0 0 29 17 0 0 0 0 0 16 0 0 10 0 127 0 0 60 
0 0 0 0 0 54 0 0 0 0 0 28 16 0 0 0 0 0 23 0 0 10 0 127 0 0 60 
0 0 0 0 0 53 0 0 0 0 0 28 16 0 0 0 0 0 17 0 0 10 0 127 0 0 60 
0 0 0 0 0 54 0 0 0 0 0 28 16 0 0 0 0 0 26 0 0 11 0 127 0 0 60 
0 0 0 0 0 56 0 0 0 0 0 27 17 0 0 0 0 0 16 0 0 10 0 127 0 0 60 
0 0 0 0 0 58 0 0 0 0 0 29 17 0 0 0 0 0 20 0 0 10 0 127 0 0 60 
0 0 0 0 0 58 0 0 0 0 0 27 16 0 0 0 0 0 24 0 0 10 0 127 0 0 60 
0 0 0 0 0 59 0 0 0 0 0 28 16 0 0 0 0 0 23 0 0 0 0 127 0 0 60 
0 0 0 0 0 58 0 0 0 0 0 30 16 0 0 0 0 0 23 0 0 10 0 127 0 0 60 
0 0 0 0 0 58 0 0 0 0 0 28 16 0 0 0 0 0 26 0 0 10 0 127 0 0 60 
0 0 0 0 0 58 0 0 0 0 0 29 16 0 0 0 0 0 19 0 0 10 0 127 0 0 60 
0 0 0 0 0 59 0 0 0 0 0 28 16 0 0 0 0 0 20 0 0 11 0 127 0 0 60 
0 0 0 0 0 58 0 0 0 0 0 27 16 0 0 0 0 0 20 0 0 10 0 127 0 0 60 
0 0 0 0 0 51 0 0 0 0 0 29 16 0 0 0 0 0 17 0 0 10 0 127 0 0 60 
0 0 0 0 0 55 0 0 0 0 0 28 16 0 0 0 0 0 25 0 0 10 0 127 0 0 60 
0 0 0 0 0 50 0 0 0 0 0 28 17 0 0 0 0 0 24 0 0 10 0 127 0 0 60 
0 0 0 0 0 55 0 0 0 0 0 29 16 0 0 0 0 0 23 0 0 10 0 127 0 0 60 
0 0 0 0 0 55 0 0 0 0 0 28 16 0 0 0 0 0 19 0 0 0 0 127 0 0 60 
0 0 0 0 0 56 0 0 0 0 0 28 16 0 0 0 0 0 27 0 0 0 0 127 0 0 60 
0 0 0 0 0 57 0 0 0 0 0 29 16 0 0 0 0 0 17 0 0 0 0 127 0 0 60 
0 0 0 0 0 57 0 0 0 0 0 28 16 0 0 0 0 0 18 0 0 0 0 127 0 0 60 
0 0 0 0 0 57 0 0 0 0 0 29 17 0 0 0 0 0 26 0 0 0 0 127 0 0 60 
0 0 0 0 0 57 0 0 0 0 0 27 17 0 0 0 0 0 28 0 0 10 0 127 0 0 60 
0 0 0 0 0 57 0 0 0 0 0 27 17 0 0 0 0 0 21 0 0 10 0 127 0 0 60 
0 0 0 0 0 57 0 0 0 0 0 29 16 0 0 0 0 0 18 0 0 10 0 127 0 0 60 
0 0 0 0 0 57 0 0 0 0 0 28 16 0 0 0 0 0 24 0 0 10 0 127 0 0 60 
0 0 0 0 0 57 0 0 0 0 0 29 16 0 0 0 0 0 17 0 0 11 0 127 0 0 60 
0 0 0 0 0 57 0 0 0 0 0 27 16 0 0 0 0 0 27 0 0 11 0 127 0 0 60 
0 0 0 0 0 57 0 0 0 0 0 26 16 0 0 0 0 0 28 0 0 11 0 127 0 0 60 
0 0 0 0 0 56 0 0 0 0 0 28 16 0 0 0 0 0 16 0 0 10 0 127 0 0 60 
0 0 0 0 0 57 0 0 0 0 0 28 16 0 0 0 0 0 27 0 0 10 0 127 0 0 60 
0 0 0 0 0 57 0 0 0 0 0 27 16 0 0 0 0 0 17 0 0 10 0 127 0 0 60 
0 0 0 0 0 55 0 0 0 0 0 28 16 0 0 0 0 0 19 0 0 10 0 127 0 0 60 
0 0 0 0 0 57 0 0 0 0 0 26 16 0 0 0 0 0 27 0 0 10 0 127 0 0 60 
0 0 0 0 0 56 0 0 0 0 0 29 16 0 0 0 0 0 22 0 0 10 0 127 0 0 60 
0 0 0 0 0 56 0 0 0 0 0 28 16 0 0 0 0 0 19 0 0 10 0 127 0 0 60 
0 0 0 0 0 54 0 0 0 0 0 27 16 0 0 0 0 0 17 0 0 10 0 127 0 0 60 
0 0 0 0 0 56 0 0 0 0 0 29 16 0 0 0 0 0 20 0 0 10 0 127 0 0 60 
0 0 0 0 0 53 0 0 0 0 0 29 16 0 0 0 0 0 27 0 0 10 0 127 0 0 60 
0 0 0 0 0 52 0 0 0 0 0 28 16 0 0 0 0 0 24 0 0 10 0 127 0 0 60 
0 0 0 0 0 55 0 0 0 0 0 27 16 0 0 0 0 0 23 0 0 10 0 127 0 0 60 
0 0 0 0 0 53 0 0 0 0 0 27 16 0 0 0 0 0 18 0 0 0 0 127 0 0 60 
0 0 0 0 0 55 0 0 0 0 0 29 16 0 0 0 0 0 16 0 0 10 0 127 0 0 60 
0 0 0 0 0 55 0 0 0 0 0 27 16 0 0 0 0 0 27 0 0 10 0 127 0 0 60 
0 0 0 0 0 52 0 0 0 0 0 25 16 0 0 0 0 0 23 0 0 0 0 127 0 0 60 
0 0 0 0 0 54 0 0 0 0 0 29 16 0 0 0 0 0 27 0 0 10 0 127 0 0 60 
0 0 0 0 0 54 0 0 0 0 0 28 16 0 0 0 0 0 24 0 0 10 0 127 0 0 60 
0 0 0 0 0 55 0 0 0 0 0 28 16 0 0 0 0 0 25 0 0 10 0 127 0 0 60 
0 0 0 0 0 54 0 0 0 0 0 30 16 0 0 0 0 0 17 0 0 10 0 127 0 0 60 
0 0 0 0 0 54 0 0 0 0 0 27 16 0 0 0 0 0 26 0 0 10 0 127 0 0 60 
0 0 0 0 0 54 0 0 0 0 0 30 16 0 0 0 0 0 27 0 0 10 0 127 0 0 60 
0 0 0 0 0 55 0 0 0 0 0 27 16 0 0 0 0 0 17 0 0 0 0 127 0 0 60 
0 0 0 0 0 56 0 0 0 0 0 28 16 0 0 0 0 0 26 0 0 0 0 127 0 0 60 
0 0 0 0 0 56 0 0 0 0 0 29 16 0 0 0 0 0 29 0 0 10 0 127 0 0 60 
0 0 0 0 0 56 0 0 0 0 0 28 16 0 0 0 0 0 18 0 0 0 0 127 0 0 60 
0 0 0 0 0 56 0 0 0 0 0 28 16 0 0 0 0 0 25 0 0 10 0 127 0 0 60 
0 0 0 0 0 56 0 0 0 0 0 28 16 0 0 0 0 0 24 0 0 10 0 127 0 0 60 
0 0 0 0 0 56 0 0 0 0 0 29 16 0 0 0 0 0 18 0 0 10 0 127 0 0 60 
0 0 0 0 0 56 0 0 0 0 0 28 16 0 0 0 0 0 27 0 0 10 0 127 0 0 60 
0 0 0 0 0 57 0 0 0 0 0 28 16 0 0 0 0 0 18 0 0 10 0 127 0 0 60 
0 0 0 0 0 56 0 0 0 0 0 29 16 0 0 0 0 0 17 0 0 11 0 127 0 0 60 
0 0 0 0 0 57 0 0 0 0 0 29 16 0 0 0 0 0 27 0 0 11 0 127 0 0 60 
0 0 0 0 0 57 0 0 0 0 0 28 16 0 0 0 0 0 23 0 0 10 0 127 0 0 60 
0 0 0 0 0 56 0 0 0 0 0 28 16 0 0 0 0 0 27 0 0 10 0 127 0 0 60 
0 0 0 0 0 56 0 0 0 0 0 28 16 0 0 0 0 0 18 0 0 0 0 127 0 0 60 
0 0 0 0 0 56 0 0 0 0 0 28 16 0 0 0 0 0 18 0 0 10 0 127 0 0 60 
0 0 0 0 0 52 0 0 0 0 0 28 16 0 0 0 0 0 26 0 0 10 0 127 0 0 60 
0 0 0 0 0 53 0 0 0 0 0 27 16 0 0 0 0 0 25 0 0 10 0 127 0 0 60 
0 0 0 0 0 55 0 0 0 0 0 29 16 0 0 0 0 0 25 0 0 10 0 127 0 0 60 
0 0 0 0 0 54 0 0 0 0 0 29 16 0 0 0 0 0 21 0 0 10 0 127 0 0 60 
0 0 0 0 0 55 0 0 0 0 0 28 16 0 0 0 0 0 18 0 0 10 0 127 0 0 60 
0 0 0 0 0 54 0 0 0 0 0 28 16 0 0 0 0 0 18 0 0 10 0 127 0 0 60 
0 0 0 0 0 54 0 0 0 0 0 27 16 0 0 0 0 0 22 0 0 10 0 127 0 0 60 
0 0 0 0 0 56 0 0 0 0 0 29 17 0 0 0 0 0 18 0 0 10 0 127 0 0 60 
0 0 0 0 0 55 0 0 0 0 0 30 16 0 0 0 0 0 29 0 0 10 0 127 0 0 60 
0 0 0 0 0 55 0 0 0 0 0 27 16 0 0 0 0 0 21 0 0 10 0 127 0 0 60 
0 0 0 0 0 52 0 0 0 0 0 29 16 0 0 0 0 0 16 0 0 10 0 127 0 0 60 
0 0 0 0 0 51 0 0 0 0 0 28 16 0 0 0 0 0 27 0 0 10 0 127 0 0 60 
0 0 0 0 0 58 0 0 0 0 0 29 16 0 0 0 0 0 20 0 0 10 0 127 0 0 60 
0 0 0 0 0 57 0 0 0 0 0 29 16 0 0 0 0 0 20 0 0 11 0 127 0 0 60 
0 0 0 0 0 51 0 0 0 0 0 27 16 0 0 0 0 0 21 0 0 10 0 127 0 0 60 
0 0 0 0 0 53 0 0 0 0 0 28 16 0 0 0 0 0 18 0 0 10 0 127 0 0 60 
0 0 0 0 0 52 0 0 0 0 0 29 16 0 0 0 0 0 25 0 0 10 0 127 0 0 60 
0 0 0 0 0 52 0 0 0 0 0 26 16 0 0 0 0 0 18 0 0 10 0 127 0 0 60 
0 0 0 0 0 56 0 0 0 0 0 27 16 0 0 0 0 0 27 0 0 0 0 127 0 0 60 
0 0 0 0 0 54 0 0 0 0 0 26 16 0 0 0 0 0 22 0 0 10 0 127 0 0 60 
0 0 0 0 0 55 0 0 0 0 0 27 16 0 0 0 0 0 17 0 0 10 0 127 0 0 60 
0 0 0 0 0 52 0 0 0 0 0 27 16 0 0 0 0 0 21 0 0 10 0 127 0 0 60 
0 0 0 0 0 54 0 0 0 0 0 28 16 0 0 0 0 0 27 0 0 10 0 127 0 0 60 
0 0 0 0 0 53 0 0 0 0 0 28 16 0 0 0 0 0 23 0 0 10 0 127 0 0 60 
0 0 0 0 0 52 0 0 0 0 0 29 16 0 0 0 0 0 28 0 0 10 0 127 0 0 60 
0 0 0 0 0 53 0 0 0 0 0 28 16 0 0 0 0 0 22 0 0 10 0 127 0 0 60 
0 0 0 0 0 54 0 0 0 0 0 28 16 0 0 0 0 0 28 0 0 10 0 127 0 0 60 
0 0 0 0 0 54 0 0 0 0 0 28 16 0 0 0 0 0 19 0 0 11 0 127 0 0 60 
0 0 0 0 0 53 0 0 0 0 0 27 16 0 0 0 0 0 20 0 0 10 0 127 0 0 60 
0 0 0 0 0 55 0 0 0 0 0 28 16 0 0 0 0 0 23 0 0 0 0 127 0 0 60 
0 0 0 0 0 54 0 0 0 0 0 27 16 0 0 0 0 0 16 0 0 10 0 127 0 0 60 
0 0 0 0 0 55 0 0 0 0 0 28 16 0 0 0 0 0 23 0 0 0 0 127 0 0 60 
0 0 0 0 0 54 0 0 0 0 0 28 16 0 0 0 0 0 24 0 0 10 0 127 0 0 60 
0 0 0 0 0 54 0 0 0 0 0 28 16 0 0 0 0 0 27 0 0 10 0 127 0 0 60 
0 0 0 0 0 54 0 0 0 0 0 28 16 0 0 0 0 0 18 0 0 10 0 127 0 0 60 
0 0 0 0 0 54 0 0 0 0 0 27 16 0 0 0 0 0 22 0 0 10 0 127 0 0 60 
0 0 0 0 0 54 0 0 0 0 0 27 16 0 0 0 0 0 19 0 0 10 0 127 0 0 60 
0 0 0 0 0 55 0 0 0 0 0 29 16 0 0 0 0 0 18 0 0 10 0 127 0 0 60 
0 0 0 0 0 55 0 0 0 0 0 27 16 0 0 0 0 0 18 0 0 10 0 127 0 0 60 
0 0 0 0 0 55 0 0 0 0 0 29 16 0 0 0 0 0 18 0 0 10 0 127 0 0 60 
0 0 0 0 0 56 0 0 0 0 0 28 16 0 0 0 0 0 18 0 0 10 0 127 0 0 60 
0 0 0 0 0 56 0 0 0 0 0 26 16 0 0 0 0 0 21 0 0 10 0 127 0 0 60 
0 0 0 0 0 55 0 0 0 0 0 28 16 0 0 0 0 0 23 0 0 10 0 127 0 0 60 
0 0 0 0 0 55 0 0 0 0 0 27 16 0 0 0 0 0 27 0 0 10 0 127 0 0 60 
0 0 0 0 0 55 0 0 0 0 0 27 16 0 0 0 0 0 26 0 0 10 0 127 0 0 60 
0 0 0 0 0 55 0 0 0 0 0 28 16 0 0 0 0 0 23 0 0 0 0 127 0 0 60 
0 0 0 0 0 55 0 0 0 0 0 28 16 0 0 0 0 0 25 0 0 0 0 127 0 0 60 
0 0 0 0 0 56 0 0 0 0 0 28 16 0 0 0 0 0 24 0 0 10 0 127 0 0 60 
0 0 0 0 0 56 0 0 0 0 0 27 16 0 0 0 0 0 25 0 0 11 0 127 0 0 60 
0 0 0 0 0 56 0 0 0 0 0 26 16 0 0 0 0 0 27 0 0 10 0 127 0 0 60 
0 0 0 0 0 56 0 0 0 0 0 29 16 0 0 0 0 0 26 0 0 10 0 127 0 0 60 
0 0 0 0 0 56 0 0 0 0 0 28 16 0 0 0 0 0 20 0 0 10 0 127 0 0 60 
0 0 0 0 0 56 0 0 0 0 0 28 16 0 0 0 0 0 17 0 0 10 0 127 0 0 60 
0 0 0 0 0 57 0 0 0 0 0 29 16 0 0 0 0 0 19 0 0 10 0 127 0 0 60 
0 0 0 0 0 56 0 0 0 0 0 28 16 0 0 0 0 0 25 0 0 10 0 127 0 0 60 
0 0 0 0 0 56 0 0 0 0 0 28 16 0 0 0 0 0 19 0 0 10 0 127 0 0 60 
