0 0 0 0 0 56 0 0 0 0 0 27 15 0 0 0 0 0 25 0 0 14 0 127 0 0 60 
0 0 0 0 0 56 0 0 0 0 0 27 14 0 0 0 0 0 25 0 0 15 0 127 0 0 60 
0 0 0 0 0 56 0 0 0 0 0 30 15 0 0 0 0 0 20 0 0 14 0 127 0 0 60 
0 0 0 0 0 56 0 0 0 0 0 27 15 0 0 0 0 0 21 0 0 14 0 127 0 0 60 
0 0 0 0 0 56 0 0 0 0 0 29 15 0 0 0 0 0 18 0 0 14 0 127 0 0 60 
0 10 0 0 0 56 0 0 0 0 0 29 15 0 0 0 0 0 18 0 0 15 0 127 0 0 60 
0 0 0 0 0 56 0 0 0 0 0 28 16 0 0 0 0 0 19 0 0 14 0 127 0 0 60 
0 0 0 0 0 55 0 0 0 0 0 29 15 0 0 0 0 0 16 0 0 13 0 127 0 0 60 
0 10 0 0 0 55 0 0 0 0 0 29 15 0 0 0 0 0 16 0 0 14 0 127 0 0 60 
0 0 0 0 0 56 0 0 0 0 0 30 15 0 0 0 0 0 18 0 0 15 0 127 0 0 60 
0 0 0 0 0 55 0 0 0 0 0 30 15 0 0 0 0 0 24 0 0 14 0 127 0 0 60 
0 0 0 0 0 54 0 0 0 0 0 28 15 0 0 0 0 0 25 0 0 14 0 127 0 0 60 
0 0 0 0 0 54 0 0 0 0 0 29 14 0 0 0 0 0 23 0 0 14 0 127 0 0 60 
0 0 0 0 0 52 0 0 0 0 0 28 15 0 0 0 0 0 18 0 0 14 0 127 0 0 60 
0 0 0 0 0 54 0 0 0 0 0 26 15 0 0 0 0 0 14 0 0 14 0 127 0 0 60 
0 0 0 0 0 54 0 0 0 0 0 28 14 0 0 0 0 0 23 0 0 14 0 127 0 0 60 
0 0 0 0 0 55 0 0 0 0 0 29 14 0 0 0 0 0 15 0 0 14 0 127 0 0 60 
0 0 0 0 0 54 0 0 0 0 0 27 15 0 0 0 0 0 15 0 0 14 0 127 0 0 60 
0 0 0 0 0 55 0 0 0 0 0 28 14 0 0 0 0 0 13 0 0 14 0 127 0 0 60 
0 0 0 0 0 54 0 0 0 0 0 28 15 0 0 0 0 0 25 0 0 14 0 127 0 0 60 
0 10 0 0 0 54 0 0 0 0 0 30 15 0 0 0 0 0 25 0 0 14 0 127 0 0 60 
0 14 0 0 0 52 0 0 0 0 0 29 15 0 0 0 0 0 17 0 0 14 0 127 0 0 60 
0 19 0 0 0 53 0 0 0 0 0 28 15 0 0 0 0 0 18 0 0 14 0 127 0 0 60 
0 0 0 0 0 54 0 0 0 0 0 30 15 0 0 0 0 0 20 0 0 14 0 127 0 0 60 
0 0 0 0 0 52 0 0 0 0 0 28 15 0 0 0 0 0 23 0 0 14 0 127 0 0 60 
0 0 0 0 0 54 0 0 0 0 0 30 15 0 0 0 0 0 17 0 0 14 0 127 0 0 60 
0 10 0 0 0 54 0 0 0 0 0 29 14 0 0 0 0 0 24 0 0 14 0 127 0 0 60 
0 19 0 0 0 53 0 0 0 0 0 28 15 0 0 0 0 0 25 0 0 14 0 127 0 0 60 
0 0 0 0 0 54 0 0 0 0 0 29 15 0 0 0 0 0 25 0 0 14 0 127 0 0 60 
0 0 0 0 0 55 0 0 0 0 0 29 15 0 0 0 0 0 25 0 0 14 0 127 0 0 60 
0 0 0 0 0 55 0 0 0 0 0 27 14 0 0 0 0 0 17 0 0 15 0 127 0 0 60 
0 0 0 0 0 56 0 0 0 0 0 30 15 0 0 0 0 0 20 0 0 14 0 127 0 0 60 
0 12 0 0 0 56 0 0 0 0 0 27 14 0 0 0 0 0 25 0 0 13 0 127 0 0 60 
0 14 0 0 0 56 0 0 0 0 0 29 15 0 0 0 0 0 22 0 0 13 0 127 0 0 60 
0 0 0 0 0 56 0 0 0 0 0 28 15 0 0 0 0 0 17 0 0 13 0 127 0 0 60 
0 28 0 0 0 56 0 0 0 0 0 28 15 0 0 0 0 0 25 0 0 13 0 127 0 0 60 
0 0 0 0 0 56 0 0 0 0 0 30 14 0 0 0 0 0 18 0 0 13 0 127 0 0 60 
0 0 0 0 0 55 0 0 0 0 0 28 15 0 0 0 0 0 22 0 0 13 0 127 0 0 60 
0 0 0 0 0 55 0 0 0 0 0 29 15 0 0 0 0 0 14 0 0 14 0 127 0 0 60 
0 0 0 0 0 55 0 0 0 0 0 30 15 0 0 0 0 0 18 0 0 14 0 127 0 0 60 
0 0 0 0 0 55 0 0 0 0 0 28 15 0 0 0 0 0 22 0 0 14 0 127 0 0 60 
0 0 0 0 0 55 0 0 0 0 0 29 15 0 0 0 0 0 20 0 0 14 0 127 0 0 60 
0 0 0 0 0 55 0 0 0 0 0 28 15 0 0 0 0 0 16 0 0 15 0 127 0 0 60 
0 0 0 0 0 55 0 0 0 0 0 26 15 0 0 0 0 0 23 0 0 14 0 127 0 0 60 
0 0 0 0 0 55 0 0 0 0 0 30 15 0 0 0 0 0 15 0 0 14 0 127 0 0 60 
0 0 0 0 0 55 0 0 0 0 0 28 14 0 0 0 0 0 19 0 0 15 0 127 0 0 60 
0 16 0 0 0 55 0 0 0 0 0 27 15 0 0 0 0 0 17 0 0 14 0 127 0 0 60 
0 23 0 0 0 55 0 0 0 0 0 29 15 0 0 0 0 0 15 0 0 14 0 127 0 0 60 
0 10 0 0 0 55 0 0 0 0 0 28 15 0 0 0 0 0 25 0 0 14 0 127 0 0 60 
0 0 0 0 0 54 0 0 0 0 0 30 15 0 0 0 0 0 15 0 0 15 0 127 0 0 60 
0 0 0 0 0 55 0 0 0 0 0 28 15 0 0 0 0 0 15 0 0 14 0 127 0 0 60 
0 0 0 0 0 55 0 0 0 0 0 28 15 0 0 0 0 0 21 0 0 14 0 127 0 0 60 
0 0 0 0 0 54 0 0 0 0 0 29 15 0 0 0 0 0 22 0 0 14 0 127 0 0 60 
0 11 0 0 0 54 0 0 0 0 0 27 14 0 0 0 0 0 17 0 0 14 0 127 0 0 60 
0 0 0 0 0 54 0 0 0 0 0 29 15 0 0 0 0 0 20 0 0 14 0 127 0 0 60 
0 0 0 0 0 54 0 0 0 0 0 28 15 0 0 0 0 0 13 0 0 14 0 127 0 0 60 
0 0 0 0 0 53 0 0 0 0 0 29 15 0 0 0 0 0 21 0 0 14 0 127 0 0 60 
0 20 0 0 0 54 0 0 0 0 0 29 15 0 0 0 0 0 20 0 0 14 0 127 0 0 60 
0 0 0 0 0 54 0 0 0 0 0 29 15 0 0 0 0 0 18 0 0 14 0 127 0 0 60 
0 25 0 0 0 55 0 0 0 0 0 28 15 0 0 0 0 0 21 0 0 14 0 127 0 0 60 
0 12 0 0 0 55 0 0 0 0 0 29 15 0 0 0 0 0 23 0 0 14 0 127 0 0 60 
0 0 0 0 0 55 0 0 0 0 0 27 14 0 0 0 0 0 15 0 0 13 0 127 0 0 60 
0 0 0 0 0 55 0 0 0 0 0 30 15 0 0 0 0 0 20 0 0 14 0 127 0 0 60 
0 0 0 0 0 55 0 0 0 0 0 27 15 0 0 0 0 0 17 0 0 15 0 127 0 0 60 
0 0 0 0 0 54 0 0 0 0 0 29 15 0 0 0 0 0 19 0 0 14 0 127 0 0 60 
0 0 0 0 0 54 0 0 0 0 0 30 14 0 0 0 0 0 18 0 0 14 0 127 0 0 60 
0 0 0 0 0 54 0 0 0 0 0 28 15 0 0 0 0 0 23 0 0 14 0 127 0 0 60 
0 0 0 0 0 54 0 0 0 0 0 29 15 0 0 0 0 0 15 0 0 14 0 127 0 0 60 
0 0 0 0 0 52 0 0 0 0 0 29 15 0 0 0 0 0 16 0 0 15 0 127 0 0 60 
0 0 0 0 0 53 0 0 0 0 0 28 15 0 0 0 0 0 15 0 0 14 0 127 0 0 60 
0 0 0 0 0 54 0 0 0 0 0 29 15 0 0 0 0 0 15 0 0 14 0 127 0 0 60 
0 0 0 0 0 55 0 0 0 0 0 29 14 0 0 0 0 0 17 0 0 15 0 127 0 11 60 
0 0 0 0 0 55 0 0 0 0 0 27 15 0 0 0 0 0 21 0 0 15 0 127 0 15 60 
0 12 0 0 0 54 0 0 0 0 0 28 15 0 0 0 0 0 13 0 0 14 0 127 0 17 60 
0 0 0 0 0 56 0 0 0 0 0 28 15 0 0 0 0 0 22 0 0 14 0 127 0 19 60 
0 0 0 0 0 55 0 0 0 0 0 28 15 0 0 0 0 0 23 0 0 14 0 127 0 21 60 
0 0 0 0 0 54 0 0 0 0 0 29 15 0 0 0 0 0 24 0 0 14 0 127 0 21 60 
0 11 0 0 0 55 0 0 0 0 0 27 15 0 0 0 0 0 17 0 0 14 0 127 0 23 60 
0 0 0 0 0 55 0 0 0 0 0 30 15 0 0 0 0 0 12 0 0 14 0 127 0 24 60 
0 0 0 0 0 53 0 0 0 0 0 28 15 0 0 0 0 0 17 0 0 14 0 127 0 25 60 
0 0 0 0 0 55 0 0 0 0 0 29 15 0 0 0 0 0 18 0 0 14 0 127 0 26 60 
0 0 0 0 0 54 0 0 0 0 0 29 15 0 0 0 0 0 17 0 0 14 0 127 0 26 60 
0 17 0 0 0 55 0 0 0 0 0 28 15 0 0 0 0 0 23 0 0 14 0 127 0 27 60 
0 10 0 0 0 54 0 0 0 0 0 29 15 0 0 0 0 0 13 0 0 14 0 127 0 27 60 
0 0 0 0 0 55 0 0 0 0 0 28 15 0 0 0 0 0 17 0 0 14 0 127 0 27 60 
0 10 0 0 0 53 0 0 0 0 0 27 15 0 0 0 0 0 20 0 0 14 0 127 0 28 60 
0 0 0 0 0 54 0 0 0 0 0 28 14 0 0 0 0 0 22 0 0 14 0 127 0 28 60 
0 21 0 0 0 54 0 0 0 0 0 28 15 0 0 0 0 0 13 0 0 14 0 127 0 28 60 
0 11 0 0 0 55 0 0 0 0 0 30 14 0 0 0 0 0 19 0 0 14 0 127 0 28 60 
0 0 0 0 0 54 0 0 0 0 0 28 15 0 0 0 0 0 20 0 0 14 0 127 0 28 60 
0 10 0 0 0 54 0 0 0 0 0 27 15 0 0 0 0 0 23 0 0 14 0 127 0 28 60 
0 0 0 0 0 53 0 0 0 0 0 29 14 0 0 0 0 0 20 0 0 14 0 127 0 28 60 
0 23 0 0 0 55 0 0 0 0 0 28 15 0 0 0 0 0 21 0 0 14 0 127 0 28 60 
0 14 0 0 0 54 0 0 0 0 0 28 15 0 0 0 0 0 13 0 0 14 0 127 0 27 60 
0 0 0 0 0 55 0 0 0 0 0 28 15 0 0 0 0 0 23 0 0 14 0 127 0 28 60 
0 12 0 0 0 55 0 0 0 0 0 28 15 0 0 0 0 0 14 0 0 14 0 127 0 28 60 
0 19 0 0 0 54 0 0 0 0 0 27 15 0 0 0 0 0 16 0 0 15 0 127 0 27 60 
0 33 0 0 0 53 0 0 0 0 0 29 15 0 0 0 0 0 17 0 0 15 0 127 0 28 60 
0 0 0 0 0 53 0 0 0 0 0 28 15 0 0 0 0 0 17 0 0 14 0 127 0 28 60 
0 0 0 0 0 53 0 0 0 0 0 30 15 0 0 0 0 0 22 0 0 14 0 127 0 28 60 
0 0 0 0 0 53 0 0 0 0 0 27 15 0 0 0 0 0 21 0 0 15 0 127 0 28 60 
0 0 0 0 0 57 0 0 0 0 0 28 15 0 0 0 0 0 23 0 0 15 0 127 0 28 60 
0 24 0 0 0 57 0 0 0 0 0 29 15 0 0 0 0 0 13 0 0 15 0 127 0 27 60 
0 22 0 0 0 57 0 0 0 0 0 29 15 0 0 0 0 0 21 0 0 15 0 127 0 28 60 
0 0 0 0 0 57 0 0 0 0 0 29 15 0 0 0 0 0 19 0 0 15 0 127 0 27 60 
0 14 0 0 0 57 0 0 0 0 0 27 14 0 0 0 0 0 22 0 0 15 0 127 0 27 60 
0 0 0 0 0 57 0 0 0 0 0 28 15 0 0 0 0 0 22 0 0 14 0 127 0 27 60 
0 0 0 0 0 57 0 0 0 0 0 27 15 0 0 0 0 0 18 0 0 14 0 127 0 27 60 
0 10 0 0 0 57 0 0 0 0 0 30 15 0 0 0 0 0 20 0 0 14 0 127 0 28 60 
0 0 0 0 0 56 0 0 0 0 0 28 15 0 0 0 0 0 14 0 0 15 0 127 0 28 60 
0 10 0 0 0 56 0 0 0 0 0 29 15 0 0 0 0 0 19 0 0 14 0 127 0 28 60 
0 20 0 0 0 57 0 0 0 0 0 29 15 0 0 0 0 0 23 0 0 14 0 127 0 27 60 
0 46 0 0 0 56 0 0 0 0 0 30 15 0 0 0 0 0 23 0 0 14 0 127 0 28 60 
0 23 0 0 0 57 0 0 0 0 0 27 15 0 0 0 0 0 18 0 0 14 0 127 0 28 60 
0 0 0 0 0 57 0 0 0 0 0 27 15 0 0 0 0 0 23 0 0 14 0 127 0 27 60 
0 0 0 0 0 56 0 0 0 0 0 30 15 0 0 0 0 0 16 0 0 14 0 127 0 27 60 
0 13 0 0 0 55 0 0 0 0 0 29 15 0 0 0 0 0 15 0 0 14 0 127 0 27 60 
0 27 0 0 0 55 0 0 0 0 0 29 17 0 0 0 0 0 16 0 0 14 0 127 0 27 60 
0 19 0 0 0 56 0 0 0 0 0 29 15 0 0 0 0 0 17 0 0 15 0 127 0 27 60 
0 0 0 0 0 55 0 0 0 0 0 29 15 0 0 0 0 0 22 0 0 14 0 127 0 27 60 
0 11 0 0 0 55 0 0 0 0 0 30 15 0 0 0 0 0 14 0 0 14 0 127 0 27 60 
0 0 0 0 0 55 0 0 0 0 0 28 15 0 0 0 0 0 19 0 0 14 0 127 0 28 60 
0 19 0 0 0 56 0 0 0 0 0 28 14 0 0 0 0 0 21 0 0 14 0 127 0 28 60 
0 26 0 0 0 56 0 0 0 0 0 28 15 0 0 0 0 0 23 0 0 14 0 127 0 27 60 
0 0 0 0 0 56 0 0 0 0 0 28 15 0 0 0 0 0 22 0 0 14 0 127 0 27 60 
0 24 0 0 0 55 0 0 0 0 0 29 15 0 0 0 0 0 19 0 0 14 0 127 0 28 60 
0 40 0 0 0 55 0 0 0 0 0 30 15 0 0 0 0 0 14 0 0 14 0 127 0 27 60 
0 37 0 0 0 55 0 0 0 0 0 28 15 0 0 0 0 0 15 0 0 14 0 127 0 27 60 
0 33 0 0 0 55 0 0 0 0 0 30 15 0 0 0 0 0 20 0 0 14 0 127 0 28 60 
0 19 0 0 0 55 0 0 0 0 0 28 15 0 0 0 0 0 22 0 0 14 0 127 0 28 60 
0 13 0 0 0 55 0 0 0 0 0 28 15 0 0 0 0 0 15 0 0 14 0 127 0 27 60 
0 12 0 0 0 55 0 0 0 0 0 29 15 0 0 0 0 0 12 0 0 14 0 127 0 27 60 
0 33 0 0 0 54 0 0 0 0 0 29 15 0 0 0 0 0 17 0 0 14 0 127 0 28 60 
0 20 0 0 0 54 0 0 0 0 0 29 15 0 0 0 0 0 18 0 0 14 0 127 0 28 60 
0 15 0 0 0 56 0 0 0 0 0 28 15 0 0 0 0 0 17 0 0 14 0 127 0 27 60 
0 15 0 0 0 55 0 0 0 0 0 28 15 0 0 0 0 0 20 0 0 14 0 127 0 27 60 
0 10 0 0 0 55 0 0 0 0 0 30 15 0 0 0 0 0 19 0 0 14 0 127 0 27 60 
0 38 0 0 0 56 0 0 0 0 0 28 15 0 0 0 0 0 18 0 0 14 0 127 0 27 60 
0 25 0 0 0 56 0 0 0 0 0 28 15 0 0 0 0 0 14 0 0 14 0 127 0 27 60 
0 18 0 0 0 56 0 0 0 0 0 30 15 0 0 0 0 0 17 0 0 14 0 127 0 27 60 
0 13 0 0 0 56 0 0 0 0 0 28 14 0 0 0 0 0 22 0 0 14 0 127 0 27 60 
0 36 0 0 0 56 0 0 0 0 0 29 15 0 0 0 0 0 21 0 0 14 0 127 0 27 60 
0 38 0 0 0 56 0 0 0 0 0 28 15 0 0 0 0 0 18 0 0 14 0 127 0 27 60 
0 21 0 0 0 56 0 0 0 0 0 28 15 0 0 0 0 0 24 0 0 14 0 127 0 27 60 
0 25 0 0 0 55 0 0 0 0 0 27 15 0 0 0 0 0 20 0 0 14 0 127 0 27 60 
0 25 0 0 0 55 0 0 0 0 0 29 15 0 0 0 0 0 16 0 0 14 0 127 0 27 60 
0 12 0 0 0 54 0 0 0 0 0 28 15 0 0 0 0 0 14 0 0 14 0 127 0 27 60 
0 59 0 0 0 54 0 0 0 0 0 28 15 0 0 0 0 0 17 0 0 14 0 127 0 27 60 
0 29 0 0 0 55 0 0 0 0 0 29 15 0 0 0 0 0 18 0 0 14 0 127 0 27 60 
0 20 0 0 0 55 0 0 0 0 0 29 15 0 0 0 0 0 15 0 0 14 0 127 0 27 60 
0 17 0 0 0 55 0 0 0 0 0 30 15 0 0 0 0 0 21 0 0 14 0 127 0 27 60 
0 13 0 0 0 55 0 0 0 0 0 28 15 0 0 0 0 0 14 0 0 14 0 127 0 27 60 
0 47 0 0 0 55 0 0 0 0 0 29 15 0 0 0 0 0 22 0 0 14 0 127 0 26 60 
0 25 0 0 0 55 0 0 0 0 0 28 15 0 0 0 0 0 24 0 0 14 0 127 0 26 60 
0 19 0 0 0 55 0 0 0 0 0 29 15 0 0 0 0 0 18 0 0 13 0 127 0 26 60 
0 32 0 0 0 55 0 0 0 0 0 28 15 0 0 0 0 0 17 0 0 14 0 127 0 25 60 
0 27 0 0 0 55 0 0 0 0 0 28 15 0 0 0 0 0 23 0 0 15 0 127 0 24 60 
0 57 0 0 0 55 0 0 0 0 0 29 15 0 0 0 0 0 13 0 0 15 0 127 0 25 60 
0 29 0 0 0 55 0 0 0 0 0 29 15 0 0 0 0 0 24 0 0 14 0 127 0 26 60 
0 33 0 0 0 55 0 0 0 0 0 27 15 0 0 0 0 0 19 0 0 13 0 127 0 26 60 
0 37 0 0 0 57 0 0 0 0 0 29 14 0 0 0 0 0 22 0 0 14 0 127 0 25 60 
0 48 0 0 0 57 0 0 0 0 0 28 15 0 0 0 0 0 21 0 0 14 0 127 0 24 60 
0 36 0 0 0 57 0 0 0 0 0 28 15 0 0 0 0 0 22 0 0 14 0 127 0 23 60 
0 50 0 0 0 57 0 0 0 0 0 28 15 0 0 0 0 0 19 0 0 15 0 127 0 23 60 
0 35 0 0 0 57 0 0 0 0 0 28 15 0 0 0 0 0 20 0 0 15 0 127 0 23 60 
0 44 0 0 0 57 0 0 0 0 0 30 15 0 0 0 0 0 16 0 0 14 0 127 0 22 60 
0 50 0 0 0 57 0 0 0 0 0 29 14 0 0 0 0 0 13 0 0 14 0 127 0 22 60 
0 40 0 0 0 57 0 0 0 0 0 29 15 0 0 0 0 0 20 0 0 14 0 127 0 22 60 
0 25 0 0 0 57 0 0 0 0 0 30 15 0 0 0 0 0 21 0 0 13 0 127 0 18 60 
0 35 0 0 0 56 0 0 0 0 0 29 15 0 0 0 0 0 13 0 0 14 0 127 0 13 60 
0 34 0 0 0 56 0 0 0 0 0 29 15 0 0 0 0 0 15 0 0 13 0 127 0 14 60 
0 40 0 0 0 55 0 0 0 0 0 28 15 0 0 0 0 0 15 0 0 14 0 127 0 17 60 
0 48 0 0 0 57 0 0 0 0 0 26 15 0 0 0 0 0 19 0 0 15 0 127 0 18 60 
0 43 0 0 0 58 0 0 0 0 0 30 15 0 0 0 0 0 16 0 0 14 0 127 0 20 60 
0 38 0 0 0 58 0 0 0 0 0 28 15 0 0 0 0 0 17 0 0 15 0 127 0 20 60 
0 25 0 0 0 57 0 0 0 0 0 30 15 0 0 0 0 0 20 0 0 14 0 127 0 21 60 
0 46 0 0 0 58 0 0 0 0 0 28 16 0 0 0 0 0 18 0 0 14 0 127 0 21 60 
0 68 0 0 0 57 0 0 0 0 0 28 16 0 0 0 0 0 13 0 0 14 0 127 0 22 60 
0 56 0 0 0 56 0 0 0 0 0 31 15 0 0 0 0 0 23 0 0 14 0 127 0 22 60 
0 39 0 0 0 53 0 0 0 0 0 28 15 0 0 0 0 0 20 0 0 14 0 127 0 22 60 
0 31 0 0 0 52 0 0 0 0 0 29 15 0 0 0 0 0 17 0 0 14 0 127 0 22 60 
0 52 0 0 0 52 0 0 0 0 0 27 15 0 0 0 0 0 20 0 0 14 0 127 0 18 60 
0 78 0 0 0 52 0 0 0 0 0 29 15 0 0 0 0 0 13 0 0 14 0 127 0 14 60 
0 49 0 0 0 53 0 0 0 0 0 29 15 0 0 0 0 0 14 0 0 14 0 127 0 10 60 
0 45 0 0 0 54 0 0 0 0 0 28 15 0 0 0 0 0 23 0 0 14 0 127 0 0 60 
0 40 0 0 0 54 0 0 0 0 0 28 15 0 0 0 0 0 21 0 0 14 0 127 0 0 60 
0 38 0 0 0 54 0 0 0 0 0 30 15 0 0 0 0 0 16 0 0 14 0 127 0 0 60 
0 188 0 0 0 54 0 0 0 0 0 28 15 0 0 0 0 0 15 0 0 14 0 127 0 0 60 
0 188 0 0 0 53 0 0 0 0 0 27 15 0 0 0 0 0 15 0 0 14 0 127 0 0 60 
0 200 0 0 0 54 0 0 0 0 0 30 15 0 0 0 0 0 20 0 0 14 0 127 0 0 60 
0 189 0 0 0 54 0 0 0 0 0 28 15 0 0 0 0 0 21 0 0 14 0 127 0 0 60 
0 185 0 0 0 54 0 0 0 0 0 28 14 0 0 0 0 0 16 0 0 14 0 127 0 0 60 
0 191 0 0 0 53 0 0 0 0 0 28 14 0 0 0 0 0 14 0 0 14 0 127 0 0 60 
0 185 0 0 0 54 0 0 0 0 0 29 14 0 0 0 0 0 13 0 0 14 0 127 0 0 60 
0 183 0 0 0 55 0 0 0 0 0 30 15 0 0 0 0 0 17 0 0 14 0 127 0 0 60 
0 204 0 0 0 54 0 0 0 0 0 28 15 0 0 0 0 0 14 0 0 14 0 127 0 0 60 
0 207 0 0 0 54 0 0 0 0 0 29 15 0 0 0 0 0 24 0 0 14 0 127 0 0 60 
0 207 0 0 0 54 0 0 0 0 0 28 15 0 0 0 0 0 17 0 0 14 0 127 0 0 60 
0 199 0 0 0 54 0 0 0 0 0 27 15 0 0 0 0 0 22 0 0 14 0 127 0 0 60 
0 209 0 0 0 55 0 0 0 0 0 30 15 0 0 0 0 0 21 0 0 14 0 127 0 0 60 
0 204 0 0 0 54 0 0 0 0 0 27 15 0 0 0 0 0 19 0 0 14 0 127 0 0 60 
0 208 0 0 0 54 0 0 0 0 0 28 15 0 0 0 0 0 19 0 0 14 0 127 0 0 60 
0 214 0 0 0 54 0 0 0 0 0 28 15 0 0 0 0 0 13 0 0 14 0 127 0 0 60 
0 202 0 0 0 54 0 0 0 0 0 30 15 0 0 0 0 0 14 0 0 14 0 127 0 0 60 
0 189 0 0 0 54 0 0 0 0 0 29 14 0 0 0 0 0 17 0 0 14 0 127 0 0 60 
0 153 0 0 0 54 0 0 0 0 0 30 15 0 0 0 0 0 16 0 0 14 0 127 0 0 60 
0 98 0 0 0 54 0 0 0 0 0 32 15 0 0 0 0 0 19 0 0 14 0 127 0 0 60 
0 113 0 0 0 55 0 0 0 0 0 29 15 0 0 0 0 0 24 0 0 14 0 127 0 0 60 
0 168 0 0 0 55 0 0 0 0 0 27 15 0 0 0 0 0 16 0 0 14 0 127 0 0 60 
0 220 0 0 0 55 0 0 0 0 0 28 15 0 0 0 0 0 14 0 0 14 0 127 0 0 60 
0 196 0 0 0 55 0 0 0 0 0 29 15 0 0 0 0 0 19 0 0 15 0 127 0 0 60 
0 208 0 0 0 55 0 0 0 0 0 28 15 0 0 0 0 0 21 0 0 14 0 127 0 0 60 
0 212 0 0 0 54 0 0 0 0 0 27 15 0 0 0 0 0 23 0 0 14 0 127 0 0 60 
0 181 0 0 0 52 0 0 0 0 0 29 15 0 0 0 0 0 18 0 0 14 0 127 0 0 60 
0 224 0 0 0 54 0 0 0 0 0 30 14 0 0 0 0 0 16 0 0 14 0 127 0 0 60 
0 215 0 0 0 53 0 0 0 0 0 30 14 0 0 0 0 0 20 0 0 15 0 127 0 0 60 
0 222 0 0 0 53 0 0 0 0 0 29 15 0 0 0 0 0 13 0 0 15 0 127 0 0 60 
0 197 0 0 0 54 0 0 0 0 0 29 14 0 0 0 0 0 23 0 0 14 0 127 0 0 60 
0 204 0 0 0 58 0 0 0 0 0 29 15 0 0 0 0 0 15 0 0 14 0 127 0 0 60 
0 209 0 0 0 55 0 0 0 0 0 29 15 0 0 0 0 0 19 0 0 15 0 127 0 0 60 
0 201 0 0 0 56 0 0 0 0 0 29 15 0 0 0 0 0 22 0 0 15 0 127 0 0 60 
0 209 0 0 0 58 0 0 0 0 0 30 15 0 0 0 0 0 15 0 0 15 0 127 0 0 60 
0 203 0 0 0 59 0 0 0 0 0 28 15 0 0 0 0 0 13 0 0 14 0 127 0 0 60 
0 208 0 0 0 59 0 0 0 0 0 31 15 0 0 0 0 0 22 0 0 15 0 127 0 0 60 
0 229 0 0 0 59 0 0 0 0 0 28 15 0 0 0 0 0 17 0 0 15 0 127 0 0 60 
0 206 0 0 0 59 0 0 0 0 0 28 15 0 0 0 0 0 18 0 0 15 0 127 0 0 60 
0 198 0 0 0 55 0 0 0 0 0 29 15 0 0 0 0 0 14 0 0 14 0 127 0 0 60 
0 232 0 0 0 59 0 0 0 0 0 28 15 0 0 0 0 0 23 0 0 14 0 127 0 0 60 
0 228 0 0 0 59 0 0 0 0 0 30 15 0 0 0 0 0 16 0 0 14 0 127 0 0 60 
0 210 0 0 0 59 0 0 0 0 0 29 15 0 0 0 0 0 22 0 0 14 0 127 0 0 60 
0 207 0 0 0 59 0 0 0 0 0 28 15 0 0 0 0 0 14 0 0 15 0 127 0 0 60 
0 209 0 0 0 59 0 0 0 0 0 29 15 0 0 0 0 0 13 0 0 15 0 127 0 0 60 
0 222 0 0 0 58 0 0 0 0 0 30 14 0 0 0 0 0 21 0 0 14 0 127 0 0 60 
0 212 0 0 0 59 0 0 0 0 0 29 15 0 0 0 0 0 14 0 0 14 0 127 0 0 60 
0 227 0 0 0 58 0 0 0 0 0 30 15 0 0 0 0 0 14 0 0 14 0 127 0 0 60 
0 212 0 0 0 58 0 0 0 0 0 30 15 0 0 0 0 0 22 0 0 14 0 127 0 0 60 
0 201 0 0 0 58 0 0 0 0 0 31 15 0 0 0 0 0 14 0 0 14 0 127 0 0 60 
0 217 0 0 0 58 0 0 0 0 0 30 15 0 0 0 0 0 20 0 0 14 0 127 0 0 60 
0 225 0 0 0 58 0 0 0 0 0 29 15 0 0 0 0 0 20 0 0 14 0 127 0 0 60 
0 214 0 0 0 58 0 0 0 0 0 30 16 0 0 0 0 0 24 0 0 14 0 127 0 0 60 
0 204 0 0 0 58 0 0 0 0 0 29 15 0 0 0 0 0 16 0 0 14 0 127 0 0 60 
0 218 0 0 0 58 0 0 0 0 0 30 15 0 0 0 0 0 23 0 0 14 0 127 0 0 60 
0 227 0 0 0 58 0 0 0 0 0 29 15 0 0 0 0 0 22 0 0 14 0 127 0 0 60 
0 224 0 0 0 58 0 0 0 0 0 27 15 0 0 0 0 0 23 0 0 14 0 127 0 0 60 
0 239 0 0 0 58 0 0 0 0 0 30 15 0 0 0 0 0 24 0 0 14 0 127 0 0 60 
0 215 0 0 0 58 0 0 0 0 0 29 15 0 0 0 0 0 18 0 0 14 0 127 0 0 60 
0 224 0 0 0 58 0 0 0 0 0 29 14 0 0 0 0 0 24 0 0 14 0 127 0 0 60 
0 225 0 0 0 58 0 0 0 0 0 29 15 0 0 0 0 0 18 0 0 14 0 127 0 0 60 
0 229 0 0 0 58 0 0 0 0 0 29 15 0 0 0 0 0 15 0 0 14 0 127 0 0 60 
0 210 0 0 0 57 0 0 0 0 0 29 15 0 0 0 0 0 22 0 0 14 0 127 0 0 60 
0 236 0 0 0 58 0 0 0 0 0 29 15 0 0 0 0 0 15 0 0 14 0 127 0 0 60 
0 221 0 0 0 57 0 0 0 0 0 27 15 0 0 0 0 0 23 0 0 14 0 127 0 0 60 
0 238 0 0 0 58 0 0 0 0 0 29 15 0 0 0 0 0 23 0 0 14 0 127 0 0 60 
0 241 0 0 0 58 0 0 0 0 0 28 15 0 0 0 0 0 22 0 0 14 0 127 0 0 60 
0 214 0 0 0 58 0 0 0 0 0 29 15 0 0 0 0 0 21 0 0 14 0 127 0 0 60 
0 225 0 0 0 58 0 0 0 0 0 30 15 0 0 0 0 0 23 0 0 14 0 127 0 0 60 
0 227 0 0 0 59 0 0 0 0 0 29 15 0 0 0 0 0 24 0 0 14 0 127 0 0 60 
0 228 0 0 0 59 0 0 0 0 0 31 15 0 0 0 0 0 14 0 0 14 0 127 0 0 60 
0 217 0 0 0 58 0 0 0 0 0 29 16 0 0 0 0 0 23 0 0 14 0 127 0 0 60 
0 225 0 0 0 58 0 0 0 0 0 28 15 0 0 0 0 0 13 0 0 14 0 127 0 0 60 
0 224 0 0 0 58 0 0 0 0 0 29 15 0 0 0 0 0 15 0 0 14 0 127 0 0 60 
0 229 0 0 0 57 0 0 0 0 0 28 15 0 0 0 0 0 20 0 0 14 0 127 0 0 60 
0 239 0 0 0 57 0 0 0 0 0 29 15 0 0 0 0 0 24 0 0 14 0 127 0 0 60 
0 220 0 0 0 57 0 0 0 0 0 27 15 0 0 0 0 0 19 0 0 14 0 127 0 0 60 
0 237 0 0 0 57 0 0 0 0 0 29 15 0 0 0 0 0 14 0 0 14 0 127 0 0 60 
0 230 0 0 0 57 0 0 0 0 0 31 15 0 0 0 0 0 13 0 0 14 0 127 0 0 60 
0 226 0 0 0 56 0 0 0 0 0 29 15 0 0 0 0 0 15 0 0 14 0 127 0 0 60 
0 216 0 0 0 57 0 0 0 0 0 28 15 0 0 0 0 0 13 0 0 14 0 127 0 0 60 
0 229 0 0 0 57 0 0 0 0 0 30 15 0 0 0 0 0 16 0 0 14 0 127 0 0 60 
0 215 0 0 0 55 0 0 0 0 0 27 15 0 0 0 0 0 15 0 0 14 0 127 0 0 60 
0 230 0 0 0 56 0 0 0 0 0 28 16 0 0 0 0 0 19 0 0 14 0 127 0 0 60 
0 215 0 0 0 53 0 0 0 0 0 29 16 0 0 0 0 0 19 0 0 14 0 127 0 0 60 
0 236 0 0 0 53 0 0 0 0 0 27 15 0 0 0 0 0 22 0 0 14 0 127 0 0 60 
0 206 0 0 0 52 0 0 0 0 0 28 15 0 0 0 0 0 22 0 0 15 0 127 0 0 60 
0 199 0 0 0 54 0 0 0 0 0 29 15 0 0 0 0 0 24 0 0 15 0 127 0 0 60 
0 195 0 0 0 53 0 0 0 0 0 28 15 0 0 0 0 0 18 0 0 14 0 127 0 0 60 
0 223 0 0 0 55 0 0 0 0 0 29 15 0 0 0 0 0 15 0 0 14 0 127 0 0 60 
0 220 0 0 0 53 0 0 0 0 0 29 14 0 0 0 0 0 13 0 0 13 0 127 0 0 60 
0 212 0 0 0 54 0 0 0 0 0 29 15 0 0 0 0 0 25 0 0 13 0 127 0 0 60 
0 206 0 0 0 53 0 0 0 0 0 29 15 0 0 0 0 0 19 0 0 13 0 127 0 0 60 
0 207 0 0 0 54 0 0 0 0 0 27 15 0 0 0 0 0 13 0 0 13 0 127 0 0 60 
0 209 0 0 0 51 0 0 0 0 0 30 15 0 0 0 0 0 23 0 0 13 0 127 0 0 60 
0 216 0 0 0 51 0 0 0 0 0 29 15 0 0 0 0 0 12 0 0 14 0 127 0 0 60 
0 218 0 0 0 52 0 0 0 0 0 28 15 0 0 0 0 0 14 0 0 14 0 127 0 0 60 
0 196 0 0 0 52 0 0 0 0 0 29 15 0 0 0 0 0 23 0 0 14 0 127 0 0 60 
0 207 0 0 0 54 0 0 0 0 0 28 14 0 0 0 0 0 13 0 0 14 0 127 0 0 60 
0 219 0 0 0 54 0 0 0 0 0 30 14 0 0 0 0 0 24 0 0 14 0 127 0 0 60 
0 211 0 0 0 54 0 0 0 0 0 30 15 0 0 0 0 0 13 0 0 14 0 127 0 0 60 
0 211 0 0 0 53 0 0 0 0 0 28 14 0 0 0 0 0 22 0 0 14 0 127 0 0 60 
0 206 0 0 0 52 0 0 0 0 0 29 15 0 0 0 0 0 14 0 0 14 0 127 0 0 60 
0 214 0 0 0 57 0 0 0 0 0 29 15 0 0 0 0 0 13 0 0 14 0 127 0 0 60 
0 206 0 0 0 58 0 0 0 0 0 30 15 0 0 0 0 0 19 0 0 14 0 127 0 0 60 
0 209 0 0 0 47 0 0 0 0 0 27 15 0 0 0 0 0 21 0 0 14 0 127 0 0 60 
0 208 0 0 0 49 0 0 0 0 0 27 15 0 0 0 0 0 15 0 0 14 0 127 0 0 60 
0 207 0 0 0 51 0 0 0 0 0 29 15 0 0 0 0 0 19 0 0 14 0 127 0 0 60 
0 194 0 0 0 48 0 0 0 0 0 29 15 0 0 0 0 0 20 0 0 14 0 127 0 0 60 
0 205 0 0 0 51 0 0 0 0 0 28 15 0 0 0 0 0 21 0 0 14 0 127 0 0 60 
0 206 0 0 0 49 0 0 0 0 0 28 15 0 0 0 0 0 21 0 0 14 0 127 0 0 60 
0 222 0 0 0 51 0 0 0 0 0 27 15 0 0 0 0 0 18 0 0 14 0 127 0 0 60 
0 224 0 0 0 52 0 0 0 0 0 29 15 0 0 0 0 0 17 0 0 14 0 127 0 0 60 
0 220 0 0 0 49 0 0 0 0 0 30 15 0 0 0 0 0 15 0 0 14 0 127 0 0 60 
0 214 0 0 0 47 0 0 0 0 0 27 15 0 0 0 0 0 15 0 0 14 0 127 0 0 60 
0 213 0 0 0 49 0 0 0 0 0 30 15 0 0 0 0 0 19 0 0 14 0 127 0 0 60 
0 212 0 0 0 50 0 0 0 0 0 29 15 0 0 0 0 0 14 0 0 14 0 127 0 0 60 
0 222 0 0 0 50 0 0 0 0 0 30 15 0 0 0 0 0 21 0 0 14 0 127 0 0 60 
0 199 0 0 0 51 0 0 0 0 0 28 15 0 0 0 0 0 20 0 0 14 0 127 0 0 60 
0 210 0 0 0 50 0 0 0 0 0 29 15 0 0 0 0 0 18 0 0 14 0 127 0 0 60 
0 207 0 0 0 51 0 0 0 0 0 30 15 0 0 0 0 0 15 0 0 14 0 127 0 0 60 
0 211 0 0 0 50 0 0 0 0 0 29 15 0 0 0 0 0 20 0 0 14 0 127 0 0 60 
0 203 0 0 0 52 0 0 0 0 0 27 15 0 0 0 0 0 18 0 0 14 0 127 0 0 60 
0 215 0 0 0 50 0 0 0 0 0 30 15 0 0 0 0 0 16 0 0 14 0 127 0 0 60 
0 214 0 0 0 52 0 0 0 0 0 28 15 0 0 0 0 0 20 0 0 14 0 127 0 0 60 
0 210 0 0 0 48 0 0 0 0 0 29 15 0 0 0 0 0 19 0 0 14 0 127 0 0 60 
0 212 0 0 0 52 0 0 0 0 0 29 15 0 0 0 0 0 15 0 0 14 0 127 0 0 60 
0 219 0 0 0 51 0 0 0 0 0 28 15 0 0 0 0 0 22 0 0 14 0 127 0 0 60 
0 212 0 0 0 53 0 0 0 0 0 28 15 0 0 0 0 0 23 0 0 14 0 127 0 0 60 
0 205 0 0 0 52 0 0 0 0 0 28 15 0 0 0 0 0 20 0 0 14 0 127 0 0 60 
0 208 0 0 0 53 0 0 0 0 0 27 15 0 0 0 0 0 18 0 0 14 0 127 0 0 60 
0 219 0 0 0 47 0 0 0 0 0 29 15 0 0 0 0 0 14 0 0 14 0 127 0 0 60 
0 214 0 0 0 53 0 0 0 0 0 28 16 0 0 0 0 0 18 0 0 14 0 127 0 0 60 
0 210 0 0 0 54 0 0 0 0 0 29 14 0 0 0 0 0 15 0 0 14 0 127 0 0 60 
0 217 0 0 0 49 0 0 0 0 0 28 16 0 0 0 0 0 18 0 0 14 0 127 0 0 60 
0 205 0 0 0 54 0 0 0 0 0 28 15 0 0 0 0 0 22 0 0 14 0 127 0 0 60 
0 219 0 0 0 54 0 0 0 0 0 29 15 0 0 0 0 0 13 0 0 14 0 127 0 0 60 
0 208 0 0 0 54 0 0 0 0 0 29 15 0 0 0 0 0 19 0 0 14 0 127 0 0 60 
0 211 0 0 0 55 0 0 0 0 0 29 16 0 0 0 0 0 13 0 0 14 0 127 0 0 60 
0 212 0 0 0 54 0 0 0 0 0 29 15 0 0 0 0 0 15 0 0 14 0 127 0 0 60 
0 210 0 0 0 47 0 0 0 0 0 27 15 0 0 0 0 0 19 0 0 14 0 127 0 0 60 
0 212 0 0 0 55 0 0 0 0 0 29 15 0 0 0 0 0 19 0 0 14 0 127 0 0 60 
0 218 0 0 0 54 0 0 0 0 0 27 15 0 0 0 0 0 23 0 0 14 0 127 0 0 60 
0 217 0 0 0 53 0 0 0 0 0 28 16 0 0 0 0 0 22 0 0 14 0 127 0 0 60 
0 208 0 0 0 53 0 0 0 0 0 29 15 0 0 0 0 0 18 0 0 14 0 127 0 0 60 
0 218 0 0 0 50 0 0 0 0 0 28 15 0 0 0 0 0 18 0 0 14 0 127 0 0 60 
0 221 0 0 0 52 0 0 0 0 0 30 15 0 0 0 0 0 22 0 0 14 0 127 0 0 60 
0 216 0 0 0 47 0 0 0 0 0 29 15 0 0 0 0 0 17 0 0 14 0 127 0 0 60 
0 225 0 0 0 52 0 0 0 0 0 28 15 0 0 0 0 0 14 0 0 14 0 127 0 0 60 
0 222 0 0 0 47 0 0 0 0 0 29 15 0 0 0 0 0 23 0 0 14 0 127 0 0 60 
0 218 0 0 0 51 0 0 0 0 0 29 15 0 0 0 0 0 22 0 0 14 0 127 0 0 60 
0 219 0 0 0 50 0 0 0 0 0 28 15 0 0 0 0 0 20 0 0 14 0 127 0 0 60 
0 219 0 0 0 55 0 0 0 0 0 30 15 0 0 0 0 0 23 0 0 14 0 127 0 0 60 
0 213 0 0 0 58 0 0 0 0 0 28 16 0 0 0 0 0 14 0 0 14 0 127 0 0 60 
0 212 0 0 0 58 0 0 0 0 0 29 15 0 0 0 0 0 15 0 0 14 0 127 0 0 60 
0 218 0 0 0 58 0 0 0 0 0 29 15 0 0 0 0 0 18 0 0 14 0 127 0 0 60 
0 208 0 0 0 58 0 0 0 0 0 28 15 0 0 0 0 0 14 0 0 14 0 127 0 0 60 
0 209 0 0 0 58 0 0 0 0 0 30 15 0 0 0 0 0 16 0 0 14 0 127 0 0 60 
0 209 0 0 0 58 0 0 0 0 0 28 15 0 0 0 0 0 16 0 0 14 0 127 0 0 60 
0 231 0 0 0 56 0 0 0 0 0 29 14 0 0 0 0 0 15 0 0 14 0 127 0 0 60 
0 231 0 0 0 56 0 0 0 0 0 29 16 0 0 0 0 0 21 0 0 14 0 127 0 0 60 
0 216 0 0 0 57 0 0 0 0 0 29 15 0 0 0 0 0 17 0 0 14 0 127 0 0 60 
0 222 0 0 0 56 0 0 0 0 0 30 15 0 0 0 0 0 15 0 0 14 0 127 0 0 60 
0 230 0 0 0 56 0 0 0 0 0 28 15 0 0 0 0 0 19 0 0 14 0 127 0 0 60 
0 217 0 0 0 58 0 0 0 0 0 28 15 0 0 0 0 0 13 0 0 14 0 127 0 0 60 
0 239 0 0 0 59 0 0 0 0 0 28 15 0 0 0 0 0 18 0 0 14 0 127 0 0 60 
0 232 0 0 0 60 0 0 0 0 0 28 15 0 0 0 0 0 17 0 0 14 0 127 0 0 60 
0 232 0 0 0 57 0 0 0 0 0 30 15 0 0 0 0 0 15 0 0 14 0 127 0 0 60 
0 225 0 0 0 57 0 0 0 0 0 29 15 0 0 0 0 0 20 0 0 14 0 127 0 0 60 
0 230 0 0 0 57 0 0 0 0 0 27 15 0 0 0 0 0 12 0 0 14 0 127 0 0 60 
0 245 0 0 0 58 0 0 0 0 0 29 15 0 0 0 0 0 19 0 0 14 0 127 0 0 60 
0 260 0 0 0 58 0 0 0 0 0 28 15 0 0 0 0 0 12 0 0 14 0 127 0 0 60 
0 241 0 0 0 58 0 0 0 0 0 29 15 0 0 0 0 0 13 0 0 14 0 127 0 0 60 
0 228 0 0 0 58 0 0 0 0 0 30 15 0 0 0 0 0 20 0 0 14 0 127 0 0 60 
0 234 0 0 0 58 0 0 0 0 0 29 15 0 0 0 0 0 18 0 0 14 0 127 0 0 60 
0 231 0 0 0 57 0 0 0 0 0 30 15 0 0 0 0 0 17 0 0 14 0 127 0 0 60 
0 248 0 0 0 57 0 0 0 0 0 28 15 0 0 0 0 0 16 0 0 14 0 127 0 0 60 
0 220 0 0 0 57 0 0 0 0 0 28 15 0 0 0 0 0 15 0 0 14 0 127 0 0 60 
0 214 0 0 0 57 0 0 0 0 0 29 15 0 0 0 0 0 21 0 0 14 0 127 0 0 60 
0 218 0 0 0 57 0 0 0 0 0 28 14 0 0 0 0 0 17 0 0 14 0 127 0 0 60 
0 215 0 0 0 57 0 0 0 0 0 28 15 0 0 0 0 0 16 0 0 14 0 127 0 0 60 
0 241 0 0 0 57 0 0 0 0 0 30 15 0 0 0 0 0 16 0 0 14 0 120 0 0 60 
0 235 0 0 0 56 0 0 0 0 0 29 15 0 0 0 0 0 18 0 0 14 0 120 0 0 60 
0 234 0 0 0 56 0 0 0 0 0 30 15 0 0 0 0 0 22 0 0 14 0 120 0 0 60 
0 222 0 0 0 55 0 0 0 0 0 30 15 0 0 0 0 0 13 0 0 14 0 120 0 0 60 
0 219 0 0 0 54 0 0 0 0 0 28 15 0 0 0 0 0 15 0 0 14 0 120 0 0 60 
0 255 0 0 0 56 0 0 0 0 0 29 15 0 0 0 0 0 13 0 0 14 0 120 0 0 60 
0 243 0 0 0 52 0 0 0 0 0 28 15 0 0 0 0 0 19 0 0 14 0 120 0 0 60 
0 227 0 0 0 58 0 0 0 0 0 29 15 0 0 0 0 0 13 0 0 14 0 120 0 0 60 
0 223 0 0 0 58 0 0 0 0 0 29 15 0 0 0 0 0 15 0 0 14 0 120 0 0 60 
0 230 0 0 0 58 0 0 0 0 0 29 15 0 0 0 0 0 22 0 0 14 0 120 0 0 60 
0 233 0 0 0 56 0 0 0 0 0 29 15 0 0 0 0 0 19 0 0 14 0 120 0 0 60 
0 221 0 0 0 56 0 0 0 0 0 29 15 0 0 0 0 0 14 0 0 14 0 120 0 0 60 
0 218 0 0 0 55 0 0 0 0 0 29 15 0 0 0 0 0 24 0 0 14 0 120 0 0 60 
0 234 0 0 0 55 0 0 0 0 0 27 15 0 0 0 0 0 20 0 0 14 0 120 0 0 60 
0 232 0 0 0 55 0 0 0 0 0 27 15 0 0 0 0 0 22 0 0 14 0 120 0 0 60 
0 239 0 0 0 56 0 0 0 0 0 30 15 0 0 0 0 0 15 0 0 14 0 120 0 0 60 
0 255 0 0 0 57 0 0 0 0 0 29 15 0 0 0 0 0 25 0 0 14 0 120 0 0 60 
0 218 0 0 0 56 0 0 0 0 0 29 15 0 0 0 0 0 21 0 0 14 0 120 0 0 60 
0 215 0 0 0 55 0 0 0 0 0 28 15 0 0 0 0 0 14 0 0 14 0 120 0 0 60 
0 231 0 0 0 55 0 0 0 0 0 29 15 0 0 0 0 0 24 0 0 14 0 120 0 0 60 
0 253 0 0 0 55 0 0 0 0 0 28 15 0 0 0 0 0 18 0 0 14 0 120 0 0 60 
0 229 0 0 0 55 0 0 0 0 0 29 15 0 0 0 0 0 15 0 0 14 0 120 0 0 60 
0 219 0 0 0 55 0 0 0 0 0 28 15 0 0 0 0 0 20 0 0 14 0 120 0 0 60 
0 228 0 0 0 56 0 0 0 0 0 30 15 0 0 0 0 0 24 0 0 14 0 120 0 0 60 
0 225 0 0 0 56 0 0 0 0 0 28 15 0 0 0 0 0 23 0 0 14 0 120 0 0 60 
0 248 0 0 0 56 0 0 0 0 0 28 15 0 0 0 0 0 15 0 0 14 0 120 0 0 60 
0 236 0 0 0 56 0 0 0 0 0 30 15 0 0 0 0 0 21 0 0 14 0 120 0 0 60 
0 232 0 0 0 56 0 0 0 0 0 31 15 0 0 0 0 0 19 0 0 14 0 120 0 0 60 
0 229 0 0 0 56 0 0 0 0 0 30 15 0 0 0 0 0 18 0 0 14 0 120 0 0 60 
0 224 0 0 0 56 0 0 0 0 0 29 14 0 0 0 0 0 15 0 0 14 0 120 0 0 60 
0 257 0 0 0 56 0 0 0 0 0 28 15 0 0 0 0 0 14 0 0 15 0 120 0 0 60 
0 240 0 0 0 56 0 0 0 0 0 30 15 0 0 0 0 0 21 0 0 14 0 120 0 0 60 
0 230 0 0 0 56 0 0 0 0 0 29 15 0 0 0 0 0 13 0 0 14 0 120 0 0 60 
0 241 0 0 0 57 0 0 0 0 0 30 15 0 0 0 0 0 23 0 0 14 0 120 0 0 60 
0 237 0 0 0 56 0 0 0 0 0 30 15 0 0 0 0 0 22 0 0 14 0 120 0 0 60 
0 245 0 0 0 57 0 0 0 0 0 29 15 0 0 0 0 0 18 0 0 14 0 120 0 0 60 
0 231 0 0 0 58 0 0 0 0 0 29 15 0 0 0 0 0 16 0 0 14 0 120 0 0 60 
0 223 0 0 0 58 0 0 0 0 0 28 15 0 0 0 0 0 20 0 0 14 0 120 0 0 60 
0 232 0 0 0 59 0 0 0 0 0 27 15 0 0 0 0 0 17 0 0 14 0 120 0 0 60 
0 269 0 0 0 59 0 0 0 0 0 30 15 0 0 0 0 0 14 0 0 14 0 120 0 0 60 
0 286 0 0 0 59 0 0 0 0 0 28 15 0 0 0 0 0 19 0 0 14 0 120 0 0 60 
0 243 0 0 0 59 0 0 0 0 0 30 15 0 0 0 0 0 23 0 0 14 0 120 0 0 60 
0 231 0 0 0 59 0 0 0 0 0 28 15 0 0 0 0 0 20 0 0 14 0 120 0 0 60 
0 236 0 0 0 59 0 0 0 0 0 29 15 0 0 0 0 0 17 0 0 14 0 120 0 0 60 
0 240 0 0 0 59 0 0 0 0 0 30 15 0 0 0 0 0 20 0 0 14 0 120 0 0 60 
0 254 0 0 0 59 0 0 0 0 0 29 15 0 0 0 0 0 20 0 0 14 0 120 0 0 60 
0 233 0 0 0 59 0 0 0 0 0 26 15 0 0 0 0 0 17 0 0 14 0 120 0 0 60 
0 216 0 0 0 58 0 0 0 0 0 29 15 0 0 0 0 0 15 0 0 14 0 120 0 0 60 
0 208 0 0 0 58 0 0 0 0 0 29 15 0 0 0 0 0 12 0 0 14 0 120 0 0 60 
0 224 0 0 0 56 0 0 0 0 0 29 15 0 0 0 0 0 19 0 0 14 0 120 0 0 60 
0 248 0 0 0 57 0 0 0 0 0 27 15 0 0 0 0 0 22 0 0 14 0 120 0 0 60 
0 235 0 0 0 58 0 0 0 0 0 29 15 0 0 0 0 0 14 0 0 14 0 120 0 0 60 
0 239 0 0 0 57 0 0 0 0 0 29 15 0 0 0 0 0 23 0 0 14 0 120 0 0 60 
0 224 0 0 0 56 0 0 0 0 0 27 15 0 0 0 0 0 22 0 0 14 0 120 0 0 60 
0 229 0 0 0 57 0 0 0 0 0 29 15 0 0 0 0 0 14 0 0 14 0 120 0 0 60 
0 277 0 0 0 56 0 0 0 0 0 30 15 0 0 0 0 0 19 0 0 14 0 120 0 0 60 
0 265 0 0 0 57 0 0 0 0 0 28 15 0 0 0 0 0 21 0 0 14 0 120 0 0 60 
0 237 0 0 0 57 0 0 0 0 0 29 15 0 0 0 0 0 15 0 0 14 0 120 0 0 60 
0 236 0 0 0 57 0 0 0 0 0 29 15 0 0 0 0 0 24 0 0 14 0 120 0 0 60 
0 245 0 0 0 57 0 0 0 0 0 28 15 0 0 0 0 0 13 0 0 14 0 120 0 0 60 
0 263 0 0 0 57 0 0 0 0 0 30 15 0 0 0 0 0 14 0 0 14 0 120 0 0 60 
0 254 0 0 0 57 0 0 0 0 0 28 15 0 0 0 0 0 15 0 0 15 0 120 0 0 60 
0 228 0 0 0 59 0 0 0 0 0 29 15 0 0 0 0 0 23 0 0 14 0 120 0 0 60 
0 240 0 0 0 59 0 0 0 0 0 28 15 0 0 0 0 0 21 0 0 14 0 120 0 0 60 
0 255 0 0 0 59 0 0 0 0 0 28 15 0 0 0 0 0 18 0 0 13 0 120 0 0 60 
0 304 0 0 0 59 0 0 0 0 0 29 15 0 0 0 0 0 17 0 0 14 0 120 0 0 60 
0 244 0 0 0 59 0 0 0 0 0 29 15 0 0 0 0 0 21 0 0 14 0 120 0 0 60 
0 222 0 0 0 60 0 0 0 0 0 26 15 0 0 0 0 0 23 0 0 13 0 120 0 0 60 
0 235 0 0 0 57 0 0 0 0 0 28 15 0 0 0 0 0 13 0 0 13 0 120 0 0 60 
0 219 0 0 0 59 0 0 0 0 0 27 14 0 0 0 0 0 21 0 0 14 0 120 0 0 60 
0 257 0 0 0 57 0 0 0 0 0 29 15 0 0 0 0 0 23 0 0 14 0 120 0 0 60 
0 247 0 0 0 58 0 0 0 0 0 26 15 0 0 0 0 0 19 0 0 13 0 120 0 0 60 
0 228 0 0 0 58 0 0 0 0 0 29 15 0 0 0 0 0 15 0 0 13 0 120 0 0 60 
0 219 0 0 0 59 0 0 0 0 0 27 15 0 0 0 0 0 13 0 0 14 0 120 0 0 60 
0 254 0 0 0 59 0 0 0 0 0 28 15 0 0 0 0 0 12 0 0 15 0 120 0 0 60 
0 274 0 0 0 59 0 0 0 0 0 28 15 0 0 0 0 0 15 0 0 14 0 120 0 0 60 
0 242 0 0 0 58 0 0 0 0 0 29 15 0 0 0 0 0 14 0 0 13 0 120 0 0 60 
0 229 0 0 0 58 0 0 0 0 0 29 16 0 0 0 0 0 17 0 0 14 0 120 0 0 60 
0 229 0 0 0 56 0 0 0 0 0 29 15 0 0 0 0 0 21 0 0 14 0 120 0 0 60 
0 235 0 0 0 57 0 0 0 0 0 29 15 0 0 0 0 0 15 0 0 14 0 120 0 0 60 
0 291 0 0 0 56 0 0 0 0 0 28 15 0 0 0 0 0 11 0 0 14 0 120 0 0 60 
0 279 0 0 0 56 0 0 0 0 0 27 15 0 0 0 0 0 22 0 0 15 0 120 0 0 60 
0 245 0 0 0 59 0 0 0 0 0 28 14 0 0 0 0 0 13 0 0 15 0 120 0 0 60 
0 371 0 0 0 59 0 0 0 0 0 28 15 0 0 0 0 0 16 0 0 15 0 120 0 0 60 
0 351 0 0 0 58 0 0 0 0 0 28 15 0 0 0 0 0 14 0 0 14 0 120 0 0 60 
0 395 0 0 0 58 0 0 0 0 0 29 15 0 0 0 0 0 23 0 0 14 0 120 0 0 60 
0 369 0 0 0 58 0 0 0 0 0 29 15 0 0 0 0 0 22 0 0 14 0 120 0 0 60 
0 403 0 0 0 58 0 0 0 0 0 28 15 0 0 0 0 0 19 0 0 14 0 120 0 0 60 
0 443 0 0 0 57 0 0 0 0 0 27 15 0 0 0 0 0 18 0 0 14 0 120 0 0 60 
0 408 0 0 0 58 0 0 0 0 0 19 15 0 0 0 0 0 22 0 0 14 0 120 0 0 60 
0 405 0 0 0 58 0 0 0 0 0 29 15 0 0 0 0 0 22 0 0 14 0 120 0 0 60 
0 411 0 0 0 57 0 0 0 0 0 29 15 0 0 0 0 0 16 0 0 14 0 120 0 0 60 
0 404 0 0 0 58 0 0 0 0 0 28 14 0 0 0 0 0 22 0 0 14 0 120 0 0 60 
0 424 0 0 0 58 0 0 0 0 0 26 15 0 0 0 0 0 12 0 0 14 0 120 0 0 60 
0 420 0 0 0 58 0 0 0 0 0 28 14 0 0 0 0 0 20 0 0 14 0 120 0 0 60 
0 384 0 0 0 59 0 0 0 0 0 28 15 0 0 0 0 0 13 0 0 14 0 120 0 0 60 
0 498 0 0 0 58 0 0 0 0 0 28 15 0 0 0 0 0 23 0 0 14 0 120 0 0 60 
0 468 0 0 0 58 0 0 0 0 0 29 15 0 0 0 0 0 19 0 0 14 0 120 0 0 60 
0 466 0 0 0 58 0 0 0 0 0 27 15 0 0 0 0 0 14 0 0 14 0 120 0 0 60 
0 519 0 0 0 58 0 0 0 0 0 28 15 0 0 0 0 0 23 0 0 14 0 120 0 0 60 
0 522 0 0 0 59 0 0 0 0 0 26 15 0 0 0 0 0 20 0 0 14 0 120 0 0 60 
0 531 0 0 0 59 0 0 0 0 0 28 15 0 0 0 0 0 18 0 0 14 0 120 0 0 60 
0 583 0 0 0 58 0 0 0 0 0 30 15 0 0 0 0 0 22 0 0 14 0 120 0 0 60 
0 568 0 0 0 57 0 0 0 0 0 27 15 0 0 0 0 0 14 0 0 14 0 120 0 0 60 
0 535 0 0 0 58 0 0 0 0 0 27 15 0 0 0 0 0 15 0 0 14 0 120 0 0 60 
0 499 0 0 0 57 0 0 0 0 0 29 15 0 0 0 0 0 15 0 0 14 0 120 0 0 60 
0 374 0 0 0 57 0 0 0 0 0 28 14 0 0 0 0 0 78 0 0 14 0 120 0 0 60 
0 386 0 0 0 57 0 0 0 0 0 28 14 0 0 0 0 14 39 0 0 14 0 120 0 0 60 
0 469 0 0 0 59 0 0 0 0 0 28 15 0 0 0 0 20 116 0 0 14 0 120 0 0 60 
0 404 0 0 0 59 0 0 0 0 0 26 15 0 0 0 0 0 0 0 0 14 0 120 0 0 60 
0 395 0 0 0 59 0 0 0 0 0 28 15 0 0 0 0 0 0 0 0 14 0 120 0 0 60 
0 429 0 0 0 59 0 0 0 0 0 27 15 0 0 0 0 0 0 0 0 14 0 120 0 0 60 
0 583 0 0 0 59 0 0 0 0 0 28 15 0 0 0 0 0 31 0 0 14 0 120 0 0 60 
0 595 0 0 0 59 0 0 0 0 0 30 16 0 0 0 0 0 12 0 0 15 0 120 0 0 60 
0 596 0 0 0 58 0 0 0 0 0 28 15 0 0 0 0 0 0 0 0 15 0 120 0 0 60 
0 568 0 0 0 59 0 0 0 0 0 27 18 0 0 0 0 0 0 0 0 14 0 120 0 0 60 
0 264 0 0 0 75 0 18 0 35 0 30 22 83 37 0 0 0 0 0 0 14 0 120 0 0 60 
0 200 75 0 0 107 0 73 51 204 0 28 27 89 62 0 0 0 0 0 0 14 0 120 0 0 60 
0 191 74 0 23 155 0 62 76 262 0 27 32 78 61 0 0 0 0 0 0 14 0 120 0 0 60 
0 186 73 0 47 200 0 64 71 238 0 24 37 54 61 0 0 0 0 0 0 13 0 120 0 0 60 
0 184 70 0 80 200 0 65 71 237 0 29 43 72 58 0 0 0 22 0 0 13 0 120 0 0 60 
211 172 69 0 112 200 0 63 69 232 0 26 51 75 60 0 0 44 35 0 0 14 0 120 0 0 60 
179 174 69 0 135 200 0 64 68 230 0 25 54 79 56 0 21 164 110 0 0 14 0 120 0 0 60 
185 161 70 0 148 194 0 66 66 220 0 29 55 72 56 0 255 0 118 0 0 14 0 120 0 0 60 
175 168 67 0 153 169 0 66 65 217 0 29 56 70 54 0 211 0 181 0 0 14 0 120 0 0 60 
173 167 68 0 149 133 0 70 64 215 0 31 54 62 53 69 243 0 250 0 0 14 0 120 0 0 60 
181 152 65 0 147 114 0 70 65 213 0 32 53 69 45 185 165 0 289 0 0 14 0 120 0 0 60 
176 142 67 0 144 106 0 69 65 212 0 31 51 71 40 318 246 0 355 0 0 14 0 120 0 0 60 
172 155 68 0 144 104 0 69 65 214 0 32 48 79 30 418 324 0 436 0 0 14 0 120 0 0 60 
169 159 65 0 142 98 0 67 64 214 0 34 45 73 19 384 266 525 569 0 0 14 0 120 0 0 60 
175 149 67 0 142 95 0 65 63 213 0 31 43 61 11 425 219 308 634 0 0 14 0 120 0 0 60 
178 150 66 0 140 97 0 65 63 215 0 31 38 74 0 484 250 208 578 0 0 14 0 120 0 0 60 
176 149 67 0 138 98 0 69 62 210 0 30 33 75 0 480 267 324 611 0 0 14 0 120 0 0 60 
166 145 65 0 133 99 0 65 62 204 0 33 28 77 0 521 198 311 639 0 0 14 0 120 0 0 60 
173 148 65 0 129 97 0 69 61 199 0 32 26 61 0 571 217 248 678 0 0 14 0 120 0 0 60 
173 143 64 0 123 96 0 68 62 204 0 27 24 48 0 537 305 265 690 0 0 14 0 120 0 0 60 
172 149 65 0 118 92 0 67 61 211 0 32 23 50 0 509 229 319 711 0 0 14 0 120 0 0 60 
170 157 66 0 112 93 0 70 62 214 0 30 23 67 0 509 207 281 657 0 0 14 0 120 0 0 60 
176 143 63 0 109 92 0 70 63 216 0 31 21 72 0 515 288 323 634 0 0 14 0 120 0 0 60 
172 142 65 0 106 95 0 67 56 213 0 29 21 68 0 458 142 292 713 0 0 14 0 120 0 0 60 
169 157 65 0 106 99 0 69 61 206 0 28 20 63 0 464 203 283 658 0 0 14 0 120 0 0 60 
166 148 66 0 106 105 0 69 57 205 0 29 22 76 0 483 192 216 605 0 0 14 0 120 0 0 60 
175 139 64 0 106 107 0 66 60 206 0 29 22 69 0 475 260 212 553 0 0 15 0 120 0 0 60 
175 137 62 0 109 107 0 67 59 205 0 31 20 64 0 454 294 275 612 0 0 14 0 120 0 0 60 
174 137 62 0 110 99 0 66 61 206 0 30 21 64 0 496 242 343 712 0 0 14 0 120 0 0 60 
173 146 63 0 109 97 0 68 62 206 0 26 22 64 0 506 259 329 666 0 0 14 0 120 0 0 60 
167 141 61 0 109 97 0 67 61 204 0 29 22 62 0 468 233 322 638 0 0 14 0 120 0 0 60 
174 132 64 0 107 98 0 69 61 205 0 29 21 65 0 562 273 292 563 0 0 14 0 120 0 0 60 
175 134 60 0 106 101 0 69 60 202 0 27 19 76 0 544 130 295 512 0 0 14 0 120 0 0 60 
173 131 57 0 102 106 0 71 61 204 0 29 20 70 0 546 292 258 576 0 0 14 0 120 0 0 60 
168 133 59 0 102 110 0 71 60 208 0 28 21 59 0 517 183 354 601 0 0 14 0 120 0 0 60 
176 140 56 0 102 107 0 67 60 208 0 28 22 52 0 542 251 340 597 0 0 14 0 120 0 0 60 
169 141 55 0 102 111 0 67 61 207 0 29 22 61 0 498 255 356 572 0 0 14 0 120 0 0 60 
171 130 52 0 104 120 0 70 60 208 0 27 24 71 0 479 152 349 530 0 0 14 0 120 0 0 60 
170 138 49 0 105 134 0 69 60 209 0 25 23 56 0 502 333 285 522 0 0 14 0 120 0 0 60 
172 135 48 0 105 131 0 67 61 205 0 30 22 44 0 473 193 331 599 0 0 14 0 120 0 0 60 
173 139 44 0 104 128 0 68 60 208 0 30 21 27 0 515 322 326 531 0 0 14 0 120 0 0 60 
170 141 42 0 104 124 0 65 62 201 0 33 23 30 0 525 228 333 626 0 0 15 0 120 0 0 60 
167 140 40 0 103 0 0 63 60 199 0 30 20 23 0 523 265 321 569 0 0 14 0 120 0 0 60 
171 137 35 0 102 15 0 65 61 195 0 31 21 25 0 466 235 317 584 0 0 14 0 120 0 0 60 
173 131 33 0 102 0 0 61 59 200 0 33 21 13 0 465 167 217 524 0 0 15 0 120 0 0 60 
172 135 30 0 102 0 0 61 58 206 0 32 20 0 0 535 246 327 524 0 0 14 0 120 0 0 60 
172 141 34 0 102 0 0 62 58 206 0 31 19 41 0 567 235 327 523 0 0 14 0 100 0 0 60 
170 143 37 0 102 0 0 55 58 212 0 28 19 61 0 530 258 296 564 0 0 14 0 100 0 0 60 
173 134 45 0 102 0 0 54 59 207 0 33 21 71 0 484 257 254 475 0 0 14 0 100 0 0 60 
172 136 53 0 101 0 0 51 60 201 0 33 22 66 0 467 295 302 420 0 0 15 0 100 0 0 60 
164 143 64 0 101 0 0 44 60 199 0 36 21 64 0 459 200 285 500 0 0 15 0 100 0 0 60 
168 135 73 0 99 0 0 38 60 204 0 36 21 58 0 478 232 301 570 0 0 14 0 100 0 0 60 
169 138 79 0 100 0 0 29 60 203 0 39 21 63 0 434 266 261 515 0 0 13 0 100 0 0 60 
169 137 87 0 100 0 0 25 60 202 0 35 20 68 0 470 221 249 501 0 0 14 0 100 0 0 60 
173 136 92 0 101 0 0 16 60 206 0 35 21 75 0 486 182 213 529 0 0 13 0 100 0 0 60 
175 144 87 0 100 0 0 21 59 206 0 33 19 68 0 454 227 209 451 0 0 13 0 100 0 0 60 
172 141 87 0 102 0 0 21 59 205 0 33 20 60 0 443 280 282 484 0 0 13 0 100 0 0 60 
169 134 86 0 102 0 0 20 60 202 0 36 20 75 0 503 333 308 588 0 0 13 0 100 0 0 60 
173 141 81 0 103 0 0 15 60 203 0 32 21 77 0 458 217 300 641 0 0 14 0 100 0 0 60 
171 147 78 0 105 0 0 15 61 202 0 34 21 74 0 480 299 325 535 0 0 13 0 100 0 0 60 
170 138 78 0 104 0 0 17 60 204 0 32 20 59 0 527 260 278 468 0 0 14 0 100 0 0 60 
170 136 78 0 106 0 0 21 60 200 0 30 19 47 0 450 277 212 513 0 0 14 0 100 0 0 60 
172 133 77 0 106 0 0 25 60 207 0 28 20 45 0 447 296 209 494 0 0 14 0 100 0 0 60 
169 140 74 0 105 0 0 20 60 208 0 27 19 60 0 457 250 293 545 0 0 13 0 100 0 0 60 
171 143 73 0 105 0 0 26 60 210 0 26 19 71 0 496 232 351 473 0 0 14 0 100 0 0 60 
171 141 73 0 104 0 0 31 60 206 0 29 20 65 0 446 288 367 477 0 0 14 0 80 0 0 60 
173 140 68 0 103 0 0 31 60 207 0 27 20 60 0 451 229 351 528 0 0 14 0 80 0 0 60 
171 133 69 0 102 0 0 31 60 202 0 26 23 65 0 402 277 311 564 0 0 14 0 80 0 0 60 
174 133 67 0 101 0 0 32 60 199 0 28 23 72 0 469 256 310 631 0 0 14 0 80 0 0 60 
173 128 71 0 102 0 0 31 61 201 0 26 19 63 0 454 217 304 434 0 0 14 0 80 0 0 60 
166 138 67 0 102 0 0 30 61 209 0 29 20 64 0 462 262 364 483 0 0 14 0 80 0 0 60 
170 132 65 0 102 0 0 27 61 205 0 27 20 58 0 484 226 313 533 0 0 14 0 80 0 0 60 
170 131 66 0 102 0 0 26 60 213 0 27 20 63 0 453 273 297 470 0 0 14 0 80 0 0 60 
173 137 63 0 103 0 0 33 59 208 0 25 20 61 0 500 322 240 569 0 0 14 0 80 0 0 60 
174 135 65 0 103 0 0 50 60 201 0 28 20 65 0 503 288 327 563 0 0 14 0 80 0 0 60 
168 137 65 0 101 0 0 43 59 204 0 27 21 78 0 514 235 338 592 0 0 14 0 80 0 0 60 
171 139 65 0 100 0 0 31 59 201 0 28 21 74 0 485 232 327 408 0 0 14 0 80 0 0 60 
168 138 65 0 99 0 0 33 60 206 0 27 19 63 0 471 202 315 515 0 0 14 0 80 0 0 60 
173 130 64 0 98 0 0 38 60 206 0 28 21 54 0 422 266 301 543 0 0 14 0 80 0 0 60 
175 137 64 0 98 0 0 34 60 208 0 25 21 58 0 475 239 305 622 0 0 14 0 80 0 0 60 
174 132 63 0 99 0 0 37 61 207 0 25 22 77 0 413 200 197 512 0 0 14 0 80 0 0 60 
173 140 67 0 100 0 0 40 60 208 0 25 22 75 0 419 300 261 498 0 0 14 0 80 0 0 60 
168 141 64 0 101 0 0 41 60 209 0 26 23 60 0 413 248 305 521 0 0 15 0 80 0 0 60 
169 139 64 0 101 0 0 46 60 208 0 27 23 48 0 419 223 242 502 0 0 14 0 80 0 0 60 
171 135 64 0 101 0 0 51 59 197 0 29 24 47 0 420 239 204 486 0 0 15 0 80 0 0 60 
175 140 65 0 102 0 0 45 60 207 0 30 22 65 0 440 324 262 477 0 0 14 0 80 0 0 60 
171 135 64 0 101 0 0 35 60 207 0 33 23 67 0 446 273 289 487 0 0 14 0 80 0 0 60 
171 135 62 0 101 0 0 36 60 205 0 33 22 67 0 429 219 290 417 0 0 15 0 80 0 0 60 
173 134 65 0 102 0 0 43 61 207 0 32 23 68 0 431 232 279 510 0 0 14 0 80 0 0 60 
174 140 63 0 103 0 0 42 61 208 0 33 24 52 0 464 258 257 507 0 0 14 0 80 0 0 60 
173 148 63 0 103 0 0 41 60 209 0 29 26 44 0 503 271 204 476 0 0 15 0 80 0 0 60 
171 133 65 0 104 0 0 34 60 200 0 28 29 54 0 458 230 171 498 0 0 14 0 80 0 0 60 
174 136 66 0 104 0 0 30 59 198 0 26 30 60 0 408 309 297 506 0 0 14 0 80 0 0 60 
164 144 65 0 103 0 0 39 60 197 0 27 31 63 0 441 308 304 458 0 0 15 0 80 0 0 60 
170 149 61 0 101 0 0 38 60 207 0 27 32 65 0 418 251 326 434 0 0 14 0 80 0 0 60 
175 135 65 0 100 200 0 45 61 206 0 27 32 58 0 440 245 328 469 0 0 14 0 80 0 0 60 
174 136 64 0 99 200 0 46 60 213 0 29 30 57 0 409 215 296 484 0 0 14 0 80 0 0 60 
167 133 63 0 99 200 0 45 60 212 0 28 27 54 0 411 231 289 494 0 0 14 0 80 0 0 60 
171 137 61 0 100 200 0 44 60 205 0 30 26 52 0 435 264 276 451 0 0 14 0 80 0 0 60 
171 141 64 0 102 200 0 41 58 203 0 29 25 53 0 462 230 359 455 0 0 14 0 80 0 0 60 
174 138 64 0 103 200 0 44 60 203 0 28 23 55 0 442 273 310 540 0 0 14 0 80 0 0 60 
165 131 63 0 105 200 0 68 59 206 0 29 22 56 0 414 261 345 514 0 0 14 0 80 0 0 60 
168 133 64 0 106 200 0 52 61 205 0 29 21 63 0 422 316 351 441 0 0 14 0 80 0 0 60 
164 133 62 0 106 200 0 45 60 209 0 28 21 62 0 426 235 332 480 0 0 14 0 80 0 0 60 
167 132 64 0 107 200 0 49 60 207 0 30 21 53 0 457 256 324 454 0 0 14 0 80 0 0 60 
170 137 66 0 107 200 0 48 60 205 0 29 20 52 0 478 239 329 475 0 0 14 0 80 0 0 60 
171 131 64 0 105 200 0 52 61 205 0 28 22 61 0 485 289 344 482 0 0 14 0 80 0 0 60 
173 134 61 0 104 200 0 55 60 205 0 30 22 64 0 467 298 319 496 0 0 14 0 73 0 0 60 
170 140 65 0 103 200 0 63 60 202 0 27 24 67 0 423 262 306 451 0 0 14 0 73 0 0 60 
172 137 63 0 102 200 0 59 59 202 0 30 23 64 0 466 224 174 452 0 0 14 0 73 0 11 60 
171 135 61 0 101 200 0 44 59 201 0 33 21 51 0 420 215 313 450 0 0 14 0 73 0 21 60 
170 141 64 0 100 194 0 49 60 203 0 30 22 40 0 393 263 360 492 0 0 14 0 73 0 29 60 
169 140 62 0 100 154 0 52 58 204 0 31 23 39 0 410 226 285 489 0 0 14 0 73 0 36 60 
174 138 64 0 101 106 0 49 60 207 0 33 21 44 0 463 273 244 399 0 0 14 0 73 0 43 60 
172 134 63 0 102 62 0 42 60 209 0 31 21 53 0 378 295 279 515 0 0 14 0 73 0 48 60 
171 135 60 0 104 38 0 40 60 206 0 31 20 59 0 422 279 274 510 0 0 14 0 73 0 52 60 
170 138 62 0 105 21 0 46 61 202 0 27 21 58 0 435 192 258 478 0 0 14 0 73 0 55 60 
174 146 63 0 106 21 0 48 61 203 0 30 19 56 0 419 230 274 438 0 0 13 0 73 0 57 60 
174 139 67 0 106 23 0 55 61 204 0 35 20 52 0 413 238 298 472 0 0 14 0 73 0 56 60 
173 133 62 0 105 20 0 52 60 206 0 33 22 54 0 408 261 214 445 0 0 14 0 73 0 57 60 
173 138 64 0 103 22 0 52 59 211 0 39 22 64 0 438 219 212 495 0 0 14 0 73 0 57 60 
171 137 61 0 102 28 0 49 59 215 0 36 23 57 0 445 280 300 482 0 0 14 0 73 0 59 60 
173 135 64 0 100 48 0 66 59 212 0 34 23 54 0 472 262 275 492 0 0 14 0 73 0 61 60 
171 137 66 0 100 66 0 71 59 205 0 31 24 57 0 439 254 309 462 0 0 14 0 73 0 61 60 
168 138 61 0 100 77 0 53 60 203 0 29 27 54 0 471 298 317 474 0 0 13 0 73 0 62 60 
174 139 63 0 101 77 0 58 59 206 0 29 25 55 0 457 195 262 493 0 0 14 0 73 0 63 60 
172 139 62 0 102 86 0 56 60 203 0 29 25 55 0 390 270 238 469 0 0 14 0 73 0 63 60 
170 134 67 0 103 89 0 63 60 207 0 28 24 55 0 465 270 249 462 0 0 14 0 73 0 63 60 
171 137 65 0 103 88 0 63 59 206 0 30 24 66 0 443 249 306 455 0 0 14 0 73 0 63 60 
165 147 63 0 102 91 0 71 59 206 0 26 22 68 0 422 287 370 497 0 0 14 0 73 0 64 60 
170 138 65 0 102 93 0 59 60 204 0 29 24 59 0 415 223 304 495 0 0 14 0 73 0 63 60 
171 144 65 0 102 89 0 50 60 204 0 28 23 55 0 426 206 379 449 0 0 15 0 73 0 64 60 
170 135 62 0 102 78 0 58 60 204 0 27 23 49 0 438 269 283 406 0 0 15 0 73 0 66 60 
175 137 62 0 102 79 0 54 61 207 0 28 22 50 0 442 248 339 464 0 0 14 0 73 0 68 60 
175 143 64 0 102 83 0 48 61 208 0 27 22 69 0 412 251 307 530 0 0 14 0 73 0 69 60 
171 142 63 0 102 81 0 41 61 208 0 27 21 71 0 413 252 348 478 0 0 14 0 73 0 69 60 
171 136 64 0 103 75 0 49 60 206 0 27 20 56 0 384 350 321 418 0 0 15 0 73 0 71 60 
169 135 61 0 102 72 0 54 60 208 0 26 20 51 0 425 268 271 440 0 0 14 0 73 0 71 60 
175 131 62 0 102 69 0 60 59 208 0 27 21 41 0 480 233 193 510 0 0 14 0 73 0 73 60 
172 133 63 0 101 69 0 56 58 210 0 29 21 49 0 451 274 321 514 0 0 14 0 73 0 73 60 
175 132 62 0 101 69 0 57 59 201 0 28 22 59 0 428 245 296 482 0 0 15 0 73 0 73 60 
172 134 64 0 99 71 0 67 60 200 0 32 23 62 0 408 285 340 424 0 0 14 0 73 0 73 60 
170 137 63 0 100 67 0 143 60 197 0 30 22 63 0 407 250 295 465 0 0 13 0 73 0 74 60 
174 131 65 0 101 62 0 242 60 202 0 33 23 63 0 406 290 284 544 0 0 14 0 93 0 75 60 
170 136 63 0 102 62 0 250 60 205 0 35 23 49 0 433 259 263 509 0 0 14 0 93 0 76 60 
171 134 62 0 103 68 0 250 60 209 0 33 24 41 0 442 281 289 456 0 0 14 0 93 0 79 60 
170 133 65 0 104 70 0 243 61 210 0 34 24 47 0 401 212 204 440 0 0 14 0 93 0 83 60 
170 141 63 0 105 65 0 178 61 206 0 32 23 53 0 412 255 319 462 0 0 13 0 93 0 85 60 
170 139 65 0 107 60 0 87 60 202 0 31 22 54 0 432 258 210 561 0 0 13 0 105 0 84 60 
165 132 63 0 107 60 0 74 59 203 0 32 22 61 0 416 261 163 521 0 0 14 0 105 0 82 60 
170 135 62 0 107 68 0 75 59 202 0 33 22 59 0 396 234 233 485 0 0 15 0 105 0 81 60 
170 137 61 0 107 71 0 77 60 202 0 33 21 53 0 438 256 275 447 0 0 15 0 105 0 78 60 
168 143 65 0 106 75 0 75 60 203 0 35 22 55 0 424 315 276 426 0 0 15 0 105 0 77 60 
171 139 64 0 105 74 0 71 60 207 0 33 23 49 0 408 204 309 450 0 0 15 0 105 0 75 60 
174 137 64 0 104 74 0 73 60 205 0 35 22 52 0 464 304 195 567 0 0 14 0 105 0 75 60 
169 138 63 0 103 72 0 71 60 204 0 35 21 99 0 517 267 216 441 0 0 14 0 105 0 75 60 
168 141 62 0 102 70 0 73 60 206 0 36 21 105 0 465 248 207 449 0 0 15 0 105 0 76 60 
170 136 64 0 102 69 0 78 60 203 0 42 21 111 0 418 293 304 512 0 0 14 0 105 0 76 60 
172 139 63 0 100 68 0 77 59 200 0 37 21 96 0 435 307 311 452 0 0 14 0 105 0 77 60 
173 135 64 0 102 62 0 72 61 203 0 35 21 119 0 393 278 307 442 0 0 14 0 105 0 77 60 
169 139 64 0 102 61 0 71 59 203 0 38 23 111 0 384 244 358 488 0 0 14 0 105 0 77 60 
172 146 62 0 102 70 0 71 60 205 0 32 22 69 0 420 215 245 470 0 0 14 0 105 0 75 60 
172 141 64 0 101 75 0 72 61 208 0 34 22 62 0 429 222 269 538 0 0 14 0 105 0 74 60 
169 139 63 0 101 74 0 73 60 208 0 33 22 88 0 393 292 238 475 0 0 14 0 105 0 73 60 
172 140 65 0 99 65 0 70 61 208 0 31 23 91 0 391 233 291 451 0 0 14 0 105 0 74 60 
169 148 62 0 99 66 0 68 60 203 0 30 22 86 0 413 251 362 496 0 0 14 0 105 0 73 60 
171 138 63 0 99 65 0 71 60 201 0 29 22 99 0 434 207 307 513 0 0 14 0 105 0 73 60 
169 134 64 0 100 66 0 67 59 202 0 27 23 92 0 404 300 292 496 0 0 13 0 105 0 72 60 
170 132 64 0 100 67 0 65 59 203 0 30 23 92 0 405 280 270 482 0 0 14 0 105 0 72 60 
174 140 62 0 101 70 0 65 60 209 0 25 22 89 0 443 210 301 501 0 0 14 0 105 0 72 60 
173 140 62 0 102 68 0 69 59 211 0 28 22 89 0 445 279 273 443 0 0 14 0 105 0 72 60 
171 139 63 0 103 62 0 67 60 209 0 27 23 113 0 445 252 357 501 0 0 14 0 105 0 71 60 
172 134 63 0 103 67 0 74 61 208 0 27 24 104 0 446 233 259 514 0 0 14 0 105 0 71 60 
172 131 62 0 102 73 0 70 60 205 0 30 24 81 0 418 284 255 486 0 0 14 0 105 0 71 60 
174 134 61 0 101 72 0 69 59 206 0 26 28 105 0 420 266 170 458 0 0 14 0 105 0 71 60 
165 137 62 0 102 65 0 81 59 203 0 27 30 113 0 435 242 200 519 0 0 14 0 105 0 70 60 
170 139 63 0 103 67 0 71 60 207 0 28 29 77 0 399 214 317 443 0 0 14 0 105 0 69 60 
171 135 67 0 104 71 0 66 60 206 0 28 30 86 0 391 263 253 479 0 0 14 0 105 0 69 60 
174 137 62 0 104 70 0 70 60 209 0 30 32 107 0 460 293 214 495 0 0 14 0 105 0 68 60 
170 132 63 0 106 66 0 70 61 207 0 27 31 107 0 446 259 230 478 0 0 13 0 105 0 67 60 
171 137 66 0 105 68 0 67 60 205 0 27 31 71 12 435 248 201 474 0 0 14 0 105 0 67 60 
171 135 64 0 102 68 0 68 60 205 0 28 30 89 27 397 265 277 480 0 0 14 0 105 0 67 60 
173 135 64 0 101 71 0 69 59 207 0 28 28 98 46 439 272 234 457 0 0 14 0 125 0 66 60 
171 144 63 0 100 72 0 65 60 206 0 28 26 97 62 442 258 186 438 0 0 14 0 125 0 66 60 
175 137 62 0 100 77 0 72 60 206 0 29 24 85 73 445 278 125 498 0 0 14 0 125 0 65 60 
168 133 64 0 100 74 0 72 60 207 0 28 24 44 56 441 252 145 508 0 0 14 0 125 0 66 60 
177 137 63 0 101 67 0 66 61 206 0 28 26 43 56 457 220 277 504 0 0 14 0 125 0 65 60 
164 136 65 0 103 67 0 68 61 205 0 28 25 46 57 506 268 275 477 0 0 14 0 125 0 66 60 
170 137 65 0 105 72 0 71 61 205 0 27 29 47 56 369 190 304 492 0 0 14 0 125 0 66 60 
170 141 63 0 106 70 0 63 60 205 0 29 30 49 55 399 236 296 470 0 0 14 0 125 0 67 60 
175 138 62 0 107 65 0 64 59 196 0 29 31 57 56 438 236 214 415 0 0 14 0 125 0 67 60 
172 135 63 0 108 65 0 67 60 200 0 30 29 53 55 427 243 163 425 0 0 14 0 125 0 67 60 
171 142 63 0 107 67 0 68 60 194 0 28 28 46 55 404 293 148 459 0 0 14 0 125 0 68 60 
171 133 64 0 106 73 0 67 60 202 0 32 26 46 56 415 239 307 464 0 0 14 0 125 0 67 60 
172 134 61 0 105 75 0 75 59 207 0 31 24 56 56 408 334 333 442 0 0 14 0 125 0 66 60 
172 139 63 0 104 80 0 72 60 209 0 33 23 58 54 408 258 328 426 0 0 14 0 125 0 66 60 
175 137 62 0 103 77 0 69 59 209 0 34 24 62 54 425 228 304 499 0 0 14 0 125 0 66 60 
171 148 65 0 101 71 0 70 60 206 0 31 24 58 54 430 269 270 483 0 0 14 0 125 0 65 60 
181 132 63 0 101 68 0 70 60 205 0 26 24 50 54 432 232 228 451 0 0 14 0 125 0 64 60 
169 135 61 0 101 69 0 69 61 203 0 29 24 36 55 399 279 274 455 0 0 14 0 125 0 64 60 
170 138 63 0 102 73 0 67 60 205 0 28 24 36 54 409 282 260 467 0 0 14 0 125 0 63 60 
172 148 64 0 103 68 0 69 59 204 0 29 23 41 53 438 256 209 488 0 0 14 0 125 0 64 60 
170 139 65 0 103 65 0 70 60 209 0 32 23 50 52 474 283 232 533 0 0 15 0 125 0 63 60 
173 132 65 0 105 65 0 67 58 207 0 28 25 57 54 470 247 168 521 0 0 14 0 125 0 63 60 
169 133 64 0 106 71 0 68 59 204 0 31 25 54 53 420 232 282 501 0 0 13 0 125 0 63 60 
171 135 63 0 106 72 0 66 59 204 0 32 28 53 54 419 265 297 478 0 0 13 0 125 0 63 60 
173 137 63 0 104 73 0 72 59 203 0 29 26 50 53 397 268 275 501 0 0 13 0 125 0 63 60 
169 139 65 0 103 72 0 72 60 200 0 31 26 55 53 434 279 179 494 0 0 14 0 125 0 61 60 
167 138 66 0 102 71 0 68 60 200 0 32 27 61 52 439 264 244 438 0 0 14 0 125 0 60 60 
167 128 62 0 101 69 0 67 61 202 0 30 29 55 53 426 300 265 405 0 0 14 0 125 0 59 60 
171 130 65 0 100 70 0 71 61 203 0 31 29 54 52 427 232 184 502 0 0 14 0 125 0 59 60 
173 136 61 0 100 73 0 76 62 205 0 29 30 54 54 422 250 175 514 0 0 14 0 125 0 58 60 
167 133 64 0 101 75 0 67 60 206 0 29 30 50 53 438 233 213 468 0 0 13 0 125 0 58 60 
168 134 66 0 100 73 0 67 59 206 0 31 28 55 52 474 297 139 474 0 0 13 0 125 0 57 60 
172 135 65 0 101 73 0 73 59 205 0 31 27 52 52 479 241 135 447 0 0 13 0 125 0 57 60 
173 136 66 0 103 75 0 67 58 204 0 32 27 56 53 385 249 212 462 0 0 14 0 125 0 57 60 
171 138 64 0 103 75 0 63 59 202 0 28 26 66 51 440 241 214 459 0 0 14 0 125 0 57 60 
171 137 64 0 102 73 0 70 60 204 0 31 27 63 52 460 273 262 496 0 0 13 0 125 0 57 60 
168 138 61 0 102 70 0 69 60 207 0 31 28 58 53 485 264 205 483 0 0 13 0 125 0 57 60 
172 144 62 0 101 70 0 64 60 214 0 32 30 50 54 385 239 190 477 0 0 13 0 125 0 57 60 
171 138 61 0 101 69 0 73 60 212 0 32 30 50 52 420 251 152 522 0 0 14 0 125 0 57 60 
172 131 62 0 101 71 0 66 60 210 0 32 29 57 56 434 248 90 499 0 0 13 0 125 0 56 60 
171 134 63 0 101 69 0 65 59 209 0 29 26 70 53 425 217 243 412 0 0 14 0 125 0 55 60 
170 138 63 0 101 71 0 68 61 203 0 30 26 66 53 428 204 243 450 0 0 14 0 125 0 54 60 
176 140 63 0 101 71 0 70 61 201 0 30 24 54 50 401 310 308 503 0 0 14 0 125 0 53 60 
170 141 65 0 100 72 0 69 60 203 0 29 23 47 51 436 251 258 551 0 0 15 0 125 0 52 60 
172 137 66 0 99 71 0 68 61 206 0 30 24 41 50 421 278 228 469 0 0 14 0 125 0 52 60 
171 134 63 0 99 72 0 69 60 205 0 27 24 56 51 423 280 202 473 0 0 14 0 125 0 53 60 
167 138 66 0 99 73 0 65 61 205 0 31 25 63 52 400 231 195 494 0 0 14 0 125 0 52 60 
173 138 59 0 100 66 0 68 59 206 0 30 25 62 54 423 213 242 481 0 0 14 0 125 0 53 60 
177 139 62 0 100 64 0 69 60 203 0 31 26 66 54 397 253 287 453 0 0 14 0 125 0 52 60 
176 135 64 0 102 64 0 65 60 205 0 32 28 54 55 433 325 221 468 0 0 15 0 125 0 53 60 
172 138 61 0 103 67 0 69 58 206 0 30 27 41 53 417 233 195 433 0 0 14 0 125 0 53 60 
169 142 64 0 104 67 0 70 59 209 0 30 28 47 53 419 248 224 510 0 0 14 0 125 0 54 60 
172 141 62 0 105 72 0 66 59 211 0 32 25 53 49 469 308 210 525 0 0 14 0 125 0 54 60 
172 132 64 0 106 73 0 73 60 205 0 29 25 55 51 457 289 210 456 0 0 14 0 125 0 54 60 
175 137 63 0 107 71 0 69 60 208 0 30 26 60 52 442 229 323 457 0 0 14 0 125 0 53 60 
172 146 61 0 107 66 0 71 60 207 0 28 26 59 53 439 276 187 482 0 0 14 0 125 0 53 60 
171 143 65 0 107 67 0 76 61 210 0 30 26 54 52 410 236 253 499 0 0 14 0 125 0 53 60 
172 134 64 0 107 72 0 73 60 204 0 30 27 56 50 428 253 108 489 0 0 14 0 125 0 53 60 
167 133 64 0 105 73 0 70 61 200 0 29 26 51 49 428 230 216 477 0 0 13 0 125 0 53 60 
171 137 61 0 104 67 0 65 60 198 0 32 26 48 51 389 236 154 526 0 0 13 0 125 0 55 60 
172 141 63 0 102 66 0 74 59 198 0 31 24 50 51 423 235 120 471 0 0 13 0 125 0 55 60 
173 139 65 0 102 70 0 67 60 206 0 30 25 54 51 458 309 170 461 0 0 14 0 125 0 56 60 
168 136 62 0 102 70 0 67 59 210 0 32 25 55 51 448 282 167 522 0 0 14 0 125 0 56 60 
170 130 63 0 102 72 0 67 61 210 0 31 25 60 52 426 222 214 503 0 0 14 0 125 0 55 60 
173 134 65 0 103 74 0 63 59 206 0 30 27 60 51 422 289 235 425 0 0 14 0 125 0 56 60 
167 134 63 0 102 75 0 67 60 206 0 32 27 49 50 436 255 215 441 0 0 14 0 125 0 55 60 
170 138 65 0 103 68 0 68 60 200 0 30 25 52 51 450 242 193 442 0 0 14 0 125 0 53 60 
170 136 63 0 103 65 0 70 59 200 0 31 25 63 50 411 267 55 554 0 0 14 0 125 0 52 60 
172 135 63 0 103 69 0 67 60 201 0 30 23 62 50 450 230 87 499 0 0 14 0 125 0 50 60 
170 131 64 0 102 74 0 62 59 203 0 32 23 65 50 435 233 185 419 0 0 14 0 125 0 49 60 
170 136 62 0 101 67 0 68 60 209 0 32 23 59 51 419 249 231 489 0 0 14 0 125 0 47 60 
168 140 63 0 101 64 0 67 59 203 0 33 22 48 50 455 268 215 497 0 0 14 0 125 0 46 60 
170 137 62 0 101 66 0 70 60 205 0 35 23 36 50 422 293 212 484 0 0 14 0 125 0 42 60 
173 140 64 0 102 69 0 71 60 205 0 32 23 36 51 418 255 173 468 0 0 14 0 125 0 39 60 
171 140 64 0 101 66 0 68 61 204 0 33 23 45 52 390 282 180 480 0 0 14 0 125 0 37 60 
169 135 63 0 102 66 0 68 61 202 0 34 22 55 51 398 237 143 499 0 0 13 0 125 0 35 60 
174 134 66 0 103 73 0 68 60 201 0 35 23 59 51 416 287 226 452 0 0 14 0 125 0 35 60 
172 133 65 0 103 73 0 68 60 203 0 31 23 55 50 410 276 324 505 0 0 14 0 125 0 33 60 
165 139 63 0 103 70 0 66 58 205 0 34 24 54 50 421 255 202 481 0 0 14 0 125 0 33 60 
169 139 63 0 102 71 0 65 59 209 0 31 25 54 51 415 229 229 462 0 0 14 0 125 0 32 60 
173 140 63 0 101 78 0 67 60 208 0 33 23 57 51 450 267 234 501 0 0 14 0 125 0 33 60 
173 138 64 0 102 76 0 70 60 208 0 33 23 58 51 428 229 162 457 0 0 15 0 125 0 32 60 
173 141 62 0 103 67 0 66 61 205 0 31 23 54 52 422 230 208 477 0 0 15 0 125 0 32 60 
169 137 63 0 104 67 0 71 60 201 0 30 23 55 51 458 271 234 534 0 0 14 0 125 0 33 60 
170 153 62 0 105 73 0 73 60 201 0 34 23 53 51 447 220 187 522 0 0 13 0 125 0 33 60 
167 131 61 0 105 71 0 67 60 204 0 35 23 51 50 448 246 234 468 0 0 14 0 125 0 32 60 
168 136 64 0 103 68 0 68 58 207 0 35 23 56 52 463 279 79 490 0 0 14 0 125 0 32 60 
168 139 64 0 101 70 0 67 60 212 0 33 24 51 54 442 268 197 464 0 0 14 0 125 0 33 60 
169 141 63 0 99 73 0 68 61 209 0 36 25 61 53 405 255 215 444 0 0 14 0 125 0 32 60 
171 131 63 0 99 71 0 66 61 212 0 31 24 66 51 454 248 202 492 0 0 14 0 125 0 34 60 
171 137 66 0 100 66 0 67 61 206 0 32 23 64 52 428 231 176 443 0 0 14 0 125 0 33 60 
172 142 65 0 102 71 0 64 60 202 0 34 23 57 51 407 253 167 504 0 0 14 0 125 0 35 60 
172 140 60 0 102 71 0 65 60 203 0 31 23 47 53 395 263 217 507 0 0 14 0 125 0 38 60 
171 138 61 0 105 68 0 68 59 205 0 32 23 51 52 421 255 100 493 0 0 14 0 125 0 40 60 
172 135 61 0 105 62 0 68 61 207 0 29 24 65 52 395 237 117 462 0 0 14 0 125 0 42 60 
171 144 63 0 107 68 0 68 60 207 0 29 24 71 51 423 240 232 492 0 0 14 0 125 0 43 60 
174 139 66 0 108 70 0 74 61 205 0 31 23 60 52 442 296 102 524 0 0 14 0 125 0 44 60 
167 136 63 0 109 67 0 73 60 208 0 30 22 54 50 432 261 94 479 0 0 14 0 125 0 45 60 
165 142 61 0 108 66 0 66 60 206 0 29 23 42 51 409 222 154 447 0 0 14 0 125 0 45 60 
173 128 65 0 108 73 0 67 60 206 0 31 22 44 51 419 229 172 462 0 0 14 0 125 0 45 60 
176 132 66 0 107 70 0 69 60 207 0 29 24 59 53 457 248 104 460 0 0 14 0 125 0 46 60 
172 141 63 0 104 67 0 73 60 205 0 30 23 62 50 456 282 183 505 0 0 14 0 125 0 46 60 
175 131 63 0 104 67 0 69 61 205 0 30 24 61 51 450 211 138 475 0 0 13 0 125 0 47 60 
171 132 63 0 102 73 0 67 60 206 0 29 24 64 51 405 255 128 409 0 0 13 0 125 0 47 60 
170 133 64 0 102 71 0 68 59 207 0 31 23 51 52 420 219 24 455 0 0 14 0 125 0 49 60 
170 137 63 0 103 62 0 68 60 202 0 29 25 39 50 398 314 145 477 0 0 14 0 125 0 49 60 
171 134 65 0 105 65 0 65 60 206 0 29 24 47 52 409 310 260 463 0 0 14 0 125 0 50 60 
174 137 64 0 106 73 0 67 58 198 0 31 25 54 52 399 239 275 492 0 0 14 0 125 0 50 60 
173 138 64 0 107 73 0 67 61 198 0 29 24 55 52 395 249 192 465 0 0 14 0 125 0 50 60 
171 136 64 0 107 66 0 69 60 194 0 29 24 58 50 440 280 182 433 0 0 14 0 125 0 50 60 
172 138 64 0 107 65 0 69 61 199 0 31 24 56 50 426 246 188 519 0 0 13 0 125 0 51 60 
168 135 63 0 105 65 0 68 60 209 0 29 23 54 50 462 273 154 552 0 0 13 0 125 0 50 60 
175 139 62 0 105 62 0 70 59 209 0 29 25 54 51 461 227 267 520 0 0 13 0 125 0 50 60 
172 132 63 0 104 64 0 70 59 209 0 28 26 49 51 434 209 195 471 0 0 13 0 125 0 50 60 
169 137 64 0 102 71 0 74 58 205 0 30 25 48 53 448 265 269 454 0 0 14 0 125 0 50 60 
167 138 63 0 101 74 0 69 59 200 0 32 27 52 51 429 242 149 516 0 0 14 0 125 0 50 60 
174 142 62 0 101 67 0 70 58 202 0 31 26 54 52 457 243 169 517 0 0 14 0 125 0 50 60 
169 132 63 0 100 61 0 72 59 204 0 32 26 57 53 474 243 214 493 0 0 14 0 125 0 51 60 
171 138 64 0 101 65 0 64 60 205 0 32 26 62 53 461 208 169 459 0 0 14 0 125 0 51 60 
169 138 63 0 102 71 0 72 59 208 0 34 27 56 50 453 235 177 493 0 0 14 0 125 0 51 60 
169 137 63 0 103 67 0 76 61 206 0 32 26 48 51 392 250 138 512 0 0 14 0 125 0 51 60 
167 135 61 0 103 70 0 62 60 205 0 33 24 56 49 410 223 202 515 0 0 15 0 125 0 51 60 
171 137 63 0 102 73 0 67 61 207 0 32 24 63 51 429 275 100 423 0 0 14 0 125 0 51 60 
169 145 62 0 102 69 0 67 60 203 0 34 23 61 50 411 270 110 453 0 0 13 0 125 0 51 60 
170 141 63 0 100 64 0 69 59 199 0 31 24 66 53 421 278 149 525 0 0 13 0 125 0 51 60 
170 132 64 0 101 66 0 68 59 201 0 32 24 58 53 405 219 106 481 0 0 13 0 125 0 51 60 
170 135 63 0 101 66 0 70 58 201 0 32 23 43 55 407 255 172 522 0 0 14 0 125 0 51 60 
170 143 63 0 100 66 0 66 60 202 0 31 24 37 52 449 267 178 500 0 0 14 0 125 0 52 60 
172 146 61 0 101 62 0 68 60 206 0 34 25 36 51 386 307 164 494 0 0 14 0 125 0 52 60 
168 135 65 0 100 64 0 72 60 208 0 32 26 47 50 440 262 116 463 0 0 13 0 125 0 53 60 
169 136 63 0 100 73 0 62 59 205 0 34 25 55 50 457 270 174 462 0 0 14 0 125 0 54 60 
166 139 64 0 99 73 0 65 59 207 0 31 24 58 52 419 306 173 483 0 0 14 0 125 0 54 60 
173 145 61 0 98 70 0 66 60 203 0 34 24 54 52 435 253 77 561 0 0 14 0 125 0 54 60 
171 139 63 0 97 65 0 70 60 201 0 33 24 51 51 453 254 45 469 0 0 14 0 125 0 56 60 
173 139 62 0 97 69 0 69 61 202 0 35 24 53 51 468 188 168 456 0 0 14 0 125 0 56 60 
167 135 63 0 99 69 0 66 60 208 0 35 24 61 51 414 205 115 503 0 0 14 0 125 0 57 60 
171 128 64 0 101 67 0 73 60 214 0 39 24 55 51 427 277 177 504 0 0 14 0 125 0 57 60 
171 135 63 0 101 66 0 65 60 209 0 36 25 54 51 429 290 192 463 0 0 14 0 125 0 58 60 
169 135 63 0 103 68 0 69 59 210 0 35 25 57 52 404 282 137 473 0 0 13 0 125 0 59 60 
168 135 62 0 104 66 0 72 61 208 0 34 26 51 51 408 270 113 477 0 0 13 0 125 0 61 60 
169 132 66 0 106 63 0 70 61 205 0 33 25 50 51 403 284 103 428 0 0 14 0 125 0 62 60 
172 134 65 0 106 65 0 66 61 203 0 36 24 55 50 430 284 171 466 0 0 14 0 125 0 63 60 
168 132 63 0 107 67 0 74 60 201 0 35 24 54 52 405 258 163 510 0 0 14 0 125 0 64 60 
169 135 64 0 109 66 0 68 59 205 0 34 24 64 51 445 283 217 441 0 0 14 0 125 0 63 60 
167 143 66 0 108 63 0 66 59 206 0 33 25 63 52 407 225 172 508 0 0 14 0 125 0 64 60 
173 137 62 0 107 68 0 63 58 206 0 30 25 61 51 411 260 183 536 0 0 14 0 125 0 65 60 
171 139 63 0 105 70 0 70 60 203 0 32 24 54 51 446 255 169 418 0 0 14 0 125 0 65 60 
168 135 60 0 104 73 0 72 59 206 0 31 26 48 51 427 230 202 493 0 0 14 0 125 0 65 60 
174 132 65 0 103 67 0 73 61 203 0 34 28 52 52 450 238 125 633 0 0 13 0 125 0 65 60 
171 138 64 0 101 69 0 70 60 208 0 40 31 70 50 467 260 162 558 0 0 14 0 125 0 65 60 
170 141 60 0 102 70 0 69 61 206 0 36 33 68 51 433 238 181 463 0 0 13 0 125 0 65 60 
166 138 62 0 102 70 0 66 60 206 0 39 32 55 51 425 278 140 506 0 0 14 0 125 0 66 60 
173 140 63 0 102 65 0 74 60 208 0 41 31 50 51 419 282 144 552 0 0 14 0 125 0 65 60 
175 134 65 0 102 66 0 69 60 209 0 37 30 38 50 401 225 205 526 0 0 15 0 125 0 64 60 
173 140 63 0 103 67 0 64 59 205 0 34 28 55 51 439 273 160 458 0 0 14 0 125 0 64 60 
171 137 62 0 102 67 0 71 60 210 0 31 26 62 51 397 276 145 437 0 0 14 0 125 0 64 60 
173 135 65 0 103 66 0 73 60 206 0 33 25 62 52 433 221 187 524 0 0 14 0 125 0 64 60 
172 138 64 0 102 70 0 63 59 200 0 30 24 64 51 388 198 125 522 0 0 14 0 125 0 63 60 
173 137 63 0 101 71 0 65 60 196 0 30 24 57 51 384 242 121 522 0 0 14 0 125 0 61 60 
172 144 65 0 101 69 0 73 59 198 0 32 23 42 50 418 237 81 460 0 0 14 0 125 0 61 60 
171 139 64 0 100 73 0 62 60 209 0 31 24 43 52 436 271 158 456 0 0 14 0 125 0 60 60 
173 138 65 0 100 76 0 69 60 209 0 29 25 53 51 436 329 164 478 0 0 14 0 125 0 60 60 
173 139 63 0 101 77 0 68 59 208 0 31 24 56 52 438 241 38 499 0 0 14 0 125 0 59 60 
172 143 64 0 101 69 0 67 59 207 0 30 26 61 52 429 260 253 462 0 0 14 0 125 0 59 60 
173 142 63 0 102 65 0 65 60 204 0 32 25 60 53 412 250 112 476 0 0 14 0 125 0 59 60 
177 138 66 0 102 70 0 65 60 200 0 30 25 54 53 459 196 205 531 0 0 13 0 125 0 60 60 
174 142 64 0 102 72 0 75 61 202 0 31 25 56 53 460 273 194 452 0 0 13 0 125 0 60 60 
172 138 64 0 101 69 0 65 64 205 0 31 24 50 51 439 273 60 469 0 0 14 0 125 0 60 60 
176 136 62 0 101 65 0 67 66 207 0 31 25 48 50 400 266 32 544 0 0 14 0 125 0 60 60 
169 138 65 0 101 69 0 69 68 207 0 30 24 50 51 439 230 69 478 0 0 14 0 125 0 61 60 
171 137 64 0 102 70 0 68 67 207 0 31 25 53 52 420 276 245 464 0 0 14 0 125 0 61 60 
172 131 63 0 103 68 0 65 68 205 0 30 24 54 51 388 259 154 508 0 0 14 0 125 0 61 60 
168 131 61 0 103 65 0 75 69 205 0 30 24 59 50 413 261 240 535 0 0 14 0 125 0 61 60 
171 135 63 0 104 63 0 72 70 204 0 32 23 58 49 426 277 148 486 0 0 13 0 125 0 61 60 
170 136 63 0 102 65 0 67 70 203 0 28 22 50 50 421 254 183 492 0 0 14 0 125 0 61 60 
168 132 64 0 101 63 0 74 71 202 0 31 23 51 51 425 236 211 482 0 0 13 0 125 0 62 60 
166 132 65 0 98 71 0 69 73 203 0 27 24 63 51 412 274 145 442 0 0 14 0 125 0 62 60 
166 135 63 0 97 77 0 71 73 208 0 30 24 63 53 424 223 215 442 0 0 14 0 125 0 63 60 
169 132 65 0 97 74 0 81 74 210 0 28 24 65 51 464 271 202 492 0 0 14 0 125 0 64 60 
171 139 66 0 99 69 0 76 75 206 0 29 23 60 51 442 204 148 511 0 0 14 0 125 0 64 60 
170 138 65 0 100 68 0 73 73 206 0 29 23 48 51 449 286 168 550 0 0 14 0 125 0 64 60 
173 139 66 0 102 74 0 73 74 205 0 28 24 37 51 483 279 161 466 0 0 14 0 125 0 64 60 
173 141 66 0 104 69 0 77 74 200 0 33 24 36 50 447 265 203 478 0 0 14 0 125 0 65 60 
171 135 69 0 105 65 0 68 76 201 0 30 25 45 53 447 261 205 573 0 0 14 0 125 0 64 60 
171 135 64 0 106 67 0 68 75 203 0 29 26 54 51 395 264 132 485 0 0 14 0 125 0 64 60 
168 137 67 0 107 69 0 75 76 210 0 32 25 58 52 417 227 175 450 0 0 13 0 125 0 65 60 
174 137 69 0 108 71 0 67 76 210 0 33 27 55 51 423 265 130 535 0 0 14 0 125 0 65 60 
170 137 69 0 107 72 0 66 75 210 0 30 27 54 51 396 265 37 484 0 0 15 0 125 0 65 60 
170 141 67 0 106 77 0 73 75 211 0 32 28 51 51 382 278 121 531 0 0 15 0 125 0 65 60 
171 144 68 0 105 71 0 70 78 205 0 30 28 59 51 397 253 176 491 0 0 14 0 125 0 65 60 
173 134 69 0 103 67 0 66 76 203 0 32 29 59 48 414 229 117 486 0 0 14 0 125 0 65 60 
171 139 68 0 102 63 0 69 76 205 0 31 30 53 53 417 265 99 426 0 0 14 0 125 0 65 60 
172 141 70 0 101 68 0 69 76 205 0 31 28 55 52 435 219 181 524 0 0 14 0 125 0 65 60 
170 137 70 0 101 69 0 73 75 205 0 30 28 53 52 399 285 130 465 0 0 13 0 125 0 65 60 
176 141 67 0 102 67 0 75 75 209 0 31 25 51 54 455 270 164 477 0 0 14 0 125 0 65 60 
171 143 71 0 103 63 0 75 76 208 0 30 25 56 55 411 237 161 499 0 0 13 0 125 0 65 60 
172 138 71 0 104 66 0 67 77 205 0 31 26 51 52 441 278 63 509 0 0 13 0 125 0 65 60 
168 135 69 0 105 69 0 68 76 206 0 32 26 61 50 464 245 118 465 0 0 15 0 125 0 65 60 
174 135 67 0 106 73 0 77 76 208 0 30 26 67 49 460 246 34 471 0 0 15 0 125 0 64 60 
172 142 67 0 105 71 0 71 77 206 0 31 25 63 50 507 266 115 455 0 0 14 0 125 0 65 60 
171 147 68 0 106 69 0 66 75 206 0 29 25 55 50 427 182 195 466 0 0 14 0 125 0 65 60 
168 140 66 0 104 68 0 68 76 208 0 32 26 48 51 426 276 161 499 0 0 14 0 125 0 65 60 
165 135 64 0 103 65 0 77 75 206 0 31 24 50 52 433 217 148 543 0 0 14 0 125 0 65 60 
169 135 66 0 102 68 0 71 76 204 0 32 26 68 55 422 278 166 452 0 0 14 0 125 0 65 60 
171 138 68 0 101 69 0 76 76 205 0 32 25 72 49 395 209 122 468 0 0 14 0 125 0 65 60 
169 137 68 0 101 70 0 69 76 206 0 32 26 57 52 435 289 128 486 0 0 13 0 125 0 65 60 
171 138 68 0 101 65 0 68 78 200 0 34 25 50 49 408 191 187 506 0 0 14 0 125 0 65 60 
171 135 69 0 102 65 0 74 78 199 0 35 25 39 50 400 299 195 483 0 0 14 0 125 0 65 60 
168 129 68 0 103 70 0 80 78 194 0 33 26 50 51 452 273 316 457 0 0 13 0 125 0 65 60 
172 133 67 0 103 73 0 67 77 203 0 35 25 60 50 399 241 177 459 0 0 14 0 125 0 65 60 
173 136 65 0 103 64 0 69 75 208 0 32 25 62 52 440 266 149 443 0 0 14 0 125 0 65 60 
175 136 67 0 102 62 0 73 78 210 0 33 26 64 47 412 265 142 547 0 0 14 0 125 0 65 60 
173 130 67 0 101 65 0 67 76 210 0 35 28 62 50 470 285 159 543 0 0 14 0 125 0 65 60 
167 135 69 0 101 65 0 68 77 207 0 31 28 47 50 433 284 203 426 0 0 13 0 125 0 65 60 
173 134 66 0 101 66 0 72 77 203 0 35 26 41 52 434 253 183 505 0 0 14 0 125 0 65 60 
171 136 69 0 102 67 0 71 77 203 0 33 25 52 52 417 249 191 505 0 0 14 0 125 0 66 60 
172 139 68 0 102 74 0 70 77 203 0 36 27 56 53 428 230 79 489 0 0 14 0 125 0 65 60 
172 137 67 0 102 70 0 76 77 204 0 33 28 59 52 432 278 142 484 0 0 14 0 125 0 65 60 
176 139 68 0 102 66 0 72 77 206 0 32 27 62 53 413 268 191 444 0 0 13 0 125 0 65 60 
178 141 69 0 101 68 0 73 77 208 0 34 30 54 52 394 312 167 500 0 0 14 0 125 0 65 60 
175 134 67 0 100 72 0 73 78 204 0 34 28 55 52 416 257 160 511 0 0 14 0 125 0 65 60 
173 139 68 0 99 65 0 71 79 205 0 30 27 53 52 406 227 146 550 0 0 14 0 125 0 65 60 
174 142 69 0 99 64 0 71 78 204 0 33 26 48 52 416 271 179 468 0 0 14 0 125 0 65 60 
172 133 68 0 100 67 0 73 76 204 0 32 26 48 52 408 307 53 401 0 0 14 0 125 0 65 60 
169 137 69 0 101 74 0 72 76 200 0 30 27 53 53 427 270 225 524 0 0 14 0 125 0 65 60 
171 136 68 0 101 70 0 74 75 200 0 37 28 55 51 452 279 139 506 0 0 14 0 125 0 65 60 
171 139 64 0 102 69 0 66 76 203 0 32 28 58 52 479 225 141 480 0 0 15 0 125 0 65 60 
169 134 67 0 103 71 0 68 77 205 0 35 27 61 51 442 257 59 478 0 0 15 0 125 0 65 60 
168 138 66 0 104 75 0 70 77 206 0 34 28 54 52 415 276 138 448 0 0 14 0 125 0 65 60 
172 139 67 0 106 76 0 71 78 206 0 33 27 49 50 452 206 143 450 0 0 14 0 125 0 66 60 
172 136 68 0 108 78 0 75 77 207 0 32 25 59 52 474 268 105 482 0 0 14 0 125 0 66 60 
169 141 68 0 109 79 0 68 79 207 0 33 26 63 50 434 290 160 431 0 0 14 0 125 0 67 60 
170 142 72 0 109 72 0 74 77 201 0 30 25 65 52 437 232 136 456 0 0 14 0 125 0 68 60 
172 131 68 0 108 67 0 72 78 204 0 30 24 64 52 429 262 58 464 0 0 14 0 125 0 68 60 
168 132 68 0 106 65 0 73 77 208 0 28 24 52 52 432 298 30 480 0 0 14 0 125 0 68 60 
169 139 68 0 105 69 0 74 77 211 0 34 25 40 52 428 188 167 476 0 0 13 0 125 0 68 60 
170 143 68 0 104 66 0 76 78 210 0 33 25 38 51 421 284 191 468 0 0 13 0 125 0 67 60 
171 143 69 0 103 69 0 75 77 210 0 33 27 40 51 407 243 173 467 0 0 13 0 125 0 67 60 
168 135 70 0 103 69 0 73 77 209 0 35 26 51 51 400 226 202 469 0 0 14 0 125 0 67 60 
172 135 71 0 102 70 0 77 78 205 0 37 30 59 52 455 248 155 467 0 0 14 0 125 0 67 60 
171 139 70 0 103 68 0 72 77 202 0 38 29 58 52 441 245 133 510 0 0 14 0 125 0 68 60 
170 139 68 0 102 67 0 73 77 202 0 39 30 56 52 418 222 119 470 0 0 14 0 125 0 68 60 
169 135 71 0 103 64 0 67 76 205 0 35 29 51 54 407 245 217 430 0 0 14 0 125 0 68 60 
173 135 70 0 103 64 0 72 78 207 0 35 26 54 53 419 252 236 468 0 0 14 0 125 0 67 60 
168 131 69 0 102 61 0 68 78 206 0 36 27 64 51 419 242 146 527 0 0 14 0 125 0 67 60 
174 128 68 0 102 66 0 73 79 203 0 35 27 56 50 450 259 188 517 0 0 13 0 125 0 66 60 
169 141 68 0 102 71 0 74 76 203 0 39 29 53 52 486 252 149 494 0 0 13 0 125 0 66 60 
175 138 66 0 101 76 0 76 77 206 0 39 28 57 51 447 240 172 452 0 0 14 0 125 0 66 60 
174 138 68 0 100 76 0 69 75 207 0 42 26 52 53 438 230 131 495 0 0 14 0 125 0 65 60 
171 132 68 0 99 70 0 72 76 208 0 45 26 55 51 432 261 170 526 0 0 14 0 125 0 65 60 
170 133 69 0 100 69 0 65 76 204 0 46 24 54 51 426 280 149 470 0 0 14 0 125 0 65 60 
173 132 69 0 100 67 0 67 77 208 0 51 23 55 51 440 246 166 451 0 0 14 0 125 0 65 60 
173 138 68 0 101 67 0 69 77 207 0 46 24 66 52 411 237 26 478 0 0 14 0 125 0 65 60 
172 138 66 0 101 63 0 66 76 205 0 40 23 67 51 431 208 177 527 0 0 14 0 125 0 65 60 
169 137 70 0 101 66 0 77 76 207 0 36 25 60 53 396 288 157 501 0 0 13 0 125 0 65 60 
167 141 67 0 101 69 0 71 77 208 0 35 24 51 51 423 281 136 500 0 0 13 0 125 0 65 60 
171 134 68 0 101 64 0 73 77 201 0 35 25 50 50 434 275 86 503 0 0 13 0 125 0 65 60 
173 132 68 0 101 66 0 73 79 199 0 42 26 58 51 468 206 132 460 0 0 14 0 125 0 65 60 
173 139 68 0 101 67 0 80 78 196 0 40 27 71 52 428 295 115 487 0 0 14 0 125 0 65 60 
170 133 68 0 103 72 0 70 78 203 0 42 29 65 52 430 237 221 479 0 0 14 0 125 0 65 60 
169 141 68 0 104 68 0 73 76 208 0 39 29 54 52 401 215 115 504 0 0 14 0 125 0 65 60 
168 142 68 0 105 67 0 76 76 212 0 36 31 49 51 438 234 125 434 0 0 14 0 125 0 65 60 
171 133 70 0 104 73 0 68 76 208 0 36 30 38 52 476 281 55 490 0 0 13 0 125 0 65 60 
169 133 68 0 103 74 0 73 78 203 0 38 28 55 50 446 222 67 463 0 0 13 0 125 0 66 60 
171 134 68 0 100 64 0 76 78 200 0 41 29 61 50 460 251 179 476 0 0 13 0 125 0 66 60 
169 143 69 0 99 64 0 71 78 203 0 42 26 60 50 439 272 152 468 0 0 14 0 125 0 67 60 
173 134 69 0 99 69 0 74 77 204 0 40 25 64 50 408 255 195 473 0 0 14 0 125 0 67 60 
170 140 70 0 100 74 0 78 76 202 0 43 25 58 49 364 223 130 473 0 0 14 0 125 0 67 60 
175 143 67 0 101 71 0 73 77 207 0 38 25 43 52 433 281 181 501 0 0 13 0 125 0 66 60 
175 129 69 0 103 74 0 73 77 207 0 39 25 43 50 423 297 188 462 0 0 13 0 125 0 66 60 
173 134 68 0 104 74 0 72 77 203 0 38 25 52 52 409 235 42 482 0 0 13 0 125 0 66 60 
174 142 70 0 105 65 0 70 78 202 0 37 25 54 53 416 234 147 509 0 0 14 0 125 0 66 60 
174 142 68 0 107 61 0 77 77 206 0 41 25 59 55 386 223 188 464 0 0 15 0 125 0 65 60 
173 141 67 0 108 64 0 74 77 206 0 39 24 59 51 410 281 241 523 0 0 14 0 125 0 65 60 
172 139 68 0 110 73 0 74 77 201 0 39 25 54 50 440 278 230 527 0 0 14 0 125 0 65 60 
171 129 69 0 110 65 0 72 76 202 0 39 28 55 49 398 253 214 426 0 0 14 0 125 0 65 60 
176 138 70 0 109 61 0 68 77 206 0 37 25 53 51 421 239 129 477 0 0 15 0 125 0 65 60 
175 138 68 0 107 67 0 70 76 209 0 39 26 49 49 449 233 190 557 0 0 14 0 125 0 65 60 
170 136 68 0 105 68 0 75 76 209 0 37 26 49 53 442 253 230 537 0 0 14 0 125 0 65 60 
171 135 68 0 103 64 0 66 76 206 0 34 26 54 52 453 277 157 506 0 0 14 0 125 0 65 60 
169 134 68 0 102 64 0 70 77 207 0 32 25 54 54 452 292 186 508 0 0 14 0 125 0 65 60 
171 132 69 0 102 68 0 72 78 204 0 34 26 58 53 413 294 101 519 0 0 14 0 125 0 65 60 
170 135 72 0 103 68 0 72 78 200 0 34 25 62 52 451 276 179 464 0 0 14 0 125 0 65 60 
170 139 69 0 104 67 0 69 79 200 0 38 26 54 51 405 266 227 476 0 0 15 0 125 0 66 60 
169 130 69 0 104 68 0 69 77 206 0 38 25 48 50 455 303 245 467 0 0 15 0 125 0 66 60 
169 133 68 0 105 74 0 70 76 213 0 41 24 56 51 412 257 114 443 0 0 15 0 125 0 66 60 
168 134 69 0 105 75 0 71 75 214 0 41 23 64 52 450 258 165 488 0 0 14 0 125 0 66 60 
166 133 68 0 106 76 0 75 77 210 0 44 25 64 51 413 217 152 517 0 0 14 0 125 0 65 60 
170 145 67 0 106 76 0 73 77 207 0 45 24 64 51 433 264 98 449 0 0 14 0 125 0 65 60 
171 139 68 0 106 83 0 64 78 205 0 43 25 53 50 432 198 122 452 0 0 13 0 125 0 65 60 
171 138 67 0 105 81 0 75 76 205 0 41 25 40 50 440 234 129 478 0 0 13 0 125 0 65 60 
168 138 70 0 103 74 0 72 77 202 0 39 24 38 51 408 240 116 498 0 0 14 0 125 0 65 60 
171 135 70 0 102 68 0 69 76 205 0 34 25 37 51 440 296 38 500 0 0 13 0 125 0 65 60 
170 132 66 0 101 75 0 75 78 207 0 34 25 49 51 396 286 178 514 0 0 14 0 125 0 65 60 
171 136 69 0 100 72 0 67 78 207 0 33 24 58 52 443 243 173 492 0 0 14 0 125 0 65 60 
167 138 67 0 102 71 0 73 79 204 0 32 25 58 52 440 224 155 518 0 0 14 0 125 0 65 60 
168 135 68 0 103 66 0 74 78 205 0 36 24 57 52 449 277 151 463 0 0 14 0 125 0 65 60 
173 139 69 0 104 63 0 75 78 206 0 36 26 50 50 443 238 132 436 0 0 14 0 125 0 65 60 
174 137 70 0 103 65 0 76 76 208 0 40 28 50 51 398 243 88 464 0 0 14 0 125 0 65 60 
176 135 67 0 103 62 0 82 77 205 0 41 26 62 50 438 262 23 498 0 0 14 0 125 0 65 60 
167 136 69 0 102 61 0 74 76 208 0 41 28 57 51 452 246 141 431 0 0 14 0 125 0 65 60 
174 139 69 0 100 54 0 68 77 206 0 43 28 53 50 450 232 224 472 0 0 14 0 125 0 65 60 
173 132 68 0 101 54 0 70 76 207 0 42 29 56 52 394 286 202 502 0 0 14 0 125 0 65 60 
175 139 69 0 101 54 0 77 76 204 0 41 30 51 51 437 219 171 487 0 0 14 0 125 0 65 60 
175 150 70 0 102 61 0 69 77 206 0 39 29 54 51 419 264 181 473 0 0 14 0 125 0 65 60 
171 135 68 0 102 71 0 66 78 202 0 39 30 55 52 441 247 168 481 0 0 14 0 125 0 65 60 
172 138 66 0 102 74 0 71 79 198 0 39 28 53 50 434 283 62 490 0 0 14 0 125 0 65 60 
170 136 71 0 101 71 0 70 78 198 0 36 28 65 51 436 272 212 426 0 0 14 0 125 0 65 60 
173 143 68 0 99 75 0 70 77 197 0 34 28 65 52 457 272 195 486 0 0 13 0 125 0 65 60 
174 141 67 0 99 71 0 73 76 205 0 34 27 58 52 426 278 207 559 0 0 14 0 125 0 65 60 
174 139 66 0 98 69 0 66 76 209 0 36 29 53 53 463 240 192 477 0 0 14 0 125 0 65 60 
170 134 68 0 98 64 0 69 77 213 0 35 28 49 51 461 282 130 487 0 0 14 0 125 0 65 60 
172 134 70 0 98 67 0 75 76 207 0 39 29 53 51 464 200 142 552 0 0 15 0 125 0 65 60 
172 137 68 0 100 73 0 76 78 202 0 36 30 70 51 426 299 209 513 0 0 15 0 125 0 65 60 
173 135 67 0 101 74 0 72 75 203 0 39 28 71 52 466 225 165 493 0 0 14 0 125 0 65 60 
171 133 68 0 101 75 0 69 77 204 0 40 28 55 52 443 218 128 480 0 0 14 0 125 0 65 60 
171 133 72 0 101 70 0 72 76 204 0 38 28 47 52 401 235 211 508 0 0 15 0 125 0 65 60 
167 131 70 0 104 69 0 72 77 206 0 38 28 37 51 449 273 116 462 0 0 14 0 125 0 65 60 
175 138 68 0 105 66 0 70 78 213 0 35 28 54 51 412 208 163 472 0 0 14 0 125 0 65 60 
172 140 70 0 107 67 0 71 78 207 0 36 27 62 52 423 236 219 463 0 0 14 0 125 0 65 60 
173 132 70 0 108 67 0 66 79 205 0 41 28 62 54 407 178 120 480 0 0 14 0 125 0 65 60 
175 133 69 0 108 68 0 67 79 206 0 40 27 65 53 423 231 143 491 0 0 13 0 125 0 65 60 
167 138 69 0 107 64 0 76 76 203 0 40 28 58 51 450 272 143 437 0 0 13 0 125 0 65 60 
171 134 69 0 105 65 0 78 76 201 0 41 26 44 52 418 202 173 466 0 0 14 0 125 0 65 60 
176 138 69 0 103 70 0 66 77 202 0 37 26 43 52 403 301 113 494 0 0 14 0 125 0 64 60 
171 138 69 0 102 71 0 69 78 201 0 35 28 53 51 391 305 146 492 0 0 14 0 125 0 64 60 
172 141 69 0 103 65 0 73 78 205 0 33 26 55 51 391 250 126 428 0 0 14 0 125 0 64 60 
171 138 70 0 103 64 0 68 78 207 0 35 26 59 51 449 318 46 496 0 0 14 0 125 0 64 60 
176 136 69 0 102 69 0 74 77 207 0 36 27 61 50 476 278 13 486 0 0 14 0 125 0 65 60 
168 132 68 0 102 68 0 74 77 206 0 34 27 53 51 456 277 148 411 0 0 14 0 125 0 65 60 
173 135 69 0 102 65 0 73 76 203 0 38 27 53 51 434 256 132 466 0 0 13 0 125 0 65 60 
174 139 67 0 102 68 0 74 77 202 0 36 26 50 51 398 202 149 506 0 0 13 0 125 0 65 60 
168 138 70 0 102 70 0 68 78 204 0 35 27 48 51 414 274 118 517 0 0 13 0 125 0 65 60 
169 138 69 0 103 67 0 68 77 203 0 36 28 50 51 459 203 104 428 0 0 13 0 125 0 65 60 
170 138 69 0 103 67 0 71 76 207 0 31 28 53 52 423 264 108 451 0 0 14 0 125 0 65 60 
173 134 69 0 102 65 0 76 76 215 0 32 30 55 52 380 233 77 493 0 0 14 0 125 0 65 60 
170 142 69 0 101 71 0 74 76 212 0 31 32 58 51 438 307 159 488 0 0 13 0 125 0 65 60 
169 135 70 0 100 72 0 74 77 209 0 28 31 60 51 442 262 246 458 0 0 14 0 125 0 65 60 
167 137 70 0 99 71 0 78 78 205 0 30 31 51 51 429 278 223 482 0 0 14 0 125 0 65 60 
170 140 67 0 99 72 0 73 78 204 0 30 30 50 51 415 228 155 482 0 0 14 0 125 0 64 60 
171 148 70 0 99 72 0 74 78 202 0 32 28 60 50 431 259 190 434 0 0 14 0 125 0 64 60 
170 137 69 0 100 66 0 78 76 202 0 34 27 63 52 415 344 113 526 0 0 14 0 125 0 64 60 
170 132 71 0 101 62 0 74 77 206 0 33 27 64 51 432 223 164 510 0 0 14 0 125 0 64 60 
171 137 72 0 101 66 0 76 77 208 0 34 28 58 50 452 300 213 464 0 0 14 0 125 0 64 60 
175 146 73 0 100 66 0 76 76 208 0 33 28 49 49 461 278 187 491 0 0 15 0 125 0 65 60 
169 138 74 0 100 63 0 73 77 206 0 31 27 37 51 443 228 222 521 0 0 14 0 125 0 65 60 
167 137 73 0 99 63 0 75 76 206 0 30 27 36 51 430 284 129 528 0 0 14 0 125 0 65 60 
169 133 72 0 100 75 0 73 77 206 0 32 25 42 53 442 260 146 493 0 0 14 0 125 0 65 60 
171 132 69 0 101 79 0 70 77 206 0 32 27 53 55 425 234 202 496 0 0 14 0 125 0 65 60 
173 141 70 0 103 81 0 75 78 206 0 34 28 59 55 403 254 174 481 0 0 14 0 125 0 65 60 
173 138 69 0 104 75 0 75 76 207 0 31 28 55 52 448 242 203 493 0 0 14 0 125 0 65 60 
167 136 68 0 104 74 0 78 77 206 0 31 30 54 50 419 204 193 499 0 0 13 0 125 0 65 60 
172 131 68 0 102 70 0 85 76 208 0 32 29 53 49 391 236 154 480 0 0 13 0 125 0 66 60 
161 130 74 0 100 68 0 80 76 207 0 31 28 59 49 377 278 82 440 0 0 14 0 125 0 65 60 
175 131 71 0 98 62 0 76 75 209 0 33 29 59 50 444 246 94 473 0 0 14 0 125 0 65 60 
158 142 71 0 98 66 0 79 77 203 0 30 29 55 51 427 251 158 456 0 0 14 0 125 0 64 60 
160 135 70 0 99 62 0 78 77 203 0 33 29 55 52 393 262 66 460 0 0 14 0 125 0 63 60 
175 128 70 0 100 63 0 79 78 198 0 32 28 52 54 455 234 106 459 0 0 13 0 125 0 63 60 
179 138 68 0 102 69 0 75 78 198 0 31 30 51 54 405 230 178 496 0 0 13 0 125 0 63 60 
174 133 67 0 103 71 0 79 79 205 0 30 29 59 52 417 264 120 497 0 0 13 0 125 0 64 60 
171 135 69 0 104 68 0 75 76 210 0 33 29 52 51 423 261 176 459 0 0 13 0 125 0 64 60 
174 139 71 0 105 64 0 77 76 212 0 31 27 60 49 461 211 83 476 0 0 14 0 125 0 64 60 
180 139 69 0 107 68 0 77 76 205 0 33 27 66 50 478 299 133 481 0 0 14 0 125 0 64 60 
179 138 69 0 108 71 0 79 77 205 0 31 28 65 50 440 270 36 455 0 0 14 0 125 0 64 60 
180 135 71 0 108 69 0 81 77 202 0 36 27 58 51 432 254 66 510 0 0 14 0 125 0 65 60 
178 138 73 0 108 68 0 79 77 201 0 36 27 47 50 428 211 107 507 0 0 14 0 125 0 66 60 
178 131 69 0 106 72 0 75 76 201 0 37 28 52 50 432 249 199 453 0 0 13 0 125 0 66 60 
175 141 71 0 104 73 0 71 77 204 0 37 27 64 51 409 284 210 451 0 0 14 0 125 0 65 60 
174 136 73 0 102 69 0 73 77 207 0 38 28 73 53 403 275 192 539 0 0 14 0 125 0 65 60 
171 136 70 0 100 57 0 75 79 205 0 34 28 60 50 408 273 121 519 0 0 15 0 125 0 64 60 
171 142 69 0 101 58 0 75 78 204 0 34 26 51 52 476 263 157 481 0 0 14 0 125 0 64 60 
174 141 72 0 101 66 0 81 77 204 0 33 27 41 51 423 258 98 460 0 0 13 0 125 0 63 60 
168 133 73 0 103 72 0 79 77 205 0 31 29 43 52 444 244 168 463 0 0 14 0 125 0 64 60 
172 142 72 0 103 73 0 78 77 202 0 32 29 60 51 450 244 192 478 0 0 14 0 125 0 64 60 
170 135 69 0 104 71 0 74 77 203 0 32 28 63 53 437 253 268 493 0 0 14 0 125 0 65 60 
169 139 72 0 105 66 0 76 77 203 0 35 29 62 51 383 275 137 496 0 0 14 0 125 0 65 60 
173 145 72 0 106 63 0 80 76 207 0 33 27 65 51 401 235 159 468 0 0 14 0 125 0 64 60 
171 134 73 0 106 62 0 75 76 208 0 31 27 52 49 484 230 130 449 0 0 14 0 125 0 65 60 
173 131 72 0 106 63 0 71 75 210 0 34 28 41 51 421 290 157 557 0 0 14 0 125 0 65 60 
170 137 72 0 105 65 0 80 77 207 0 35 28 48 52 403 265 199 506 0 0 14 0 125 0 65 60 
174 143 73 0 103 66 0 73 78 205 0 33 27 55 52 429 279 167 430 0 0 14 0 125 0 65 60 
167 143 71 0 101 70 0 78 79 205 0 34 27 55 52 414 245 188 483 0 0 14 0 125 0 64 60 
169 138 70 0 99 76 0 80 78 200 0 31 27 62 51 371 258 92 537 0 0 14 0 125 0 64 60 
172 133 72 0 99 76 0 78 79 203 0 33 27 57 50 443 190 141 504 0 0 15 0 125 0 64 60 
173 132 73 0 100 68 0 85 75 206 0 32 26 53 51 453 282 184 514 0 0 14 0 125 0 65 60 
172 141 70 0 102 67 0 81 77 211 0 30 26 55 50 405 257 121 498 0 0 14 0 125 0 64 60 
174 139 72 0 104 68 0 73 77 211 0 32 28 49 52 443 265 117 449 0 0 14 0 125 0 64 60 
170 134 70 0 104 64 0 83 77 209 0 31 28 48 52 410 272 185 511 0 0 14 0 125 0 64 60 
170 132 69 0 103 60 0 82 77 205 0 31 29 53 52 428 273 122 461 0 0 15 0 125 0 65 60 
172 131 71 0 103 59 0 74 77 204 0 31 30 53 51 438 277 105 462 0 0 14 0 125 0 65 60 
172 131 70 0 102 76 0 74 76 203 0 30 29 54 51 416 246 77 472 0 0 14 0 125 0 65 60 
172 137 70 0 102 73 0 77 77 203 0 32 28 59 52 448 241 149 457 0 0 15 0 125 0 65 60 
169 132 69 0 103 72 0 77 76 207 0 30 27 58 53 400 253 156 450 0 0 15 0 125 0 65 60 
176 133 70 0 103 73 0 74 77 208 0 32 26 48 52 391 258 42 482 0 0 14 0 125 0 65 60 
175 134 70 0 103 73 0 78 78 207 0 30 26 51 51 481 231 156 458 0 0 14 0 125 0 65 60 
171 136 73 0 102 72 0 70 78 206 0 30 26 63 51 453 253 122 472 0 0 14 0 125 0 65 60 
171 133 72 0 101 70 0 77 78 205 0 34 27 62 52 452 249 165 440 0 0 14 0 125 0 64 60 
171 144 72 0 100 70 0 79 77 206 0 32 27 66 53 454 291 242 481 0 0 14 0 125 0 63 60 
166 141 71 0 100 68 0 74 76 210 0 30 26 56 53 415 241 93 451 0 0 13 0 125 0 63 60 
171 138 72 0 99 67 0 74 76 209 0 33 25 45 52 418 239 61 456 0 0 14 0 125 0 63 60 
171 135 74 0 100 67 0 78 77 207 0 30 27 37 52 415 263 16 479 0 0 14 0 125 0 64 60 
167 134 74 0 101 74 0 75 77 206 0 32 27 36 51 434 298 153 470 0 0 13 0 125 0 64 60 
169 133 69 0 101 74 0 76 77 209 0 32 26 47 51 474 284 152 487 0 0 14 0 125 0 65 60 
170 141 72 0 101 72 0 75 76 207 0 34 28 54 50 409 244 192 486 0 0 14 0 125 0 64 60 
172 132 74 0 102 69 0 74 76 209 0 34 28 57 52 426 208 186 461 0 0 14 0 125 0 65 60 
170 135 73 0 103 71 0 76 77 204 0 33 28 56 50 422 250 189 437 0 0 14 0 125 0 65 60 
170 136 71 0 105 70 0 77 77 205 0 32 30 52 51 413 265 148 444 0 0 14 0 125 0 65 60 
175 126 72 0 107 63 0 73 78 198 0 32 29 51 51 476 311 163 512 0 0 13 0 125 0 65 60 
174 137 72 0 108 58 0 79 77 194 0 28 29 61 51 404 246 212 532 0 0 14 0 125 0 65 60 
171 139 71 0 109 61 0 81 77 202 0 30 29 59 51 436 242 154 488 0 0 14 0 125 0 65 60 
168 128 70 0 108 66 0 83 76 206 0 32 31 54 50 440 247 228 532 0 0 14 0 125 0 65 60 
171 137 73 0 106 65 0 82 78 209 0 30 30 56 51 418 261 76 497 0 0 14 0 125 0 65 60 
171 148 72 0 105 63 0 85 77 205 0 31 31 53 52 460 273 120 485 0 0 14 0 125 0 65 60 
172 137 70 0 105 61 0 82 78 204 0 29 31 51 50 460 277 238 476 0 0 14 0 125 0 65 60 
171 116 72 0 104 65 0 79 76 203 0 31 31 57 51 432 280 183 500 0 0 14 0 125 0 65 60 
175 143 75 0 103 75 0 76 78 205 0 32 30 53 50 450 260 122 511 0 0 14 0 125 0 64 60 
171 142 69 0 103 76 0 71 77 204 0 31 31 63 51 379 320 205 508 0 0 14 0 125 0 64 60 
168 142 72 0 102 75 0 76 77 203 0 30 32 66 51 420 247 141 488 0 0 13 0 125 0 63 60 
171 143 72 0 101 66 0 76 77 209 0 31 32 61 52 454 221 56 459 0 0 13 0 125 0 64 60 
177 139 74 0 102 66 0 72 77 209 0 31 30 58 50 416 214 139 495 0 0 13 0 125 0 63 60 
172 138 68 0 103 72 0 76 77 206 0 32 30 47 50 426 239 141 464 0 0 14 0 125 0 63 60 
170 143 69 0 103 75 0 74 76 204 0 33 29 50 49 439 260 140 510 0 0 14 0 125 0 63 60 
174 140 68 0 103 70 0 74 76 204 0 29 29 68 50 426 245 113 501 0 0 14 0 125 0 63 60 
171 134 72 0 103 68 0 74 77 203 0 30 29 74 53 431 301 157 432 0 0 14 0 125 0 62 60 
171 135 70 0 101 74 0 74 77 204 0 29 28 57 55 434 238 156 448 0 0 14 0 125 0 63 60 
171 134 74 0 100 78 0 81 78 201 0 34 27 50 56 420 253 126 518 0 0 14 0 125 0 64 60 
175 135 72 0 100 72 0 81 77 203 0 33 28 39 54 478 219 167 481 0 0 14 0 125 0 65 60 
170 135 73 0 99 66 0 79 76 207 0 35 29 49 53 439 266 55 455 0 0 14 0 125 0 64 60 
173 130 73 0 99 64 0 75 75 210 0 39 28 60 50 475 305 59 475 0 0 14 0 125 0 65 60 
170 133 70 0 100 70 0 76 76 206 0 39 28 63 49 393 279 15 459 0 0 14 0 125 0 64 60 
172 137 73 0 101 65 0 77 76 208 0 41 28 63 49 412 266 177 463 0 0 14 0 125 0 65 60 
169 132 73 0 101 65 0 72 77 206 0 42 28 58 49 459 273 193 485 0 0 14 0 125 0 65 60 
170 137 70 0 100 69 0 76 77 203 0 38 29 47 51 416 227 173 437 0 0 13 0 125 0 65 60 
170 143 75 0 99 73 0 78 78 202 0 39 29 41 51 386 270 176 485 0 0 14 0 125 0 64 60 
170 138 74 0 99 69 0 74 77 206 0 38 29 50 52 412 261 169 498 0 0 14 0 125 0 64 60 
170 138 74 0 99 67 0 78 78 213 0 38 28 54 54 437 256 114 501 0 0 14 0 125 0 63 60 
168 137 74 0 101 67 0 74 77 214 0 40 28 56 53 414 293 111 480 0 0 14 0 125 0 62 60 
171 133 73 0 102 66 0 76 76 208 0 36 27 60 52 414 270 181 476 0 0 14 0 125 0 62 60 
168 138 71 0 103 67 0 77 76 210 0 36 28 55 51 374 295 205 459 0 0 13 0 125 0 62 60 
172 138 72 0 103 70 0 75 78 204 0 34 27 55 50 446 244 275 512 0 0 14 0 125 0 62 60 
170 136 71 0 102 74 0 76 77 205 0 32 28 56 52 413 229 175 514 0 0 13 0 125 0 62 60 
172 138 72 0 100 72 0 85 76 202 0 32 27 50 51 386 281 153 492 0 0 14 0 125 0 62 60 
171 139 72 0 99 69 0 73 76 207 0 37 27 48 52 445 243 152 516 0 0 14 0 125 0 61 60 
172 138 74 0 99 67 0 76 77 206 0 36 29 54 52 455 217 182 496 0 0 14 0 125 0 61 60 
167 138 71 0 98 71 0 77 77 205 0 37 28 54 51 477 255 128 467 0 0 14 0 125 0 60 60 
168 138 72 0 100 68 0 76 78 206 0 34 27 55 51 413 325 198 458 0 0 14 0 125 0 59 60 
175 136 70 0 100 64 0 80 77 205 0 36 27 60 51 421 205 132 482 0 0 14 0 125 0 60 60 
172 143 72 0 102 62 0 84 76 202 0 32 28 56 52 398 261 73 493 0 0 15 0 125 0 59 60 
170 142 71 0 103 69 0 75 77 206 0 33 29 48 52 453 246 157 479 0 0 14 0 125 0 61 60 
172 128 72 0 104 71 0 78 79 209 0 33 27 54 52 416 292 169 472 0 0 14 0 125 0 62 60 
171 139 74 0 106 69 0 79 77 206 0 29 28 65 53 369 278 198 471 0 0 15 0 125 0 63 60 
170 142 71 0 107 67 0 74 77 205 0 32 29 63 51 444 245 122 474 0 0 14 0 125 0 64 60 
169 140 71 0 108 68 0 76 76 208 0 31 31 66 50 430 256 152 508 0 0 15 0 125 0 64 60 
169 140 73 0 107 69 0 80 75 208 0 31 29 57 51 420 239 121 510 0 0 14 0 125 0 64 60 
170 141 73 0 106 65 0 76 75 206 0 30 28 42 50 430 282 57 467 0 0 14 0 125 0 64 60 
171 132 76 0 104 68 0 71 77 204 0 30 28 39 51 423 301 119 453 0 0 15 0 125 0 64 60 
168 142 75 0 102 68 0 72 77 202 0 31 29 38 51 408 232 114 493 0 0 14 0 125 0 64 60 
172 141 70 0 101 62 0 74 77 201 0 34 30 48 51 386 254 138 486 0 0 14 0 125 0 64 60 
170 144 71 0 102 52 0 77 78 196 0 32 32 57 50 424 258 41 460 0 0 13 0 125 0 64 60 
166 132 70 0 102 62 0 78 77 202 0 33 30 58 52 452 259 140 463 0 0 14 0 125 0 63 60 
169 132 71 0 102 65 0 77 77 208 0 34 30 56 51 474 267 162 464 0 0 14 0 125 0 63 60 
173 129 74 0 102 63 0 80 76 209 0 33 29 52 52 480 214 126 444 0 0 14 0 125 0 63 60 
171 134 72 0 103 63 0 79 77 208 0 32 29 53 51 436 288 173 483 0 0 14 0 125 0 63 60 
171 139 72 0 104 73 0 84 77 205 0 34 28 62 51 401 221 119 465 0 0 14 0 125 0 63 60 
169 128 72 0 105 74 0 78 77 201 0 36 27 57 50 431 271 89 480 0 0 13 0 125 0 63 60 
171 134 75 0 107 73 0 76 77 200 0 34 28 53 51 404 244 53 465 0 0 13 0 125 0 63 60 
170 137 72 0 107 66 0 78 76 203 0 33 29 57 51 397 265 138 433 0 0 14 0 125 0 63 60 
171 134 71 0 106 66 0 80 77 203 0 36 31 52 51 375 265 216 461 0 0 15 0 125 0 64 60 
173 138 71 0 105 67 0 73 77 206 0 35 29 52 50 417 237 248 478 0 0 14 0 125 0 64 60 
173 141 72 0 103 66 0 74 77 209 0 34 28 57 52 408 241 149 485 0 0 14 0 125 0 64 60 
166 139 72 0 102 63 0 75 77 207 0 39 28 53 50 433 246 167 489 0 0 14 0 125 0 64 60 
174 137 71 0 101 65 0 80 77 204 0 40 28 64 51 449 236 135 462 0 0 14 0 125 0 64 60 
175 138 67 0 102 70 0 76 78 204 0 43 28 66 51 413 260 130 499 0 0 15 0 125 0 63 60 
172 134 73 0 103 71 0 76 78 202 0 44 27 59 52 433 266 188 488 0 0 14 0 125 0 64 60 
173 138 72 0 104 73 0 79 77 205 0 46 28 57 52 400 297 231 472 0 0 14 0 125 0 65 60 
172 137 74 0 104 80 0 80 77 202 0 47 27 47 53 470 304 218 573 0 0 13 0 125 0 64 60 
170 141 77 0 103 90 0 74 76 202 0 41 27 52 52 459 248 211 528 0 0 13 0 125 0 65 60 
175 137 75 0 102 83 0 70 76 205 0 38 28 69 50 461 273 146 464 0 0 13 0 125 0 65 60 
176 137 73 0 101 70 0 73 76 209 0 35 27 71 50 448 274 175 457 0 0 13 0 125 0 65 60 
173 134 73 0 102 66 0 77 77 209 0 32 28 56 51 405 273 163 494 0 0 13 0 125 0 65 60 
172 135 74 0 102 66 0 76 77 205 0 33 27 51 51 421 217 165 487 0 0 14 0 125 0 65 60 
171 139 72 0 102 63 0 77 78 205 0 34 29 38 51 469 289 174 472 0 0 13 0 125 0 64 60 
171 136 74 0 102 59 0 81 77 202 0 33 29 49 52 439 253 187 489 0 0 13 0 125 0 64 60 
171 140 75 0 101 64 0 74 77 201 0 34 28 60 51 399 262 142 459 0 0 14 0 125 0 64 60 
168 147 72 0 100 65 0 76 76 205 0 28 28 61 51 461 213 153 508 0 0 14 0 125 0 65 60 
168 130 75 0 100 61 0 78 77 208 0 32 29 62 52 394 261 142 531 0 0 14 0 125 0 65 60 
170 136 74 0 99 59 0 77 77 211 0 36 29 61 51 453 266 166 469 0 0 14 0 125 0 65 60 
172 145 78 0 99 65 0 77 78 211 0 36 29 46 52 442 214 108 479 0 0 14 0 125 0 65 60 
174 144 75 0 100 58 0 76 77 209 0 39 29 40 50 395 252 142 467 0 0 14 0 125 0 65 60 
169 138 74 0 101 59 0 76 77 203 0 40 30 49 52 397 240 129 427 0 0 14 0 125 0 65 60 
170 138 72 0 100 63 0 76 76 203 0 43 29 55 52 405 239 154 492 0 0 14 0 125 0 65 60 
166 138 70 0 101 72 0 77 77 204 0 39 30 57 52 437 242 79 499 0 0 14 0 125 0 65 60 
172 138 71 0 101 68 0 78 77 207 0 38 30 59 50 430 271 114 439 0 0 14 0 125 0 65 60 
173 138 70 0 102 71 0 80 78 205 0 36 30 54 52 488 258 93 474 0 0 14 0 125 0 65 60 
173 134 68 0 104 75 0 77 77 206 0 37 30 55 51 418 230 0 504 0 0 14 0 125 0 65 60 
172 137 72 0 106 73 0 82 78 208 0 37 31 53 51 442 254 139 456 0 0 14 0 125 0 63 60 
175 131 72 0 108 68 0 79 76 206 0 34 32 48 52 437 283 183 444 0 0 14 0 125 0 63 60 
167 131 70 0 109 63 0 75 76 203 0 35 33 48 51 394 278 138 465 0 0 14 0 125 0 61 60 
168 135 74 0 107 71 0 80 77 208 0 35 32 53 50 418 247 169 473 0 0 14 0 125 0 61 60 
173 139 72 0 107 75 0 79 77 210 0 34 32 53 50 428 313 138 487 0 0 13 0 125 0 61 60 
175 132 70 0 106 69 0 73 77 207 0 30 31 55 51 415 242 95 474 0 0 14 0 125 0 62 60 
170 134 68 0 105 64 0 77 78 205 0 32 31 59 52 397 248 80 443 0 0 14 0 125 0 62 60 
169 135 70 0 104 67 0 77 77 208 0 33 30 54 52 443 253 210 443 0 0 14 0 125 0 63 60 
176 135 70 0 103 68 0 74 76 208 0 34 30 49 53 413 243 211 470 0 0 14 0 125 0 63 60 
172 140 71 0 103 69 0 78 75 205 0 32 32 58 54 411 226 225 476 0 0 14 0 125 0 63 60 
167 142 72 0 101 66 0 76 76 206 0 31 32 64 51 440 314 218 525 0 0 14 0 125 0 64 60 
171 140 70 0 102 65 0 78 76 199 0 33 31 63 50 421 214 163 526 0 0 13 0 125 0 64 60 
173 139 77 0 101 60 0 84 77 199 0 32 30 64 50 423 258 215 548 0 0 14 0 125 0 64 60 
171 140 73 0 103 60 0 76 77 195 0 33 30 55 49 436 236 199 553 0 0 14 0 125 0 64 60 
169 131 74 0 103 63 0 77 77 200 0 34 32 40 50 464 211 159 529 0 0 14 0 125 0 64 60 
170 138 73 0 104 70 0 80 77 203 0 33 29 37 50 473 228 191 437 0 0 14 0 125 0 64 60 
174 141 72 0 103 76 0 75 78 206 0 31 28 40 52 439 314 191 445 0 0 14 0 125 0 64 60 
168 137 71 0 102 80 0 74 78 209 0 34 27 50 52 394 283 91 511 0 0 14 0 125 0 64 60 
171 139 71 0 100 85 0 75 76 206 0 34 28 58 55 458 203 118 548 0 0 14 0 125 0 64 60 
171 137 73 0 100 79 0 84 76 203 0 35 29 57 53 461 227 253 510 0 0 14 0 125 0 64 60 
174 135 71 0 100 74 0 75 76 202 0 36 29 55 52 423 244 148 477 0 0 14 0 125 0 65 60 
167 137 72 0 100 62 0 73 76 205 0 33 28 53 49 405 278 183 466 0 0 14 0 125 0 65 60 
170 144 70 0 101 67 0 76 77 206 0 32 27 53 50 433 278 139 478 0 0 14 0 125 0 65 60 
171 135 73 0 102 68 0 81 77 204 0 32 27 64 50 441 283 154 475 0 0 14 0 125 0 65 60 
167 140 71 0 102 65 0 83 77 208 0 32 28 57 52 406 307 116 479 0 0 14 0 125 0 65 60 
171 148 71 0 101 61 0 82 77 208 0 34 27 54 50 425 219 139 459 0 0 14 0 125 0 65 60 
170 133 73 0 100 68 0 79 76 206 0 32 27 58 52 375 312 105 398 0 0 14 0 125 0 65 60 
179 135 69 0 100 73 0 81 76 202 0 31 27 53 50 446 255 79 448 0 0 13 0 125 0 64 60 
168 142 73 0 101 72 0 80 77 201 0 33 27 56 51 418 286 66 519 0 0 14 0 125 0 64 60 
171 145 74 0 102 59 0 74 79 203 0 31 28 55 50 442 287 150 493 0 0 14 0 125 0 64 60 
174 135 71 0 103 62 0 78 79 203 0 33 27 55 52 451 280 121 418 0 0 13 0 125 0 62 60 
177 140 72 0 103 71 0 78 78 199 0 35 28 69 52 459 244 166 483 0 0 14 0 125 0 61 60 
167 132 72 0 103 72 0 76 77 205 0 34 28 66 53 415 282 163 480 0 0 14 0 125 0 60 60 
172 135 70 0 102 76 0 78 76 207 0 32 31 58 53 444 246 120 532 0 0 14 0 125 0 60 60 
175 139 72 0 101 77 0 75 75 207 0 30 31 52 52 383 182 54 463 0 0 14 0 125 0 60 60 
173 138 74 0 99 81 0 71 76 206 0 31 31 50 51 412 330 41 465 0 0 14 0 125 0 60 60 
173 131 73 0 98 80 0 77 77 204 0 29 31 55 52 460 303 190 484 0 0 14 0 125 0 60 60 
175 133 74 0 99 74 0 73 77 203 0 31 28 71 50 374 259 156 498 0 0 14 0 125 0 60 60 
175 134 73 0 100 61 0 74 77 202 0 31 30 71 53 396 252 217 469 0 0 14 0 125 0 61 60 
