213 174 80 0 129 83 0 87 75 260 0 32 23 84 67 565 337 219 537 0 0 73 0 127 0 63 60 
213 170 82 0 129 84 0 85 77 257 0 33 22 92 66 548 296 154 512 0 0 74 0 127 0 61 60 
215 187 83 0 127 88 0 86 77 261 0 36 23 91 65 523 320 246 575 0 0 73 0 127 0 60 60 
215 162 82 0 128 89 0 89 76 262 0 37 24 67 64 529 328 248 520 0 0 73 0 127 0 59 60 
216 176 81 0 127 91 0 83 74 259 0 38 22 50 66 496 321 215 522 0 0 73 0 127 0 60 60 
221 182 81 0 127 87 0 87 74 259 0 40 23 64 65 522 325 217 551 0 0 74 0 127 0 61 60 
212 179 80 0 127 83 0 90 75 260 0 34 24 81 66 567 344 228 512 0 0 75 0 127 0 61 60 
210 172 81 0 128 82 0 86 76 258 0 31 23 78 64 520 321 202 566 0 0 75 0 127 0 63 60 
214 171 78 0 128 80 0 85 75 257 0 34 25 75 66 516 336 152 674 0 0 74 0 127 0 64 60 
216 173 79 0 129 80 0 90 76 255 0 36 24 88 64 559 344 224 620 0 0 73 0 127 0 64 60 
217 174 82 0 130 84 0 90 76 252 0 42 23 80 65 529 314 306 600 0 0 73 0 127 0 64 60 
216 167 83 0 130 96 0 91 77 259 0 46 22 83 68 554 268 267 509 0 0 73 0 127 0 63 60 
215 164 81 0 130 106 0 89 77 266 0 46 22 74 64 555 337 301 574 0 0 73 0 127 0 63 60 
219 170 77 0 127 103 0 93 77 266 0 41 22 79 65 592 352 236 562 0 0 73 0 127 0 63 60 
221 166 85 0 126 105 0 83 76 262 0 38 22 90 64 560 387 227 540 0 0 73 0 127 0 62 60 
218 166 84 0 126 116 0 82 75 257 0 40 24 95 65 514 302 235 577 0 0 73 0 127 0 61 60 
217 170 80 0 127 107 0 88 77 257 0 40 22 81 64 499 315 283 574 0 0 73 0 127 0 60 60 
219 174 81 0 129 84 0 81 75 260 0 44 23 73 64 555 351 299 471 0 0 73 0 127 0 60 60 
219 177 84 0 132 71 0 83 76 260 0 41 22 101 64 512 341 274 481 0 0 73 0 127 0 61 60 
215 175 79 0 134 77 0 83 74 263 0 44 23 99 63 539 363 195 619 0 0 73 0 127 0 62 60 
219 176 76 0 136 80 0 83 74 260 0 45 23 73 65 526 307 269 604 0 0 74 0 127 0 63 60 
222 163 80 0 136 77 0 87 74 255 0 45 24 61 64 518 358 271 488 0 0 73 0 127 0 64 60 
217 173 77 0 135 78 0 85 75 254 0 48 23 89 65 514 297 258 579 0 0 74 0 127 0 64 60 
212 178 76 0 134 87 0 94 76 255 0 44 24 94 66 504 315 273 545 0 0 74 0 127 0 64 60 
214 172 81 0 132 88 0 83 77 255 0 43 23 87 65 475 329 225 518 0 0 74 0 127 0 64 60 
214 175 82 0 131 86 0 82 77 255 0 41 23 59 65 566 283 234 542 0 0 74 0 127 0 65 60 
213 171 80 0 128 94 0 87 76 262 0 38 23 78 66 559 321 155 593 0 0 73 0 127 0 63 60 
212 174 78 0 128 99 0 83 74 261 0 35 23 85 65 551 334 206 589 0 0 74 0 127 0 61 60 
215 174 78 0 128 98 0 85 75 259 0 38 24 88 64 532 318 230 479 0 0 73 0 127 0 60 60 
220 187 77 0 130 93 0 86 75 256 0 35 25 78 66 535 352 230 564 0 0 73 0 127 0 60 60 
216 166 78 0 131 86 0 90 76 257 0 35 24 74 65 530 326 119 558 0 0 73 0 127 0 59 60 
212 175 80 0 132 83 0 86 75 260 0 34 23 70 64 527 362 229 585 0 0 73 0 127 0 59 60 
217 179 81 0 132 83 0 84 75 265 0 31 24 79 64 539 288 221 534 0 0 73 0 127 0 61 60 
214 174 79 0 132 86 0 91 75 269 0 31 23 80 64 558 336 225 475 0 0 74 0 127 0 62 60 
216 170 80 0 130 96 0 86 77 264 0 30 24 84 66 548 288 217 557 0 0 73 0 127 0 63 60 
214 174 81 0 130 99 0 83 76 259 0 27 24 70 66 534 321 167 565 0 0 74 0 127 0 63 60 
216 180 79 0 130 94 0 87 76 259 0 30 25 94 66 578 335 189 524 0 0 73 0 127 0 63 60 
216 171 78 0 129 82 0 87 76 257 0 30 24 94 65 537 363 140 590 0 0 74 0 127 0 63 60 
214 166 80 0 129 88 0 88 77 259 0 28 24 87 65 580 323 232 599 0 0 74 0 127 0 62 60 
214 165 80 0 129 93 0 86 76 261 0 29 22 55 65 538 284 258 498 0 0 73 0 127 0 63 60 
218 176 78 0 129 105 0 89 77 262 0 27 21 51 65 579 327 290 520 0 0 72 0 127 0 63 60 
216 167 81 0 130 101 0 92 77 258 0 30 21 73 64 537 322 235 602 0 0 72 0 127 0 63 60 
215 168 77 0 130 92 0 87 75 257 0 29 21 84 64 528 329 241 526 0 0 72 0 127 0 63 60 
214 168 81 0 130 81 0 88 75 261 0 29 22 76 64 533 324 232 534 0 0 72 0 127 0 62 60 
214 175 78 0 129 78 0 91 74 263 0 28 21 78 65 547 295 180 517 0 0 73 0 127 0 61 60 
218 178 78 0 129 81 0 86 75 257 0 27 21 87 65 532 350 287 650 0 0 73 0 127 0 61 60 
217 171 81 0 129 84 0 86 75 262 0 27 20 76 64 532 374 259 537 0 0 73 0 127 0 60 60 
213 176 78 0 127 86 0 84 76 260 0 28 21 79 64 555 320 327 522 0 0 73 0 127 0 60 60 
217 168 80 0 127 81 0 83 76 262 0 28 22 79 63 509 308 272 607 0 0 73 0 127 0 60 60 
215 173 78 0 127 82 0 83 76 251 0 27 23 74 63 547 296 231 659 0 0 73 0 127 0 60 60 
218 171 82 0 126 86 0 82 77 253 0 29 22 97 66 496 301 241 477 0 0 73 0 127 0 61 60 
220 171 76 0 127 84 0 90 75 252 0 28 25 89 66 526 349 263 478 0 0 73 0 127 0 61 60 
219 174 79 0 127 79 0 84 76 261 0 27 27 72 68 516 343 273 644 0 0 73 0 127 0 61 60 
219 172 80 0 128 86 0 87 77 263 0 27 31 76 67 570 325 264 589 0 0 73 0 127 0 61 60 
217 174 82 0 131 93 0 91 76 263 0 28 32 109 63 514 299 267 512 0 0 74 0 127 0 61 60 
214 175 81 0 132 89 0 93 75 258 0 27 32 87 63 564 296 115 578 0 0 74 0 127 0 61 60 
213 182 80 0 133 87 0 90 75 255 0 29 31 64 63 504 345 253 532 0 0 73 0 127 0 62 60 
216 168 81 0 135 88 0 82 76 261 0 27 29 74 64 555 335 255 569 0 0 73 0 127 0 62 60 
216 176 81 0 135 85 0 87 73 259 0 28 28 91 66 544 341 209 596 0 0 73 0 127 0 61 60 
216 178 80 0 136 77 0 85 76 260 0 28 23 92 69 536 329 176 496 0 0 74 0 127 0 61 60 
214 175 78 0 135 80 0 83 76 263 0 29 23 80 67 552 351 192 559 0 0 73 0 127 0 61 60 
215 168 79 0 134 86 0 84 77 258 0 28 23 62 65 555 282 214 622 0 0 73 0 127 0 60 60 
216 174 77 0 131 88 0 86 76 254 0 32 24 79 63 507 337 219 547 0 0 73 0 127 0 60 60 
215 177 79 0 129 83 0 91 76 257 0 33 24 88 65 532 312 222 499 0 0 74 0 127 0 60 60 
216 172 81 0 129 80 0 86 75 255 0 34 22 81 64 518 318 224 593 0 0 73 0 127 0 60 60 
216 172 81 0 128 80 0 88 76 255 0 35 25 81 65 581 327 184 529 0 0 74 0 127 0 59 60 
219 165 79 0 129 84 0 83 76 260 0 33 24 70 63 567 339 111 627 0 0 73 0 127 0 59 60 
218 175 80 0 128 86 0 77 76 261 0 35 26 72 64 576 281 204 665 0 0 73 0 127 0 58 60 
218 164 81 0 128 86 0 83 76 263 0 31 25 75 65 516 309 222 603 0 0 74 0 127 0 58 60 
217 169 79 0 126 85 0 85 76 257 0 29 26 80 67 505 317 258 557 0 0 74 0 127 0 58 60 
219 172 79 0 128 86 0 87 73 254 0 28 27 79 66 549 327 263 526 0 0 74 0 127 0 58 60 
217 174 80 0 128 85 0 92 74 258 0 28 28 74 64 525 297 255 528 0 0 74 0 127 0 58 60 
217 179 79 0 128 85 0 88 74 263 0 27 29 97 65 543 312 218 627 0 0 74 0 127 0 58 60 
215 176 78 0 127 89 0 85 76 265 0 30 32 89 65 537 301 200 525 0 0 75 0 127 0 59 60 
215 178 82 0 127 90 0 90 74 266 0 29 33 76 66 514 265 276 514 0 0 73 0 127 0 58 60 
216 168 80 0 127 88 0 88 76 262 0 27 34 46 64 542 300 279 519 0 0 74 0 127 0 59 60 
212 172 78 0 127 90 0 83 75 255 0 27 32 54 63 523 326 288 540 0 0 74 0 127 0 60 60 
215 173 78 0 127 97 0 82 76 260 0 26 29 80 64 508 297 276 526 0 0 74 0 127 0 60 60 
216 173 79 0 127 98 0 85 77 259 0 28 26 80 65 578 309 277 638 0 0 74 0 127 0 60 60 
217 172 82 0 127 96 0 89 77 261 0 28 24 71 65 569 339 245 560 0 0 73 0 127 0 61 60 
215 171 78 0 128 95 0 86 75 263 0 26 27 82 64 576 330 230 499 0 0 73 0 127 0 61 60 
216 172 82 0 128 97 0 90 74 258 0 26 26 85 64 527 326 278 546 0 0 73 0 127 0 61 60 
214 175 82 0 128 97 0 88 74 256 0 27 27 79 65 510 288 254 644 0 0 74 0 127 0 61 60 
213 186 80 0 128 90 0 87 75 262 0 29 29 77 65 577 326 285 551 0 0 73 0 127 0 61 60 
217 161 80 0 126 86 0 84 75 261 0 28 30 85 63 529 346 127 561 0 0 74 0 127 0 61 60 
215 175 81 0 124 90 0 88 75 260 0 26 30 79 65 533 377 237 508 0 0 73 0 127 0 61 60 
214 178 78 0 123 91 0 89 75 259 0 30 31 98 66 469 343 234 576 0 0 73 0 127 0 62 60 
217 176 76 0 123 80 0 81 76 259 0 28 33 87 65 560 315 265 614 0 0 73 0 127 0 62 60 
211 170 80 0 126 77 0 87 76 260 0 30 32 69 67 512 321 185 533 0 0 74 0 127 0 63 60 
211 173 80 0 128 85 0 88 77 255 0 31 29 88 67 545 320 192 491 0 0 73 0 127 0 63 60 
217 176 80 0 131 94 0 86 75 251 0 27 28 112 63 540 355 215 527 0 0 74 0 127 0 63 60 
217 169 77 0 132 89 0 86 78 252 0 29 26 79 64 496 324 236 562 0 0 73 0 127 0 64 60 
218 167 83 0 133 84 0 90 76 259 0 29 26 58 65 561 333 184 491 0 0 73 0 127 0 63 60 
215 164 79 0 133 85 0 90 77 263 0 30 25 87 65 617 333 184 585 0 0 73 0 127 0 63 60 
216 175 81 0 133 78 0 86 75 266 0 27 24 93 64 556 294 176 526 0 0 73 0 127 0 63 60 
217 166 80 0 132 68 0 89 74 261 0 29 24 95 64 548 301 95 506 0 0 74 0 127 0 63 60 
215 167 80 0 130 70 0 89 74 257 0 28 25 67 64 554 283 223 550 0 0 73 0 127 0 64 60 
214 172 79 0 128 83 0 83 73 259 0 29 25 69 66 504 300 251 573 0 0 74 0 127 0 63 60 
218 171 79 0 128 85 0 85 75 256 0 25 24 81 66 541 328 219 596 0 0 74 0 127 0 61 60 
217 177 80 0 129 85 0 87 76 257 0 28 24 91 64 526 339 229 545 0 0 73 0 127 0 62 60 
220 175 78 0 130 89 0 84 76 264 0 26 24 78 65 557 312 177 503 0 0 74 0 127 0 62 60 
219 178 79 0 131 91 0 82 76 257 0 28 25 80 65 547 312 148 563 0 0 74 0 127 0 63 60 
223 170 81 0 132 84 0 85 76 254 0 29 25 70 65 509 342 167 581 0 0 74 0 127 0 63 60 
219 175 80 0 131 86 0 91 77 257 0 28 25 76 65 532 341 248 603 0 0 73 0 127 0 63 60 
221 173 80 0 131 86 0 92 76 255 0 29 24 75 63 508 321 253 523 0 0 74 0 127 0 64 60 
217 170 77 0 130 84 0 88 76 254 0 29 24 88 63 543 339 314 443 0 0 73 0 127 0 64 60 
213 176 82 0 129 79 0 92 75 258 0 29 24 71 64 542 288 247 553 0 0 73 0 127 0 64 60 
219 173 82 0 128 81 0 88 75 260 0 28 24 80 63 518 312 222 629 0 0 74 0 127 0 64 60 
216 177 82 0 127 88 0 85 75 262 0 29 24 97 64 549 323 239 562 0 0 74 0 127 0 65 60 
214 176 82 0 127 82 0 85 75 259 0 28 25 93 66 526 371 216 550 0 0 74 0 127 0 65 60 
219 187 81 0 127 80 0 82 76 255 0 33 24 68 65 507 334 250 546 0 0 73 0 127 0 65 60 
213 165 83 0 128 83 0 88 75 258 0 34 25 53 67 547 277 236 500 0 0 74 0 127 0 65 60 
216 173 82 0 128 89 0 81 75 262 0 35 25 61 65 501 342 280 558 0 0 73 0 127 0 64 60 
212 179 79 0 129 94 0 83 75 268 0 36 23 79 63 523 337 181 515 0 0 74 0 127 0 64 60 
215 175 79 0 128 99 0 87 75 266 0 33 25 80 61 524 338 249 433 0 0 73 0 127 0 64 60 
216 172 81 0 128 106 0 89 78 264 0 31 24 73 63 545 340 271 643 0 0 72 0 127 0 62 60 
217 172 81 0 128 116 0 92 79 258 0 30 26 86 63 527 360 218 754 0 0 72 0 127 0 61 60 
216 177 84 0 129 102 0 83 79 260 0 26 26 83 65 497 308 228 492 0 0 73 0 127 0 60 60 
218 169 81 0 129 90 0 86 76 258 0 26 26 79 67 542 335 214 524 0 0 73 0 127 0 59 60 
216 171 81 0 128 88 0 84 75 260 0 29 27 75 66 549 307 227 661 0 0 73 0 127 0 59 60 
217 164 83 0 127 87 0 85 75 262 0 29 27 85 62 553 307 155 690 0 0 73 0 127 0 59 60 
215 172 83 0 126 75 0 88 76 259 0 31 29 81 63 519 324 196 535 0 0 73 0 127 0 60 60 
216 168 79 0 127 71 0 83 75 258 0 28 28 96 64 524 322 253 525 0 0 73 0 127 0 60 60 
214 165 80 0 128 74 0 88 75 260 0 29 27 84 65 576 336 184 576 0 0 73 0 127 0 61 60 
216 171 83 0 129 82 0 87 76 260 0 26 26 70 65 529 336 115 585 0 0 73 0 127 0 62 60 
217 171 81 0 130 77 0 87 76 260 0 27 24 92 65 519 325 200 631 0 0 73 0 127 0 63 60 
216 179 81 0 132 74 0 86 74 259 0 26 23 107 65 525 353 257 610 0 0 73 0 127 0 63 60 
220 176 77 0 134 80 0 87 77 260 0 27 24 74 65 526 334 215 562 0 0 73 0 127 0 63 60 
215 173 78 0 135 84 0 88 75 263 0 28 24 57 66 510 329 241 522 0 0 73 0 127 0 63 60 
211 168 79 0 136 77 0 83 77 258 0 29 25 91 65 534 357 166 554 0 0 73 0 127 0 63 60 
219 172 83 0 137 82 0 84 76 255 0 28 24 90 65 519 303 154 546 0 0 73 0 127 0 63 60 
223 175 83 0 135 86 0 86 76 254 0 28 24 94 64 484 304 153 539 0 0 74 0 127 0 64 60 
218 170 83 0 133 84 0 83 75 260 0 27 24 60 63 533 326 245 644 0 0 74 0 127 0 64 60 
220 172 80 0 131 83 0 87 76 263 0 28 24 74 64 521 330 298 541 0 0 74 0 127 0 63 60 
222 167 83 0 129 92 0 92 74 267 0 30 25 80 64 541 277 297 495 0 0 73 0 127 0 63 60 
221 179 83 0 129 104 0 88 77 260 0 29 24 93 64 492 291 271 562 0 0 73 0 127 0 64 60 
215 170 78 0 129 106 0 86 77 256 0 33 27 78 65 530 326 263 536 0 0 74 0 127 0 63 60 
215 187 81 0 129 93 0 85 75 255 0 31 24 77 63 503 348 226 596 0 0 74 0 127 0 63 60 
216 166 81 0 129 83 0 90 74 257 0 33 24 73 61 527 362 234 616 0 0 73 0 127 0 63 60 
213 168 81 0 129 88 0 86 75 259 0 29 24 77 64 499 305 266 578 0 0 73 0 127 0 63 60 
215 183 77 0 129 86 0 84 75 262 0 36 24 79 60 493 323 289 478 0 0 74 0 127 0 63 60 
217 174 80 0 128 82 0 87 75 259 0 39 25 87 63 493 343 276 499 0 0 73 0 127 0 63 60 
216 176 80 0 128 79 0 79 76 256 0 36 24 68 65 493 351 198 589 0 0 73 0 127 0 63 60 
216 169 82 0 127 81 0 83 76 254 0 40 24 90 64 492 304 227 653 0 0 73 0 127 0 63 60 
215 176 83 0 127 87 0 85 76 256 0 41 24 96 64 495 330 300 530 0 0 73 0 127 0 62 60 
214 175 83 0 127 94 0 85 76 253 0 43 24 90 65 522 310 275 500 0 0 73 0 127 0 62 60 
217 166 80 0 127 93 0 92 76 256 0 42 23 58 66 511 292 270 573 0 0 74 0 127 0 62 60 
215 165 79 0 126 89 0 85 76 258 0 44 25 55 68 495 339 240 462 0 0 74 0 127 0 62 60 
211 170 84 0 127 84 0 93 74 264 0 49 26 70 67 481 337 243 497 0 0 74 0 127 0 61 60 
212 169 80 0 127 83 0 89 75 260 0 45 25 84 65 463 301 166 622 0 0 74 0 127 0 61 60 
218 169 79 0 127 85 0 86 72 254 0 41 25 78 65 470 267 197 520 0 0 74 0 127 0 61 60 
218 171 75 0 129 86 0 89 74 258 0 36 27 74 66 440 261 228 476 0 0 73 0 127 0 61 60 
217 173 77 0 130 92 0 87 75 259 0 35 26 90 67 453 372 242 574 0 0 73 0 127 0 61 60 
215 175 78 0 129 94 0 85 77 264 0 28 27 80 67 353 380 153 548 0 0 73 0 127 0 60 60 
213 175 81 0 127 102 0 83 76 266 0 29 26 83 66 239 315 260 570 0 0 73 0 127 0 60 60 
218 179 82 0 125 110 0 85 77 264 0 30 27 76 65 159 334 278 640 0 0 74 0 127 0 61 60 
217 169 82 0 123 102 0 94 75 258 0 29 27 84 66 118 361 256 636 0 0 73 0 127 0 62 60 
216 171 81 0 124 87 0 83 74 258 0 29 26 91 65 66 391 255 475 0 0 73 0 127 0 62 60 
215 178 78 0 125 79 0 87 75 256 0 28 25 94 65 57 369 220 584 0 0 73 0 127 0 63 60 
213 171 79 0 129 81 0 85 76 257 0 27 24 80 65 44 304 190 646 0 0 72 0 127 0 63 60 
217 175 77 0 131 82 0 80 76 261 0 27 25 73 65 18 341 161 529 0 0 73 0 127 0 62 60 
219 168 80 0 132 88 0 80 75 260 0 27 25 104 67 0 287 235 527 0 0 73 0 127 0 63 60 
209 177 81 0 134 98 0 83 74 259 0 27 27 97 67 0 342 305 516 0 0 73 0 127 0 62 60 
216 173 81 0 134 100 0 90 76 257 0 28 28 72 66 0 341 312 660 0 0 73 0 127 0 61 60 
215 187 83 0 134 86 0 90 74 262 0 25 28 64 66 0 325 278 479 0 0 73 0 127 0 61 60 
215 166 81 0 132 89 0 86 77 260 0 28 30 95 64 0 324 297 516 0 0 73 0 127 0 62 60 
214 170 78 0 131 101 0 85 77 259 0 25 31 90 63 0 330 264 607 0 0 73 0 127 0 62 60 
214 182 80 0 129 104 0 89 78 260 0 26 33 86 68 0 290 233 592 0 0 73 0 127 0 62 60 
218 175 80 0 129 93 0 84 76 264 0 28 35 62 66 0 277 323 516 0 0 74 0 127 0 61 60 
211 176 77 0 129 89 0 85 77 258 0 29 34 78 68 0 318 324 572 0 0 74 0 127 0 61 60 
218 169 78 0 130 90 0 85 75 254 0 28 36 83 68 0 281 318 521 0 0 73 0 127 0 62 60 
215 176 78 0 131 85 0 85 76 253 0 27 34 89 64 0 313 293 611 0 0 74 0 127 0 61 60 
216 175 80 0 132 82 0 83 77 255 0 27 33 77 64 0 508 258 539 0 0 74 0 127 0 60 60 
219 165 77 0 133 84 0 87 75 260 0 26 33 72 64 0 780 304 582 0 0 74 0 127 0 60 60 
213 168 79 0 133 91 0 87 74 267 0 27 31 71 63 0 779 297 585 0 0 73 0 127 0 61 60 
216 166 80 0 133 86 0 85 74 261 0 26 30 75 66 0 800 312 584 0 0 73 0 127 0 62 60 
215 173 83 0 132 84 0 91 75 255 0 26 28 77 70 0 824 287 510 0 0 73 0 127 0 63 60 
214 162 81 0 131 92 0 85 76 256 0 25 28 84 67 0 779 328 507 0 0 73 0 127 0 63 60 
216 172 80 0 129 95 0 88 76 257 0 29 27 68 63 0 770 167 602 0 0 73 0 127 0 64 60 
216 170 79 0 129 95 0 91 76 259 0 26 25 92 63 0 796 225 509 0 0 73 0 127 0 64 60 
219 175 81 0 129 99 0 84 75 263 0 25 25 95 64 0 789 257 472 0 0 73 0 127 0 64 60 
219 178 80 0 130 104 0 86 75 261 0 26 24 84 66 0 808 245 520 0 0 73 0 127 0 65 60 
219 175 79 0 129 99 0 84 75 259 0 25 25 50 64 0 808 224 582 0 0 74 0 127 0 63 60 
221 174 81 0 130 93 0 91 76 257 0 29 26 53 63 0 782 272 594 0 0 74 0 127 0 62 60 
220 173 80 0 130 92 0 87 77 255 0 26 25 75 63 0 801 233 619 0 0 74 0 127 0 60 60 
216 180 80 0 129 96 0 83 77 254 0 27 26 80 63 0 801 270 562 0 0 74 0 127 0 60 60 
216 170 80 0 130 91 0 87 76 256 0 28 26 77 63 0 785 265 561 0 0 74 0 127 0 60 60 
218 175 80 0 130 91 0 84 75 261 0 28 25 75 64 0 779 228 532 0 0 73 0 127 0 60 60 
217 174 78 0 129 99 0 92 74 262 0 27 25 86 65 0 779 211 575 0 0 73 0 127 0 60 60 
214 175 80 0 128 105 0 85 76 259 0 28 25 80 63 0 776 188 587 0 0 73 0 127 0 61 60 
215 174 77 0 128 95 0 87 76 256 0 27 24 77 65 0 799 285 510 0 0 73 0 127 0 62 60 
215 181 77 0 126 87 0 85 76 258 0 28 26 78 64 0 778 340 563 0 0 73 0 127 0 62 60 
217 169 81 0 127 84 0 83 76 260 0 27 28 80 64 0 780 309 553 0 0 74 0 127 0 62 60 
212 169 79 0 128 86 0 90 77 267 0 26 27 95 64 0 815 316 507 0 0 73 0 127 0 61 60 
215 184 83 0 129 80 0 84 75 266 0 28 26 88 66 0 793 266 583 0 0 74 0 127 0 61 60 
214 175 81 0 130 77 0 85 75 265 0 29 28 74 64 0 786 280 596 0 0 74 0 127 0 60 60 
213 177 79 0 132 78 0 90 75 260 0 28 31 76 64 0 854 257 464 0 0 73 0 127 0 60 60 
213 169 79 0 133 80 0 90 76 258 0 28 31 111 64 0 768 349 531 0 0 73 0 127 0 60 60 
214 174 81 0 136 83 0 92 75 257 0 27 31 86 65 0 815 336 634 0 0 74 0 127 0 60 60 
212 175 79 0 136 89 0 83 77 257 0 28 30 61 65 0 779 341 556 0 0 74 0 127 0 60 60 
216 165 80 0 136 98 0 88 75 261 0 30 28 79 65 0 760 289 511 0 0 74 0 127 0 59 60 
214 168 82 0 135 92 0 88 75 262 0 29 26 96 64 0 785 296 588 0 0 74 0 127 0 60 60 
213 170 81 0 133 81 0 83 75 259 0 32 24 94 65 0 812 280 585 0 0 74 0 127 0 61 60 
213 176 79 0 131 76 0 82 76 260 0 32 26 71 64 0 806 317 557 0 0 73 0 127 0 61 60 
214 165 81 0 130 73 0 87 76 262 0 31 26 65 65 0 775 343 553 0 0 73 0 127 0 62 60 
213 173 80 0 130 78 0 84 75 263 0 31 26 79 66 0 824 335 528 0 0 73 0 127 0 61 60 
218 170 79 0 129 81 0 82 75 259 0 29 28 89 67 0 767 330 558 0 0 73 0 127 0 60 60 
219 172 77 0 129 84 0 85 75 262 0 30 29 81 65 0 779 179 555 0 0 73 0 127 0 59 60 
221 178 82 0 129 89 0 92 76 263 0 30 30 80 64 0 828 263 537 0 0 73 0 127 0 59 60 
219 173 79 0 130 86 0 87 76 256 0 31 32 70 64 0 786 286 491 0 0 73 0 127 0 60 60 
218 168 80 0 130 85 0 85 76 253 0 33 34 77 64 0 852 312 591 0 0 73 0 127 0 59 60 
218 172 79 0 129 77 0 90 78 251 0 33 37 78 65 0 817 269 605 0 0 74 0 127 0 59 60 
220 176 80 0 129 78 0 85 76 258 0 33 35 84 65 0 811 284 540 0 0 74 0 127 0 60 60 
218 169 78 0 129 82 0 85 75 261 0 35 35 76 65 0 821 273 498 0 0 73 0 127 0 60 60 
212 175 81 0 127 81 0 86 76 266 0 32 32 79 64 0 854 274 627 0 0 74 0 127 0 61 60 
215 172 77 0 128 80 0 85 77 258 0 36 31 97 65 45 808 262 605 0 0 73 0 127 0 62 60 
217 174 79 0 128 83 0 87 76 257 0 36 30 96 64 181 772 261 491 0 0 73 0 127 0 62 60 
216 172 78 0 127 91 0 86 76 254 0 39 29 70 64 307 743 230 511 0 0 73 0 127 0 62 60 
216 185 78 0 126 89 0 90 75 257 0 43 29 52 65 389 453 144 602 0 0 74 0 127 0 63 60 
216 165 80 0 127 91 0 87 74 259 0 42 27 64 63 423 367 326 653 0 0 73 0 127 0 62 60 
219 168 78 0 127 97 0 88 75 262 0 39 27 82 64 424 285 296 598 0 0 73 0 127 0 63 60 
218 183 79 0 129 101 0 89 76 260 0 41 26 79 65 481 302 313 527 0 0 73 0 127 0 63 60 
218 174 79 0 130 98 0 84 77 259 0 37 26 75 65 554 282 337 526 0 0 73 0 127 0 63 60 
218 175 77 0 130 94 0 83 76 254 0 33 27 86 64 564 255 304 558 0 0 73 0 127 0 63 60 
219 173 75 0 129 96 0 83 74 257 0 33 28 81 63 558 263 339 621 0 0 73 0 127 0 64 60 
216 173 76 0 126 105 0 88 74 253 0 33 28 84 64 541 317 269 615 0 0 73 0 127 0 64 60 
213 175 76 0 125 103 0 86 75 256 0 34 29 73 66 539 288 359 442 0 0 74 0 127 0 63 60 
217 167 78 0 125 96 0 88 75 260 0 34 29 80 66 558 316 365 525 0 0 73 0 127 0 63 60 
214 167 79 0 126 93 0 93 76 264 0 33 27 84 68 541 245 411 638 0 0 73 0 127 0 62 60 
210 169 78 0 129 92 0 89 77 259 0 33 27 96 67 558 279 364 604 0 0 73 0 127 0 62 60 
213 169 81 0 129 85 0 86 76 256 0 30 27 83 63 574 299 328 551 0 0 74 0 127 0 63 60 
214 164 78 0 132 79 0 86 75 259 0 29 26 74 62 560 250 314 547 0 0 74 0 127 0 63 60 
215 169 81 0 132 79 0 86 76 261 0 29 27 98 63 563 325 330 643 0 0 73 0 127 0 61 60 
214 172 79 0 134 80 0 86 74 268 0 31 29 104 65 539 280 352 614 0 0 72 0 127 0 61 60 
216 174 78 0 134 78 0 83 74 268 0 31 25 77 66 600 314 356 517 0 0 74 0 127 0 61 60 
216 181 78 0 132 79 0 84 76 264 0 31 26 57 70 598 272 345 523 0 0 73 0 127 0 60 60 
217 172 79 0 130 83 0 85 76 257 0 32 26 91 67 578 291 219 593 0 0 73 0 127 0 60 60 
216 171 79 0 127 80 0 84 76 258 0 30 27 92 65 546 264 312 502 0 0 73 0 127 0 60 60 
215 173 81 0 128 79 0 90 75 259 0 28 26 91 64 582 260 334 475 0 0 73 0 127 0 60 60 
216 177 78 0 128 85 0 86 77 259 0 29 26 60 65 564 333 296 555 0 0 73 0 127 0 59 60 
216 169 83 0 129 90 0 86 76 261 0 27 26 77 65 583 273 266 617 0 0 73 0 127 0 59 60 
217 174 79 0 131 90 0 87 76 260 0 28 26 80 65 548 255 289 590 0 0 74 0 127 0 59 60 
217 170 78 0 131 87 0 88 77 258 0 28 28 89 65 529 327 283 575 0 0 73 0 127 0 59 60 
209 172 81 0 132 85 0 88 75 258 0 29 27 80 65 543 273 292 587 0 0 74 0 127 0 59 60 
215 174 79 0 132 87 0 84 75 260 0 31 29 75 65 542 232 336 542 0 0 73 0 127 0 59 60 
217 185 77 0 132 85 0 87 76 261 0 34 31 69 66 562 267 293 578 0 0 73 0 127 0 58 60 
217 166 79 0 130 82 0 90 76 257 0 32 32 78 66 592 283 280 615 0 0 73 0 127 0 59 60 
218 175 82 0 130 84 0 82 76 261 0 32 32 79 66 543 340 171 546 0 0 74 0 127 0 60 60 
218 183 80 0 129 92 0 85 76 263 0 32 32 86 66 572 310 303 574 0 0 74 0 127 0 60 60 
218 176 79 0 129 100 0 87 75 257 0 31 31 71 64 589 296 323 554 0 0 74 0 127 0 60 60 
211 171 81 0 129 97 0 88 75 254 0 31 31 89 65 571 268 325 448 0 0 73 0 127 0 61 60 
212 171 83 0 130 89 0 84 75 250 0 30 30 93 65 540 259 342 521 0 0 73 0 127 0 61 60 
214 175 80 0 130 93 0 84 77 259 0 32 29 88 65 547 275 288 609 0 0 73 0 127 0 60 60 
217 170 81 0 130 95 0 86 76 262 0 28 28 53 66 552 278 310 579 0 0 73 0 127 0 61 60 
217 161 86 0 129 88 0 80 77 264 0 27 29 50 65 516 268 244 497 0 0 72 0 127 0 60 60 
217 168 79 0 129 89 0 84 77 261 0 28 28 72 64 562 263 336 541 0 0 73 0 127 0 60 60 
216 171 80 0 130 87 0 86 74 256 0 26 28 79 64 532 302 375 556 0 0 73 0 127 0 61 60 
223 164 80 0 130 79 0 87 73 256 0 27 28 77 64 532 284 406 518 0 0 73 0 127 0 60 60 
218 164 79 0 130 74 0 89 75 258 0 28 27 75 65 572 314 321 634 0 0 73 0 127 0 59 60 
216 171 78 0 129 82 0 84 76 263 0 28 27 89 64 532 320 339 566 0 0 73 0 127 0 58 60 
218 171 79 0 127 84 0 90 75 259 0 28 30 77 64 549 290 319 553 0 0 74 0 127 0 59 60 
219 178 80 0 127 78 0 86 76 261 0 27 28 81 63 558 293 305 600 0 0 73 0 127 0 59 60 
218 176 83 0 126 76 0 85 74 258 0 29 29 76 66 602 295 338 531 0 0 73 0 127 0 59 60 
217 175 80 0 128 78 0 84 75 254 0 27 29 80 64 602 328 359 545 0 0 73 0 127 0 59 60 
218 168 82 0 129 80 0 81 75 257 0 27 27 97 64 523 281 335 560 0 0 73 0 127 0 59 60 
216 171 82 0 131 77 0 86 76 255 0 26 30 92 67 548 281 240 595 0 0 73 0 127 0 60 60 
216 176 79 0 132 81 0 87 76 257 0 26 31 77 64 553 291 316 524 0 0 74 0 127 0 61 60 
219 170 80 0 134 88 0 91 76 258 0 29 32 76 63 538 323 284 453 0 0 74 0 127 0 62 60 
217 176 82 0 135 86 0 87 76 262 0 29 32 109 65 595 278 343 581 0 0 74 0 127 0 63 60 
217 173 81 0 137 85 0 88 76 258 0 27 32 89 64 551 290 302 533 0 0 73 0 127 0 63 60 
217 171 80 0 136 86 0 90 75 256 0 28 32 70 64 555 252 300 568 0 0 74 0 127 0 63 60 
216 175 82 0 135 92 0 84 74 256 0 29 31 68 65 566 292 305 605 0 0 73 0 127 0 63 60 
217 175 83 0 133 92 0 83 74 262 0 30 30 95 65 542 293 312 580 0 0 73 0 127 0 64 60 
216 172 82 0 132 86 0 86 74 266 0 30 27 95 64 524 271 275 531 0 0 73 0 127 0 64 60 
216 177 78 0 130 85 0 84 75 266 0 27 28 78 65 568 267 247 514 0 0 73 0 127 0 64 60 
216 180 84 0 129 91 0 89 76 265 0 29 28 61 65 617 280 236 559 0 0 73 0 127 0 63 60 
215 175 84 0 129 95 0 86 76 258 0 27 27 82 66 566 251 147 522 0 0 73 0 127 0 63 60 
214 171 79 0 129 104 0 84 76 257 0 28 28 88 65 530 339 299 526 0 0 73 0 127 0 63 60 
214 170 80 0 129 110 0 87 77 261 0 30 28 85 65 513 292 318 560 0 0 73 0 127 0 63 60 
212 183 83 0 129 108 0 85 77 258 0 30 27 82 66 557 297 318 617 0 0 73 0 127 0 61 60 
214 170 78 0 129 91 0 92 76 260 0 29 26 72 67 539 304 342 458 0 0 73 0 127 0 60 60 
210 165 77 0 130 81 0 86 76 260 0 30 26 70 65 515 256 307 495 0 0 73 0 127 0 58 60 
212 173 80 0 129 83 0 88 75 255 0 29 27 81 65 580 290 275 600 0 0 74 0 127 0 58 60 
215 172 75 0 128 87 0 85 76 260 0 28 26 81 64 585 253 225 657 0 0 73 0 127 0 58 60 
214 169 80 0 127 83 0 85 74 263 0 29 24 82 63 527 305 321 544 0 0 73 0 127 0 58 60 
211 171 80 0 127 82 0 88 76 263 0 27 25 73 65 542 292 350 515 0 0 74 0 127 0 57 60 
219 174 82 0 127 84 0 84 75 264 0 30 26 96 66 525 344 375 506 0 0 73 0 127 0 58 60 
217 173 81 0 127 83 0 88 75 264 0 27 27 96 68 592 225 326 605 0 0 73 0 127 0 59 60 
218 179 79 0 127 88 0 86 76 264 0 30 27 83 66 593 285 313 618 0 0 73 0 127 0 60 60 
213 170 76 0 126 91 0 89 76 253 0 30 27 52 64 592 259 296 529 0 0 73 0 127 0 60 60 
221 170 79 0 126 89 0 93 77 251 0 29 28 52 62 578 299 335 517 0 0 73 0 127 0 61 60 
215 174 80 0 127 79 0 89 77 248 0 28 30 76 62 548 303 335 590 0 0 74 0 127 0 61 60 
218 176 82 0 129 77 0 89 76 259 0 29 31 79 64 526 277 341 568 0 0 73 0 127 0 61 60 
213 173 83 0 129 80 0 90 74 264 0 27 32 76 65 549 297 342 536 0 0 73 0 127 0 62 60 
217 175 79 0 129 86 0 85 74 262 0 29 32 76 69 562 236 222 525 0 0 73 0 127 0 63 60 
224 171 82 0 126 83 0 86 75 259 0 28 34 86 67 555 325 328 540 0 0 73 0 127 0 63 60 
220 175 80 0 124 83 0 79 77 257 0 28 35 78 66 581 293 290 563 0 0 74 0 127 0 63 60 
215 176 81 0 124 81 0 85 76 256 0 30 33 80 64 577 307 302 491 0 0 73 0 127 0 64 60 
211 180 78 0 125 84 0 84 76 260 0 27 32 79 64 517 264 290 605 0 0 73 0 127 0 64 60 
220 167 83 0 126 86 0 82 74 261 0 29 33 75 65 542 316 284 552 0 0 73 0 127 0 63 60 
207 169 79 0 129 85 0 86 74 262 0 29 32 97 64 555 281 290 539 0 0 74 0 127 0 63 60 
221 183 81 0 131 86 0 89 75 259 0 28 33 90 64 572 307 247 653 0 0 74 0 127 0 61 60 
219 177 82 0 133 91 0 91 76 258 0 28 32 73 64 587 314 260 591 0 0 73 0 127 0 60 60 
202 177 80 0 134 90 0 88 76 258 0 30 30 76 64 527 287 234 511 0 0 74 0 127 0 60 60 
201 172 80 0 135 88 0 85 76 254 0 28 29 107 64 536 280 230 595 0 0 73 0 127 0 60 60 
223 173 81 0 134 88 0 87 75 255 0 29 28 87 71 538 296 128 542 0 0 74 0 127 0 61 60 
206 177 79 0 132 87 0 82 77 257 0 26 26 66 64 540 280 278 497 0 0 74 0 127 0 62 60 
217 166 77 0 130 85 0 86 77 261 0 28 26 74 64 538 271 292 574 0 0 73 0 127 0 63 60 
218 165 82 0 128 87 0 87 77 261 0 26 26 90 63 547 314 294 540 0 0 73 0 127 0 64 60 
218 168 80 0 128 94 0 87 76 262 0 28 26 95 63 585 331 326 452 0 0 73 0 127 0 64 60 
220 169 80 0 129 94 0 85 74 257 0 28 25 77 65 570 267 246 509 0 0 73 0 127 0 63 60 
217 167 83 0 130 81 0 86 75 257 0 26 25 60 63 520 246 277 615 0 0 73 0 127 0 63 60 
214 170 84 0 131 79 0 90 75 262 0 28 25 81 65 540 332 223 557 0 0 73 0 127 0 64 60 
216 173 78 0 131 83 0 88 74 266 0 28 26 85 64 564 277 321 482 0 0 74 0 127 0 64 60 
217 175 79 0 132 95 0 86 76 267 0 28 25 83 64 610 279 337 539 0 0 73 0 127 0 64 60 
218 179 80 0 132 101 0 87 75 266 0 28 26 79 65 620 275 371 574 0 0 73 0 127 0 66 60 
214 171 79 0 132 107 0 85 78 258 0 29 26 72 65 570 263 323 598 0 0 74 0 127 0 67 60 
217 169 80 0 130 97 0 89 76 258 0 27 26 70 64 554 236 287 592 0 0 73 0 127 0 68 60 
219 170 82 0 129 86 0 85 77 260 0 30 24 77 64 578 258 250 494 0 0 73 0 127 0 68 60 
217 174 83 0 129 81 0 88 76 260 0 27 25 81 64 563 249 289 540 0 0 74 0 127 0 67 60 
217 173 78 0 129 78 0 91 76 261 0 29 26 77 64 573 308 299 597 0 0 73 0 127 0 66 60 
218 176 79 0 130 74 0 88 77 261 0 28 29 73 65 540 317 317 583 0 0 74 0 127 0 66 60 
218 175 81 0 131 72 0 89 76 258 0 31 31 102 64 540 325 324 553 0 0 74 0 127 0 65 60 
216 176 80 0 131 73 0 85 76 261 0 31 36 98 65 568 274 195 528 0 0 73 0 127 0 65 60 
215 175 80 0 131 79 0 85 74 262 0 30 38 82 67 547 305 286 504 0 0 73 0 127 0 65 60 
217 184 80 0 131 87 0 89 74 260 0 31 39 55 65 561 228 310 564 0 0 73 0 127 0 65 60 
215 174 80 0 132 89 0 84 74 261 0 32 42 57 64 570 290 303 546 0 0 73 0 127 0 65 60 
218 172 83 0 132 89 0 81 75 260 0 31 40 79 65 544 323 240 535 0 0 73 0 127 0 64 60 
213 183 81 0 131 90 0 83 76 260 0 31 40 84 65 590 233 259 526 0 0 73 0 127 0 65 60 
217 176 80 0 131 97 0 85 76 259 0 28 38 74 64 554 326 237 456 0 0 73 0 127 0 65 60 
214 174 80 0 129 94 0 85 77 252 0 26 33 82 64 561 287 253 595 0 0 74 0 127 0 65 60 
217 175 79 0 127 87 0 85 77 251 0 29 34 88 64 525 241 233 642 0 0 73 0 127 0 65 60 
215 176 82 0 127 83 0 88 76 255 0 28 33 78 65 514 291 269 549 0 0 73 0 127 0 65 60 
211 172 79 0 127 89 0 88 76 262 0 30 34 82 65 513 288 223 509 0 0 73 0 127 0 65 60 
219 162 81 0 128 88 0 88 75 261 0 29 36 80 65 524 317 122 548 0 0 73 0 127 0 65 60 
221 170 79 0 129 85 0 90 76 261 0 28 38 79 64 523 332 271 574 0 0 73 0 127 0 64 60 
215 167 82 0 130 84 0 86 75 258 0 29 40 99 64 536 237 261 535 0 0 74 0 127 0 64 60 
217 164 79 0 132 85 0 86 75 255 0 29 43 89 65 566 315 232 543 0 0 74 0 127 0 64 60 
216 166 81 0 134 88 0 90 74 258 0 27 42 73 65 553 275 283 551 0 0 74 0 127 0 64 60 
217 171 81 0 136 100 0 87 76 260 0 30 37 78 66 543 278 253 495 0 0 73 0 127 0 63 60 
215 175 80 0 136 105 0 83 76 262 0 29 36 108 66 552 283 231 497 0 0 73 0 127 0 63 60 
218 176 80 0 135 96 0 82 75 261 0 33 32 86 65 603 287 207 590 0 0 73 0 127 0 63 60 
217 179 79 0 134 81 0 92 76 257 0 31 30 67 64 571 302 262 528 0 0 73 0 127 0 63 60 
217 174 80 0 132 80 0 90 76 257 0 31 30 72 64 554 276 308 421 0 0 73 0 127 0 63 60 
217 173 79 0 131 80 0 83 76 255 0 32 30 91 66 555 326 331 542 0 0 73 0 127 0 63 60 
216 174 83 0 130 83 0 86 78 253 0 28 30 93 67 540 276 299 584 0 0 73 0 127 0 63 60 
216 177 79 0 129 88 0 79 77 256 0 30 29 81 70 573 288 260 557 0 0 73 0 127 0 63 60 
215 167 78 0 128 95 0 86 75 258 0 29 26 59 67 541 264 250 572 0 0 73 0 127 0 63 60 
213 172 80 0 128 97 0 83 75 260 0 30 25 78 64 569 288 282 503 0 0 73 0 127 0 63 60 
214 174 81 0 129 105 0 89 74 262 0 30 26 88 65 563 274 293 541 0 0 73 0 127 0 63 60 
217 168 79 0 129 125 0 91 75 258 0 30 27 84 63 556 271 245 571 0 0 73 0 127 0 64 60 
218 176 80 0 130 121 0 82 73 257 0 28 25 78 65 595 291 324 639 0 0 74 0 127 0 64 60 
218 184 81 0 129 105 0 88 76 263 0 30 26 73 67 521 271 196 533 0 0 73 0 127 0 64 60 
213 163 79 0 129 92 0 90 76 267 0 28 28 69 69 579 270 267 510 0 0 74 0 127 0 65 60 
215 176 81 0 128 88 0 86 76 267 0 27 29 76 68 577 276 296 534 0 0 73 0 127 0 65 60 
214 177 80 0 127 82 0 83 76 265 0 29 30 80 66 580 234 260 604 0 0 73 0 127 0 65 60 
216 178 77 0 127 84 0 84 77 261 0 27 33 82 63 551 297 269 483 0 0 73 0 127 0 65 60 
215 170 82 0 128 84 0 85 76 259 0 26 33 67 63 539 312 249 548 0 0 74 0 127 0 65 60 
213 177 80 0 127 81 0 86 77 259 0 30 34 94 65 549 288 239 534 0 0 74 0 127 0 65 60 
214 178 83 0 126 77 0 89 76 262 0 29 33 92 64 560 303 200 479 0 0 74 0 127 0 64 60 
211 172 81 0 126 79 0 90 76 262 0 30 35 82 64 526 316 216 600 0 0 73 0 127 0 63 60 
216 163 84 0 126 84 0 86 75 261 0 31 35 55 64 538 322 225 713 0 0 73 0 127 0 62 60 
217 176 79 0 128 81 0 88 75 258 0 32 29 51 64 529 311 173 562 0 0 73 0 127 0 62 60 
218 171 81 0 130 77 0 87 75 258 0 35 28 71 66 549 270 149 487 0 0 72 0 127 0 61 60 
216 151 78 0 130 78 0 87 76 260 0 34 30 82 65 520 265 211 640 0 0 72 0 127 0 61 60 
216 148 80 0 129 82 0 87 75 261 0 36 32 78 64 567 267 206 532 0 0 73 0 127 0 60 60 
214 150 79 0 127 81 0 83 76 259 0 31 35 75 64 545 298 234 531 0 0 74 0 127 0 61 60 
211 153 82 0 125 84 0 88 75 261 0 30 37 88 65 573 313 251 618 0 0 74 0 127 0 62 60 
213 170 79 0 125 87 0 87 75 259 0 29 39 77 63 589 268 227 526 0 0 74 0 127 0 62 60 
213 178 79 0 126 90 0 83 75 262 0 28 39 77 64 520 313 170 415 0 0 73 0 127 0 63 60 
215 172 81 0 128 95 0 88 75 255 0 30 39 77 65 556 259 153 511 0 0 72 0 127 0 62 60 
213 180 78 0 129 100 0 86 77 251 0 29 38 77 64 543 320 268 641 0 0 73 0 127 0 62 60 
218 178 81 0 131 98 0 87 77 252 0 29 35 90 65 522 241 241 540 0 0 74 0 127 0 61 60 
217 177 79 0 133 88 0 84 76 260 0 29 32 91 64 568 267 316 485 0 0 73 0 127 0 61 60 
216 176 81 0 134 86 0 89 76 262 0 28 33 74 64 518 285 268 580 0 0 73 0 127 0 61 60 
217 176 81 0 134 90 0 90 75 265 0 26 33 74 64 568 330 245 609 0 0 73 0 127 0 61 60 
220 175 78 0 134 92 0 86 75 262 0 29 34 108 63 513 264 247 621 0 0 74 0 127 0 60 60 
215 177 81 0 131 88 0 89 75 256 0 27 34 86 64 540 261 190 528 0 0 73 0 127 0 60 60 
216 188 80 0 130 79 0 90 75 257 0 29 36 67 64 549 270 282 499 0 0 73 0 127 0 60 60 
217 172 81 0 128 77 0 83 75 257 0 27 36 70 64 538 332 278 594 0 0 73 0 127 0 61 60 
219 173 76 0 128 83 0 82 74 262 0 29 34 91 65 609 337 271 547 0 0 74 0 127 0 61 60 
216 181 83 0 128 89 0 88 75 260 0 30 34 93 66 575 317 161 454 0 0 73 0 127 0 61 60 
214 180 79 0 129 86 0 92 77 259 0 31 32 80 66 551 297 224 518 0 0 73 0 127 0 61 60 
218 172 83 0 130 88 0 92 77 259 0 33 29 60 67 555 269 285 596 0 0 73 0 127 0 61 60 
217 172 80 0 130 90 0 94 78 256 0 35 28 80 66 540 282 236 570 0 0 74 0 127 0 60 60 
218 172 81 0 132 87 0 90 76 254 0 37 29 87 63 558 269 238 445 0 0 73 0 127 0 61 60 
219 178 80 0 132 84 0 82 74 259 0 41 31 82 64 532 301 241 570 0 0 73 0 127 0 61 60 
220 170 80 0 131 86 0 86 74 259 0 41 32 78 65 516 293 215 551 0 0 73 0 127 0 61 60 
221 167 78 0 130 87 0 82 74 260 0 42 33 73 66 508 277 154 516 0 0 73 0 127 0 61 60 
217 175 77 0 129 82 0 81 75 263 0 39 36 74 64 550 307 186 573 0 0 73 0 127 0 62 60 
216 170 78 0 129 83 0 85 75 260 0 34 37 76 66 514 310 201 682 0 0 73 0 127 0 63 60 
216 167 79 0 129 96 0 84 76 256 0 35 36 86 65 548 295 208 568 0 0 73 0 127 0 63 60 
216 170 83 0 130 93 0 84 76 256 0 32 36 76 65 543 264 147 487 0 0 74 0 127 0 64 60 
217 176 80 0 130 81 0 84 76 263 0 29 38 77 66 536 263 238 527 0 0 73 0 127 0 63 60 
211 172 82 0 130 78 0 91 75 265 0 29 36 99 64 566 293 214 582 0 0 73 0 127 0 62 60 
212 179 81 0 130 83 0 91 76 266 0 26 36 95 65 564 272 225 522 0 0 73 0 127 0 61 60 
212 178 81 0 130 81 0 83 76 263 0 28 36 71 65 543 352 254 520 0 0 73 0 127 0 60 60 
212 169 79 0 130 76 0 85 78 258 0 28 36 52 64 539 249 217 561 0 0 73 0 127 0 60 60 
215 175 80 0 131 77 0 88 76 257 0 27 35 58 66 547 296 180 487 0 0 73 0 127 0 60 60 
218 172 80 0 130 88 0 87 76 258 0 27 33 81 66 550 335 142 518 0 0 73 0 127 0 60 60 
217 172 83 0 129 96 0 86 75 261 0 28 32 81 64 528 270 266 523 0 0 73 0 127 0 61 60 
217 175 81 0 127 102 0 88 75 259 0 32 33 74 63 557 279 281 528 0 0 73 0 127 0 60 60 
217 172 80 0 127 102 0 88 74 259 0 31 34 85 64 547 267 305 495 0 0 74 0 127 0 61 60 
218 172 83 0 126 100 0 83 75 256 0 33 36 84 65 522 324 242 489 0 0 73 0 127 0 61 60 
214 171 79 0 127 99 0 86 75 258 0 35 39 81 66 530 295 318 692 0 0 74 0 127 0 61 60 
217 184 81 0 127 92 0 89 75 259 0 33 37 76 67 538 260 236 603 0 0 73 0 127 0 61 60 
216 171 83 0 128 83 0 86 74 261 0 31 35 87 66 555 290 257 532 0 0 73 0 127 0 61 60 
218 175 81 0 129 80 0 88 76 261 0 29 35 81 63 605 317 299 413 0 0 73 0 127 0 61 60 
214 181 77 0 131 79 0 85 77 258 0 29 36 98 64 592 243 293 561 0 0 73 0 127 0 62 60 
215 181 79 0 133 70 0 86 77 261 0 29 34 86 63 527 295 305 649 0 0 73 0 127 0 63 60 
217 177 83 0 135 82 0 84 76 260 0 34 33 70 64 519 304 247 587 0 0 73 0 127 0 62 60 
216 172 78 0 136 101 0 89 76 253 0 35 33 92 66 541 296 262 433 0 0 73 0 127 0 61 60 
218 169 77 0 135 104 0 89 75 251 0 42 34 109 68 534 263 265 489 0 0 73 0 127 0 60 60 
219 173 77 0 134 91 0 87 76 260 0 42 34 76 68 514 349 278 567 0 0 73 0 127 0 59 60 
214 165 77 0 133 79 0 93 76 262 0 43 34 56 65 515 295 245 582 0 0 73 0 127 0 58 60 
215 162 77 0 132 80 0 85 76 266 0 41 34 90 62 504 281 277 472 0 0 73 0 127 0 59 60 
217 172 78 0 131 75 0 88 76 260 0 36 34 92 64 537 296 279 452 0 0 73 0 127 0 58 60 
217 169 79 0 131 76 0 90 75 256 0 35 31 93 65 508 331 172 583 0 0 73 0 127 0 58 60 
217 165 76 0 130 83 0 83 74 255 0 33 31 64 64 512 269 212 563 0 0 73 0 127 0 58 60 
214 171 80 0 130 85 0 88 75 259 0 30 31 71 64 535 299 246 517 0 0 73 0 127 0 59 60 
215 173 79 0 130 78 0 80 76 260 0 30 32 80 66 552 274 253 489 0 0 74 0 127 0 60 60 
217 173 76 0 131 83 0 81 76 263 0 31 33 89 64 569 253 186 598 0 0 74 0 127 0 60 60 
212 174 79 0 131 88 0 86 78 257 0 28 35 78 65 512 323 230 534 0 0 73 0 127 0 60 60 
211 174 78 0 130 86 0 84 77 258 0 32 38 76 66 566 337 274 494 0 0 74 0 127 0 60 60 
218 170 80 0 128 80 0 88 76 257 0 28 41 70 64 552 350 251 539 0 0 74 0 127 0 60 60 
217 177 81 0 128 83 0 89 75 254 0 30 41 78 65 566 259 243 486 0 0 73 0 127 0 60 60 
216 177 78 0 128 88 0 88 76 253 0 31 38 76 65 515 270 244 508 0 0 73 0 127 0 60 60 
216 177 79 0 128 88 0 94 75 257 0 30 39 87 65 555 287 194 677 0 0 73 0 127 0 61 60 
218 174 82 0 128 89 0 86 76 258 0 29 35 68 65 510 308 148 490 0 0 73 0 127 0 61 60 
218 170 77 0 127 96 0 85 77 262 0 29 33 88 66 613 253 298 428 0 0 73 0 127 0 61 60 
217 173 72 0 126 99 0 86 76 260 0 29 31 95 66 539 288 274 509 0 0 73 0 127 0 62 60 
220 168 82 0 126 99 0 83 74 259 0 30 30 89 67 549 293 302 543 0 0 73 0 127 0 63 60 
217 181 73 0 127 95 0 88 75 255 0 28 30 59 68 524 249 298 555 0 0 73 0 127 0 63 60 
220 166 73 0 128 90 0 84 76 261 0 30 30 55 65 563 285 251 548 0 0 74 0 127 0 63 60 
215 170 78 0 130 89 0 86 76 267 0 31 30 70 64 602 278 262 553 0 0 74 0 127 0 63 60 
215 182 81 0 129 84 0 88 77 266 0 30 32 81 64 563 266 243 428 0 0 73 0 127 0 63 60 
217 180 78 0 128 83 0 87 76 265 0 33 29 82 65 521 302 337 545 0 0 73 0 127 0 63 60 
216 171 80 0 125 84 0 86 75 263 0 30 28 75 64 537 290 318 627 0 0 73 0 127 0 64 60 
219 164 81 0 124 87 0 82 75 259 0 30 29 89 65 538 299 303 523 0 0 73 0 127 0 64 60 
218 179 80 0 123 81 0 81 76 258 0 31 27 80 64 534 277 260 467 0 0 73 0 127 0 64 60 
210 178 82 0 124 75 0 83 77 264 0 29 26 79 65 536 285 301 594 0 0 73 0 127 0 64 60 
215 168 80 0 126 79 0 84 77 262 0 31 26 75 67 515 300 304 626 0 0 73 0 127 0 64 60 
213 162 85 0 128 88 0 88 77 258 0 30 26 79 67 552 245 265 520 0 0 74 0 127 0 64 60 
211 175 78 0 131 90 0 84 75 257 0 29 26 89 67 498 291 319 492 0 0 73 0 127 0 63 60 
215 171 81 0 133 86 0 87 75 259 0 32 27 92 65 514 290 303 536 0 0 73 0 127 0 63 60 
214 167 80 0 135 88 0 83 74 261 0 29 28 79 65 525 308 272 506 0 0 73 0 127 0 62 60 
215 171 80 0 135 89 0 90 76 261 0 32 29 74 65 566 299 167 527 0 0 73 0 127 0 63 60 
217 171 80 0 134 86 0 91 75 261 0 32 32 104 65 549 304 286 560 0 0 74 0 127 0 61 60 
215 173 79 0 133 83 0 81 76 261 0 29 31 93 63 588 309 236 449 0 0 73 0 127 0 59 60 
215 174 81 0 131 88 0 87 75 260 0 32 34 69 64 553 294 297 548 0 0 74 0 127 0 59 60 
219 171 80 0 130 88 0 85 76 262 0 30 33 67 65 524 274 206 593 0 0 73 0 127 0 58 60 
216 167 80 0 129 89 0 85 76 255 0 32 30 93 65 550 296 293 543 0 0 73 0 127 0 57 60 
215 173 82 0 130 90 0 88 77 254 0 33 30 91 66 525 309 272 543 0 0 74 0 127 0 58 60 
217 175 81 0 130 88 0 89 76 253 0 34 28 81 65 533 299 295 510 0 0 73 0 127 0 59 60 
215 176 77 0 131 78 0 94 75 261 0 32 27 61 64 542 234 240 501 0 0 73 0 127 0 59 60 
215 173 80 0 131 78 0 86 74 263 0 31 27 80 65 539 260 275 490 0 0 73 0 127 0 60 60 
212 172 80 0 131 81 0 88 74 263 0 31 25 85 64 528 239 215 575 0 0 74 0 127 0 61 60 
218 172 80 0 131 85 0 90 74 257 0 31 25 86 64 543 295 206 597 0 0 73 0 127 0 60 60 
221 169 80 0 130 82 0 84 76 257 0 29 27 81 65 523 259 303 495 0 0 73 0 127 0 60 60 
217 184 81 0 129 77 0 85 76 257 0 30 28 73 64 591 287 320 431 0 0 73 0 127 0 59 60 
215 165 83 0 127 78 0 85 77 257 0 32 29 74 63 562 331 298 505 0 0 73 0 127 0 59 60 
219 172 78 0 128 82 0 86 76 261 0 28 30 77 63 596 266 296 578 0 0 73 0 127 0 59 60 
217 179 81 0 128 89 0 89 75 260 0 29 34 81 66 564 289 309 539 0 0 73 0 127 0 58 60 
216 179 80 0 129 86 0 85 74 258 0 29 37 81 65 554 328 286 502 0 0 73 0 127 0 59 60 
219 174 81 0 129 85 0 85 76 260 0 30 39 74 68 558 328 192 591 0 0 73 0 127 0 60 60 
219 173 81 0 129 88 0 85 76 256 0 28 35 96 67 517 280 375 658 0 0 74 0 127 0 60 60 
218 177 79 0 129 90 0 84 76 255 0 28 34 97 64 522 275 343 521 0 0 73 0 127 0 61 60 
218 175 84 0 129 87 0 88 75 255 0 29 31 76 63 528 314 354 441 0 0 73 0 127 0 62 60 
222 167 82 0 131 95 0 87 76 257 0 30 30 51 61 512 307 330 488 0 0 73 0 127 0 62 60 
217 163 79 0 131 102 0 86 75 259 0 29 30 58 63 503 251 342 571 0 0 74 0 127 0 63 60 
218 175 82 0 131 102 0 83 75 262 0 30 29 77 65 528 303 302 424 0 0 73 0 127 0 62 60 
217 167 80 0 130 103 0 86 75 260 0 29 30 82 67 534 274 312 406 0 0 74 0 127 0 63 60 
215 165 80 0 129 99 0 89 77 257 0 30 32 77 65 510 317 330 414 0 0 74 0 127 0 63 60 
213 171 80 0 128 93 0 83 76 256 0 31 34 83 65 529 262 280 319 0 0 74 0 127 0 63 60 
217 172 81 0 128 84 0 87 76 260 0 30 36 85 64 551 295 363 284 0 0 73 0 127 0 62 60 
216 178 83 0 128 82 0 90 75 266 0 31 36 82 64 521 286 198 267 0 0 74 0 127 0 63 60 
210 175 80 0 129 79 0 92 75 265 0 31 35 77 64 566 261 287 304 0 0 74 0 127 0 64 60 
213 174 77 0 129 85 0 93 76 263 0 31 33 84 63 523 261 285 290 0 0 73 0 127 0 63 60 
212 168 79 0 131 83 0 85 76 259 0 31 33 80 64 562 251 303 198 0 0 73 0 127 0 63 60 
213 175 77 0 133 80 0 89 75 258 0 32 32 97 65 510 257 245 189 0 0 73 0 127 0 61 60 
212 172 79 0 136 77 0 84 74 260 0 31 26 86 65 540 302 290 196 0 0 73 0 127 0 61 60 
212 174 79 0 136 82 0 89 75 262 0 37 27 71 66 532 334 275 179 0 0 73 0 127 0 62 60 
217 173 82 0 137 83 0 85 74 259 0 34 27 84 66 518 282 290 180 0 0 73 0 127 0 61 60 
216 173 76 0 136 83 0 82 76 259 0 36 30 110 65 518 263 273 142 0 0 72 0 127 0 62 60 
215 175 83 0 135 84 0 87 77 259 0 41 29 83 65 534 262 258 133 0 0 73 0 127 0 61 60 
215 174 82 0 133 85 0 83 76 260 0 45 31 58 65 564 276 252 101 0 0 73 0 127 0 60 60 
214 185 78 0 132 89 0 85 75 262 0 46 33 82 64 572 278 173 99 0 0 73 0 127 0 61 60 
218 167 79 0 130 91 0 89 74 262 0 46 34 93 66 589 286 314 78 0 0 73 0 127 0 62 60 
218 174 81 0 129 97 0 88 74 260 0 49 36 93 64 575 254 314 64 0 0 73 0 127 0 63 60 
218 179 81 0 128 91 0 90 76 259 0 46 37 71 65 548 280 355 60 0 0 73 0 127 0 64 60 
214 179 78 0 129 86 0 83 77 259 0 42 38 66 65 543 313 320 68 0 0 73 0 127 0 64 60 
219 166 81 0 129 91 0 87 76 259 0 44 36 81 65 568 299 316 41 0 0 73 0 127 0 64 60 
216 173 83 0 130 98 0 87 76 255 0 47 33 86 64 542 282 295 43 0 0 73 0 127 0 65 60 
215 177 79 0 130 89 0 86 75 250 0 50 31 83 65 541 225 259 61 0 0 73 0 127 0 66 60 
219 170 79 0 129 81 0 83 75 260 0 53 29 79 66 560 333 314 43 0 0 73 0 127 0 66 60 
219 163 81 0 128 80 0 89 75 266 0 54 28 67 65 537 293 394 54 0 0 74 0 127 0 67 60 
217 171 78 0 128 84 0 89 76 264 0 55 28 76 66 535 309 367 39 0 0 73 0 127 0 67 60 
215 172 80 0 128 76 0 85 77 258 0 49 29 77 65 534 259 369 38 0 0 73 0 127 0 67 60 
219 164 81 0 129 74 0 84 77 259 0 44 31 84 65 524 270 319 40 0 0 73 0 127 0 66 60 
218 170 80 0 128 82 0 88 76 257 0 42 32 75 66 546 259 314 48 0 0 73 0 127 0 66 60 
217 169 80 0 127 86 0 84 74 256 0 37 32 79 66 588 324 345 41 0 0 73 0 127 0 65 60 
217 174 80 0 126 82 0 85 76 259 0 36 31 94 66 546 328 365 18 0 0 73 0 127 0 65 60 
219 176 83 0 126 81 0 88 75 261 0 32 32 94 66 551 305 339 18 0 0 73 0 127 0 65 60 
216 175 81 0 127 88 0 86 76 258 0 29 31 71 66 513 271 364 19 0 0 74 0 127 0 65 60 
219 173 79 0 129 89 0 85 76 260 0 30 31 50 63 531 282 260 23 0 0 73 0 127 0 65 60 
217 171 82 0 129 86 0 84 76 257 0 32 30 61 65 523 308 318 14 0 0 73 0 127 0 65 60 
218 175 80 0 129 88 0 90 76 255 0 32 28 81 64 524 274 340 0 0 0 74 0 127 0 65 60 
215 174 80 0 128 96 0 95 75 254 0 33 27 78 63 540 257 299 10 0 0 74 0 127 0 65 60 
221 180 80 0 126 97 0 82 76 256 0 30 27 76 65 524 301 301 17 0 0 73 0 127 0 65 60 
214 171 79 0 125 95 0 92 76 261 0 32 27 86 65 512 241 290 23 0 0 73 0 127 0 65 60 
215 177 83 0 124 92 0 90 76 260 0 32 27 82 65 557 454 301 0 0 0 73 0 127 0 65 60 
216 172 82 0 124 96 0 83 75 259 0 29 28 83 66 519 527 293 15 0 0 73 0 127 0 65 60 
215 183 81 0 126 99 0 89 75 258 0 30 28 75 65 598 521 304 41 0 0 74 0 127 0 65 60 
215 174 80 0 128 88 0 83 75 258 0 30 30 82 64 656 550 316 12 0 0 73 0 127 0 65 60 
216 169 81 0 131 78 0 82 75 257 0 27 33 83 65 674 521 291 38 0 0 73 0 127 0 65 60 
210 185 81 0 133 80 0 82 76 266 0 30 32 97 64 682 537 214 123 0 0 73 0 127 0 65 60 
215 176 80 0 135 87 0 85 76 267 0 26 36 83 64 726 567 340 198 0 0 73 0 127 0 65 60 
215 179 80 0 135 82 0 88 78 265 0 29 34 72 63 726 585 331 296 0 0 73 0 127 0 65 60 
221 167 78 0 134 82 0 86 75 261 0 29 32 92 63 676 607 334 369 0 0 73 0 127 0 65 60 
219 179 78 0 134 86 0 89 76 258 0 28 32 108 63 729 587 348 433 0 0 73 0 127 0 65 60 
215 177 80 0 131 84 0 89 76 257 0 31 31 79 63 671 578 289 455 0 0 73 0 127 0 65 60 
215 170 78 0 130 78 0 89 76 259 0 28 27 57 65 710 541 328 408 0 0 73 0 127 0 65 60 
217 169 81 0 129 86 0 87 76 261 0 30 26 84 65 704 576 269 527 0 0 73 0 127 0 64 60 
217 169 81 0 129 98 0 84 76 261 0 30 28 93 68 711 585 357 511 0 0 72 0 127 0 64 60 
216 175 84 0 129 93 0 89 75 258 0 31 29 93 68 723 599 403 453 0 0 73 0 127 0 63 60 
218 168 82 0 130 84 0 86 75 257 0 30 29 63 65 664 561 428 495 0 0 73 0 127 0 63 60 
215 173 78 0 131 86 0 85 76 259 0 31 31 72 63 677 554 369 458 0 0 73 0 127 0 63 60 
219 171 84 0 132 84 0 84 76 261 0 29 32 82 63 701 602 336 556 0 0 74 0 127 0 63 60 
218 175 84 0 133 83 0 89 77 258 0 31 33 89 63 671 569 318 466 0 0 74 0 127 0 62 60 
213 173 80 0 131 88 0 87 76 262 0 30 33 80 65 692 595 406 539 0 0 73 0 127 0 62 60 
216 173 81 0 129 102 0 85 75 261 0 32 31 80 67 673 552 381 533 0 0 73 0 127 0 62 60 
212 170 79 0 128 109 0 84 75 260 0 34 31 68 66 688 585 373 523 0 0 72 0 127 0 63 60 
213 172 80 0 129 108 0 81 75 257 0 34 29 77 65 666 561 394 527 0 0 73 0 127 0 63 60 
215 176 83 0 129 111 0 81 75 253 0 34 27 77 63 741 584 261 541 0 0 72 0 127 0 62 60 
216 168 80 0 129 104 0 86 76 250 0 38 27 86 63 750 593 357 550 0 0 73 0 127 0 64 60 
215 171 82 0 127 99 0 88 76 263 0 40 26 71 65 680 603 396 569 0 0 73 0 127 0 63 60 
208 169 79 0 129 98 0 84 77 265 0 39 25 84 64 695 593 332 469 0 0 74 0 127 0 64 60 
213 174 84 0 128 98 0 89 75 263 0 41 26 93 63 700 384 313 498 0 0 74 0 127 0 65 60 
215 170 81 0 128 94 0 85 76 258 0 38 26 92 65 545 256 357 572 0 0 74 0 127 0 65 60 
218 180 80 0 129 80 0 87 74 258 0 35 27 63 66 516 266 322 518 0 0 73 0 127 0 65 60 
218 173 87 0 129 73 0 90 75 257 0 37 26 51 65 493 303 333 616 0 0 73 0 127 0 65 60 
219 168 78 0 128 75 0 88 75 259 0 38 26 65 66 521 302 309 600 0 0 73 0 127 0 65 60 
218 179 78 0 128 79 0 84 76 263 0 41 26 84 66 520 270 326 631 0 0 74 0 127 0 66 60 
219 179 78 0 128 77 0 79 77 263 0 36 26 78 64 516 264 301 635 0 0 73 0 127 0 64 60 
217 175 76 0 127 79 0 87 75 259 0 35 25 76 66 540 293 207 550 0 0 73 0 127 0 65 60 
211 166 79 0 126 82 0 87 76 258 0 32 25 87 64 535 321 342 525 0 0 73 0 127 0 65 60 
215 175 82 0 125 82 0 86 76 257 0 30 26 79 65 562 340 346 596 0 0 73 0 127 0 63 60 
218 174 81 0 127 76 0 95 76 256 0 30 25 82 66 547 295 361 459 0 0 74 0 127 0 63 60 
215 168 82 0 127 73 0 86 77 253 0 28 26 75 66 501 326 358 574 0 0 74 0 127 0 63 60 
218 162 79 0 129 76 0 88 76 259 0 30 25 80 66 495 338 293 601 0 0 74 0 127 0 62 60 
219 170 76 0 132 89 0 86 75 264 0 31 27 86 66 499 279 285 531 0 0 73 0 127 0 62 60 
217 175 76 0 134 95 0 88 75 263 0 29 26 97 64 536 275 231 544 0 0 74 0 127 0 63 60 
213 163 78 0 134 100 0 87 76 261 0 32 27 81 65 495 291 400 545 0 0 73 0 127 0 63 60 
219 171 79 0 136 100 0 82 75 258 0 31 25 74 66 521 286 388 545 0 0 73 0 127 0 63 60 
216 168 81 0 136 98 0 86 76 254 0 30 24 97 65 515 305 405 527 0 0 73 0 127 0 64 60 
216 177 82 0 135 91 0 85 74 261 0 30 26 101 64 527 338 359 511 0 0 73 0 127 0 64 60 
217 174 79 0 130 85 0 85 73 266 0 29 26 77 64 514 309 363 535 0 0 73 0 127 0 64 60 
215 172 81 0 127 87 0 86 75 263 0 30 27 59 64 503 280 329 535 0 0 73 0 127 0 65 60 
219 171 79 0 130 89 0 89 76 265 0 29 29 90 65 530 266 331 540 0 0 73 0 127 0 65 60 
212 171 79 0 128 86 0 87 77 257 0 30 30 91 65 515 351 372 490 0 0 73 0 127 0 65 60 
217 173 80 0 128 81 0 83 78 257 0 31 32 90 66 539 278 373 516 0 0 73 0 127 0 65 60 
211 171 78 0 126 85 0 87 77 258 0 31 33 58 67 498 284 359 585 0 0 74 0 127 0 65 60 
210 176 79 0 128 87 0 86 75 259 0 33 35 78 66 533 287 247 544 0 0 73 0 127 0 65 60 
214 168 78 0 121 91 0 85 74 260 0 32 36 84 67 494 302 344 491 0 0 74 0 127 0 65 60 
214 177 81 0 128 86 0 86 76 260 0 30 37 86 69 527 305 356 552 0 0 74 0 127 0 65 60 
215 169 81 0 125 84 0 90 74 258 0 30 35 79 66 476 280 346 587 0 0 74 0 127 0 65 60 
217 180 79 0 129 84 0 87 75 260 0 32 34 77 64 513 248 293 511 0 0 74 0 127 0 65 60 
211 168 78 0 130 83 0 81 75 263 0 32 33 69 65 548 214 308 560 0 0 73 0 127 0 65 60 
215 168 82 0 130 86 0 89 75 260 0 34 33 78 65 505 246 334 542 0 0 73 0 127 0 65 60 
213 184 79 0 131 88 0 95 75 261 0 37 32 81 65 541 363 290 532 0 0 73 0 127 0 65 60 
215 177 80 0 129 89 0 89 75 263 0 37 34 85 72 500 235 315 503 0 0 73 0 127 0 64 60 
215 177 80 0 129 82 0 87 76 258 0 38 33 69 66 493 304 292 607 0 0 73 0 127 0 65 60 
215 167 78 0 129 81 0 91 76 259 0 39 32 93 63 556 275 303 616 0 0 74 0 127 0 65 60 
217 176 79 0 129 83 0 86 76 255 0 39 34 93 65 533 284 192 568 0 0 74 0 127 0 65 60 
217 175 80 0 130 87 0 85 76 248 0 35 35 89 64 529 333 330 598 0 0 74 0 127 0 65 60 
220 169 82 0 131 81 0 83 76 254 0 38 35 57 63 523 293 324 586 0 0 73 0 127 0 64 60 
220 164 77 0 130 82 0 84 76 262 0 37 36 53 64 490 284 326 584 0 0 73 0 127 0 65 60 
215 171 80 0 130 85 0 84 76 263 0 38 35 73 62 494 268 327 567 0 0 73 0 127 0 64 60 
217 174 80 0 129 86 0 80 75 260 0 36 34 86 61 512 325 284 578 0 0 72 0 127 0 65 60 
220 165 79 0 128 82 0 89 75 260 0 35 30 79 61 482 297 284 544 0 0 74 0 127 0 65 60 
219 171 79 0 126 87 0 89 75 256 0 37 32 77 63 485 257 239 542 0 0 73 0 127 0 65 60 
221 170 78 0 126 93 0 87 75 256 0 38 30 92 63 507 280 345 517 0 0 73 0 127 0 65 60 
217 179 80 0 126 95 0 88 74 258 0 39 28 79 66 488 335 324 506 0 0 73 0 127 0 64 60 
221 175 79 0 127 86 0 86 76 263 0 37 27 84 66 472 302 420 532 0 0 73 0 127 0 63 60 
217 174 80 0 130 77 0 87 77 258 0 37 26 77 66 501 322 344 527 0 0 74 0 127 0 63 60 
214 168 77 0 133 83 0 79 77 255 0 35 26 79 62 443 266 324 525 0 0 73 0 127 0 64 60 
215 174 83 0 134 84 0 89 77 255 0 36 27 92 62 537 303 318 564 0 0 73 0 127 0 64 60 
220 175 78 0 136 90 0 85 76 257 0 32 26 95 63 512 334 302 599 0 0 73 0 127 0 64 60 
221 174 80 0 135 98 0 85 75 257 0 36 26 80 65 495 266 349 535 0 0 73 0 127 0 64 60 
217 178 78 0 134 104 0 92 76 259 0 36 26 75 65 480 313 340 580 0 0 73 0 127 0 64 60 
215 169 79 0 132 94 0 89 75 265 0 39 26 103 68 496 283 362 591 0 0 73 0 127 0 65 60 
220 175 79 0 131 87 0 83 76 260 0 41 26 93 65 544 307 258 536 0 0 73 0 127 0 65 60 
212 171 80 0 130 85 0 87 75 257 0 43 27 75 64 524 326 315 543 0 0 73 0 127 0 65 60 
216 186 81 0 129 83 0 86 75 256 0 47 26 61 64 508 278 300 558 0 0 73 0 127 0 65 60 
211 164 78 0 129 74 0 87 75 255 0 49 26 88 64 529 282 338 585 0 0 73 0 127 0 65 60 
213 177 80 0 129 77 0 83 76 258 0 51 27 91 64 533 324 296 612 0 0 73 0 127 0 66 60 
213 182 79 0 131 83 0 87 77 264 0 49 28 89 65 543 333 321 552 0 0 74 0 127 0 66 60 
214 175 81 0 132 87 0 88 76 266 0 50 30 61 65 527 292 305 612 0 0 74 0 127 0 65 60 
216 175 79 0 132 86 0 88 78 264 0 46 32 75 64 508 345 199 502 0 0 73 0 127 0 65 60 
211 168 80 0 132 89 0 89 76 263 0 47 34 82 64 488 325 278 521 0 0 73 0 127 0 65 60 
216 177 79 0 131 91 0 89 75 257 0 50 30 87 65 544 308 263 567 0 0 74 0 127 0 65 60 
214 172 81 0 129 89 0 86 75 258 0 42 32 76 64 552 274 263 590 0 0 74 0 127 0 66 60 
216 172 79 0 128 84 0 86 76 261 0 43 32 78 65 579 277 193 568 0 0 74 0 127 0 65 60 
217 164 80 0 129 80 0 88 77 258 0 44 30 68 65 530 268 307 568 0 0 73 0 127 0 65 60 
217 172 81 0 128 84 0 88 75 262 0 45 32 77 64 514 257 334 548 0 0 73 0 127 0 65 60 
218 170 79 0 129 91 0 87 76 258 0 46 30 78 63 508 304 251 603 0 0 73 0 127 0 64 60 
215 166 77 0 129 91 0 87 74 257 0 43 30 87 64 544 301 305 560 0 0 74 0 127 0 64 60 
218 175 80 0 129 89 0 84 74 261 0 38 28 71 63 480 248 238 562 0 0 74 0 127 0 63 60 
215 171 75 0 130 90 0 80 74 259 0 35 27 90 64 552 295 265 591 0 0 74 0 127 0 62 60 
214 177 78 0 130 90 0 84 75 259 0 33 27 93 64 518 300 197 583 0 0 74 0 127 0 61 60 
214 175 81 0 131 91 0 83 75 263 0 35 29 88 63 561 337 340 599 0 0 73 0 127 0 61 60 
220 174 78 0 130 89 0 87 77 261 0 37 30 66 65 507 312 327 558 0 0 73 0 127 0 63 60 
215 166 78 0 129 86 0 87 76 261 0 41 31 54 66 484 257 372 569 0 0 73 0 127 0 63 60 
216 174 80 0 128 83 0 88 76 257 0 41 33 66 64 487 312 346 481 0 0 73 0 127 0 63 60 
216 177 80 0 128 84 0 95 77 254 0 41 30 86 65 534 320 311 490 0 0 74 0 127 0 64 60 
216 170 80 0 128 88 0 83 78 253 0 38 31 79 65 566 284 302 577 0 0 74 0 127 0 64 60 
219 171 78 0 127 88 0 87 75 261 0 42 31 74 65 565 292 268 498 0 0 73 0 127 0 64 60 
217 168 81 0 128 87 0 86 76 264 0 43 30 90 66 533 301 321 543 0 0 73 0 127 0 64 60 
215 179 79 0 129 81 0 82 73 264 0 44 28 82 65 514 263 324 530 0 0 73 0 127 0 65 60 
214 173 82 0 130 84 0 84 74 258 0 45 27 81 65 536 268 346 605 0 0 73 0 127 0 64 60 
216 185 80 0 132 90 0 83 74 256 0 48 27 78 66 523 309 267 573 0 0 73 0 127 0 63 60 
218 166 80 0 134 97 0 91 75 256 0 47 26 83 66 484 266 302 536 0 0 73 0 127 0 64 60 
216 171 79 0 136 93 0 90 75 259 0 49 29 82 64 514 291 333 594 0 0 72 0 127 0 64 60 
217 182 80 0 137 96 0 84 76 260 0 50 27 100 64 522 312 340 566 0 0 72 0 127 0 64 60 
219 175 79 0 137 97 0 87 76 260 0 48 29 83 66 525 318 300 598 0 0 73 0 127 0 63 60 
215 169 78 0 136 89 0 82 77 256 0 46 33 70 65 533 264 298 584 0 0 73 0 127 0 63 60 
218 170 74 0 135 77 0 80 77 254 0 45 32 91 66 542 315 315 483 0 0 73 0 127 0 63 60 
218 176 79 0 133 82 0 84 75 257 0 35 33 107 67 532 311 184 536 0 0 73 0 127 0 63 60 
216 170 82 0 132 77 0 87 77 253 0 33 32 78 65 541 297 262 542 0 0 74 0 127 0 62 60 
217 171 79 0 129 83 0 89 77 253 0 37 30 59 66 552 282 259 597 0 0 73 0 127 0 62 60 
217 164 78 0 128 85 0 88 76 257 0 39 29 86 64 568 328 257 547 0 0 73 0 127 0 63 60 
217 172 81 0 127 93 0 89 76 259 0 45 30 91 66 558 285 205 569 0 0 74 0 127 0 64 60 
218 167 79 0 128 91 0 87 72 261 0 47 30 97 65 508 263 261 555 0 0 73 0 127 0 64 60 
217 168 80 0 129 79 0 85 73 260 0 47 27 68 65 550 319 264 621 0 0 74 0 127 0 64 60 
219 171 81 0 128 80 0 86 75 253 0 42 27 65 64 484 303 273 573 0 0 73 0 127 0 64 60 
217 174 79 0 128 85 0 85 76 254 0 35 26 80 65 511 315 294 535 0 0 73 0 127 0 65 60 
213 173 76 0 128 89 0 83 76 260 0 33 25 88 64 501 326 239 547 0 0 74 0 127 0 65 60 
216 174 80 0 127 84 0 84 76 265 0 30 27 79 65 508 255 191 568 0 0 73 0 127 0 66 60 
215 176 81 0 128 81 0 87 76 266 0 31 28 81 63 524 307 194 568 0 0 73 0 127 0 66 60 
215 169 80 0 127 80 0 91 76 265 0 31 29 70 62 518 292 274 568 0 0 73 0 127 0 65 60 
213 177 79 0 128 86 0 83 76 259 0 32 31 74 66 510 267 281 608 0 0 73 0 127 0 65 60 
217 171 81 0 126 86 0 90 76 259 0 31 32 77 67 507 306 278 535 0 0 73 0 127 0 67 60 
212 177 82 0 126 87 0 88 76 259 0 33 32 87 67 543 283 331 560 0 0 73 0 127 0 67 60 
215 173 79 0 126 94 0 85 76 259 0 35 33 75 66 563 337 262 533 0 0 73 0 127 0 67 60 
216 172 78 0 126 99 0 90 74 262 0 34 32 76 64 556 253 257 653 0 0 74 0 127 0 67 60 
210 175 81 0 127 96 0 84 75 258 0 32 33 98 64 499 310 252 476 0 0 74 0 127 0 66 60 
215 176 83 0 128 87 0 92 75 257 0 32 32 94 64 521 256 313 582 0 0 73 0 127 0 65 60 
214 180 80 0 129 86 0 83 76 261 0 33 31 74 65 552 317 297 543 0 0 73 0 127 0 65 60 
218 167 76 0 128 81 0 87 75 260 0 33 30 52 66 503 294 350 534 0 0 73 0 127 0 65 60 
218 183 81 0 128 75 0 87 75 260 0 36 28 56 68 523 261 277 536 0 0 73 0 127 0 65 60 
215 177 80 0 126 75 0 84 76 260 0 37 29 77 66 519 288 273 543 0 0 73 0 127 0 65 60 
213 180 79 0 124 88 0 89 77 258 0 39 27 83 64 541 309 261 508 0 0 74 0 127 0 65 60 
213 169 82 0 123 87 0 86 77 261 0 42 27 75 64 513 300 285 546 0 0 74 0 127 0 65 60 
215 173 83 0 125 81 0 87 77 257 0 44 26 79 65 525 318 267 542 0 0 73 0 127 0 65 60 
216 175 80 0 126 83 0 86 77 254 0 44 29 83 64 522 322 305 584 0 0 73 0 127 0 65 60 
218 167 81 0 128 88 0 86 76 253 0 45 26 76 65 554 292 227 586 0 0 73 0 127 0 65 60 
217 166 79 0 131 88 0 87 74 260 0 45 28 77 65 548 327 152 512 0 0 73 0 127 0 65 60 
218 165 81 0 134 84 0 83 75 264 0 43 28 80 65 556 320 222 603 0 0 73 0 127 0 65 60 
213 175 79 0 134 90 0 89 75 263 0 39 26 77 65 515 336 255 588 0 0 74 0 127 0 65 60 
211 165 82 0 134 89 0 87 75 257 0 37 26 96 65 533 226 216 553 0 0 74 0 127 0 65 60 
219 173 82 0 133 87 0 85 75 256 0 37 26 89 65 533 255 152 615 0 0 73 0 127 0 65 60 
221 168 79 0 132 85 0 91 76 258 0 35 27 70 66 515 299 248 560 0 0 73 0 127 0 64 60 
219 174 81 0 130 86 0 93 75 260 0 42 27 78 64 514 292 210 627 0 0 73 0 127 0 64 60 
217 178 82 0 129 85 0 96 77 261 0 42 30 110 64 517 244 273 558 0 0 73 0 127 0 64 60 
217 170 79 0 128 84 0 87 75 261 0 44 30 83 63 527 292 256 562 0 0 74 0 127 0 64 60 
216 177 79 0 129 81 0 88 76 259 0 43 30 60 64 511 327 227 564 0 0 73 0 127 0 64 60 
216 172 84 0 129 88 0 86 77 257 0 42 29 76 64 533 279 183 554 0 0 74 0 127 0 64 60 
216 178 83 0 131 92 0 83 76 260 0 38 25 93 64 516 310 150 548 0 0 73 0 127 0 64 60 
222 172 80 0 133 95 0 83 76 258 0 37 25 94 64 519 270 254 569 0 0 74 0 127 0 65 60 
217 177 81 0 133 95 0 88 75 255 0 40 26 76 64 528 276 278 523 0 0 73 0 127 0 65 60 
216 171 84 0 133 99 0 87 75 259 0 40 24 62 64 548 281 263 521 0 0 73 0 127 0 65 60 
216 179 79 0 132 96 0 81 76 261 0 42 25 79 64 561 278 249 540 0 0 73 0 127 0 65 60 
213 170 76 0 131 84 0 84 75 262 0 40 25 88 64 517 332 263 584 0 0 74 0 127 0 65 60 
215 182 79 0 130 79 0 88 77 260 0 39 26 83 65 512 294 220 546 0 0 74 0 127 0 64 60 
217 167 79 0 130 83 0 92 76 257 0 36 25 79 64 517 286 235 547 0 0 73 0 127 0 64 60 
218 170 81 0 129 84 0 86 75 257 0 35 25 71 64 509 277 295 565 0 0 73 0 127 0 64 60 
217 184 81 0 129 77 0 89 75 261 0 31 27 73 65 482 213 280 494 0 0 73 0 127 0 64 60 
216 175 83 0 130 80 0 86 76 264 0 29 26 76 63 517 316 332 598 0 0 73 0 127 0 65 60 
215 178 80 0 129 87 0 81 76 265 0 29 28 84 64 543 291 318 526 0 0 73 0 127 0 65 60 
213 168 77 0 130 85 0 89 78 261 0 27 29 80 68 526 270 286 589 0 0 74 0 127 0 65 60 
217 173 77 0 129 81 0 86 76 258 0 29 32 73 66 499 322 295 562 0 0 74 0 127 0 65 60 
217 173 78 0 129 81 0 89 75 258 0 28 31 98 65 536 302 294 520 0 0 73 0 127 0 64 60 
213 165 78 0 129 81 0 83 76 257 0 31 30 95 64 488 288 264 570 0 0 73 0 127 0 63 60 
215 163 79 0 128 82 0 86 76 258 0 32 30 78 65 556 282 283 526 0 0 73 0 127 0 62 60 
217 168 82 0 128 84 0 89 74 261 0 29 29 51 65 598 345 282 575 0 0 73 0 127 0 60 60 
216 173 81 0 127 91 0 83 75 258 0 30 29 54 66 545 285 196 613 0 0 73 0 127 0 60 60 
215 164 80 0 127 93 0 89 74 256 0 29 29 74 66 522 289 250 524 0 0 74 0 127 0 59 60 
212 176 82 0 126 92 0 90 74 260 0 27 29 81 66 496 316 289 625 0 0 73 0 127 0 58 60 
216 170 82 0 127 94 0 83 76 261 0 33 29 76 65 515 320 232 533 0 0 73 0 127 0 58 60 
211 174 81 0 127 105 0 85 76 260 0 33 32 77 66 545 308 228 524 0 0 73 0 127 0 59 60 
217 176 79 0 129 124 0 86 76 261 0 31 35 87 65 489 273 233 628 0 0 73 0 127 0 60 60 
218 169 81 0 130 119 0 89 78 260 0 35 34 77 65 505 326 255 603 0 0 74 0 127 0 60 60 
209 168 80 0 133 112 0 87 78 260 0 34 36 75 64 529 291 266 626 0 0 73 0 127 0 60 60 
216 172 81 0 133 108 0 92 76 255 0 35 34 81 63 522 293 236 566 0 0 73 0 127 0 61 60 
217 178 78 0 135 100 0 89 74 252 0 38 32 77 65 492 339 230 557 0 0 73 0 127 0 61 60 
215 168 81 0 136 84 0 83 74 251 0 37 32 94 66 475 316 198 606 0 0 73 0 127 0 62 60 
221 176 79 0 136 73 0 84 75 257 0 40 33 87 65 505 300 124 589 0 0 73 0 127 0 61 60 
219 166 78 0 135 77 0 90 75 261 0 41 32 71 63 532 302 238 539 0 0 74 0 127 0 61 60 
214 172 80 0 133 80 0 85 75 266 0 43 32 76 62 553 268 308 615 0 0 74 0 127 0 61 60 
211 173 79 0 131 76 0 86 76 257 0 40 33 111 66 542 332 249 531 0 0 73 0 127 0 61 60 
215 185 79 0 129 78 0 82 75 255 0 35 33 82 66 532 313 288 549 0 0 73 0 127 0 60 60 
215 165 80 0 128 88 0 81 75 259 0 35 31 58 67 531 253 241 609 0 0 74 0 127 0 60 60 
216 170 81 0 129 90 0 84 76 258 0 36 28 78 65 533 338 234 564 0 0 74 0 127 0 61 60 
217 185 78 0 128 89 0 81 77 261 0 32 26 91 64 516 276 250 530 0 0 73 0 127 0 60 60 
212 177 79 0 128 86 0 89 77 265 0 34 27 93 63 503 262 324 538 0 0 73 0 127 0 61 60 
216 169 82 0 129 93 0 87 78 260 0 37 26 70 62 526 280 334 548 0 0 74 0 127 0 62 60 
215 174 80 0 129 89 0 86 77 259 0 41 29 64 64 522 358 380 498 0 0 73 0 127 0 61 60 
217 178 81 0 128 83 0 92 76 258 0 46 28 78 65 539 305 290 541 0 0 73 0 127 0 62 60 
218 173 79 0 128 79 0 86 74 256 0 44 29 87 68 525 311 314 547 0 0 73 0 127 0 62 60 
216 169 82 0 128 81 0 87 75 254 0 39 31 78 68 500 302 292 562 0 0 73 0 127 0 63 60 
216 168 80 0 127 82 0 84 75 259 0 43 30 78 66 513 239 314 553 0 0 73 0 127 0 61 60 
216 173 78 0 127 82 0 87 76 260 0 39 31 70 63 537 258 256 575 0 0 73 0 127 0 61 60 
218 168 80 0 126 84 0 87 75 263 0 37 31 76 65 571 331 321 533 0 0 73 0 127 0 60 60 
220 167 79 0 126 89 0 80 74 258 0 38 31 76 66 554 291 303 530 0 0 73 0 127 0 60 60 
218 172 77 0 126 91 0 90 76 257 0 41 33 86 65 513 250 181 652 0 0 73 0 127 0 59 60 
216 171 82 0 127 92 0 89 77 259 0 40 32 71 65 525 265 295 641 0 0 74 0 127 0 59 60 
218 177 81 0 128 91 0 85 76 261 0 38 34 82 64 518 340 301 504 0 0 73 0 127 0 59 60 
218 174 82 0 128 92 0 85 76 265 0 35 36 93 64 514 345 269 614 0 0 73 0 127 0 59 60 
212 174 80 0 129 88 0 85 76 264 0 38 36 88 64 512 245 221 546 0 0 73 0 127 0 59 60 
215 172 82 0 129 82 0 82 75 260 0 34 36 62 64 535 285 286 535 0 0 73 0 127 0 59 60 
218 174 83 0 128 89 0 81 75 259 0 35 35 51 65 541 315 270 614 0 0 73 0 127 0 59 60 
216 177 82 0 126 92 0 88 76 257 0 34 35 67 63 512 285 285 609 0 0 73 0 127 0 59 60 
212 171 83 0 126 89 0 89 77 259 0 30 34 84 64 515 276 284 631 0 0 73 0 127 0 58 60 
214 176 84 0 126 83 0 86 75 259 0 30 35 83 63 489 353 263 608 0 0 73 0 127 0 59 60 
218 168 81 0 126 86 0 85 76 261 0 28 38 76 65 535 319 225 607 0 0 74 0 127 0 59 60 
215 175 77 0 128 88 0 86 74 258 0 31 39 89 65 535 332 165 615 0 0 73 0 127 0 59 60 
218 174 82 0 132 82 0 89 75 257 0 30 39 80 64 552 229 278 566 0 0 73 0 127 0 58 60 
216 183 82 0 134 80 0 86 75 259 0 32 39 81 65 473 290 292 572 0 0 74 0 127 0 59 60 
214 170 78 0 135 79 0 86 77 259 0 33 37 75 63 526 225 321 655 0 0 73 0 127 0 59 60 
215 177 79 0 135 84 0 85 78 260 0 31 34 78 64 527 316 313 536 0 0 74 0 127 0 59 60 
215 180 79 0 134 86 0 84 78 261 0 31 31 93 64 509 330 303 561 0 0 73 0 127 0 59 60 
211 176 82 0 133 86 0 85 77 260 0 29 31 94 63 484 242 299 544 0 0 73 0 127 0 59 60 
211 173 79 0 130 84 0 91 76 264 0 26 34 79 64 491 284 240 580 0 0 73 0 127 0 60 60 
215 174 84 0 129 84 0 86 75 258 0 30 33 76 65 570 238 332 564 0 0 73 0 127 0 59 60 
216 178 78 0 128 83 0 89 75 254 0 30 33 105 64 542 323 304 592 0 0 74 0 127 0 59 60 
213 165 81 0 127 88 0 89 75 252 0 28 29 92 65 524 302 361 534 0 0 73 0 127 0 58 60 
218 166 80 0 128 89 0 89 77 259 0 30 28 69 64 527 280 321 533 0 0 73 0 127 0 58 60 
220 167 77 0 130 89 0 89 76 264 0 28 25 68 64 499 363 290 561 0 0 74 0 127 0 58 60 
218 171 78 0 131 82 0 81 76 264 0 30 26 93 68 537 309 294 504 0 0 74 0 127 0 58 60 
218 169 79 0 132 87 0 88 75 258 0 30 26 92 67 571 363 269 540 0 0 74 0 127 0 59 60 
216 166 81 0 132 98 0 86 75 257 0 30 29 78 66 591 292 318 570 0 0 73 0 127 0 58 60 
219 168 80 0 131 100 0 86 76 258 0 32 28 64 65 524 311 297 539 0 0 74 0 127 0 59 60 
221 171 78 0 129 88 0 86 77 257 0 34 30 80 65 540 299 331 526 0 0 74 0 127 0 59 60 
221 176 78 0 128 82 0 82 76 263 0 35 31 88 64 503 274 210 552 0 0 74 0 127 0 60 60 
216 172 80 0 129 85 0 88 76 261 0 35 32 85 65 517 271 304 580 0 0 74 0 127 0 59 60 
216 176 76 0 128 82 0 84 75 259 0 36 32 81 64 506 322 286 568 0 0 73 0 127 0 59 60 
219 168 79 0 128 79 0 89 76 257 0 38 32 71 63 514 345 300 510 0 0 74 0 127 0 60 60 
216 171 80 0 129 77 0 88 75 257 0 39 32 76 65 531 272 218 536 0 0 73 0 127 0 60 60 
218 171 79 0 129 83 0 83 77 255 0 34 30 77 65 540 287 283 581 0 0 74 0 127 0 61 60 
219 167 82 0 129 85 0 86 76 254 0 36 29 84 64 494 268 257 588 0 0 73 0 127 0 60 60 
218 176 78 0 130 90 0 84 77 259 0 35 30 77 66 505 299 271 591 0 0 74 0 127 0 60 60 
217 168 82 0 130 97 0 84 74 263 0 37 31 77 65 483 283 264 557 0 0 74 0 127 0 60 60 
213 169 78 0 130 99 0 85 75 262 0 37 31 95 64 535 270 285 657 0 0 74 0 127 0 60 60 
217 175 81 0 128 92 0 85 75 257 0 36 32 93 66 538 264 230 594 0 0 74 0 127 0 59 60 
215 171 79 0 129 87 0 88 76 257 0 34 31 70 66 584 266 140 621 0 0 73 0 127 0 59 60 
210 167 80 0 129 84 0 86 75 257 0 32 31 50 65 523 244 232 585 0 0 73 0 127 0 58 60 
217 179 78 0 128 83 0 96 76 260 0 34 29 63 63 535 275 284 542 0 0 74 0 127 0 58 60 
213 179 79 0 127 77 0 92 75 267 0 36 30 83 62 501 290 288 583 0 0 74 0 127 0 58 60 
212 172 80 0 127 72 0 86 76 265 0 31 31 77 64 527 250 288 573 0 0 74 0 127 0 58 60 
216 171 81 0 127 77 0 86 76 264 0 31 33 75 66 485 286 246 484 0 0 74 0 127 0 58 60 
214 170 79 0 128 83 0 87 77 258 0 32 36 85 68 488 322 248 536 0 0 74 0 127 0 58 60 
217 176 81 0 130 88 0 87 75 256 0 32 38 81 67 513 353 227 533 0 0 73 0 127 0 57 60 
214 164 78 0 131 86 0 84 75 258 0 31 38 82 64 531 355 295 522 0 0 74 0 127 0 57 60 
216 163 78 0 133 90 0 86 74 260 0 28 37 76 64 538 250 291 562 0 0 74 0 127 0 57 60 
216 167 80 0 134 92 0 86 73 260 0 31 36 83 63 539 262 355 550 0 0 74 0 127 0 58 60 
215 171 80 0 135 86 0 82 74 260 0 29 35 85 64 497 265 338 496 0 0 74 0 127 0 58 60 
215 169 78 0 135 81 0 87 75 258 0 31 32 95 65 508 315 270 623 0 0 74 0 127 0 58 60 
217 164 80 0 135 84 0 89 76 259 0 29 32 83 70 544 310 292 535 0 0 74 0 127 0 58 60 
212 173 81 0 133 82 0 89 77 259 0 32 33 74 69 552 292 292 585 0 0 73 0 127 0 59 60 
215 171 82 0 131 80 0 86 76 259 0 32 36 99 66 535 344 307 543 0 0 73 0 127 0 60 60 
218 177 78 0 129 82 0 88 77 259 0 34 39 101 64 518 247 322 562 0 0 73 0 127 0 61 60 
218 168 82 0 128 87 0 85 74 261 0 32 39 75 65 521 261 315 485 0 0 73 0 127 0 60 60 
214 169 79 0 127 88 0 84 74 260 0 35 40 59 65 496 322 192 561 0 0 73 0 127 0 61 60 
213 171 81 0 128 83 0 87 77 254 0 36 41 89 65 499 295 261 557 0 0 73 0 127 0 62 60 
215 175 78 0 128 90 0 90 75 253 0 37 40 90 64 516 317 306 578 0 0 73 0 127 0 62 60 
216 171 78 0 128 90 0 86 75 252 0 39 36 87 64 497 289 262 601 0 0 74 0 127 0 62 60 
219 171 80 0 128 88 0 87 75 262 0 37 32 59 64 540 286 289 509 0 0 74 0 127 0 63 60 
214 168 77 0 127 86 0 87 75 265 0 34 28 79 64 474 313 260 578 0 0 73 0 127 0 63 60 
213 173 81 0 128 98 0 88 75 263 0 34 26 82 66 486 295 249 564 0 0 73 0 127 0 63 60 
217 176 79 0 128 110 0 87 76 258 0 38 27 89 64 484 233 255 550 0 0 73 0 127 0 62 60 
215 181 80 0 128 108 0 85 76 258 0 37 28 81 64 537 304 249 616 0 0 73 0 127 0 61 60 
214 170 80 0 128 92 0 88 76 257 0 35 29 72 64 503 311 241 627 0 0 74 0 127 0 61 60 
217 174 82 0 128 87 0 84 77 257 0 34 30 71 63 542 300 206 597 0 0 73 0 127 0 60 60 
218 185 81 0 128 85 0 85 76 263 0 35 33 77 65 505 331 141 653 0 0 73 0 127 0 60 60 
217 176 80 0 127 82 0 85 75 259 0 31 34 79 63 526 355 303 589 0 0 73 0 127 0 60 60 
217 170 81 0 127 79 0 85 77 258 0 35 35 82 62 542 278 289 535 0 0 73 0 127 0 60 60 
219 174 81 0 128 81 0 91 76 257 0 33 34 72 65 505 322 256 549 0 0 73 0 127 0 59 60 
213 180 79 0 129 83 0 91 76 256 0 34 32 95 65 493 324 276 620 0 0 73 0 127 0 59 60 
216 168 80 0 129 79 0 90 74 255 0 34 34 96 64 491 261 284 589 0 0 74 0 127 0 58 60 
214 165 82 0 129 83 0 87 75 257 0 32 33 82 65 532 332 244 489 0 0 74 0 127 0 58 60 
215 171 78 0 128 84 0 86 74 261 0 30 34 52 65 487 300 215 539 0 0 74 0 127 0 58 60 
220 170 80 0 126 83 0 87 75 264 0 29 31 55 64 489 343 307 591 0 0 73 0 127 0 57 60 
215 164 85 0 124 79 0 87 76 258 0 29 31 78 64 501 302 338 530 0 0 73 0 127 0 57 60 
219 167 79 0 125 84 0 80 77 256 0 28 31 80 64 500 352 366 652 0 0 74 0 127 0 57 60 
218 174 78 0 126 88 0 82 75 257 0 32 31 76 64 514 279 330 495 0 0 73 0 127 0 57 60 
213 172 81 0 129 86 0 84 74 257 0 30 33 80 65 542 248 329 507 0 0 74 0 127 0 58 60 
215 181 85 0 131 81 0 85 74 264 0 31 30 83 65 517 320 294 582 0 0 74 0 127 0 58 60 
219 173 78 0 134 79 0 83 76 268 0 31 28 78 68 533 295 313 506 0 0 74 0 127 0 59 60 
216 171 79 0 136 84 0 88 76 264 0 32 27 78 66 519 335 354 566 0 0 74 0 127 0 58 60 
213 174 83 0 137 87 0 88 76 262 0 31 27 79 64 500 262 323 487 0 0 73 0 127 0 58 60 
217 180 79 0 137 85 0 88 77 262 0 31 26 77 64 528 352 329 556 0 0 73 0 127 0 58 60 
214 175 78 0 135 85 0 91 75 259 0 32 28 98 64 472 303 202 517 0 0 73 0 127 0 58 60 
217 172 79 0 134 93 0 89 75 259 0 34 27 86 65 487 296 336 597 0 0 73 0 127 0 58 60 
218 170 80 0 132 92 0 85 76 260 0 33 28 72 64 505 279 308 534 0 0 74 0 127 0 59 60 
215 176 78 0 130 86 0 88 75 260 0 33 27 83 65 506 239 313 662 0 0 73 0 127 0 59 60 
212 176 82 0 130 81 0 83 76 258 0 30 27 109 65 520 338 278 592 0 0 73 0 127 0 59 60 
219 185 79 0 131 85 0 84 76 260 0 28 27 83 65 527 278 300 525 0 0 73 0 127 0 59 60 
214 169 78 0 132 85 0 85 76 262 0 31 26 60 65 503 301 312 612 0 0 73 0 127 0 60 60 
214 170 74 0 133 87 0 87 77 260 0 29 29 80 65 532 258 267 494 0 0 73 0 127 0 60 60 
216 184 75 0 134 89 0 89 75 258 0 32 29 91 63 555 258 266 578 0 0 74 0 127 0 60 60 
215 175 76 0 134 88 0 83 74 263 0 30 31 95 64 519 257 255 605 0 0 74 0 127 0 59 60 
215 172 77 0 133 83 0 87 75 261 0 29 31 69 64 516 265 255 576 0 0 74 0 127 0 58 60 
215 170 77 0 132 81 0 81 76 260 0 29 29 66 65 514 314 162 561 0 0 73 0 127 0 58 60 
218 173 80 0 131 88 0 83 76 256 0 31 27 82 64 503 339 304 611 0 0 74 0 127 0 57 60 
216 175 79 0 130 86 0 86 76 251 0 31 27 88 64 509 259 295 598 0 0 74 0 127 0 58 60 
215 164 81 0 128 85 0 86 76 253 0 33 26 80 64 475 375 305 599 0 0 73 0 127 0 58 60 
214 169 80 0 129 81 0 92 75 262 0 30 28 81 63 522 297 291 591 0 0 74 0 127 0 59 60 
217 171 78 0 130 85 0 85 76 264 0 31 30 69 66 495 259 295 585 0 0 75 0 127 0 59 60 
218 167 77 0 130 89 0 85 76 260 0 34 33 77 66 525 273 244 535 0 0 74 0 127 0 61 60 
217 167 80 0 129 90 0 90 75 257 0 32 32 79 67 515 312 217 587 0 0 75 0 127 0 61 60 
218 170 81 0 130 86 0 86 74 255 0 34 33 85 67 475 223 326 512 0 0 74 0 127 0 61 60 
215 174 79 0 129 88 0 86 75 255 0 33 36 73 64 514 319 346 600 0 0 74 0 127 0 61 60 
217 175 79 0 129 88 0 84 75 260 0 33 35 84 63 550 348 375 636 0 0 74 0 127 0 61 60 
218 178 79 0 130 86 0 84 76 261 0 34 35 94 63 515 318 317 587 0 0 73 0 127 0 61 60 
218 173 81 0 129 80 0 84 77 262 0 30 34 92 63 507 270 323 575 0 0 73 0 127 0 61 60 
217 170 80 0 128 81 0 88 78 258 0 32 35 68 66 486 316 293 536 0 0 73 0 127 0 61 60 
220 172 78 0 127 83 0 92 77 253 0 30 35 51 69 455 312 325 550 0 0 73 0 127 0 60 60 
218 178 76 0 126 79 0 84 77 255 0 30 35 70 67 552 330 349 440 0 0 73 0 127 0 60 60 
218 171 81 0 126 80 0 85 76 255 0 31 35 87 65 471 235 328 519 0 0 73 0 127 0 60 60 
218 177 80 0 126 85 0 90 77 255 0 29 34 79 64 497 234 324 538 0 0 73 0 127 0 60 60 
216 176 76 0 127 91 0 89 77 262 0 31 31 77 64 525 272 232 573 0 0 74 0 127 0 60 60 
219 171 79 0 128 92 0 85 75 260 0 29 32 91 68 487 341 312 528 0 0 74 0 127 0 60 60 
219 174 81 0 130 94 0 85 75 259 0 29 32 81 64 478 297 328 476 0 0 74 0 127 0 60 60 
221 182 79 0 132 95 0 86 74 256 0 28 33 84 64 462 289 298 523 0 0 74 0 127 0 61 60 
218 173 81 0 134 92 0 86 76 255 0 27 35 77 66 492 288 270 648 0 0 74 0 127 0 61 60 
215 176 79 0 135 82 0 86 76 263 0 29 35 80 65 495 348 275 570 0 0 74 0 127 0 60 60 
217 183 81 0 136 81 0 92 76 266 0 27 35 87 65 476 329 309 514 0 0 74 0 127 0 61 60 
214 177 78 0 136 83 0 84 77 265 0 27 35 98 65 481 257 246 549 0 0 74 0 127 0 62 60 
213 171 80 0 135 84 0 85 76 265 0 27 34 83 63 490 304 259 561 0 0 74 0 127 0 63 60 
214 172 79 0 133 85 0 90 74 260 0 27 33 74 63 467 239 261 570 0 0 73 0 127 0 63 60 
220 176 79 0 131 88 0 86 75 258 0 29 32 98 65 479 229 279 612 0 0 74 0 127 0 64 60 
218 172 77 0 130 91 0 90 76 256 0 28 30 104 63 486 316 159 597 0 0 74 0 127 0 63 60 
216 166 80 0 130 88 0 84 74 258 0 26 32 75 64 473 295 297 588 0 0 73 0 127 0 63 60 
221 167 78 0 129 86 0 86 76 262 0 28 33 58 64 464 240 321 594 0 0 74 0 127 0 63 60 
216 170 79 0 129 89 0 86 76 262 0 27 33 88 64 502 276 323 628 0 0 74 0 127 0 64 60 
215 166 82 0 129 95 0 83 76 258 0 29 31 93 65 511 247 326 566 0 0 74 0 127 0 63 60 
217 168 81 0 130 91 0 88 76 260 0 28 29 90 65 453 283 299 573 0 0 74 0 127 0 62 60 
218 173 82 0 130 85 0 84 76 261 0 29 28 61 63 471 295 271 552 0 0 74 0 127 0 62 60 
214 174 77 0 129 85 0 88 74 258 0 30 27 76 64 462 317 230 581 0 0 74 0 127 0 62 60 
216 173 80 0 129 91 0 91 74 260 0 28 28 81 65 520 274 337 555 0 0 74 0 127 0 61 60 
215 176 78 0 129 84 0 91 76 260 0 28 29 89 64 470 257 340 506 0 0 74 0 127 0 61 60 
215 173 80 0 128 83 0 91 76 261 0 28 32 78 65 511 333 394 552 0 0 75 0 127 0 61 60 
217 172 79 0 128 81 0 88 75 255 0 27 38 77 65 460 331 340 528 0 0 74 0 127 0 60 60 
218 175 81 0 127 81 0 88 76 253 0 27 39 70 64 476 287 313 583 0 0 74 0 127 0 60 60 
212 175 79 0 126 80 0 86 74 248 0 31 38 77 65 477 281 285 562 0 0 74 0 127 0 60 60 
213 167 82 0 126 80 0 81 76 258 0 29 37 80 66 454 260 333 562 0 0 74 0 127 0 59 60 
218 174 81 0 127 87 0 84 78 262 0 28 34 85 67 466 244 327 557 0 0 74 0 127 0 59 60 
215 174 77 0 127 88 0 86 76 263 0 29 33 71 65 399 310 347 615 0 0 74 0 127 0 58 60 
218 171 79 0 128 87 0 85 76 258 0 28 32 91 64 470 281 394 572 0 0 74 0 127 0 58 60 
218 173 79 0 129 86 0 80 75 258 0 28 30 94 66 419 316 214 540 0 0 74 0 127 0 59 60 
221 180 81 0 128 85 0 85 76 257 0 30 25 88 66 402 299 323 566 0 0 75 0 127 0 58 60 
214 168 81 0 127 85 0 91 77 261 0 31 25 61 65 419 278 346 531 0 0 74 0 127 0 59 60 
215 173 80 0 125 80 0 89 76 262 0 30 26 53 64 397 294 311 526 0 0 74 0 127 0 60 60 
219 183 80 0 125 80 0 83 77 262 0 29 25 69 64 398 315 304 549 0 0 74 0 127 0 59 60 
220 178 83 0 124 86 0 89 75 257 0 29 25 88 66 406 270 303 640 0 0 74 0 127 0 58 60 
214 168 76 0 125 84 0 85 74 256 0 31 25 80 66 343 317 308 581 0 0 74 0 127 0 58 60 
219 175 80 0 128 82 0 88 74 257 0 31 27 75 65 249 316 239 518 0 0 74 0 127 0 58 60 
219 172 81 0 130 88 0 84 76 255 0 34 27 92 65 191 318 273 603 0 0 74 0 127 0 57 60 
219 171 80 0 132 95 0 89 77 257 0 35 27 80 65 150 330 278 577 0 0 74 0 127 0 57 60 
216 168 82 0 133 96 0 89 76 258 0 36 26 83 64 103 259 256 549 0 0 74 0 127 0 57 60 
213 170 85 0 134 91 0 84 76 260 0 37 25 76 66 51 343 181 586 0 0 73 0 127 0 57 60 
216 173 83 0 133 88 0 88 74 261 0 39 25 81 64 40 304 293 607 0 0 73 0 127 0 58 60 
214 166 79 0 131 86 0 91 75 261 0 42 26 86 64 17 254 288 617 0 0 74 0 127 0 57 60 
217 170 79 0 130 84 0 83 75 257 0 43 26 96 65 20 304 330 532 0 0 74 0 127 0 58 60 
219 168 80 0 128 82 0 87 75 259 0 48 26 82 65 16 233 334 630 0 0 73 0 127 0 59 60 
217 172 77 0 127 88 0 84 76 266 0 53 26 73 64 0 304 318 606 0 0 74 0 127 0 59 60 
216 174 81 0 127 96 0 85 76 254 0 55 26 100 67 0 261 278 552 0 0 74 0 127 0 58 60 
220 178 82 0 128 94 0 86 76 265 0 54 29 102 66 0 313 240 598 0 0 74 0 127 0 59 60 
212 172 81 0 128 90 0 84 76 262 0 53 30 75 68 0 363 354 606 0 0 74 0 127 0 57 60 
217 170 79 0 130 95 0 89 77 254 0 48 33 57 68 0 305 350 563 0 0 74 0 127 0 58 60 
214 176 81 0 131 99 0 87 76 247 0 44 34 88 64 0 278 407 569 0 0 74 0 127 0 59 60 
212 178 81 0 130 92 0 90 77 258 0 42 35 89 63 0 309 362 623 0 0 74 0 127 0 60 60 
213 173 80 0 130 85 0 88 77 255 0 43 34 93 62 0 346 319 512 0 0 75 0 127 0 60 60 
220 174 80 0 129 84 0 88 75 265 0 40 33 63 63 0 303 316 583 0 0 74 0 127 0 60 60 
217 169 76 0 129 88 0 87 76 261 0 36 31 73 65 0 298 294 547 0 0 74 0 127 0 60 60 
216 170 81 0 129 86 0 84 76 262 0 36 29 81 68 0 245 356 509 0 0 75 0 127 0 60 60 
214 176 81 0 129 83 0 86 76 267 0 34 28 90 66 0 307 372 565 0 0 74 0 127 0 60 60 
220 180 80 0 130 82 0 83 75 262 0 36 28 79 64 0 292 371 519 0 0 74 0 127 0 60 60 
219 168 81 0 131 88 0 79 75 262 0 38 27 79 64 0 299 258 506 0 0 74 0 127 0 60 60 
216 176 79 0 132 84 0 86 75 263 0 39 27 69 65 0 287 342 529 0 0 74 0 127 0 59 60 
212 184 82 0 131 83 0 85 76 261 0 43 27 76 65 0 270 363 597 0 0 74 0 127 0 59 60 
218 178 83 0 131 87 0 86 75 261 0 42 27 79 65 0 299 335 534 0 0 74 0 127 0 59 60 
215 169 79 0 131 87 0 88 76 253 0 41 30 88 65 0 261 311 576 0 0 74 0 127 0 58 60 
221 173 77 0 131 84 0 88 77 252 0 35 29 70 67 0 282 324 575 0 0 74 0 127 0 58 60 
219 172 82 0 130 85 0 91 76 255 0 32 27 84 67 0 253 309 647 0 0 74 0 127 0 59 60 
213 174 80 0 130 92 0 84 76 262 0 32 25 95 66 0 284 287 582 0 0 74 0 127 0 58 60 
217 165 79 0 129 92 0 86 76 265 0 34 28 92 65 0 340 336 507 0 0 74 0 127 0 58 60 
217 169 80 0 127 86 0 88 75 262 0 33 25 69 65 0 299 334 550 0 0 74 0 127 0 59 60 
216 168 80 0 127 83 0 86 74 257 0 31 25 53 64 0 290 275 578 0 0 74 0 127 0 60 60 
218 172 80 0 127 86 0 89 76 256 0 29 25 62 65 0 278 207 599 0 0 74 0 127 0 60 60 
215 170 83 0 128 85 0 82 75 258 0 23 26 82 64 0 358 321 601 0 0 74 0 127 0 61 60 
217 171 81 0 129 85 0 86 76 259 0 29 26 81 64 0 337 358 634 0 0 74 0 127 0 61 60 
210 175 77 0 130 84 0 91 75 265 0 25 26 73 64 0 285 329 633 0 0 74 0 127 0 61 60 
215 175 79 0 132 91 0 82 76 261 0 27 26 86 64 0 276 362 571 0 0 74 0 127 0 60 60 
216 177 83 0 134 91 0 86 77 256 0 27 25 84 63 0 278 310 504 0 0 74 0 127 0 60 60 
219 170 79 0 135 88 0 88 77 257 0 28 28 79 64 0 272 317 584 0 0 74 0 127 0 60 60 
218 171 80 0 135 85 0 81 77 256 0 26 29 78 63 0 306 275 589 0 0 74 0 127 0 60 60 
215 170 79 0 135 86 0 84 77 253 0 28 33 84 64 0 299 354 574 0 0 74 0 127 0 59 60 
215 175 78 0 134 82 0 82 76 255 0 28 32 79 65 0 254 386 540 0 0 74 0 127 0 59 60 
219 174 83 0 133 80 0 88 75 261 0 30 33 97 65 0 279 433 534 0 0 74 0 127 0 60 60 
215 174 81 0 131 85 0 87 74 260 0 29 33 87 63 0 279 394 546 0 0 73 0 127 0 60 60 
220 174 80 0 129 86 0 86 76 257 0 28 33 69 65 0 285 367 611 0 0 73 0 127 0 61 60 
217 171 81 0 129 81 0 85 76 255 0 28 33 82 63 0 307 328 654 0 0 74 0 127 0 61 60 
220 181 82 0 129 77 0 89 76 257 0 25 34 111 64 0 208 339 535 0 0 74 0 127 0 61 60 
218 176 80 0 129 83 0 89 75 262 0 25 34 80 66 0 304 351 520 0 0 74 0 127 0 61 60 
217 168 83 0 129 85 0 82 75 265 0 26 35 59 67 0 301 375 562 0 0 74 0 127 0 61 60 
219 179 80 0 129 81 0 85 74 268 0 27 33 78 65 0 289 360 531 0 0 73 0 127 0 61 60 
219 182 80 0 129 75 0 87 75 263 0 27 32 89 65 0 367 285 535 0 0 74 0 127 0 61 60 
219 175 81 0 129 82 0 83 76 260 0 32 30 93 63 0 285 345 545 0 0 74 0 127 0 61 60 
215 170 82 0 130 84 0 90 74 258 0 35 26 72 65 0 330 370 562 0 0 74 0 127 0 62 60 
218 174 80 0 129 87 0 88 76 257 0 40 26 62 65 0 293 364 578 0 0 74 0 127 0 62 60 
218 176 84 0 129 82 0 91 76 257 0 42 25 79 64 0 257 333 547 0 0 74 0 127 0 62 60 
214 169 80 0 128 87 0 86 77 261 0 44 28 88 64 0 295 333 559 0 0 74 0 127 0 61 60 
215 164 80 0 128 93 0 88 76 258 0 39 27 81 66 0 307 352 545 0 0 74 0 127 0 61 60 
217 171 83 0 127 90 0 91 77 257 0 33 26 79 65 0 332 302 627 0 0 74 0 127 0 61 60 
216 166 83 0 127 85 0 84 76 263 0 33 25 72 65 0 246 317 553 0 0 75 0 127 0 61 60 
216 167 79 0 126 87 0 80 74 262 0 33 25 73 64 0 304 316 513 0 0 74 0 127 0 61 60 
213 169 83 0 126 87 0 86 74 259 0 36 25 78 63 0 344 283 605 0 0 74 0 127 0 60 60 
211 171 84 0 128 86 0 86 75 261 0 38 25 82 64 0 291 229 550 0 0 74 0 127 0 60 60 
211 176 78 0 128 84 0 91 75 263 0 36 26 78 64 0 304 349 549 0 0 75 0 127 0 60 60 
213 176 81 0 129 84 0 84 76 263 0 35 25 74 64 0 293 351 642 0 0 75 0 127 0 61 60 
211 176 77 0 128 90 0 84 77 257 0 32 26 99 64 0 285 367 644 0 0 74 0 127 0 60 60 
219 170 80 0 127 97 0 86 76 252 0 29 27 96 66 0 331 350 575 0 0 74 0 127 0 60 60 
215 174 79 0 125 101 0 83 76 253 0 30 28 76 64 0 299 309 517 0 0 74 0 127 0 61 60 
215 173 81 0 124 102 0 92 75 265 0 27 29 53 63 0 274 316 592 0 0 75 0 127 0 60 60 
219 175 77 0 126 95 0 88 76 260 0 27 33 57 66 0 264 292 647 0 0 74 0 127 0 60 60 
214 172 81 0 128 86 0 82 75 263 0 27 34 77 66 0 315 352 548 0 0 74 0 127 0 61 60 
217 172 78 0 130 85 0 85 76 258 0 27 35 83 68 0 313 415 576 0 0 74 0 127 0 61 60 
221 175 79 0 133 78 0 85 77 257 0 27 33 78 68 0 281 411 534 0 0 74 0 127 0 61 60 
216 172 80 0 134 79 0 87 74 260 0 26 32 80 65 0 274 400 504 0 0 74 0 127 0 61 60 
218 185 80 0 135 82 0 80 74 258 0 26 32 89 63 0 283 367 568 0 0 74 0 127 0 61 60 
217 165 80 0 135 87 0 86 74 260 0 26 30 79 63 0 273 352 606 0 0 74 0 127 0 61 60 
216 173 78 0 133 88 0 91 73 262 0 26 30 78 65 0 237 353 552 0 0 74 0 127 0 60 60 
215 179 82 0 132 80 0 92 75 258 0 25 29 83 66 0 326 397 566 0 0 74 0 127 0 59 60 
215 176 80 0 128 79 0 94 76 257 0 29 30 79 68 0 336 400 570 0 0 74 0 127 0 58 60 
218 175 81 0 129 83 0 90 75 254 0 27 30 97 66 0 307 400 577 0 0 74 0 127 0 58 60 
214 171 80 0 128 86 0 89 77 255 0 29 33 92 64 0 296 314 547 0 0 74 0 127 0 59 60 
219 174 80 0 129 85 0 85 76 254 0 27 34 74 63 0 246 346 489 0 0 73 0 127 0 58 60 
216 177 80 0 128 81 0 83 76 257 0 26 38 79 62 0 355 428 553 0 0 74 0 127 0 58 60 
217 171 78 0 131 88 0 85 76 261 0 27 38 109 63 0 717 378 514 0 0 74 0 127 0 58 60 
218 164 79 0 131 96 0 82 76 260 0 26 40 87 64 0 789 384 539 0 0 74 0 127 0 59 60 
219 172 81 0 130 94 0 84 75 257 0 28 39 66 62 0 821 373 558 0 0 74 0 127 0 59 60 
217 169 78 0 132 88 0 81 75 256 0 27 37 70 64 0 766 365 577 0 0 74 0 127 0 60 60 
212 171 78 0 131 89 0 84 75 258 0 27 35 90 65 0 825 343 488 0 0 75 0 127 0 60 60 
214 169 80 0 130 94 0 90 75 264 0 26 31 91 64 0 765 341 638 0 0 74 0 127 0 61 60 
217 172 79 0 129 94 0 93 76 268 0 27 32 82 64 0 855 334 516 0 0 75 0 127 0 61 60 
215 178 82 0 128 88 0 89 75 268 0 27 32 59 63 0 795 323 555 0 0 75 0 127 0 61 60 
217 175 80 0 129 87 0 85 77 260 0 27 35 79 63 0 822 249 548 0 0 75 0 127 0 61 60 
218 173 78 0 129 87 0 83 76 258 0 26 34 82 63 0 821 328 500 0 0 74 0 127 0 63 60 
212 168 78 0 130 88 0 86 76 258 0 29 35 86 63 0 850 354 569 0 0 75 0 127 0 62 60 
217 174 83 0 129 86 0 86 77 259 0 28 33 79 64 0 810 367 606 0 0 74 0 127 0 61 60 
223 173 79 0 129 89 0 87 77 260 0 28 30 72 63 0 835 399 589 0 0 75 0 127 0 61 60 
215 174 76 0 128 86 0 92 77 262 0 28 28 72 64 0 829 354 540 0 0 76 0 127 0 62 60 
218 170 80 0 128 87 0 85 77 258 0 28 30 76 63 0 780 314 563 0 0 75 0 127 0 62 60 
217 173 82 0 127 94 0 88 76 261 0 29 29 80 63 0 809 306 575 0 0 75 0 127 0 62 60 
215 172 82 0 128 97 0 86 74 261 0 29 31 86 63 0 834 400 561 0 0 75 0 127 0 62 60 
214 175 79 0 127 87 0 87 74 261 0 26 33 69 63 0 815 385 530 0 0 74 0 127 0 61 60 
216 183 82 0 126 82 0 88 74 262 0 28 36 93 64 0 841 449 648 0 0 74 0 127 0 62 60 
215 166 79 0 124 83 0 82 76 262 0 27 37 94 64 0 838 420 550 0 0 74 0 127 0 63 60 
217 177 79 0 125 87 0 91 77 262 0 27 38 85 63 0 807 410 547 0 0 74 0 127 0 63 60 
215 181 79 0 124 86 0 85 77 261 0 29 39 58 64 0 784 402 561 0 0 74 0 127 0 63 60 
217 183 80 0 126 85 0 83 76 256 0 27 38 55 65 0 813 403 538 0 0 74 0 127 0 64 60 
216 171 76 0 128 87 0 89 76 252 0 28 35 70 66 0 840 465 548 0 0 74 0 127 0 64 60 
214 172 80 0 129 85 0 90 76 255 0 26 34 84 69 0 843 425 503 0 0 74 0 127 0 64 60 
220 174 80 0 131 85 0 91 76 262 0 27 33 83 66 0 824 446 545 0 0 74 0 127 0 64 60 
216 175 77 0 133 83 0 84 76 265 0 28 31 74 65 0 802 375 534 0 0 74 0 127 0 62 60 
217 169 79 0 135 83 0 89 76 261 0 30 32 91 64 0 787 399 509 0 0 74 0 127 0 61 60 
215 164 79 0 136 87 0 90 76 257 0 28 32 81 65 0 855 431 504 0 0 74 0 127 0 60 60 
214 173 79 0 134 91 0 82 74 257 0 26 33 82 65 0 846 425 565 0 0 74 0 127 0 59 60 
213 165 79 0 134 91 0 87 74 258 0 27 34 75 65 0 826 412 557 0 0 74 0 127 0 59 60 
214 172 81 0 132 91 0 83 75 261 0 29 33 81 65 0 821 403 548 0 0 75 0 127 0 59 60 
214 171 78 0 131 87 0 81 76 265 0 27 32 83 67 0 787 389 491 0 0 75 0 127 0 59 60 
215 178 80 0 129 81 0 84 77 259 0 26 30 96 65 0 880 333 534 0 0 75 0 127 0 59 60 
217 176 80 0 129 79 0 82 77 259 0 27 28 83 65 0 827 374 500 0 0 75 0 127 0 60 60 
216 178 80 0 130 84 0 92 76 257 0 26 28 70 65 0 772 377 634 0 0 74 0 127 0 60 60 
213 175 81 0 129 87 0 86 75 254 0 28 30 93 66 0 830 341 554 0 0 74 0 127 0 60 60 
214 169 78 0 131 84 0 87 76 254 0 27 30 108 66 0 852 269 451 0 0 74 0 127 0 61 60 
219 176 79 0 131 85 0 89 76 256 0 29 29 76 66 0 801 396 590 0 0 75 0 127 0 61 60 
218 177 80 0 130 86 0 88 76 258 0 29 29 57 66 0 838 374 608 0 0 74 0 127 0 61 60 
216 171 79 0 131 88 0 86 76 259 0 27 28 88 66 0 835 414 527 0 0 74 0 127 0 61 60 
217 172 78 0 130 87 0 86 76 260 0 26 29 92 66 0 814 409 619 0 0 74 0 127 0 61 60 
220 172 79 0 129 88 0 85 75 255 0 28 30 92 66 0 771 366 593 0 0 74 0 127 0 62 60 
217 174 80 0 129 89 0 87 75 257 0 26 31 67 65 0 824 329 553 0 0 75 0 127 0 62 60 
217 174 78 0 129 89 0 82 74 261 0 28 31 68 67 0 857 316 543 0 0 74 0 127 0 63 60 
216 182 80 0 128 85 0 86 74 270 0 25 31 78 66 0 854 421 550 0 0 75 0 127 0 62 60 
219 163 78 0 127 82 0 88 75 268 0 26 32 88 68 0 801 443 521 0 0 74 0 127 0 62 60 
218 173 79 0 128 83 0 87 74 263 0 28 32 78 68 0 849 462 543 0 0 74 0 127 0 62 60 
218 179 78 0 128 89 0 86 76 259 0 28 30 78 66 0 819 468 577 0 0 74 0 127 0 63 60 
218 177 79 0 128 92 0 86 76 258 0 27 29 69 63 0 816 446 594 0 0 75 0 127 0 63 60 
217 168 81 0 129 89 0 83 76 258 0 29 30 75 62 0 816 396 514 0 0 75 0 127 0 63 60 
214 173 80 0 129 90 0 83 78 262 0 28 30 74 64 0 814 433 521 0 0 75 0 127 0 63 60 
221 175 79 0 128 86 0 83 77 263 0 30 31 84 66 0 802 451 505 0 0 74 0 127 0 63 60 
216 171 79 0 126 81 0 87 77 259 0 29 32 73 67 0 845 455 595 0 0 74 0 127 0 63 60 
215 168 79 0 125 82 0 86 76 258 0 26 30 79 67 0 810 477 551 0 0 74 0 127 0 62 60 
218 164 76 0 124 87 0 93 72 260 0 26 31 95 66 0 823 379 559 0 0 74 0 127 0 62 60 
216 173 79 0 124 82 0 86 74 262 0 27 33 93 64 0 830 436 530 0 0 74 0 127 0 62 60 
214 166 81 0 125 83 0 85 75 261 0 28 33 68 63 0 842 442 492 0 0 75 0 127 0 61 60 
215 167 80 0 128 85 0 91 75 261 0 29 34 51 65 0 780 449 552 0 0 75 0 127 0 61 60 
215 168 76 0 129 94 0 86 75 260 0 30 34 61 65 0 857 400 503 0 0 75 0 127 0 61 60 
214 175 82 0 132 88 0 85 75 262 0 28 32 82 64 0 812 406 541 0 0 74 0 127 0 60 60 
213 176 80 0 133 88 0 85 76 255 0 30 32 80 66 0 840 437 505 0 0 74 0 127 0 60 60 
215 176 79 0 134 84 0 85 76 251 0 28 30 76 65 0 839 355 495 0 0 75 0 127 0 59 60 
212 172 78 0 132 89 0 89 76 251 0 29 28 83 65 0 810 379 541 0 0 75 0 127 0 58 60 
214 168 81 0 131 86 0 83 78 256 0 28 28 84 65 0 787 393 540 0 0 75 0 127 0 58 60 
211 176 79 0 129 87 0 88 76 265 0 29 26 83 65 0 823 405 517 0 0 74 0 127 0 58 60 
215 171 79 0 128 87 0 87 76 263 0 29 27 75 64 0 803 322 573 0 0 75 0 127 0 58 60 
216 172 81 0 128 88 0 87 76 258 0 27 28 83 65 0 811 399 500 0 0 74 0 127 0 58 60 
213 170 78 0 128 89 0 88 74 258 0 30 27 82 64 0 808 403 530 0 0 75 0 127 0 58 60 
220 173 80 0 129 83 0 86 74 257 0 27 28 97 64 0 813 416 589 0 0 75 0 127 0 58 60 
216 170 80 0 131 83 0 89 74 259 0 28 29 84 65 0 818 447 534 0 0 75 0 127 0 58 60 
214 178 82 0 132 81 0 83 75 263 0 28 30 72 66 0 811 402 547 0 0 75 0 127 0 59 60 
217 179 79 0 133 80 0 87 74 262 0 32 31 90 64 0 838 360 609 0 0 75 0 127 0 61 60 
217 167 77 0 133 79 0 87 75 259 0 33 34 110 65 0 803 335 586 0 0 75 0 127 0 62 60 
212 175 82 0 132 87 0 82 75 260 0 36 38 79 63 0 817 427 553 0 0 75 0 127 0 63 60 
214 177 80 0 130 86 0 85 77 258 0 35 35 57 62 0 822 462 525 0 0 75 0 127 0 63 60 
222 177 79 0 130 84 0 91 78 255 0 36 35 88 65 0 807 441 575 0 0 75 0 127 0 63 60 
213 166 79 0 129 83 0 89 77 256 0 35 33 92 65 0 848 462 502 0 0 75 0 127 0 63 60 
213 177 82 0 130 88 0 85 76 259 0 35 31 95 63 0 809 483 594 0 0 75 0 127 0 63 60 
217 175 80 0 129 88 0 87 75 262 0 35 31 66 63 0 842 426 564 0 0 75 0 127 0 64 60 
216 172 82 0 130 84 0 90 76 258 0 34 28 71 64 0 819 413 517 0 0 75 0 127 0 64 60 
216 166 87 0 130 85 0 85 77 255 0 32 28 81 66 0 797 474 463 0 0 75 0 127 0 64 60 
213 171 81 0 128 87 0 83 75 255 0 29 26 89 65 0 835 470 506 0 0 75 0 127 0 64 60 
220 176 79 0 129 89 0 88 75 256 0 30 26 80 65 0 822 468 464 0 0 75 0 127 0 64 60 
218 166 79 0 129 85 0 84 75 264 0 29 28 79 66 0 835 422 562 0 0 75 0 127 0 64 60 
218 175 80 0 129 87 0 85 75 266 0 30 28 71 65 0 839 454 469 0 0 75 0 127 0 64 60 
216 167 79 0 127 90 0 90 75 265 0 29 30 76 64 0 832 464 541 0 0 75 0 127 0 64 60 
216 175 80 0 127 92 0 88 75 263 0 32 31 77 64 0 767 463 482 0 0 75 0 127 0 64 60 
217 175 77 0 127 89 0 94 76 259 0 32 32 87 65 0 823 452 522 0 0 75 0 127 0 64 60 
215 172 81 0 126 90 0 87 78 257 0 34 35 73 65 0 852 435 492 0 0 75 0 127 0 64 60 
219 172 83 0 126 89 0 90 78 260 0 33 33 84 65 0 820 428 430 0 0 75 0 127 0 65 60 
216 171 81 0 127 85 0 86 78 260 0 32 34 95 66 0 882 346 498 0 0 75 0 127 0 65 60 
214 175 85 0 128 83 0 83 77 262 0 29 35 94 65 0 819 419 520 0 0 75 0 127 0 65 60 
217 173 82 0 129 85 0 87 74 260 0 30 35 69 65 0 817 427 468 0 0 76 0 127 0 64 60 
214 174 80 0 131 87 0 80 75 260 0 28 37 52 65 0 824 436 527 0 0 75 0 127 0 64 60 
213 171 78 0 133 82 0 88 76 265 0 28 36 64 65 0 820 372 477 0 0 74 0 127 0 65 60 
220 175 80 0 135 85 0 83 75 263 0 28 38 83 64 0 832 424 501 0 0 74 0 127 0 65 60 
214 169 79 0 136 88 0 82 76 259 0 29 36 82 66 0 829 441 531 0 0 74 0 127 0 64 60 
213 183 83 0 137 86 0 88 75 260 0 29 32 74 65 0 837 457 551 0 0 75 0 127 0 64 60 
216 168 82 0 137 80 0 85 75 262 0 29 33 85 65 0 806 466 435 0 0 74 0 127 0 64 60 
219 169 81 0 135 79 0 92 75 257 0 29 33 81 66 0 837 450 510 0 0 74 0 127 0 64 60 
213 182 81 0 133 82 0 89 76 254 0 28 33 81 64 0 807 390 533 0 0 74 0 127 0 65 60 
216 177 82 0 131 87 0 86 76 250 0 31 33 76 63 0 801 352 492 0 0 74 0 127 0 65 60 
215 178 80 0 131 83 0 84 77 255 0 30 34 83 65 0 824 455 515 0 0 75 0 127 0 64 60 
216 169 78 0 131 83 0 85 76 262 0 35 35 82 66 0 822 482 553 0 0 74 0 127 0 65 60 
217 173 79 0 129 86 0 86 75 266 0 35 34 98 65 0 835 505 561 0 0 75 0 127 0 65 60 
221 176 85 0 131 91 0 83 74 260 0 31 33 85 68 0 833 490 508 0 0 75 0 127 0 65 60 
216 170 85 0 130 86 0 86 76 257 0 29 31 69 65 0 841 485 542 0 0 76 0 127 0 65 60 
215 162 79 0 131 84 0 88 76 257 0 29 30 84 61 0 788 418 519 0 0 75 0 127 0 65 60 
215 169 81 0 130 86 0 83 76 259 0 28 31 110 62 0 797 417 474 0 0 75 0 127 0 65 60 
217 172 79 0 130 84 0 87 76 260 0 29 30 81 64 0 863 513 511 0 0 75 0 127 0 64 60 
215 163 78 0 129 82 0 90 76 262 0 26 31 59 65 0 819 508 511 0 0 75 0 127 0 65 60 
211 173 77 0 127 85 0 87 75 262 0 27 29 80 66 0 850 518 561 0 0 75 0 127 0 65 60 
217 173 76 0 128 92 0 86 76 261 0 28 30 95 67 0 810 459 469 0 0 75 0 127 0 65 60 
210 172 80 0 128 92 0 84 76 255 0 27 31 95 66 0 812 495 438 0 0 75 0 127 0 66 60 
215 177 79 0 127 91 0 90 76 257 0 28 31 72 63 0 845 526 412 0 0 75 0 127 0 66 60 
219 172 79 0 127 89 0 85 76 256 0 28 31 64 63 0 838 518 507 0 0 75 0 127 0 65 60 
218 167 78 0 127 89 0 86 75 258 0 27 31 79 64 0 814 459 451 0 0 75 0 127 0 65 60 
213 171 79 0 127 86 0 93 76 263 0 28 33 87 64 0 817 474 466 0 0 75 0 127 0 65 60 
212 174 76 0 129 83 0 88 76 262 0 27 35 82 65 0 795 516 521 0 0 75 0 127 0 65 60 
217 171 81 0 130 86 0 84 75 256 0 27 34 82 63 0 834 357 524 0 0 75 0 127 0 65 60 
217 175 81 0 130 89 0 87 76 255 0 30 33 70 65 0 802 458 486 0 0 74 0 127 0 65 60 
213 169 78 0 129 87 0 85 74 255 0 27 32 73 63 0 819 429 550 0 0 74 0 127 0 65 60 
216 180 77 0 126 86 0 89 74 259 0 29 30 78 64 0 825 418 502 0 0 74 0 127 0 64 60 
219 172 84 0 125 91 0 83 74 267 0 29 32 82 65 0 811 387 560 0 0 74 0 127 0 64 60 
221 188 80 0 124 92 0 85 74 267 0 30 34 81 64 0 840 459 521 0 0 74 0 127 0 63 60 
213 163 78 0 124 89 0 84 75 265 0 32 35 75 64 0 870 467 578 0 0 75 0 127 0 64 60 
219 173 80 0 126 83 0 80 76 259 0 28 34 96 63 0 920 488 480 0 0 75 0 127 0 64 60 
218 182 78 0 128 87 0 87 78 258 0 32 33 94 64 0 879 464 538 0 0 75 0 127 0 64 60 
212 175 82 0 131 91 0 84 77 259 0 33 33 80 65 0 900 412 516 0 0 74 0 127 0 65 60 
218 172 78 0 133 92 0 87 78 261 0 33 35 52 66 0 846 375 544 0 0 75 0 127 0 65 60 
220 173 80 0 135 89 0 86 75 261 0 34 34 55 65 0 883 401 549 0 0 75 0 127 0 66 60 
217 176 78 0 135 92 0 91 74 261 0 37 32 78 65 0 897 508 510 0 0 75 0 127 0 66 60 
221 172 79 0 134 91 0 89 74 258 0 34 32 82 65 0 846 523 486 0 0 75 0 127 0 66 60 
221 165 80 0 132 82 0 84 75 263 0 36 29 79 65 0 871 503 510 0 0 75 0 127 0 65 60 
215 165 79 0 131 80 0 90 75 264 0 35 28 78 66 0 921 488 492 0 0 74 0 127 0 66 60 
218 176 81 0 129 84 0 86 74 260 0 38 29 87 65 0 870 515 551 0 0 74 0 127 0 65 60 
219 166 80 0 129 87 0 82 74 261 0 39 30 77 65 0 853 476 525 0 0 74 0 127 0 65 60 
217 173 83 0 129 87 0 84 75 260 0 39 29 80 66 0 901 457 542 0 0 74 0 127 0 65 60 
217 170 79 0 130 84 0 86 75 259 0 42 29 77 66 0 866 526 503 0 0 74 0 127 0 65 60 
218 175 81 0 131 83 0 88 76 252 0 41 30 77 65 0 879 495 475 0 0 75 0 127 0 65 60 
215 178 79 0 133 81 0 86 77 253 0 43 32 95 64 0 905 486 573 0 0 75 0 127 0 65 60 
212 177 82 0 134 80 0 86 77 249 0 40 31 90 68 0 897 493 532 0 0 74 0 127 0 65 60 
212 174 80 0 134 85 0 89 76 259 0 40 32 78 67 0 868 491 520 0 0 74 0 127 0 64 60 
216 171 79 0 133 85 0 85 77 262 0 41 32 76 66 0 908 516 505 0 0 75 0 127 0 65 60 
216 175 81 0 132 87 0 81 76 260 0 37 32 103 64 0 842 530 494 0 0 76 0 127 0 65 60 
213 172 80 0 130 86 0 85 76 257 0 33 33 93 63 0 845 493 492 0 0 76 0 127 0 65 60 
216 179 80 0 130 90 0 86 74 257 0 34 33 71 64 0 839 486 502 0 0 75 0 127 0 65 60 
211 171 81 0 129 94 0 88 74 257 0 33 37 63 65 0 871 491 478 0 0 75 0 127 0 66 60 
216 176 79 0 129 88 0 88 73 259 0 33 35 90 65 0 874 336 526 0 0 75 0 127 0 66 60 
218 171 81 0 129 81 0 83 74 261 0 33 33 93 64 0 937 512 515 0 0 74 0 127 0 65 60 
221 181 80 0 129 81 0 88 76 264 0 34 31 86 65 0 915 450 456 0 0 75 0 127 0 65 60 
215 173 80 0 130 90 0 88 76 261 0 32 28 58 64 0 821 446 476 0 0 74 0 127 0 65 60 
215 170 79 0 129 86 0 88 77 259 0 32 26 77 65 0 849 400 427 0 0 74 0 127 0 65 60 
215 185 80 0 129 83 0 82 78 258 0 30 27 79 65 0 875 446 483 0 0 75 0 127 0 65 60 
217 178 80 0 129 81 0 82 76 260 0 31 29 86 64 0 863 476 483 0 0 75 0 127 0 65 60 
215 181 83 0 129 81 0 86 76 254 0 29 30 78 64 0 872 460 444 0 0 75 0 127 0 65 60 
221 172 81 0 128 80 0 88 76 262 0 28 28 75 65 0 880 485 478 0 0 74 0 127 0 65 60 
220 175 82 0 127 81 0 89 77 263 0 29 28 68 65 0 813 413 494 0 0 75 0 127 0 64 60 
213 176 82 0 125 84 0 88 76 260 0 26 30 78 64 0 871 392 500 0 0 74 0 127 0 65 60 
212 168 81 0 126 87 0 94 77 257 0 28 30 80 64 0 901 390 483 0 0 74 0 127 0 65 60 
218 164 80 0 124 90 0 89 75 252 0 29 29 83 62 0 878 476 526 0 0 75 0 127 0 64 60 
221 171 79 0 126 87 0 85 74 259 0 28 28 69 64 0 869 495 456 0 0 75 0 127 0 63 60 
218 174 82 0 127 88 0 89 74 263 0 28 29 91 67 0 823 514 435 0 0 75 0 127 0 63 60 
216 164 81 0 129 84 0 84 75 267 0 29 31 93 66 0 887 484 446 0 0 75 0 127 0 64 60 
217 173 81 0 130 79 0 85 75 265 0 27 29 91 65 0 868 476 482 0 0 75 0 127 0 64 60 
217 175 81 0 133 72 0 84 77 258 0 27 28 56 64 0 874 436 392 0 0 75 0 127 0 63 60 
219 172 79 0 135 75 0 86 76 257 0 29 28 53 62 0 908 430 457 0 0 75 0 127 0 64 60 
216 174 80 0 136 75 0 89 77 254 0 29 29 64 63 0 835 482 421 0 0 75 0 127 0 64 60 
214 173 81 0 137 71 0 83 77 259 0 28 30 84 64 0 890 483 399 0 0 74 0 127 0 64 60 
216 169 81 0 135 71 0 91 76 260 0 28 29 79 65 0 937 557 470 0 0 75 0 127 0 64 60 
217 172 77 0 134 74 0 87 75 262 0 30 30 76 68 0 874 480 465 0 0 75 0 127 0 63 60 
218 176 82 0 133 73 0 85 76 257 0 26 29 90 68 0 840 461 444 0 0 74 0 127 0 63 60 
210 173 82 0 132 69 0 87 76 258 0 29 28 78 66 0 840 510 413 0 0 75 0 127 0 63 60 
218 175 82 0 131 69 0 90 76 263 0 28 28 81 64 0 866 492 374 0 0 75 0 127 0 63 60 
214 169 78 0 130 72 0 85 75 261 0 29 27 74 65 0 859 474 385 0 0 74 0 127 0 63 60 
216 175 79 0 130 70 0 83 75 259 0 31 27 81 65 0 880 458 306 0 0 74 0 127 0 63 60 
214 170 78 0 131 66 0 85 75 263 0 33 28 89 67 0 832 457 270 0 0 75 0 127 0 63 60 
214 181 81 0 130 68 0 87 76 260 0 34 31 99 65 0 854 333 258 0 0 76 0 127 0 63 60 
212 169 82 0 131 71 0 81 76 258 0 37 30 82 64 0 868 430 230 0 0 76 0 127 0 63 60 
216 170 81 0 130 68 0 87 76 252 0 35 30 74 64 0 878 462 175 0 0 76 0 127 0 63 60 
215 183 81 0 129 65 0 92 76 249 0 37 29 99 66 0 843 439 163 0 0 75 0 127 0 63 60 
215 175 81 0 128 67 0 90 75 256 0 32 28 100 65 0 869 363 169 0 0 75 0 127 0 62 60 
219 178 81 0 128 69 0 91 76 262 0 36 26 75 65 0 879 428 153 0 0 75 0 127 0 61 60 
216 169 81 0 128 66 0 88 77 262 0 31 26 57 64 0 880 421 161 0 0 75 0 127 0 61 60 
216 175 78 0 127 64 0 89 76 259 0 28 23 28 62 0 873 452 164 0 0 71 0 127 0 60 60 
217 16 70 0 122 66 0 45 60 125 0 25 22 0 0 0 847 446 83 0 0 53 0 127 0 60 60 
218 0 0 0 113 68 0 0 0 0 0 27 22 0 0 0 845 384 128 0 0 34 0 127 0 61 60 
216 0 0 0 97 65 0 0 0 0 0 26 22 0 0 0 850 370 110 0 0 24 0 127 0 61 60 
214 0 0 0 74 64 0 38 0 0 0 27 22 0 0 0 891 312 117 0 0 14 0 127 0 61 60 
125 0 0 0 49 67 0 0 0 0 0 26 22 0 0 0 830 341 40 0 0 10 0 127 0 62 60 
0 0 0 0 28 68 0 0 0 0 0 25 22 0 0 0 828 320 31 0 0 0 0 127 0 63 60 
0 0 0 0 12 65 0 0 0 0 0 26 22 0 0 0 841 318 39 0 0 0 0 127 0 63 60 
0 0 0 0 0 64 0 0 0 0 0 25 22 0 0 0 835 318 29 0 0 0 0 127 0 64 60 
0 0 0 0 0 67 0 0 0 0 0 27 22 0 0 0 439 54 35 0 0 0 0 127 0 64 60 
0 0 0 0 0 69 0 0 0 0 0 26 22 0 0 0 0 43 35 0 0 0 0 127 0 64 60 
0 0 0 0 0 66 0 0 0 0 0 27 22 0 0 0 0 0 28 0 0 0 0 127 0 65 60 
0 0 0 0 0 66 0 0 0 0 0 27 23 0 0 0 0 0 27 0 0 0 0 127 0 65 60 
0 0 0 0 0 68 0 0 0 0 0 27 22 0 0 0 0 0 35 0 0 0 0 127 0 65 60 
0 0 0 0 0 69 0 0 0 0 0 28 22 0 0 0 0 0 35 0 0 0 0 127 0 65 60 
0 0 0 0 0 67 0 0 0 0 0 28 23 0 0 0 0 0 33 0 0 0 0 127 0 65 60 
0 0 0 0 0 66 0 0 0 0 0 26 23 0 0 0 0 0 35 0 0 0 0 127 0 65 60 
0 0 0 0 0 69 0 0 0 0 0 27 23 0 0 0 0 0 37 0 0 0 0 127 0 65 60 
0 0 0 0 0 69 0 0 0 0 0 26 23 0 0 0 0 0 37 0 0 0 0 127 0 65 60 
0 0 0 0 0 65 0 0 0 0 0 27 23 0 0 0 0 0 31 0 0 0 0 127 0 65 60 
0 0 0 0 0 66 0 0 0 0 0 28 23 0 0 0 0 0 31 0 0 0 0 127 0 65 60 
0 0 0 0 0 69 0 0 0 0 0 28 23 0 0 0 0 0 27 0 0 0 0 127 0 65 60 
0 0 0 0 0 68 0 0 0 0 0 28 23 0 0 0 0 0 34 0 0 0 0 127 0 65 60 
0 0 0 0 0 65 0 0 0 0 0 28 23 0 0 0 0 0 28 0 0 0 0 127 0 65 60 
0 0 0 0 0 66 0 0 0 0 0 28 23 0 0 0 0 0 33 0 0 0 0 127 0 65 60 
0 0 0 0 0 69 0 0 0 0 0 29 23 0 0 0 0 0 35 0 0 0 0 127 0 65 60 
0 0 0 0 0 68 0 0 0 0 0 28 23 0 0 0 0 0 25 0 0 0 0 127 0 65 60 
0 0 0 0 0 65 0 0 0 0 0 27 23 0 0 0 0 0 25 0 0 0 0 127 0 65 60 
0 0 0 0 0 67 0 0 0 0 0 30 23 0 0 0 0 0 31 0 0 0 0 127 0 65 60 
0 0 0 0 0 68 0 0 0 0 0 28 23 0 0 0 0 0 27 0 0 0 0 127 0 65 60 
0 0 0 0 0 66 0 0 0 0 0 27 23 0 0 0 0 0 33 0 0 0 0 127 0 65 60 
0 0 0 0 0 65 0 0 0 26 0 28 23 0 0 0 0 0 29 0 0 0 0 127 0 65 60 
0 0 0 0 0 67 0 0 0 26 0 28 23 0 0 0 0 0 32 0 0 0 0 127 0 65 60 
0 0 0 0 0 68 0 0 0 17 0 29 23 0 0 0 0 0 32 0 0 0 0 127 0 65 60 
0 0 0 0 0 66 0 0 0 0 0 29 23 0 0 0 0 0 35 0 0 0 0 127 0 65 60 
0 0 0 0 0 64 0 0 0 0 0 28 23 0 0 0 0 0 26 0 0 0 0 127 0 65 60 
0 0 0 0 0 66 0 0 0 0 0 29 23 0 0 0 0 0 27 0 0 0 0 127 0 65 60 
0 0 0 0 0 68 0 0 0 0 0 28 23 0 0 0 0 25 34 0 0 0 0 127 0 65 60 
0 0 0 0 0 63 0 0 0 0 0 28 24 0 0 0 0 32 27 0 0 0 0 127 0 65 60 
0 0 0 0 0 62 0 0 0 0 0 28 24 0 0 0 0 24 32 0 0 0 0 127 0 65 60 
0 0 0 0 0 65 0 0 0 0 0 29 24 0 0 0 0 11 30 0 0 0 0 127 0 64 60 
0 0 0 0 0 66 0 0 0 0 0 29 24 0 0 0 0 0 25 0 0 0 0 127 0 64 60 
0 0 0 0 0 62 0 0 0 0 0 28 24 0 0 0 0 0 26 0 0 0 0 127 0 65 60 
0 0 0 0 0 62 0 0 0 0 0 27 24 0 0 0 0 0 27 0 0 0 0 127 0 64 60 
0 0 0 0 0 64 0 0 0 0 0 29 24 0 0 0 0 0 25 0 0 0 0 127 0 64 60 
0 0 0 0 0 65 0 0 0 0 0 29 24 0 0 0 0 0 28 0 0 0 0 127 0 64 60 
0 0 0 0 0 63 0 0 0 0 0 29 24 0 0 0 0 11 36 0 0 0 0 127 0 64 60 
0 0 0 0 0 64 0 0 0 0 0 29 24 0 0 0 0 0 25 0 0 0 0 127 0 64 60 
0 0 0 0 0 67 0 0 0 0 0 29 24 0 0 0 0 0 33 0 0 0 0 127 0 64 60 
0 0 0 0 0 66 0 0 0 0 0 29 23 0 0 0 0 0 28 0 0 0 0 127 0 65 60 
0 0 0 0 0 65 0 0 0 0 0 28 24 0 0 0 0 0 31 0 0 0 0 127 0 65 60 
0 0 0 0 0 64 0 0 0 0 0 29 24 0 0 0 0 0 33 0 0 0 0 127 0 65 60 
0 0 0 0 0 67 0 0 0 0 0 29 24 0 0 0 0 0 33 0 0 0 0 127 0 63 60 
0 0 0 0 0 67 0 0 0 0 0 28 23 0 0 0 0 0 26 0 0 0 0 127 0 63 60 
0 0 0 0 0 64 0 0 0 0 0 29 24 0 0 0 0 0 27 0 0 0 0 127 0 62 60 
0 0 0 0 0 65 0 0 0 0 0 30 23 0 0 0 0 0 25 0 0 0 0 127 0 61 60 
0 0 0 0 0 68 0 0 0 0 0 29 24 0 0 0 0 0 28 0 0 0 0 127 0 60 60 
0 0 0 0 0 67 0 0 0 0 0 30 24 0 0 0 0 0 28 0 0 0 0 127 0 61 60 
0 0 0 0 0 64 0 0 0 0 0 30 24 0 0 0 0 0 28 0 0 0 0 127 0 61 60 
0 0 0 0 0 66 0 0 0 0 0 29 24 0 0 0 0 0 32 0 0 0 0 127 0 61 60 
0 0 0 0 0 68 0 0 0 0 0 29 24 0 0 0 0 0 27 0 0 0 0 127 0 61 60 
0 0 0 0 0 66 0 0 0 0 0 30 24 0 0 0 0 0 28 0 0 0 0 127 0 61 60 
0 0 0 0 0 64 0 0 0 0 0 29 24 0 0 0 0 0 23 0 0 0 0 127 0 60 60 
0 0 0 0 0 66 0 0 0 0 0 30 24 0 0 0 0 0 34 0 0 0 0 127 0 60 60 
0 0 0 0 0 68 0 0 0 0 0 29 24 0 0 0 0 0 34 0 0 0 0 127 0 59 60 
11 0 0 0 0 66 0 0 0 0 0 29 23 0 0 0 0 0 34 0 0 0 0 127 0 59 60 
